date:2016-09-28, time:0100, wind_speed:2.84, wind_dir:51.0, temp:12.4
47.918525 109.503312
52.291948 109.795793
-102.119125 55.489758
-39.083847 54.653266
-96.696556 88.357151
-31.053780 91.725929
-113.602751 68.707884
110.732764 106.730148
-122.902118 40.485993
-147.076494 -18.247127
-102.119125 16.479969
22.912250 -289.596837
-85.448275 82.496535
-72.889568 -256.588554
2.650451 96.450453
-122.753180 1.720635
-97.660494 46.736909
-76.602500 2.365365
-138.473434 -25.256112
-10.429450 91.498794
-138.661650 17.759246
-117.898505 -44.346725
-113.961721 8.468150
-134.384053 38.603300
-126.316455 8.756807
-60.210580 31.712647
-172.914668 22.481475
-122.012182 -22.377785
47.918525 109.503312
-89.199113 72.420472
-126.973253 64.736706
-72.490467 116.038538
-68.318452 53.027362
-89.560418 61.491264
-85.448275 7.477710
-113.658584 14.684235
-134.689051 5.579549
-14.541593 -298.599096
-59.449163 101.695611
43.806382 112.504065
35.470957 118.505571
47.918525 109.503312
-80.302863 91.561257
-77.112850 64.492017
-138.816503 17.918971
-93.783700 121.506324
-72.889568 82.496535
-81.054391 1.702996
39.736625 118.706123
-31.212443 64.492017
-147.447590 6.434101
-130.045759 -16.113040
-59.910487 116.484188
53.051519 110.593114
-147.908393 -19.529067
-105.681425 -74.528575
-118.789975 40.485993
-114.566693 -7.526055
-122.101154 8.877591
-64.316970 115.733358
48.150265 109.785026
-97.895843 112.504065
-47.883293 79.495782
-126.190235 38.459336
-81.224993 100.501053
52.986305 111.602922
-151.220647 32.786755
-126.247699 8.704933
-64.313154 82.693469
-35.206568 99.463036
-88.609117 26.722346
14.576825 -289.596837
53.061078 110.769598
-114.407572 7.776412
-89.149579 48.185469
-47.883293 61.491264
111.277814 107.504270
52.899321 110.406285
-64.554143 106.502559
48.110264 109.701211
-135.316600 -31.269919
-76.627611 86.648124
48.909985 110.612702
-88.546142 130.923148
-155.237880 46.452509
-89.560418 22.481475
-21.816512 125.638086
-64.554143 145.512348
-64.554143 91.498794
-76.884297 43.727235
-125.804619 46.423588
-55.164922 55.656456
-134.579038 -9.187457
-93.170186 57.190338
-127.125400 4.476957
-55.484782 -273.331723
-135.460825 -4.525302
-106.231268 19.480722
-6.206168 -298.599096
-34.576595 52.760036
-106.231268 97.500300
-101.199897 77.641466
-88.951225 104.215054
-85.301415 -7.264802
-56.218718 88.498041
47.918525 109.503312
48.604282 110.876185
-142.905121 11.751031
-118.789975 46.487499
-96.925329 -6.427282
-147.908393 25.482228
94.134299 198.378942
-39.547868 154.514607
68.812657 145.512348
-13.746529 131.757275
-81.224993 49.488252
106.424281 154.711872
-114.367359 148.766977
-47.883293 124.507077
-35.435725 100.501053
-114.566693 88.498041
-114.016965 75.809522
-97.172312 141.798249
-105.909462 138.407422
-88.757576 140.670199
-56.030579 79.735420
-138.332220 70.660081
-46.446928 100.542806
110.489782 106.502559
-101.879577 64.694097
-168.802525 19.480722
131.272775 181.521384
-113.405040 115.968500
111.272974 107.676303
-67.642185 70.682087
-134.788675 45.565393
119.192116 204.569671
-26.755572 126.333968
-102.119125 124.507077
94.693772 209.872255
149.035602 208.697684
106.266500 145.512348
-64.554143 94.499547
127.160632 178.520631
-43.771150 142.511595
-55.297081 125.556819
-101.277271 77.697145
-168.802525 79.495782
135.818735 189.284761
135.496057 178.520631
-17.892634 137.628650
-55.765318 90.203794
-159.515052 56.559133
-97.465369 100.988627
47.918525 109.503312
39.583100 118.505571
-51.493895 104.749384
-64.213790 102.218396
-72.889568 106.502559
-68.777425 64.492017
-5.988900 76.748272
-143.182254 14.446232
-122.902118 -13.527561
-131.237543 -13.527561
-64.127568 84.201113
-97.895843 -13.527561
-56.007167 124.737817
-81.224993 133.509336
-71.793517 125.565617
-89.560418 118.505571
119.848424 169.570189
-114.566693 148.513101
-96.962995 134.685507
-64.554143 115.504818
-121.931657 98.747984
-71.774408 70.787788
114.622263 211.577259
156.730104 191.018989
-110.454550 145.512348
-106.231268 133.509336
-26.662393 114.352374
135.496057 112.504065
-97.895843 -1.524549
47.918525 109.503312
-47.883293 67.492770
-31.212443 61.491264
-31.212443 58.490511
-38.317978 61.582824
123.106447 190.787781
118.825207 178.520631
-89.560418 136.510089
-106.231268 109.503312
-122.902118 64.492017
98.162192 205.853999
-46.590395 139.807574
-89.161064 127.999313
36.063277 120.689758
-110.112097 104.008334
78.120436 149.651423
-39.547868 130.508583
-72.046865 128.465888
48.792572 128.653666
-118.585882 88.783905
-142.602450 67.943960
-114.216921 63.519118
-172.474792 57.659572
-64.554143 157.515360
-34.571016 140.642429
6.241400 130.508583
22.912250 121.506324
-114.122056 105.649325
136.382245 113.538287
-18.764875 100.501053
-68.777425 82.496535
-114.198674 53.005649
-110.454550 7.477710
-102.119125 13.479216
-39.017953 122.566686
-51.198850 122.799733
-105.840162 -2.568295
147.943625 166.517619
114.601925 163.516866
-85.448275 55.489758
-85.448275 103.501806
-85.448275 139.510842
-30.367002 115.915494
-106.231268 100.501053
135.738289 112.714201
-31.066344 85.792623
-139.572968 88.498041
-122.694231 85.762067
52.141807 109.503312
44.681488 114.618548
48.171365 109.714960
115.352113 107.788177
-52.106575 91.498794
-72.889568 64.492017
18.800107 118.505571
-85.448275 109.503312
-39.547868 91.498794
-31.212443 91.498794
-118.251080 50.688016
-96.578781 48.679725
-97.045314 16.569935
-93.783700 148.513101
-93.783700 115.504818
-47.883293 82.496535
-47.883293 76.495029
-55.672251 144.470514
-93.539740 118.767608
31.247675 121.506324
-14.350180 97.691783
-110.454550 82.496535
139.628538 205.575753
123.322620 211.994035
68.812657 196.525149
-39.547868 139.510842
-13.689918 128.609353
-47.060067 110.643745
-114.222872 102.356561
-122.902118 97.500300
-147.908393 -19.529067
131.449309 205.850355
-93.404043 161.008900
98.649227 149.966924
60.477232 148.513101
64.589375 145.512348
-39.378230 115.763303
-147.908393 88.498041
-80.988436 64.769051
-80.284638 58.287125
-63.257934 64.533191
-55.358559 140.872392
-110.454550 91.498794
35.470957 121.506324
-93.415161 22.984643
127.602720 165.624518
48.778188 110.773093
-156.243818 76.495029
-135.148487 53.005209
48.121214 112.785269
48.801713 110.637622
-118.073761 17.410797
35.470957 124.507077
28.155070 123.807013
-60.442000 58.490511
-114.566693 25.482228
-122.513002 93.338012
-110.292008 91.700393
-134.637899 32.785014
98.184452 178.750432
-88.658493 131.766572
-77.112850 130.508583
-18.764875 109.503312
10.464682 106.502559
-118.789975 97.500300
-168.222335 20.831000
-80.701122 54.084650
47.918525 109.503312
65.472117 194.526980
-56.218718 154.514607
-35.435725 151.513854
-55.993139 91.749265
-155.651116 60.744843
-156.243818 58.490511
-68.350452 108.732762
-52.106575 112.504065
-97.895843 145.512348
-80.802233 147.495307
-50.893133 142.629293
-118.789975 124.507077
-59.621096 86.818169
-138.611715 -30.538879
132.134848 194.318090
-80.407904 127.469383
-88.674001 125.432866
35.470957 118.505571
106.473931 145.797387
-85.448275 82.496535
-88.871605 24.667829
131.850448 198.191771
131.469572 196.817713
140.468335 200.656800
-96.921523 79.881376
-146.734103 67.558051
-22.877018 97.500300
-26.056551 107.632297
107.261238 179.729100
-106.231268 121.506324
-38.707235 134.772365
-126.435084 101.153600
-43.771150 109.503312
-97.895843 16.479969
-122.902118 22.481475
119.475405 210.604191
144.033219 193.743702
77.371597 184.804893
93.818932 169.518372
52.589463 138.621982
-97.895843 115.504818
135.496057 112.504065
-51.945920 79.702279
-134.728014 86.969788
-89.069555 30.538883
-171.955092 53.653188
140.475273 152.642831
-63.405229 157.382675
-97.712449 115.719984
11.645809 118.737607
-97.895843 109.503312
106.266500 145.512348
-81.224993 100.501053
-102.119125 100.501053
48.646252 110.515603
-131.043409 67.791699
127.160632 181.521384
-29.935865 130.515476
-22.725749 124.807182
-52.106575 133.509336
52.141807 133.509336
-118.789975 121.506324
-56.218718 82.496535
-76.132460 80.712677
-155.311772 41.480175
-135.460825 31.483734
-80.843849 33.433270
-76.213201 158.591218
-63.659696 128.798650
-118.789975 115.504818
-31.212443 127.507830
47.918525 109.503312
48.126435 109.731797
-80.869170 92.506216
-110.252238 61.780876
-97.895843 49.488252
-85.448275 10.478463
-68.777425 115.504818
-59.362524 104.597342
-89.318729 130.710897
-80.387816 101.648705
-89.560418 55.489758
-54.911392 49.697407
-80.700168 18.128023
98.312177 159.417993
47.918525 124.507077
-31.212443 118.505571
-97.115524 86.721358
-71.786250 58.379998
127.397743 193.734732
127.160632 193.524396
-43.771150 142.511595
-114.566693 130.508583
-56.218718 127.507830
27.878389 122.506545
-155.773899 93.561317
-59.777964 95.290267
-152.131675 70.493523
-106.000834 94.745884
-101.289763 86.769974
-109.554275 -21.217231
-56.218718 43.486746
-114.359032 70.736401
103.132762 160.952223
-101.939250 70.731055
-113.813467 80.919004
-60.095206 114.428607
-59.556817 110.772935
-127.125400 127.507830
-114.566693 127.507830
-127.125400 130.508583
-80.758484 114.615359
-81.224993 19.480722
-34.724196 116.488521
-152.131675 85.497288
-88.905621 138.798902
-89.560418 142.511595
-118.619425 85.751439
-97.702293 10.676625
-106.231268 142.511595
-63.759746 125.608013
-43.553105 118.800362
-77.112850 103.501806
-139.572968 76.495029
-167.868391 71.735548
-56.218718 61.491264
-80.265392 20.539184
-51.822192 76.988121
86.511545 163.655233
-81.224993 10.478463
-85.295098 10.760753
122.957688 211.577259
148.512098 164.375020
98.769533 152.682891
-92.930990 149.831909
-47.883293 133.509336
43.806382 115.504818
-68.777425 115.504818
-55.186445 125.688797
-56.218718 103.501806
-72.889568 76.495029
-52.106575 52.489005
139.948511 149.569989
-85.448275 91.498794
35.470957 118.505571
35.470957 118.505571
73.091932 181.796851
132.456783 163.817169
18.986513 118.731212
-105.881289 93.376870
-122.902118 82.496535
-63.743421 73.948742
-126.305644 65.786162
-97.895843 67.492770
-72.176447 53.607840
-89.380076 114.461089
-89.560418 115.504818
-80.976590 112.776515
135.496057 193.524396
135.496057 193.524396
123.793493 206.744492
-13.826959 152.634260
144.617915 143.546117
-56.218718 142.511595
139.608200 133.509336
-63.802395 110.266030
136.354778 113.342496
-67.740689 77.603472
-160.058385 59.070846
-55.972143 49.723094
-64.554143 49.488252
102.154357 193.524396
136.220910 113.671621
-139.572968 97.500300
-64.554143 82.496535
-88.688236 86.418441
-89.179281 78.146569
73.130875 187.734685
-34.605735 137.390878
-51.882492 142.808891
-39.056878 149.781056
90.172090 167.625233
102.486898 209.132135
6.241400 106.502559
-102.119125 130.508583
43.806382 112.504065
-139.148510 64.985935
-122.902118 58.490511
36.439900 120.671857
102.154357 163.516866
110.489782 160.516113
-139.572968 10.478463
106.933964 191.639418
114.762536 181.788211
127.612902 198.828575
144.369638 193.545009
107.111011 147.644060
127.160632 145.512348
-130.393449 95.858124
-43.771150 154.514607
-55.697565 72.545064
-30.963567 142.760722
-67.677713 43.737029
-118.789975 10.478463
136.483266 149.698720
-63.513531 49.861242
-155.342185 122.823368
47.918525 109.503312
-110.216176 -10.301169
-135.460825 4.476957
-126.188853 38.733577
-130.390509 34.473675
-56.218718 97.500300
52.369555 109.719179
86.411844 149.805884
-18.764875 97.500300
-30.802521 96.463501
119.419844 204.002646
-76.673810 59.061632
56.253950 109.503312
68.812657 160.516113
78.242361 151.899901
-118.581131 97.704015
-122.531437 96.175408
-76.280296 53.874714
110.849120 191.018792
123.893331 212.793738
127.543945 203.090913
-68.777425 100.501053
-55.922998 126.662969
-102.119125 70.493523
-105.159424 80.473995
119.802001 161.690992
-102.119125 -16.528314
102.556278 182.551774
110.489782 181.521384
-110.454550 55.489758
128.077692 161.672270
139.608200 163.516866
127.160632 154.514607
-80.317672 94.962512
-76.339345 110.444581
-72.199207 128.616496
-64.554143 127.507830
-64.408501 127.740653
-121.928467 -0.942194
-130.157322 10.637396
85.632474 148.772720
-6.206168 97.500300
-14.358463 109.693468
-101.193580 134.726911
35.470957 118.505571
-67.721637 128.024660
-160.018977 37.976252
-71.929102 11.598701
-81.224993 97.500300
-42.675814 97.490995
-59.492467 29.716471
-176.343775 80.717018
47.918525 109.503312
-81.224993 79.495782
52.141807 139.510842
145.023298 169.867726
-105.365859 -12.173686
-139.425144 88.790878
-60.442000 127.507830
90.088865 161.713074
47.918525 109.503312
85.674126 166.783553
-64.554143 103.501806
135.688187 112.716249
-76.786987 96.514694
-77.112850 61.491264
-72.252143 114.521484
-30.778937 141.406373
-122.749458 115.805545
-114.042437 35.287484
-81.224993 97.500300
-84.713618 98.728104
152.342874 181.773974
144.045183 175.745050
-114.566693 61.491264
-118.789975 -1.524549
-118.789975 10.478463
27.135532 121.506324
14.576825 118.505571
-88.611379 83.593162
-92.637683 76.830069
-105.249523 146.714648
-113.317951 145.944263
-63.533779 115.621966
-63.718105 113.858112
-160.248828 46.721925
-160.467100 58.490511
-155.419792 50.749182
-52.106575 130.508583
68.812657 148.513101
-92.680700 70.519368
-80.809094 75.385791
-110.454550 -1.524549
-143.632334 61.700283
-64.554143 175.519878
-38.884067 168.844009
-5.396807 164.492669
-39.547868 139.510842
-13.668707 139.804291
-43.771150 124.507077
136.264198 116.936108
-147.542952 84.408559
-122.675070 67.691370
-81.224993 43.486746
-72.889568 55.489758
-68.413490 60.340224
-56.218718 61.491264
-39.341471 160.758049
-47.883293 166.517619
-118.789975 151.513854
-127.125400 145.512348
2.505287 129.284554
-164.417785 76.747890
-97.895843 19.480722
-105.756816 12.451241
-101.868589 16.776047
44.406541 119.254718
36.078369 122.333728
47.918525 109.503312
47.918525 109.503312
143.831482 181.521384
152.389625 187.725515
-164.353420 7.700411
143.796250 217.578765
94.760300 212.794942
-1.455341 146.743125
-138.573517 133.660803
-81.224993 130.508583
19.397229 129.749835
-80.070667 125.460683
-76.740366 111.404981
43.806382 112.504065
-63.654676 95.756292
110.639418 106.706669
-72.456189 72.607703
-139.572968 70.493523
-97.726419 72.524599
-89.560418 52.489005
-81.224993 40.485993
-89.560418 37.485240
-38.883640 167.301010
-38.630065 182.754762
-35.435725 181.521384
131.293113 217.578765
-56.218718 142.511595
-114.566693 79.495782
-88.489417 76.585697
-80.343684 83.663230
-122.200497 20.577851
52.141807 109.503312
44.045662 112.798350
52.141807 112.504065
47.918525 109.503312
52.287934 109.763063
47.918525 109.503312
48.135086 109.792434
131.293113 211.577259
-39.547868 160.516113
-72.889568 142.511595
77.148082 148.513101
-117.775451 32.660464
19.763271 119.745211
47.918525 109.503312
-126.891355 34.760880
110.709487 106.793934
114.779694 106.727524
152.166907 169.518372
152.166907 172.519125
-97.709128 67.791247
-114.566693 115.504818
93.818932 148.513101
-77.112850 133.509336
94.757672 185.610023
-139.572968 70.493523
47.918525 112.504065
-84.533736 101.781263
-130.452807 95.888226
-130.316601 95.784879
-56.218718 142.511595
-56.218718 139.510842
-56.218718 145.512348
-122.902118 85.497288
-105.404830 92.803455
72.924800 190.523643
-38.867052 170.533547
-60.442000 70.493523
-97.112503 19.723266
-130.035373 46.812403
-60.442000 109.503312
48.837355 110.697180
-60.442000 91.498794
-113.694424 89.685624
-131.015557 28.689261
-88.441771 43.559143
-126.723510 84.433746
-135.460825 82.496535
-47.727592 121.730467
-38.611142 125.593516
-81.025796 103.764925
-84.272435 97.633724
-85.448275 100.501053
160.502332 190.523643
-47.009533 173.820033
139.774114 166.720330
-80.972660 154.752708
106.266500 151.513854
-22.877018 148.513101
-55.475778 143.625830
144.766317 134.784652
-76.945575 112.716941
-43.771150 100.501053
-13.738722 104.914532
-59.891097 93.713367
-35.435725 88.498041
-139.148848 66.289299
127.862981 215.022506
144.919635 214.842762
144.231566 195.504389
161.411360 197.576508
114.601925 160.516113
160.502332 169.518372
-39.373484 145.780298
-106.231268 139.510842
-22.877018 109.503312
-31.212443 109.503312
-68.777425 94.499547
-138.550906 83.542808
-39.547868 85.497288
-139.063025 83.484683
102.567514 198.564985
114.601925 202.526655
-31.212443 145.512348
-5.422389 130.886425
-64.166619 129.515301
-27.100300 124.507077
-130.776549 99.211816
-106.231268 91.498794
119.786412 107.421511
-39.379190 85.725127
-68.595556 67.721814
-97.895843 58.490511
-60.442000 49.488252
-114.026706 96.691788
-105.354476 98.539637
-46.917887 131.714595
-60.442000 121.506324
-63.787978 140.283973
-55.498904 142.272765
-52.106575 148.513101
85.483507 193.524396
115.421797 200.861406
132.057053 186.127746
99.112584 166.371870
-89.097303 153.512039
127.160632 154.514607
85.483507 154.514607
118.825207 145.512348
-131.237543 139.510842
140.689023 119.535307
-35.435725 79.495782
-76.905388 34.677632
-147.066719 -7.266441
-147.579223 -8.500828
36.399544 119.565288
35.470957 118.505571
160.502332 169.518372
-10.429450 157.515360
-131.237543 142.511595
-68.777425 142.511595
-56.218718 130.508583
-110.295871 106.755645
48.112152 109.701563
-127.125400 73.494276
44.189400 112.994040
48.749592 110.712945
47.918525 109.503312
-89.105446 99.700865
-93.243046 102.205722
-72.695522 82.728911
-85.173636 81.573613
86.306884 212.824476
119.854973 175.693030
157.285159 151.509195
-60.442000 139.510842
-135.460825 130.508583
-22.725599 109.733195
-130.366139 68.552367
-60.442000 76.495029
140.074968 203.307055
131.272775 184.522137
-60.442000 181.521384
156.279050 187.522890
-55.760753 168.253451
156.678749 161.091714
93.818932 148.513101
18.800107 142.511595
48.238291 121.998103
93.975593 169.780055
-89.381220 79.751802
-81.224993 -109.551657
-97.895843 58.490511
-97.895843 55.489758
-42.874053 53.798685
-130.702142 2.156740
-60.442000 127.507830
-60.442000 133.509336
-164.166380 50.000412
-160.059386 51.646819
-68.368368 89.003657
-64.554143 94.499547
-60.442000 88.498041
128.343841 193.641815
-97.895843 1.476204
-96.555468 4.312366
-97.200364 17.653168
-102.119125 61.491264
-101.869941 64.716012
-106.231268 52.489005
-147.082502 67.362341
-143.796250 70.493523
-97.895843 46.487499
-105.839189 48.241900
-97.895843 55.489758
-43.594116 124.737456
-43.117893 125.796460
-135.460825 19.480722
-118.789975 97.500300
131.293113 205.575753
102.154357 193.524396
-85.258576 157.794390
35.470957 127.507830
35.661555 133.761030
43.806382 121.506324
136.834273 122.214616
-42.847682 104.724316
-122.479340 90.678467
-106.060018 85.696346
-59.646549 74.704496
98.663435 150.742059
99.135266 154.891172
93.988162 151.706720
148.130280 223.808897
127.125400 223.580271
127.160632 202.526655
-21.730641 151.663263
-109.363383 152.557783
-59.845982 152.415698
-10.429450 142.511595
-56.218718 124.507077
-81.224993 115.504818
-80.002311 40.684528
-72.889568 19.480722
-60.442000 130.508583
-72.889568 121.506324
-122.902118 58.490511
-72.702255 97.738200
-72.889568 106.502559
-38.634613 67.670771
-47.335119 60.508535
106.266500 181.521384
85.448275 211.577259
118.789975 211.577259
-64.554143 160.516113
-10.429450 157.515360
-101.219064 134.441054
-89.560418 127.507830
2.129257 124.507077
48.983359 110.660199
-47.705503 64.693218
114.821211 211.865175
81.407720 199.757149
114.601925 199.525902
156.782187 189.667715
-106.035623 139.710200
-72.658534 151.757636
107.250055 147.803945
6.241400 121.506324
-72.889568 118.505571
-52.106575 103.501806
-118.789975 112.504065
-127.125400 91.498794
-43.771150 91.498794
-130.306466 79.874264
44.720759 116.626439
48.818794 110.811483
43.806382 112.504065
98.379547 173.647490
118.825207 163.516866
-72.889568 154.514607
81.260225 157.515360
-27.100300 142.511595
106.266500 145.512348
118.825207 145.512348
-72.268424 117.833142
-113.551194 112.668247
-80.374309 104.833294
-114.566693 67.492770
-131.237543 70.493523
135.496057 163.516866
140.422552 167.703191
139.608200 163.516866
-55.222622 130.500284
-56.218718 118.505571
-114.205891 101.530561
-110.268911 94.749169
-113.572899 97.540846
-105.579312 95.630071
118.825207 181.521384
156.279050 187.522890
144.687617 163.487206
90.265367 149.599680
-43.771150 133.509336
-72.889568 118.505571
-72.508897 90.393599
-155.854265 72.483519
-72.071826 47.549503
-81.042974 154.809805
-26.234611 152.683485
6.241400 142.511595
135.734717 130.755995
-114.566693 73.494276
122.937350 196.525149
127.388590 202.778052
122.957688 208.576506
131.272775 193.524396
-18.407797 164.021468
-9.912460 159.632426
39.583100 118.505571
-89.560418 100.501053
-122.902118 67.492770
-76.526756 29.530536
-172.914668 76.495029
-164.579243 76.495029
-160.467100 76.495029
31.247675 121.506324
-97.895843 67.492770
-97.400577 63.250944
143.831482 202.526655
153.141767 173.704035
-52.106575 169.518372
-26.648014 161.623383
143.831482 160.516113
-126.825409 137.008673
44.877487 114.546238
-56.218718 91.498794
-114.566693 76.495029
-89.316116 16.683938
-96.885644 5.470869
-47.404598 150.185429
152.820331 173.629561
-52.106575 154.514607
-96.960054 149.486332
-102.119125 142.511595
-13.580774 131.686902
-0.954948 121.646765
48.314983 121.939036
-131.094169 82.705220
-77.112850 133.509336
-46.505631 151.971448
119.869879 149.616040
-89.331882 130.756362
-72.581465 92.089047
-47.349790 84.057606
-110.454550 85.497288
52.959262 110.839738
47.918525 109.503312
-89.364857 28.699998
157.342751 211.763754
160.745625 193.803351
-10.429450 160.516113
-1.735467 150.523148
-6.206168 148.513101
-22.707272 133.780743
-89.560418 133.509336
6.241400 139.510842
-72.889568 127.507830
-81.224993 127.507830
-60.442000 103.501806
-97.895843 94.499547
-30.245911 94.770400
-130.318384 80.799341
-96.884892 74.584537
-76.355197 68.794000
-138.160722 37.485725
-143.567198 43.700209
47.918525 109.503312
48.686473 110.600000
47.918525 109.503312
47.918525 109.503312
-80.178403 92.671881
-80.985597 97.732478
-102.119125 79.495782
-101.183480 74.741441
-105.838107 72.474331
10.464682 118.505571
15.315443 119.865896
114.851700 106.756198
-96.443889 130.522300
-80.777154 99.134580
-77.112850 40.485993
-130.272536 -0.283278
-121.854535 79.489053
-71.804900 97.619990
135.496057 193.524396
-51.517057 125.606771
123.140807 214.825944
52.887745 110.573732
47.918525 109.503312
52.141807 109.503312
-122.381215 75.556634
-118.789975 88.498041
-127.125400 82.496535
-63.455792 109.351444
-60.013651 114.664434
136.460645 113.723370
-60.442000 124.507077
-71.672440 128.076716
-88.993490 126.646819
-39.372181 127.749637
-39.348747 91.708789
-72.889568 34.484487
-138.199772 64.501415
-143.796250 79.495782
111.514148 205.983998
111.514145 212.592198
-59.822921 104.934091
-110.247316 151.713661
-43.771150 148.513101
-34.416512 142.809665
-97.655058 18.423454
-89.560418 13.479216
135.675262 112.767773
52.141807 121.506324
-85.448275 88.498041
-81.038779 121.749014
110.489782 106.502559
110.849651 107.050095
-118.789975 76.495029
-110.454550 76.495029
-97.895843 61.491264
-97.895843 58.490511
47.918525 109.503312
52.141807 109.503312
45.001533 114.722631
-39.238651 144.461320
-110.255727 112.707603
-114.207967 -11.710344
-30.284387 50.738519
-31.212443 52.489005
52.289293 112.733921
-114.313715 94.739502
-67.830652 32.498243
-110.454550 61.491264
-68.777425 112.504065
-122.902118 76.495029
-160.257383 67.710095
-97.895843 70.493523
107.057941 146.872878
-131.073265 88.717210
36.616624 124.696867
35.470957 124.507077
-59.454914 88.809105
-60.260850 94.716272
-64.554143 91.498794
-114.566693 139.510842
-121.658816 142.716486
-93.439335 8.009726
-89.560418 7.477710
-89.106695 9.444543
-89.560418 7.477710
-64.114638 54.618257
-60.442000 49.488252
-64.554143 49.488252
-88.335482 28.582014
-81.224993 172.519125
-84.709429 164.816422
-80.821185 168.673465
139.608200 163.516866
144.095225 159.383045
140.196137 122.732849
140.037240 117.581069
110.454550 211.577259
110.610347 214.845363
-97.567773 3.587381
-22.533075 153.530817
-81.224993 67.492770
-88.600177 65.438428
-80.974188 90.650104
-76.206476 89.392450
-81.224993 7.477710
-80.493875 8.636578
-102.119125 64.492017
-96.719536 85.810162
-64.067337 93.581439
-64.554143 97.500300
-84.528133 68.717922
-80.734539 66.568359
-47.883293 109.503312
-97.061861 11.682594
-101.208845 86.677235
-85.448275 19.480722
-89.560418 97.500300
94.261660 152.046203
103.114721 149.673709
47.918525 109.503312
47.918525 109.503312
-106.038264 -7.292797
-102.119125 58.490511
-43.771150 97.500300
48.827497 110.782279
-85.448275 97.500300
-114.013902 96.555461
-55.177586 71.671994
-56.218718 64.492017
-56.003558 109.778369
-160.467100 52.489005
-114.398912 88.717541
-121.520560 13.437751
-30.741927 123.109637
-55.843727 90.371339
144.014042 190.806594
-34.696948 116.730032
-55.404642 133.714665
-85.448275 112.504065
-42.978627 122.902369
114.601925 181.521384
132.309896 212.719046
-122.902118 85.497288
135.718241 186.326706
-63.518110 80.096436
-56.218718 67.492770
-106.231268 151.513854
-102.119125 82.496535
-64.554143 64.492017
-93.783700 64.492017
118.825207 151.513854
-117.696793 92.576899
-80.115430 64.689092
143.831482 151.513854
-51.938753 85.710562
47.918525 109.503312
-138.548941 70.585165
-17.864824 122.665178
-117.504943 133.654113
94.045576 148.774612
-55.862631 105.140887
115.452623 107.637239
23.689247 134.685523
35.470957 118.505571
52.141807 109.503312
160.502332 190.523643
-96.978942 14.602887
106.266500 145.512348
-139.572968 61.491264
110.489782 175.519878
-68.777425 133.509336
-110.454550 94.499547
-110.454550 76.495029
-72.119953 107.558285
-89.560418 -13.527561
14.986426 123.587460
111.263258 212.748285
-55.167645 100.797059
-64.328383 124.711624
44.542075 113.710635
-105.825420 82.982303
-89.560418 10.478463
48.702858 111.736012
-97.691400 100.744824
-47.883293 103.501806
-88.664408 29.641371
-71.862040 26.646927
14.945312 146.674138
-106.231268 55.489758
139.805426 115.756246
131.959953 151.560335
-118.789975 103.501806
-89.335903 25.732649
-4.986724 82.625440
110.655307 145.733391
-85.231515 91.713326
-139.572968 85.497288
-93.640609 28.681869
-97.473296 26.003766
-97.895843 91.498794
-97.174822 89.463673
-93.783700 88.498041
-80.456409 20.654794
-80.980803 19.741170
-84.091392 21.722938
-113.898160 -48.216071
93.818932 163.516866
90.265417 167.480564
-76.811175 127.974348
-72.720978 127.768704
-139.235128 86.031490
-135.039124 83.065299
36.459953 119.702517
35.695573 118.748802
-139.333442 70.691188
-138.196692 70.635446
-130.824186 81.145365
-18.115721 98.440505
-22.553921 100.999102
-43.398267 141.470785
-43.519113 142.767140
48.714946 110.650231
47.918525 112.504065
-18.764875 133.509336
-17.986895 137.664097
-77.112850 100.501053
-80.455455 101.895452
-64.304079 97.752720
-68.319437 98.054036
-151.360565 59.859186
98.410680 149.434476
94.134688 152.085575
98.761139 182.441204
-80.868058 98.018086
-55.858020 138.279423
-51.947925 139.726503
-47.463883 84.530485
-47.635164 82.717222
-114.394969 88.766830
-114.226769 88.962466
-5.251509 78.904427
-109.663777 145.913716
-109.005646 148.098787
-52.311924 142.835469
-52.106575 142.511595
115.095275 183.682887
114.787802 184.778544
-55.650864 78.655504
-59.862379 78.714758
40.366881 134.721243
35.926013 132.273660
131.822122 180.340342
127.547264 180.111612
-59.675782 58.011194
-60.333569 60.257592
103.170089 161.601976
106.339037 159.696982
-105.484123 143.797742
-105.723011 146.781891
123.399406 212.340128
124.100314 212.293647
123.470308 212.343742
-59.684120 126.769884
-60.689145 124.732178
-59.242565 127.032819
-139.081206 63.149117
-140.270757 62.482741
-138.997444 65.898771
139.608200 115.504818
140.053886 182.036052
-143.945247 14.478648
-93.383584 103.196155
-93.525637 101.773036
-67.856149 137.375172
-55.544686 80.826387
