-1.622732362488666524e+02,-2.991209573396119595e+03
5.539366877806128286e+02,1.273429639253925188e+03
4.380638153141822499e+02,1.275078297674829400e+03
8.463048775656905036e+02,1.271900103755130203e+03
4.380638153141822499e+02,1.305085827674877919e+03
7.209372132186648514e+02,1.212105016882844211e+03
4.618441083705365031e+02,1.300700981494919915e+03
4.296099461525408287e+02,1.392098034945769314e+03
5.536579626892398664e+02,1.243660119259518751e+03
4.308124857383927520e+02,1.423510145645386956e+03
4.715391769492225080e+02,1.301853267628512867e+03
4.380638153141822499e+02,1.245070767674780882e+03
4.791852453145997401e+02,1.275078297674829400e+03
4.791852453145997401e+02,1.305085827674877919e+03
6.385254757222796798e+02,1.212697237883931621e+03
8.959564953142206605e+02,1.245070767674780882e+03
4.625569221549553731e+02,1.300970700730694261e+03
4.624519515303560411e+02,1.239641082134130784e+03
5.123807641261738581e+02,1.242333670608119292e+03
8.869503444614712180e+02,1.273050512952524741e+03
5.137072549975642914e+02,1.272625621863676997e+03
4.302804375768234877e+02,1.301916080790532988e+03
5.214180653137905210e+02,1.275078297674829400e+03
1.096449971110489287e+03,1.303177080772150703e+03
4.299214997570906007e+02,1.273382620057192753e+03
4.212513314723580038e+02,1.270577059807546220e+03
5.214180653137905210e+02,1.275078297674829400e+03
7.216848361600892758e+02,1.213573580010122441e+03
6.380536520846551412e+02,1.241664457922683596e+03
3.882938565543967115e+02,1.331920088342393910e+03
4.295234844911954042e+02,1.333436135662779634e+03
4.303937027349853679e+02,1.453216066789831530e+03
6.294441657518526654e+02,1.271415573331913720e+03
7.217980528139064518e+02,1.272164591853151705e+03
7.714808153141948424e+02,1.275078297674829400e+03
4.707668106734438425e+02,1.363022225534682548e+03
6.283149927929899832e+02,1.241021045105082294e+03
4.713817870691099188e+02,1.242206090143039546e+03
-8.711711151919564600e+02,1.269730917546018645e+03
4.791852453145997401e+02,1.365100887674974956e+03
-7.451955987695101840e+02,5.506840064788975724e+02
6.047723153133988490e+02,1.275078297674829400e+03
6.298887887843633280e+02,1.179750368911373926e+03
6.458937453138163391e+02,1.275078297674829400e+03
5.370366919217085524e+02,1.208539981119480672e+03
5.128390924623844285e+02,1.243640004820773584e+03
6.383259983105937181e+02,1.213655692326940880e+03
4.380638153141822499e+02,1.365100887674974956e+03
9.231851181096828896e+02,1.269059012426431764e+03
5.129170697992095711e+02,1.301810868242794641e+03
3.865671510812466067e+02,1.361838033565763908e+03
5.047725183025383444e+02,1.330903368897427981e+03
4.717996821591932530e+02,1.301931482812886088e+03
8.126022453146123325e+02,1.305085827674877919e+03
-1.187899754685463449e+03,1.948072176746621835e+02
4.791852453145997401e+02,1.365100887674974956e+03
-8.703442111258901832e+02,6.404036421684146489e+02
-7.798355603407788976e+02,7.933946955643322099e+02
6.368031343924490102e+02,1.273033013864701616e+03
3.382455405740496417e+02,1.359674206273369236e+03
-8.122499346862599623e+02,8.249653476748914045e+02
1.294497975574923032e+01,1.933362357087879218e+03
3.124767453138036899e+02,1.275078297674829400e+03
-7.046595004482810509e+01,1.063350864193604139e+03
8.794762746932676691e+02,1.329555439971147052e+03
-6.960206714412462361e+02,8.832988303798290417e+02
-2.373531369103892246e+02,1.602795242951885029e+03
2.713553153133862565e+02,1.425115947675071993e+03
-7.366547134593083683e+02,7.633650382726199268e+02
3.456144169508172581e+02,1.392961449145503593e+03
6.458937453138163391e+02,1.215063237674732363e+03
7.214728139985314783e+02,1.302795580878711462e+03
9.290637962284331479e+02,1.273491412381460350e+03
8.959564953142206605e+02,1.245070767674780882e+03
6.281683936125951959e+02,1.241269163838817803e+03
6.293974776374291196e+02,1.330693301695818491e+03
-6.927644082876962273e+01,1.962257949495144203e+03
-9.455617806989753262e+02,8.522830468161225781e+02
-6.206168468662637849e+01,1.035018057674441252e+03
2.967907192030761507e+02,1.360938026513904106e+03
7.953414505843932147e+02,1.360937885784812352e+03
-6.132211030435761359e+02,8.214391027933703526e+02
8.126022453146123325e+02,1.245070767674780882e+03
-1.279395684728006927e+03,7.158502642813829198e+01
-1.120993557282526808e+03,1.608311036548820709e+02
-4.039269224387316513e+02,7.926597345454159722e+02
6.301232222843724458e+02,1.239172216175713629e+03
-1.021191254686246793e+03,1.365100887674974956e+03
6.291651408735890527e+02,1.211029698567585910e+03
9.641208048100088490e+01,1.632763674860113497e+03
-1.203854109647522961e+02,9.693891511214236516e+02
-3.269528615426056604e+02,7.908548568620375363e+02
4.299342638418058868e+02,1.241839494809839607e+03
1.788690396467866890e+02,1.781856726510790168e+03
7.636375436598066244e+02,1.303688053029125967e+03
6.799366433503696499e+02,1.271891874344150665e+03
1.367143364373736176e+02,1.691745897764674737e+03
4.710284302877536220e+02,1.393438047480008208e+03
1.046302412489451626e+03,1.180342450138104823e+03
-7.082249724996262330e+01,1.033084948124841276e+03
-6.982974878532624530e+01,1.033603383660739837e+03
-7.741018339493760436e+01,1.031820262206286316e+03
6.458937453138163391e+02,1.275078297674829400e+03
6.290291374531750535e+02,1.270335796944437561e+03
1.799888054461299021e+02,2.053109558484087756e+03
-8.210199367515740505e+02,1.811972916029764747e+03
-3.711592239276745318e+02,1.779934859557903792e+03
1.805939076595565780e+02,1.782450242632845402e+03
2.132399273351864508e+02,2.081871716169339379e+03
1.385272453116217548e+02,2.023592494817355373e+03
3.124767453138036899e+02,1.305085827674877919e+03
4.791852453145997401e+02,1.275078297674829400e+03
6.458937453138163391e+02,1.275078297674829400e+03
6.881265653145866281e+02,1.275078297674829400e+03
-6.455414346854639689e+02,1.845221367674961584e+03
-8.544827546854508000e+02,1.815213837674913066e+03
6.375074794850526132e+02,1.212883378430516359e+03
5.969365613902243695e+02,1.152938294218971578e+03
3.390941585100643465e+02,1.268715618852237640e+03
-1.021191254686246793e+03,1.425115947675071993e+03
3.872333804264953301e+02,1.691986963120763903e+03
3.126801296840483246e+02,2.055757532325028478e+03
3.036110452391708350e+02,1.992504325096400407e+03
-4.032889153775253135e+02,7.926770701271161670e+02
-2.287701846858429917e+02,7.949578176748428859e+02
4.629661735705344086e+02,1.269695366183776969e+03
4.638562127149967296e+02,1.269831417559701094e+03
-7.711285046858424721e+02,1.725191247674767510e+03
-6.877742546862341442e+02,1.665176187674670473e+03
2.954715593691062736e+02,1.870620607035693183e+03
1.791694853820698086e+02,1.963645012066672280e+03
4.380638153141822499e+02,1.875228897675010103e+03
-2.797080002896440760e+02,1.722242334637789554e+03
2.553923905681241990e+02,1.300484357023459779e+03
3.958309953134120178e+02,1.275078297674829400e+03
4.289264013958563169e+02,1.903698810302294305e+03
1.808315743782293907e+02,1.932728006849315761e+03
-6.965232292439012554e+02,1.782262016978278325e+03
-7.288956846866516344e+02,1.725191247674767510e+03
-4.036232653244539961e+02,7.921782087626972952e+02
-8.621210424349417281e+02,8.224665381457160720e+02
-8.193499403642603056e+02,7.627612388630560645e+02
1.379315848161323572e+02,1.932161638874840946e+03
-9.031448913405254189e+02,1.693416475711359226e+03
1.715404829587110953e+02,1.810224000650732251e+03
-7.790708138952459194e+02,1.722263803008092964e+03
1.457682453145870909e+02,1.785206307674864547e+03
-8.544827546854508000e+02,1.695183717674718991e+03
3.032856909331994189e+02,1.873229693576789487e+03
1.720563511521070268e+02,1.780003504684696054e+03
2.563500248168934945e+02,1.960249383117861044e+03
3.455161466460595534e+02,1.843292211260258682e+03
-8.198782437743536775e+02,1.693763756807469917e+03
-9.863368509718268342e+02,1.421664067022607696e+03
-1.070272808489562522e+03,1.453515581188311899e+03
6.378182848282328905e+02,1.303671685665124869e+03
2.556130822159966840e+02,1.751105200885190015e+03
2.563934189144131324e+02,1.749724308997045910e+03
7.643062907771316077e+02,1.333197435625936123e+03
8.548350653138031703e+02,1.305085827674877919e+03
-9.454295153524176385e+02,1.811792897281588921e+03
-7.801843779440071103e+02,1.781912018935246351e+03
2.959037044437329769e+02,1.991394098444588963e+03
-7.711285046858424721e+02,1.845221367674961584e+03
1.371946837718869006e+02,1.992231976198940401e+03
5.368539396723380719e+01,1.933643897482074408e+03
1.046468153141696291e+02,1.875228897675010103e+03
-8.633585517502235689e+02,1.842079129612562610e+03
1.457682453145870909e+02,1.995259017674414508e+03
1.278825264973707618e+02,1.961147394960058364e+03
-3.543572546862215518e+02,1.815213837674913066e+03
-9.041075595477493607e+02,1.783802932655963787e+03
3.033058499112554500e+02,1.993426212184008136e+03
2.964942712596648562e+02,1.989885385300641929e+03
2.713553153133862565e+02,1.995259017674414508e+03
5.400399359425640000e+01,1.932377298583496440e+03
5.466194759493796482e+02,1.089717002261676498e+03
5.625394953142080112e+02,1.125040647674586808e+03
5.541095672818212279e+02,1.153476228787337732e+03
-9.378370046866384655e+02,1.305085827674877919e+03
-8.544827546854508000e+02,1.275078297674829400e+03
-8.619345069825054679e+02,1.271895505102282641e+03
-8.205303063936647732e+02,6.723384502997565733e+02
-8.215477272911202817e+02,6.427571328670098865e+02
-3.716442858352233429e+02,1.781949485403356903e+03
-4.788329346862473130e+02,1.815213837674913066e+03
