date:2016-08-11, time:0000, wind_speed:1.97, wind_dir:210.0, temp:20.3
60.308058 106.344564
-107.241608 19.062709
-98.909649 40.025694
-156.982874 46.111171
-82.306441 64.031914
-82.668248 4.056735
-119.157678 97.297163
-106.817400 73.124903
-145.459008 72.941983
-82.129415 105.896331
-39.915708 118.243829
-139.924755 -4.702081
-94.318404 79.184298
-178.098219 25.051710
-160.878096 58.338770
-135.460825 13.479216
-160.841389 4.249942
-102.613150 -43.975962
-86.650837 28.016120
5.648449 109.239787
68.436135 103.220264
-94.180817 58.369026
-119.900751 69.994113
-98.512903 55.171184
-173.450042 34.240428
-39.547868 115.504818
-39.938722 139.266689
-127.928021 118.141954
-119.186185 79.383444
-127.516055 -22.775760
-116.271927 145.040029
-148.495756 22.175803
-91.186976 0.964015
13.758838 163.173985
-14.541593 130.508583
-90.235881 118.023897
-55.374264 60.733141
-120.436721 6.993049
-131.858303 10.229714
-89.767525 7.349061
-123.463792 -13.815879
-115.064948 94.226358
-86.576345 117.988258
-6.726409 127.152988
-90.794923 76.292716
-113.582034 54.751206
43.196409 154.205377
-122.902118 22.481475
-119.181909 79.283639
62.962789 142.240922
-148.520824 118.194773
-181.560688 82.379382
-132.935572 85.069250
-106.816960 67.212948
-65.678453 130.252681
-39.792233 124.354510
43.205856 112.282702
-164.983819 64.322378
-147.908393 40.485993
84.596376 132.980966
-65.212148 145.282654
-156.835166 109.236838
-140.640779 127.022330
-74.011785 52.137865
-74.547908 112.071773
-64.936595 160.273311
-32.096419 130.160448
-81.224993 136.510089
-156.786518 109.176973
-99.001574 48.971233
-135.615626 49.339840
-78.622858 -13.943830
-81.828371 1.186230
-81.601141 -37.753122
-98.947126 52.062456
-115.588560 157.178312
76.586843 103.239176
-94.348189 76.267629
-82.864129 156.984949
-66.211179 28.009604
-90.000658 13.258881
-77.645648 163.106307
-44.333862 109.133571
-137.162381 36.974990
55.696880 106.208930
-63.447023 141.804972
-156.858056 109.106350
-98.982269 55.103837
-73.091121 133.404095
-87.005477 148.134139
-98.134607 52.428038
-48.369991 124.227977
-123.095029 97.439134
-137.146635 43.015099
-140.221119 31.235121
-110.762388 34.242910
-98.041195 43.397237
-98.468648 43.258388
-114.781183 46.380354
-98.963691 52.017593
-102.503078 40.231300
-90.219963 43.171505
-90.113965 40.244245
-87.036110 142.031948
-77.112850 94.499547
-85.448275 55.489758
-89.560418 58.490511
43.242433 112.259367
-149.057628 51.990500
13.954271 -283.962545
-44.152956 79.323876
-73.466088 52.110797
-87.969290 1.100359
-69.137086 -166.790475
-177.551745 79.282330
-177.513274 79.329805
51.954115 157.393233
-56.788132 136.240920
-77.356053 112.340043
-97.895843 -4.525302
-60.962323 -160.877512
-123.433263 109.202761
-9.301367 114.834092
-32.196281 100.130779
-148.515988 70.132031
-86.840405 148.022601
-86.997054 165.995868
-60.442000 100.501053
-57.039264 -274.998154
-32.362911 61.094263
-156.827937 55.217267
-77.777505 22.305869
14.333309 -289.757799
18.158313 151.179066
-140.103529 46.242945
-91.050998 9.826430
-144.169494 -28.785587
109.372264 193.038050
-73.424018 52.168110
-160.828365 34.254067
-15.077154 -286.943741
-115.675717 -20.010816
-56.899835 -190.868605
-139.924365 82.259355
-77.112850 88.498041
-164.579243 67.492770
-148.506987 73.180798
-73.473762 31.212580
-85.988113 -25.771278
76.979200 103.345704
72.280793 103.278811
85.112185 106.322643
-148.879960 112.067741
-11.302651 121.065694
-73.950145 63.965184
-127.125400 88.498041
-123.192678 85.229910
-164.935858 55.310178
-98.089931 46.416504
-77.577386 49.280262
-166.053696 37.005216
-119.279820 31.197231
-119.500572 85.133231
-114.958193 85.313662
-56.430233 154.453470
-114.784014 91.410679
-106.593782 67.320946
-102.515713 49.230413
-61.480568 -26.058206
-73.294337 148.257704
-106.384977 94.381229
-152.700571 49.296574
-123.277915 34.287583
-82.915802 25.074446
68.319120 121.190065
-77.727105 112.190084
-64.962089 -271.796585
-177.672801 79.234902
-173.511992 76.165125
35.470957 163.516866
-143.796250 76.495029
-81.400083 -253.694012
-48.461653 76.076861
-73.431637 13.176161
10.278894 -124.687410
-127.359084 88.408373
-82.936471 52.041945
-49.576854 133.052494
-89.560418 127.507830
-85.795866 -40.714398
-39.988214 -274.877141
42.697280 162.964306
-57.916003 157.042420
1.115093 -112.925173
-56.218718 139.510842
-31.212443 106.502559
-78.714060 52.009249
-52.609973 -268.885695
-48.773152 -277.976671
-119.595003 127.147999
-80.095630 -11.129340
-48.872704 97.015939
-48.439285 94.194044
-89.897100 64.289386
-91.197499 57.964968
-10.774524 49.268543
-94.566427 154.134003
55.160355 127.195032
-122.902118 49.488252
21.245125 -281.104236
-119.225494 163.250041
-110.454550 136.510089
-44.424439 130.234849
-111.027960 -7.820871
-48.050050 -199.642624
43.611797 -244.707824
-73.281613 55.338838
-68.952844 55.368907
89.053867 184.190790
-60.804659 -7.713777
-81.397587 -172.644631
-93.918871 79.371617
-98.562174 79.140506
-156.603029 85.273542
-73.372423 -235.755180
-68.990608 43.367188
39.083116 139.247065
-18.985382 142.417206
-160.869307 73.325637
-86.017638 10.137699
-123.404777 1.181198
51.484217 -193.764798
-124.005922 150.884681
-173.209163 76.213176
-57.350767 51.949272
-174.017984 45.969741
-139.730997 -22.662532
89.018508 187.160041
-56.392158 145.437500
1.776392 133.311509
-69.527103 -19.943536
51.036625 -251.126405
-73.922233 115.015784
-19.142064 112.300838
-98.336223 -10.730683
25.947674 -286.976540
-47.883293 133.509336
-85.897461 79.295039
-127.829280 1.097211
-102.774752 67.152966
-106.581642 58.244962
-16.320178 -287.011232
-60.622885 94.402684
-57.346157 97.103483
-56.218718 97.500300
-56.887764 -266.020864
-94.156066 43.258759
-41.267372 124.026644
-46.348731 136.030910
-56.791743 67.255661
-102.740812 115.085315
89.057203 187.126311
-163.037943 73.002945
-40.057795 73.195420
-23.176511 -283.778510
-40.660770 139.075253
0.985483 111.991939
-114.566693 28.482981
80.668970 -232.839360
-82.929917 -230.049243
-24.411972 -284.248435
43.647024 154.389517
51.633509 151.282757
43.173497 142.206812
-139.572968 -31.532079
-85.934687 16.089750
13.442197 129.942803
-98.043867 61.426057
-102.420141 142.319858
-98.962077 145.020471
5.869711 118.293120
-89.740548 55.347920
-89.937715 58.244319
-56.847237 139.227557
-98.123890 37.352530
-77.532758 70.222321
-73.248589 73.201271
-102.803674 40.109608
26.559048 133.307021
-140.187450 31.282849
92.676440 175.141237
35.148837 163.299404
26.518825 124.299280
-32.897666 94.061004
-44.000559 82.382693
-127.125400 43.486746
-44.426841 40.107995
-78.761695 -11.072198
-23.251095 -283.806372
-53.503332 84.933249
-48.833647 154.108657
-127.125400 16.479969
-106.667356 55.305771
-90.678873 36.968705
-78.245057 99.976639
54.607523 145.114802
54.556868 151.046346
81.260225 106.502559
85.483507 106.502559
-114.799082 52.418498
-85.855552 10.314870
-56.738900 -274.955175
-60.442000 -163.565211
-61.178948 55.073249
-61.180516 58.114681
-52.106575 -259.589307
-87.005192 88.108288
-81.224993 91.498794
-23.254260 124.347758
-48.894906 -263.043515
-73.865137 25.033911
-48.499584 127.283677
-44.377473 130.203079
-65.114833 49.154517
-77.251009 49.381910
-73.570545 46.270062
80.448384 199.177330
-102.649076 43.253544
18.211006 142.201718
93.783700 205.575753
-53.627479 103.152187
-136.969716 63.913963
-48.077953 61.401160
-73.251132 55.281575
-156.243818 52.489005
-49.426015 45.974098
-80.301416 42.826684
-65.093935 -31.880333
-65.098724 -31.685757
-65.766058 -29.021568
-136.000782 28.139213
-139.915178 31.267483
-140.810738 27.943344
84.376129 190.176052
51.940672 181.434274
-69.117923 178.360373
43.281930 175.210776
-56.566121 151.306364
-7.406970 136.074364
-56.650468 121.337165
93.314952 124.178941
102.154357 103.501806
-140.486315 91.066706
-121.721353 33.785759
-48.303179 34.286700
-94.170061 10.252870
-98.384057 49.335702
-97.895843 52.489005
-99.055098 48.974397
-90.683051 54.977762
-90.614842 51.951351
-98.945301 148.010170
-89.560418 151.513854
38.741050 172.134138
-132.353615 52.010177
-128.216265 49.026585
34.369413 163.032841
-56.945793 160.199779
21.762571 154.045542
-157.291544 81.950407
-53.055291 58.034825
-56.605352 1.263800
-98.947136 -13.872556
30.205534 -187.965645
84.819956 -202.903475
-48.918080 -221.020728
-69.083531 -250.759370
0.902325 -275.101226
88.608370 217.027317
96.921376 208.053240
47.330677 181.326787
-48.730052 148.146661
59.357096 133.049512
-23.563125 103.202562
-152.513287 85.304495
-167.668265 81.915799
-111.590401 64.172744
-98.945295 57.899286
-81.780998 49.277252
-69.786582 30.981872
-81.676267 4.251018
17.664671 118.095674
14.576825 121.506324
88.545314 133.174000
85.180673 133.292859
-65.157341 175.338749
-40.145274 160.292834
75.941102 160.046899
-81.808319 145.201043
-65.119073 124.234864
-53.183527 112.051688
-73.294295 94.243255
-90.559071 85.040141
-90.642293 -23.047961
-60.835164 -76.744043
80.222629 -203.045813
-19.436619 -241.940171
85.483507 142.511595
-31.454806 118.398594
-119.140641 112.276725
-56.412535 112.371856
-123.192869 34.207053
-94.092065 31.268420
-90.085993 16.207699
-48.307148 7.315676
85.301957 -205.633226
-60.917797 -226.779354
-73.353436 -256.793638
85.483507 142.511595
80.246299 142.103112
84.913536 145.198093
80.254591 142.186210
-77.112850 -10.526808
-78.711561 -10.916501
-74.592332 -11.042316
-82.286851 -7.975126
-22.877018 100.501053
-149.320563 58.359383
-90.384423 58.801285
-93.269758 54.425883
-95.109127 58.843767
-9.965408 -284.490057
-13.621303 -287.200137
