-8.464544101320564096e+02,-1.415193880562541153e+03
-1.601495584070908762e+03,1.991724149705609932e+02
6.060427490734097091e+02,1.139374069231144404e+03
-1.066824555457791348e+03,-4.805964474289662576e+02
-1.225528130756859582e+03,-2.680172711338049112e+02
-7.624138119301381948e+02,-5.764446092998747417e+02
-8.521575245124303137e+02,3.496324520724053286e+02
8.196217929533435154e+02,1.043844068890097105e+03
1.058985605791486023e+03,1.082721132546913168e+03
-1.600124873534707376e+03,2.109527434625948672e+02
-9.723824049506168876e+02,-5.715897926409218144e+02
1.104897815314207492e+03,1.035018057674441252e+03
6.875779336895330971e+02,1.078682379344315677e+03
8.130723736787163034e+02,1.048156570013017017e+03
-1.398002442214816483e+03,-1.515581247102270765e+02
8.194422692792589942e+02,1.044234932610391297e+03
-1.388166249977301732e+03,-9.534234845950663839e+01
1.229373495314233423e+03,1.065025587674489771e+03
1.107243974822182281e+03,1.040462365334772812e+03
1.106879710157416184e+03,1.040752127669479023e+03
-1.312375434685489154e+03,7.477709767446809508e+01
1.104897815314207492e+03,1.035018057674441252e+03
8.208629332920930892e+02,1.045103960536933755e+03
8.126022453146123325e+02,1.035018057674441252e+03
1.024579969556374635e+03,1.078714660924452801e+03
9.381893153134114982e+02,1.125040647674586808e+03
8.972286350701640458e+02,1.080966397624144065e+03
1.276068252713428365e+03,1.229352116049401275e+03
1.095045238209210765e+03,1.407169815965185080e+03
-1.431270948621088792e+03,-6.462464250054122772e+01
1.046468153141696291e+02,8.249653476748914045e+02
1.030850733565606333e+03,1.107193001655060925e+03
8.959564953142206605e+02,1.185055707674683845e+03
1.357400682037489332e+03,1.139356876803674368e+03
6.534952833550388505e+02,1.077351865335160255e+03
1.271606315313424147e+03,1.305085827674877919e+03
1.401524399859356663e+03,1.230197116821799000e+03
1.444174641842138499e+03,1.227623492257923090e+03
1.438314815314220141e+03,1.185055707674683845e+03
8.213909458672228538e+02,1.045253483939735816e+03
1.357554430075379969e+03,1.138243062654533333e+03
1.275408414544882589e+03,1.195989813123052500e+03
1.104897815314207492e+03,1.275078297674829400e+03
1.479436245314637745e+03,1.335093357674926438e+03
1.065563513193007338e+03,1.076355679373247995e+03
1.104897815314207492e+03,1.215063237674732363e+03
9.723187305423174394e+02,1.079893824156347591e+03
1.229373495314233423e+03,1.245070767674780882e+03
1.528858305700469373e+03,1.404870066973455323e+03
-6.853766699198781680e+02,-7.014878846265087304e+02
-1.475659903147441582e+03,5.905008666380643945e+01
1.233194318606311981e+03,1.068583110377656567e+03
1.275863210943199874e+03,1.288149287735108146e+03
1.481375905383817553e+03,1.250711150202785348e+03
1.140202129407452503e+03,1.140485302980256847e+03
1.354960565314611813e+03,1.125040647674586808e+03
-8.055388087775029362e+02,-3.594873978157148287e+01
-1.398692037933918982e+03,-1.490475996965899412e+02
1.108935717933711203e+03,1.379960890092999307e+03
1.605023315313436797e+03,1.875228897675010103e+03
-7.751827308739243563e+02,-8.427027322828240585e+02
1.230406762009865133e+03,1.556963469078349590e+03
-4.789914038484424736e+02,-6.618654083005505981e+02
8.126022453146123325e+02,1.035018057674441252e+03
1.104897815314207492e+03,1.035018057674441252e+03
9.407678236801198182e+02,1.070789962649839026e+03
-1.063426283162754771e+03,-5.131615300614290618e+02
4.343534338486641673e+02,1.200881286014657917e+03
7.316129567786297230e+02,1.080684053197506501e+03
-1.229802057782871088e+03,-3.617625722875101246e+02
8.548350653138031703e+02,1.185055707674683845e+03
1.104897815314207492e+03,1.035018057674441252e+03
-2.094025468620891672e+01,7.949578176748428859e+02
-1.454159346862346922e+02,1.065025587674489771e+03
1.065938633880655743e+03,1.078055740773007074e+03
9.910542519696706449e+02,1.225497025390894578e+03
9.779235882132381903e+02,1.078075409475128708e+03
9.793107453138289884e+02,1.305085827674877919e+03
6.411927865639158881e+02,1.111194543102507396e+03
8.575382200133631159e+02,1.168125751080331611e+03
6.882187464912042287e+02,1.110464050336493528e+03
1.446468461993864139e+03,1.193769617687990603e+03
-1.058679028956034699e+03,-5.109960030069153163e+02
-8.122499346862599623e+02,-8.854638623255051471e+02
-1.026338652011979320e+03,-7.486676647851559210e+02
8.201120917112633606e+02,1.043188790961503855e+03
5.214968534033209835e+02,1.200111564079324353e+03
8.202999211909468613e+02,1.046072318096427352e+03
1.146019245314625095e+03,1.125040647674586808e+03
6.415399739783013047e+02,1.078367829449451165e+03
5.695438186945635834e+02,1.109471365603795903e+03
1.357390093692698656e+03,1.128998355098430011e+03
1.108287300645472897e+03,1.039287917825702152e+03
7.382219776664992423e+02,1.076794953562328601e+03
5.697941573695469515e+02,1.104941454997448545e+03
6.913039963123197822e+02,1.200193477675369422e+03
6.047723153133988490e+02,1.095033117674538289e+03
-7.764675986541748216e+02,-9.890219119927269276e+02
7.660646723292239813e+02,1.197375527306647200e+03
8.153065023946899146e+02,1.040718712205717566e+03
5.625516455791330372e+02,1.139785437137779809e+03
1.104897815314207492e+03,1.065025587674489771e+03
1.066634611570254037e+03,1.070091106915751197e+03
1.396081995313449852e+03,1.155048177674635326e+03
-8.956041846858682902e+02,-7.954412723253595914e+02
-1.187899754685463449e+03,-4.353509123255670374e+02
1.315073727635892055e+03,1.346119078167138241e+03
1.016248318135210639e+03,1.111087852501301995e+03
1.105325978221770583e+03,1.293389285992488340e+03
8.148446046861171226e+02,1.040552496141875054e+03
1.284047170290788245e+03,1.104354102437352367e+03
8.075001257547056639e+02,1.173159465539749363e+03
-8.956041846858682902e+02,-8.854638623255051471e+02
-1.024997572409004761e+03,-8.098193791330016893e+02
-9.378370046866384655e+02,-7.654337423253110728e+02
-1.347971443207912216e+03,-1.814519270203613530e+02
6.381504607141181395e+01,9.287772554770966735e+02
4.791852453145997401e+02,1.125040647674586808e+03
8.126022453146123325e+02,1.035018057674441252e+03
-1.845510397215168723e+02,2.904407900920503494e+02
-1.140273688602816947e+03,-4.202285043044192889e+02
8.190251414410124653e+02,1.045175197644559375e+03
7.292479953134246671e+02,1.185055707674683845e+03
1.021543565314599164e+03,1.065025587674489771e+03
1.197131473718241068e+03,1.285686067859457580e+03
1.021543565314599164e+03,1.215063237674732363e+03
1.021543565314599164e+03,1.155048177674635326e+03
8.174502129282300302e+02,1.049169767420434709e+03
8.613636400977795802e+02,1.165235788621080701e+03
1.107167665809913615e+03,1.038969633048908690e+03
7.715413601664488397e+02,1.141200597103862265e+03
-9.760666544386049281e+02,-5.103674875531074235e+02
7.743484924616361695e+02,1.348431320875807387e+03
4.388991392786924166e+02,1.196739458249163363e+03
8.970977728907623714e+02,1.077229705588733623e+03
7.735471705766440209e+02,1.220341420084002493e+03
1.232994324746782922e+03,1.159815168053019079e+03
6.829502011455092543e+02,1.230794523058323421e+03
9.381893153134114982e+02,1.155048177674635326e+03
7.703165746537908944e+02,1.139744663046405094e+03
9.793107453138289884e+02,1.095033117674538289e+03
1.108168062852673756e+03,1.038669616798426887e+03
7.759205388725013108e+02,1.080820356739639692e+03
1.062664995313437203e+03,1.065025587674489771e+03
5.625394953142080112e+02,1.095033117674538289e+03
7.666941239590554460e+02,1.052034899591765679e+03
6.958889822257296487e+01,1.048193746242380030e+03
6.131900161429344962e+02,1.137379619384727675e+03
1.271606315313424147e+03,1.095033117674538289e+03
8.544778716604632791e+02,1.139208070839058109e+03
1.354960565314611813e+03,1.605161127674573436e+03
6.006373492267017582e+02,1.109516886452815470e+03
1.312727745313841524e+03,1.275078297674829400e+03
8.548350653138031703e+02,1.335093357674926438e+03
7.292479953134246671e+02,1.155048177674635326e+03
7.652640962307126529e+02,1.139300741421371640e+03
7.783667015495821033e+02,1.166763437476806757e+03
8.919785777182922857e+02,1.111338050795447089e+03
9.826243033311105819e+02,1.077475351002048001e+03
8.163381238657797212e+02,1.220700842438622658e+03
1.146019245314625095e+03,1.305085827674877919e+03
1.104897815314207492e+03,1.275078297674829400e+03
1.404032586392945632e+03,1.345079981918447857e+03
1.272806187787327417e+03,1.259179840506542860e+03
8.989155384696273359e+02,1.076668485679772857e+03
7.237982475056948033e+02,1.080694034725478787e+03
7.292479953134246671e+02,1.065025587674489771e+03
1.483420049570063611e+03,1.339128799563248549e+03
8.214187545447624643e+02,1.106578926637724635e+03
9.887265985899622365e+02,1.077640307285922972e+03
1.108787032769567531e+03,1.040663405348885135e+03
9.002816426487646595e+02,1.141834266121006749e+03
7.292479953134246671e+02,1.185055707674683845e+03
1.271606315313424147e+03,1.605161127674573436e+03
8.477555232510259202e+02,1.078014548188527442e+03
5.625394953142080112e+02,1.125040647674586808e+03
1.232720117134433622e+03,1.381910482622757627e+03
7.321315917412845238e+02,1.370037308674698352e+03
1.485919898130817501e+03,1.255894369045319081e+03
9.381893153134114982e+02,1.185055707674683845e+03
1.396081995313449852e+03,1.155048177674635326e+03
1.274557186018197626e+03,1.100249868528035677e+03
1.066206851069808636e+03,1.040492814285064014e+03
1.057907558610513888e+03,1.051263682473007520e+03
4.766992216403162388e+02,1.201191437420211741e+03
1.066650694076455693e+03,1.040265026195375412e+03
6.519886200191375565e+02,1.108181694723092050e+03
9.793107453138289884e+02,1.335093357674926438e+03
7.730519850411292282e+02,1.320112272743312133e+03
1.104897815314207492e+03,1.035018057674441252e+03
1.108336012331278425e+03,1.049603796402643638e+03
1.108816623654451178e+03,1.039278435436356176e+03
1.065419667532451058e+03,1.430295180934343080e+03
1.273776783086893829e+03,1.499141049530823921e+03
7.292479953134246671e+02,1.365100887674974956e+03
8.199320688377465558e+02,1.498848330219734180e+03
1.440381860134056751e+03,1.559347761378350242e+03
1.524620721150601867e+03,1.428709277191010642e+03
1.442985294018202694e+03,1.316942455144588621e+03
1.434006589844316977e+03,1.349410578790595082e+03
7.292479953134246671e+02,1.035018057674441252e+03
1.271606315313424147e+03,1.185055707674683845e+03
1.445064402999895037e+03,1.409532787321335945e+03
1.238316339222014676e+03,1.075950941418749608e+03
-5.543815393794441206e+02,-9.012292395921712114e+02
8.126022453146123325e+02,1.125040647674586808e+03
9.879594165411863287e+02,1.135451803637947933e+03
7.292479953134246671e+02,1.125040647674586808e+03
6.093428700241834122e+02,1.142561814909726081e+03
9.804334963043927473e+02,1.169007643899478126e+03
8.227797594865032806e+02,1.195986746649820816e+03
1.021543565314599164e+03,1.035018057674441252e+03
1.361181943765474671e+03,1.378415650146605913e+03
7.292479953134246671e+02,1.065025587674489771e+03
1.479436245314637745e+03,1.275078297674829400e+03
7.209933792456812398e+02,1.373946723285681628e+03
1.316409524502763134e+03,1.197903888320684246e+03
