-1.976917248994855072e+02,8.808652936272336547e+02
-1.723754305821939283e+02,6.426298886227523326e+02
4.602544134695900766e+02,1.123240456891134045e+03
-1.042945046858172304e+02,8.849804076749884416e+02
-8.730116820203346606e+01,1.093351690688990857e+03
4.497883063668775776e+02,1.150772272307531466e+03
-1.876487546854255584e+02,9.149879376750369602e+02
-8.771908132705914340e+01,8.805647582984508972e+02
4.791852453145997401e+02,1.095033117674538289e+03
-1.042945046858172304e+02,1.065025587674489771e+03
3.476431539122316963e+02,1.183033681404111121e+03
2.291224953141954188e+02,1.275078297674829400e+03
5.407337829614306202e+02,1.093103849140426064e+03
3.488722627728190560e+02,1.183023839136407105e+03
5.918789299139493778e+02,1.091967385395436395e+03
-1.528734223113159487e+02,8.832646456560486286e+02
4.305344449829764244e+02,1.152607867486372243e+03
-1.419205840509813186e+02,9.091646240249596076e+02
-1.984080055481753107e+02,7.268605812468815657e+02
3.801225162538828499e+02,1.181740945684044163e+03
4.380638153141822499e+02,1.125040647674586808e+03
4.380638153141822499e+02,1.125040647674586808e+03
-1.365783952923939296e+03,3.070015686757081994e+02
4.380638153141822499e+02,1.155048177674635326e+03
2.236517103551231287e+02,1.243538318766805105e+03
5.951226614012130085e+02,1.086737175197484021e+03
1.457682453145870909e+02,1.215063237674732363e+03
-1.152896224836056035e+03,-4.059311852300800183e+02
-1.112475802511550427e+02,6.129033673067152677e+02
-1.187899754685463449e+03,-4.653584423256155560e+02
-4.564427498560532399e+02,1.029440756670420143e+02
-6.487129242729062071e+02,-1.114942559620756128e+02
-1.145666934686272498e+03,-2.553057323252759261e+02
-2.973975856836672733e+02,4.942108160650145692e+02
4.256771951245972900e+02,1.124429168493350971e+03
3.352864911374479107e+02,1.182857930753197252e+03
-6.241399531655815736e+01,2.025750002324979732e+03
-5.636180717233680753e+02,-1.133599488781189564e+02
4.265604678821655398e+02,1.154298844762768113e+03
-9.361577995920839612e+02,-3.492018059519734834e+02
-1.271254004686651115e+03,-3.753358523254700003e+02
-1.491445918054915410e+03,3.117327710541071610e+02
-2.836544893302510673e+02,4.925038209967301555e+02
-6.912949593989994810e+02,-5.032774090297577629e+01
-9.149041175230977387e+02,-3.161247875355954307e+02
-6.915439597672329342e+01,9.741406074452191888e+02
-5.814091191694478766e+02,-1.066066523079025075e+02
-5.210657546854381508e+02,-7.526055232498481473e+01
-2.545228216707023421e+02,-1.843682532864622914e+01
4.380638153141822499e+02,1.125040647674586808e+03
-3.185791961889848380e+02,1.244399398864532941e+03
-9.378370046866384655e+02,5.548975776744547375e+02
-1.919394363497247582e+02,9.097026746888245725e+02
-1.139814479185680966e+03,7.308185626450152768e+02
4.645023583554489051e+02,1.091968461716970751e+03
-1.319192292803866394e+03,4.042008569628226269e+02
-1.876487546854255584e+02,7.049352276746973303e+02
-1.116765580099148849e+02,1.063204587123849024e+03
-1.876487546854255584e+02,1.005010527674392733e+03
-1.514204344083290152e+02,8.528945096326106068e+02
-6.206168468662637849e+01,8.849804076749884416e+02
-1.229021184685880826e+03,5.849051076745032560e+02
-1.291213372495618387e+03,6.730695008380962463e+02
-2.054950860920631328e+02,9.427060847975095612e+02
-2.632412478079245943e+01,1.243840687621732059e+03
-8.688373395960932157e+02,7.320111440737731527e+02
-2.816677589050560186e+02,9.082372147869551782e+02
-1.454159346862346922e+02,8.849804076749884416e+02
-1.213693097616970363e+03,6.411957977098805941e+02
-1.001203998142537898e+03,-2.565608828283746448e+02
-1.187899754685463449e+03,-2.853132623253244446e+02
-1.374616037200700475e+03,-2.555146577566259793e+02
-2.287701846858429917e+02,1.005010527674392733e+03
-1.463073640210335725e+03,4.310180355533722150e+02
-1.289796647040002426e+03,4.621606619500175839e+02
-2.996052435139733916e+02,7.633233119042304224e+02
-1.454159346862346922e+02,8.849804076749884416e+02
-1.475456398339981888e+03,7.021172594795108353e+02
3.472572365200621221e+02,1.182704492106407997e+03
-3.813263362021845637e+02,4.620405299832314654e+02
-1.042945046858172304e+02,6.749276976746488117e+02
-1.480724092105993805e+03,6.970899985207174723e+02
-1.194627437086629243e+03,6.724760761732092078e+02
-1.289859307772092620e+02,9.429475858319392501e+02
-5.392501830979548458e+02,6.721350525474236974e+02
-1.454159346862346922e+02,1.065025587674489771e+03
-1.149870852708576876e+03,6.963137555615188603e+02
-3.252417307496504009e+02,7.642109809526120898e+02
-1.521316754685476099e+03,2.248147476747107021e+02
-1.354608254686259443e+03,1.647996876746136650e+02
-1.408019816053912564e+03,2.222962162941118436e+02
-8.225362898075856037e+02,7.291708995826687669e+02
1.907398377766708961e+02,1.238508827419163708e+03
-1.229021184685880826e+03,7.049352276746973303e+02
-1.154915883975044835e+03,8.203543095852940041e+02
-9.378370046866384655e+02,8.549728776749399231e+02
-1.876487546854255584e+02,7.649502876747943674e+02
-2.422584502722090747e+02,7.326212874871126814e+02
-9.445993397756151353e+02,7.634647006991382341e+02
-4.065226155168481910e+02,8.519716471016396326e+02
-3.402139074668972967e+02,9.409683876864185095e+02
-1.107231613201442542e+03,9.091383966228584086e+02
2.713553153133862565e+02,1.215063237674732363e+03
-6.804935052819111263e+01,8.836791384887765162e+02
-6.876937291963756138e+01,6.690422694840017357e+02
4.380638153141822499e+02,1.155048177674635326e+03
4.196050608500171961e+02,1.151607241495871222e+03
-3.135391080050152368e+01,1.510132063126948424e+03
-7.441858819211691412e+01,1.206941580451487653e+03
3.346539808515267111e+01,1.242513884761159716e+03
-1.241278923131414786e+03,8.467789529027396611e+02
-8.122499346862599623e+02,-2.853132623253244446e+02
-1.454159346862346922e+02,1.035018057674441252e+03
5.991406722516760510e+02,1.122774200681577440e+03
-1.187899754685463449e+03,4.348674576750503320e+02
-8.639326819186942430e+02,-2.900004382934508271e+02
-9.863309823314777987e+02,-1.655568718930551029e+02
-1.026555227951455663e+03,6.130123081630022170e+02
-1.104545504685855121e+03,6.149126376745517746e+02
-1.229021184685880826e+03,7.049352276746973303e+02
4.195673816701940382e+02,1.153450898318400732e+03
-1.005187560599596054e+03,5.816087426666933879e+02
2.631760151310178912e+02,1.210940224394111738e+03
6.458937453138163391e+02,1.095033117674538289e+03
3.419380755157436056e+02,1.182053258617469965e+03
-1.229021184685880826e+03,-4.353509123255670374e+02
1.805663436959205228e+02,1.573370488548713183e+03
4.322128099688862903e+02,1.153634809066825483e+03
1.092307850480527662e+02,1.211481081078781699e+03
-1.042945046858172304e+02,1.215063237674732363e+03
-6.225253666091086302e+01,1.237712493800368065e+03
3.124767453138036899e+02,1.215063237674732363e+03
4.996289855779673417e+01,1.840273126094870804e+03
2.609133703773435968e+02,2.014012154037916844e+03
-5.122732791299038126e+02,1.541901849907110545e+03
2.643541935088125001e+02,2.024845130909298859e+03
1.457682453145870909e+02,1.815213837674913066e+03
-1.454159346862346922e+02,1.005010527674392733e+03
-3.121244346854513196e+02,9.750029976751339973e+02
-2.356350319788706997e+02,1.094236602596804914e+03
1.457682453145870909e+02,1.875228897675010103e+03
-1.855685419096703299e+02,1.689161906617569230e+03
-9.566655343093510737e+02,1.664417885919979199e+03
1.399228721006166722e+02,1.872938555195254139e+03
-4.995623951805694674e+02,1.633681731810214387e+03
2.710030046834544919e+02,2.055757532325028478e+03
1.822088558846149340e+02,1.963871105448258277e+03
-9.446273750815759058e+02,1.573530516080596044e+03
-3.193225389595752972e+02,1.694570676761295090e+03
1.193770608883302202e+02,1.962797181217140405e+03
-8.398933980679063325e+02,1.574273721166350015e+03
2.710030046834544919e+02,2.055757532325028478e+03
-1.074343245393191410e+03,1.723542457152135739e+03
2.293258796844399967e+02,2.025750002324979732e+03
1.457682453145870909e+02,1.875228897675010103e+03
-9.378370046866384655e+02,1.665176187674670473e+03
-1.026556597030849161e+03,1.754497118998925089e+03
-8.841266802916741199e+02,1.660577652337646668e+03
-9.510387267158992017e+02,1.754047895080323087e+03
2.101458976243433767e+02,2.023175324516682849e+03
-7.711285046858424721e+02,1.605161127674573436e+03
2.785594484433437401e+02,2.052092092941503324e+03
2.291224953141954188e+02,1.725191247674767510e+03
-8.544827546854508000e+02,1.725191247674767510e+03
1.880010653137779286e+02,1.965251487675155659e+03
-7.407246441494772853e+02,1.746908809565768706e+03
2.095365958974493310e+02,1.993243804797038592e+03
1.457682453145870909e+02,1.995259017674414508e+03
-1.944990151342284150e+02,7.289324175682035900e+01
-1.392627699971105244e+02,4.031870254287341027e+01
1.457682453145870909e+02,1.695183717674718991e+03
-3.121244346854513196e+02,1.455123477675120512e+03
-4.471006679293983552e+02,5.488145624298927032e+02
-2.975406873298073833e+02,4.915684001142651596e+02
2.172333796087683879e+02,1.784669590938128295e+03
-1.100318700835070331e+03,1.690372487783453607e+03
-3.311372182274735110e+01,1.991995510172463355e+03
-7.444620727296255325e+01,2.022126484101909227e+03
1.459716296832523312e+02,2.055757532325028478e+03
1.622779828422559660e+02,1.991679094384426890e+03
-9.083664336165390978e+02,1.843030748792697750e+03
-4.788329346862473130e+02,6.749276976746488117e+02
-9.016937012159916094e+02,1.604085930421964804e+03
-8.204772303671171585e+02,1.688794871198768078e+03
-1.111557003999020935e+03,1.691271344661961621e+03
-5.694207385667046992e+02,1.484579429233095425e+03
-5.821003240905890834e+02,1.604774580516401556e+03
4.230619900062380623e+01,1.964117448048156348e+03
-3.225359236011073563e+02,1.837842248952957789e+03
-3.675305022565443664e+02,1.843953953242104944e+03
2.995810152107584372e+02,1.991427305243009869e+03
3.425872369794948895e+02,2.054197991943950456e+03
-8.122499346862599623e+02,1.845221367674961584e+03
1.193352589450196461e+02,1.691181178884223527e+03
-1.140843745633504795e+02,9.606481807448561483e+01
-8.195701899246671474e+02,1.844526573204086617e+03
-4.377115046858298797e+02,1.785206307674864547e+03
-9.673060436979446877e+02,1.749126304875097958e+03
-8.122499346862599623e+02,1.845221367674961584e+03
-8.994899580579370877e+02,1.839406370966692748e+03
4.498286366153055837e+02,2.051485324819971538e+03
4.262138467908701500e+02,2.021759997608535741e+03
-8.565256843520274970e+02,1.865926235776293652e+03
3.061049165155922651e+02,2.025047529221165860e+03
-9.572578154903511631e+02,1.812499107218656036e+03
-8.303407208249172982e+02,1.811301313793443342e+03
-2.408783708764576090e+02,1.838942678329658293e+03
-7.711285046858424721e+02,1.815213837674913066e+03
-1.540396416414814894e+03,6.724547597906092733e+02
4.735583571617028724e+02,1.093090689408340040e+03
4.380638153141822499e+02,1.155048177674635326e+03
-1.307199319617833680e+03,-3.796393789505951872e+02
-1.145666934686272498e+03,-4.953659723248744058e+02
2.573974614746128395e+02,2.024752357627789024e+03
2.645939483386592315e+02,2.055362180484808505e+03
-3.227843980973359805e+01,1.961144094656431662e+03
-7.008642186903481388e+02,1.871657177104476887e+03
-7.913581710811915855e+02,1.783768748647642497e+03
3.013424904732836467e+02,1.810718746726870222e+03
-2.710030046866132238e+02,1.785206307674864547e+03
3.145244674468671064e+02,1.657220370235836754e+03
2.359531899385428915e+02,1.660691535707855110e+03
3.401468224755396932e+02,1.989284195662049797e+03
3.054945217960163291e+02,2.083793103660307224e+03
-1.437962504685867771e+03,7.649502876747943674e+02
2.684683811766492454e+02,1.957917397698104423e+03
2.924529612695623655e+02,2.024008751860390021e+03
-6.793276234149082882e+01,1.479502867908490089e+03
2.197605233763501928e+02,1.629640499942573115e+03
3.475613468422211554e+02,2.054304091101234462e+03
-1.110715227159321103e+03,-3.463146950849631480e+02
-1.175293992292616167e+03,-4.374568794861660876e+02
-7.080207016911987239e+02,1.844857005669836099e+03
5.018995041925544456e+02,1.843406369859575307e+03
-1.075373980547710516e+03,1.811890879360518966e+03
-8.383849523888344493e+02,1.903199937790609965e+03
-9.014361032848375999e+02,1.813811805614826426e+03
-1.308630447989376080e+03,-2.939828275039922119e+02
-1.327147877313341723e+03,-2.575217513776830174e+02
-1.276597987541050998e+03,-3.167061940262292978e+02
-6.322629612074260876e+02,1.782427946417784597e+03
-1.021191254686246793e+03,1.755198777674816029e+03
-7.855549701657082551e+02,1.782572590951737993e+03
-3.189509985104249949e+02,9.746233179131156703e+02
-3.825676221471518375e+02,1.032026298809139007e+03
-7.887944994134941226e+02,1.872336169180122397e+03
-1.014464182627076184e+03,1.842340691266778322e+03
-8.314100021868600834e+02,1.842567164157628440e+03
-6.645745587363414870e+02,1.842208319616089284e+03
-1.076714847551897947e+03,1.811846194982831548e+03
-9.018665216404842795e+02,1.814316827736225150e+03
-6.965463125770324950e+02,1.839194190657848822e+03
-8.813141439008102225e+02,1.812308389671736450e+03
3.934004750514038733e+02,1.778256760842067933e+03
5.157109745295114180e+02,1.753669421967133303e+03
-1.068745044983470279e+03,1.843939464692185084e+03
-7.135300455432761737e+02,1.843366461509396004e+03
-5.769624467173910034e+02,1.809872411056814371e+03
-1.021191254686246793e+03,1.815213837674913066e+03
-8.956041846858682902e+02,1.815213837674913066e+03
-7.758199994722358497e+02,1.809262701656359241e+03
6.047189849592605242e+02,1.117731222376387677e+03
5.555360483777176341e+02,1.092656308368073951e+03
-1.193983996381122324e+03,-2.574852910355547237e+02
-1.312375434685489154e+03,-2.853132623253244446e+02
-1.145666934686272498e+03,8.249653476748914045e+02
-1.226858816503077833e+03,7.910825087799358926e+02
-1.151663217493443426e+03,7.345591162823444620e+02
-1.317815283424686186e+03,3.436710729797314912e+02
-1.369282281365231484e+03,3.381665475188767118e+02
3.960343796836566526e+02,2.085765062325076997e+03
2.561487901078478444e+02,2.052118712986994069e+03
2.932130664837374070e+02,2.024233074801014482e+03
-7.711285046858424721e+02,1.845221367674961584e+03
-1.021191254686246793e+03,1.785206307674864547e+03
-9.905543936057179053e+02,1.782131038267468512e+03
-8.089259410534100425e+02,1.749800226502289206e+03
-6.745189373949765468e+02,1.841872411594816867e+03
-1.030724860981449183e+03,1.747896162044055927e+03
5.921407352712654983e+02,1.842405175790503108e+03
4.273904925397152965e+02,1.810505337476246723e+03
-7.023141192067404290e+02,1.754656160607467200e+03
6.288419806078204601e+02,1.750095430238421841e+03
-7.536245498557533438e+02,1.812079426141771819e+03
4.791852453145997401e+02,1.815213837674913066e+03
5.214180653137905210e+02,1.815213837674913066e+03
-7.138626176403708996e+02,1.753077780598572645e+03
-7.779510807053652570e+02,1.782885495197207320e+03
4.674323085445270181e+02,1.777656827575930492e+03
2.632257441950998214e+02,1.780137184971109491e+03
4.791852453145997401e+02,1.755198777674816029e+03
-7.743993363849185698e+02,1.840644340432021636e+03
-1.056434988637566903e+03,1.838797218394094216e+03
-6.910595331179810046e+02,1.777612942413576093e+03
-7.824403972483571579e+02,1.807609065602435749e+03
3.655625175689626190e+02,1.780782261751808846e+03
-8.403816986951001127e+02,1.752115236368744718e+03
2.504734597145632335e+02,1.723943709495120402e+03
-1.104545504685855121e+03,5.849051076745032560e+02
-1.194894535877190719e+03,5.834494057448689546e+02
-8.688901751746432183e+02,1.842375452426420225e+03
-7.288956846866516344e+02,1.845221367674961584e+03
-1.007803615105458448e+03,1.842500524648614146e+03
-6.244872092845843099e+02,1.814643860631934558e+03
-7.416277638896021926e+02,1.873076633154438468e+03
-1.033244753421349060e+03,1.836023692645559322e+03
-9.433438797511162193e+02,1.844039356362578019e+03
-9.378370046866384655e+02,1.845221367674961584e+03
-2.682148793316720230e+02,7.311117569823337590e+02
-2.383048059128618661e+02,6.684365500574864427e+02
-2.962001612443083332e+02,7.021638925635905935e+02
-2.656035160856141886e+01,1.183676790417668371e+03
3.292880747519064926e+02,2.111238593455271257e+03
1.333924866204366140e+02,1.244093219906536888e+03
9.734194586366680824e+01,1.272666845032064202e+03
-6.594798146986776146e+02,1.602223879814060410e+03
-5.265485969581736754e+02,1.634284951049472284e+03
-8.122499346862599623e+02,1.815213837674913066e+03
-9.075937862505725207e+02,1.753326607305268453e+03
-7.711285046858424721e+02,1.755198777674816029e+03
-7.361814459112573559e+02,1.783771235001898503e+03
-7.561983760930538665e+02,1.783392101237137013e+03
-8.672569983136781957e+02,1.722675639376263462e+03
-5.905381198322029377e+02,1.692265102665620816e+03
-6.110359070839903097e+02,1.692967773098774160e+03
-5.678811195475137765e+02,1.784458324779271834e+03
5.214180653137905210e+02,1.785206307674864547e+03
-1.151243107955986034e+03,5.785365263354368608e+02
-1.124062471754467197e+03,5.832884164596902110e+02
-1.234973861172637498e+03,5.828561175700172043e+02
-8.608470701447048441e+02,1.782010029899460733e+03
5.625394953142080112e+02,1.785206307674864547e+03
-1.062312684686664397e+03,1.785206307674864547e+03
-9.519947925327496705e+02,1.753246454462267138e+03
5.493160581278040127e+02,1.749415615162767381e+03
4.310447213397733890e+02,1.722839461367454760e+03
5.146952667936363923e+02,1.753467995493694389e+03
6.359002323904140894e+02,1.747391349902831962e+03
-9.509174739087998205e+02,1.717468939642967371e+03
1.880010653137779286e+02,1.725191247674767510e+03
-7.363042459455172093e+02,1.844318879567666272e+03
-9.015749188674762991e+02,1.843167627150248109e+03
-8.099150864006471693e+02,1.869589599388342094e+03
-9.403245120875228622e+02,1.748610677366606751e+03
-7.288956846866516344e+02,1.755198777674816029e+03
-6.508875700471057826e+02,1.754282501588006653e+03
3.547095653145739789e+02,1.755198777674816029e+03
-6.877742546862341442e+02,1.815213837674913066e+03
-9.641425312960461724e+02,1.782273405452073575e+03
-5.675121354262687419e+02,1.784516318045709795e+03
-1.395729684686676819e+03,2.248147476747107021e+02
-1.360344830377432572e+03,2.235535916124258620e+02
-9.378370046866384655e+02,1.575153597674524917e+03
-8.604654890371676856e+02,1.573258500386552214e+03
2.713553153133862565e+02,1.725191247674767510e+03
-1.175415666645762485e+03,7.613114468753523170e+02
5.233275860804299100e+02,1.779395419424847205e+03
-1.027678734738611865e+03,1.753466026842889050e+03
4.496202516983939859e+02,1.751352989360263336e+03
-1.491477048363241920e+03,7.024335332788997448e+02
-1.465859691613246468e+03,7.022092995985256039e+02
-8.917294825066995827e+02,1.779524181808030789e+03
6.079699540035903738e+02,1.751812478642777705e+03
5.214180653137905210e+02,1.725191247674767510e+03
7.103223908567193803e+02,1.722894768193488972e+03
-7.825283854912053130e+02,1.748654138182673250e+03
-7.779975133597824879e+02,1.783476672102433440e+03
4.802919581163696421e+02,1.718285351431621848e+03
5.534597706845440825e+02,1.717421730834536902e+03
-1.447806405514794278e+03,7.009284800602881660e+02
-3.185515947387601727e+02,8.055380043225762847e+02
-7.543179086976819008e+02,1.808335296640827892e+03
