date:2016-08-05, time:0000, wind_speed:3.11, wind_dir:186.0, temp:19.0
815.934305 1091.512641
815.227828 1093.956545
765.043466 1064.556710
-300.967078 911.912202
-966.382850 1212.627801
-734.942180 -410.586928
-897.121734 672.155853
-1638.629657 252.474800
-1774.278547 281.521121
-656.408448 575.573537
-518.333223 1454.339632
-1282.937009 -437.581153
672.397040 1032.262309
-805.149200 1062.499356
-1223.027692 1001.658234
-1178.297357 913.104675
-1091.225221 851.677375
-1772.104795 251.559353
-1073.447854 -682.231405
-887.438420 10.552463
-966.521063 822.184855
-613.976631 1270.453160
-690.400383 309.993096
-816.231418 -17.623444
155.647391 1513.471893
-1027.586445 433.302911
-1061.841746 1301.923377
-846.601147 612.063174
-653.122888 -496.494684
-941.990671 608.941192
-1220.674086 822.575346
-1605.470501 191.605114
-850.128010 -110.006805
-694.693401 -590.200540
-1278.337503 -46.002666
265.676068 1239.570683
-990.282896 1361.032367
-853.852678 731.377616
-856.163971 280.966002
-1156.216094 -497.447259
-55.448404 1183.010566
-1054.944739 791.532626
-1429.183804 222.087774
-810.963148 1393.023629
-1153.583364 490.189930
-1359.887241 459.837163
-1054.137349 642.661517
-989.432303 1088.223711
-939.766264 1062.243863
-894.201590 251.178589
-323.589135 1330.868199
-970.800142 790.290829
-902.426739 642.314393
-1096.086803 583.874750
-1573.458261 638.565262
-907.464632 100.048147
-1600.894481 462.318504
-721.200377 1151.073415
-572.768905 699.475071
-1008.409433 1363.844469
-1030.364556 1299.830034
259.952186 1538.745025
-1476.603458 1270.931839
-989.118823 1298.494576
-485.276231 879.951432
-1055.704859 281.278219
-564.327964 219.669040
-1096.639759 191.763405
-861.545448 102.513103
-554.604373 402.405793
-945.427379 794.152561
-1013.544220 793.459433
-1732.109171 224.840568
-603.255867 1242.562202
418.488593 1153.519180
-53.413129 1361.984599
-697.358518 1628.516234
-684.287639 1211.305714
-1194.828199 699.392904
-1647.696651 191.885985
-1100.749064 821.370512
-1221.126524 611.752893
-1026.635982 549.957582
102.517814 1212.565078
-1638.856691 881.114729
-1514.428461 853.725415
-860.566072 760.482992
-1178.954396 581.271041
-897.193674 579.999601
-928.397119 193.694572
-850.691308 162.940316
570.817172 -2719.257319
-736.755387 1843.672870
-1276.212144 1391.823582
-1345.510387 1002.887846
-1273.388810 490.144443
-1241.309105 220.602444
-1012.453483 192.507103
-938.717477 191.189541
-969.916724 71.969712
161.164343 1483.455774
148.914425 1451.175951
176.251693 1480.988537
801.024198 1567.393217
-815.003736 1271.657365
-978.662483 1093.101392
-1731.949255 761.369252
-854.237603 642.328039
-1652.686369 374.138019
-1011.575331 -106.969223
-471.538864 1422.454660
-767.541728 1210.153234
-527.322737 969.654381
979.310745 1035.018058
-485.838436 881.951128
-522.018879 880.486188
-573.817720 969.545814
320.041200 1782.490297
116.184657 1542.874465
-1143.457895 1451.921977
-1685.850712 912.515154
-1401.462131 429.812778
-1048.254530 312.666658
266.985055 1812.636097
363.176220 1632.705239
-893.962751 1151.399781
-611.641461 1064.560389
-846.696446 1032.826885
-1101.082707 523.855332
-1022.872637 250.978783
-889.097525 1753.913906
264.209536 1718.840415
23.100087 1632.339759
1478.759422 1482.990806
-1470.883596 1242.560777
1008.954035 1029.290021
-1482.205410 462.646630
-775.665457 430.255005
686.144801 1661.656056
-174.393230 1602.862408
-887.729789 1092.364024
-1315.304174 1091.403834
-568.416943 762.006153
-1482.441628 791.918485
-1017.545603 790.653028
-1055.743832 552.866172
-902.781638 462.419211
441.059644 1873.197419
-805.652880 1694.582382
-271.949842 1272.597494
-781.606586 1241.322811
779.409920 1061.659653
962.073440 1031.608795
-1638.655035 702.397238
-856.836071 400.988614
684.878673 1630.475077
-863.994738 1118.225981
-1017.760946 730.569615
-1023.665815 731.466287
268.054724 -679.835268
1525.419518 1691.661773
636.101556 1659.738285
-1234.486267 1181.304050
-1029.231821 670.109903
-1101.709522 613.246420
-595.605570 521.147159
-1097.311622 -48.409840
-31.713812 1599.808937
-65.671991 1572.411221
-1299.885311 1393.103765
-1071.725494 998.142653
-1482.416183 971.957967
-1021.194012 730.838992
-1428.755977 523.170793
-1225.893764 340.921280
700.471062 1661.967001
-307.672409 1662.469755
-773.007200 1482.612904
-1070.860898 70.297939
-397.810574 1720.625747
-560.840935 852.385215
-810.407059 -17.923111
-937.140031 -407.455997
-1012.058071 -496.553194
-1361.453519 1064.188946
-1318.341469 1240.813117
-1279.150869 1244.458889
1009.752093 1058.635713
984.265368 1032.702302
226.461067 1781.993823
-966.122512 763.583610
-989.933842 788.220744
493.183505 1783.909076
222.287370 1723.980767
494.186145 1573.365557
-137.930930 1511.680448
-927.998249 1181.110705
736.531327 1063.299341
1062.178568 1091.049849
1018.611828 1060.236036
-632.562391 1002.558231
-1013.634172 912.676991
-643.153307 641.757574
-946.705221 189.037978
602.237481 1841.663831
-527.169137 1754.809400
-31.970580 1208.748775
-1018.686684 553.533554
-428.739793 1452.423069
-467.159966 1482.762937
-1192.792819 1210.605641
-930.162345 762.526382
-814.684238 761.451412
-906.478283 1300.717454
-944.284749 1301.016154
-1013.562443 1272.692849
-1185.165401 1180.112657
-1439.458826 670.000345
111.925535 1633.455291
-641.588143 821.649176
-1429.772605 1273.575393
-12.867048 851.939759
-726.745717 613.099971
-1069.407141 494.183699
268.173409 1930.295839
863.309551 1782.650193
-1353.914560 1632.380432
-27.023233 1511.255646
-1569.029577 1363.793959
-986.765224 1360.873166
-1673.204800 972.880819
-1763.968033 943.381331
-678.828185 702.396598
-1470.859607 522.437632
-1392.568153 462.114974
-1185.702872 310.781241
-1138.267119 1331.609431
-1115.423141 1330.018703
-1192.194657 1271.271562
694.735805 1062.055130
681.656465 1092.195109
-1220.199570 1153.691423
971.540425 1034.156045
976.973413 1031.351083
933.209746 1061.043298
976.562556 1092.510546
-136.580988 1873.045750
-136.910637 1663.899289
-897.448803 1180.223027
-1691.742456 970.041355
-814.022807 462.114253
-655.511914 157.345446
-675.160819 -106.160664
-351.049064 1691.557007
-966.941833 1061.921952
-1064.344737 1001.470041
-1094.451079 672.721462
-1236.634445 521.598171
-776.769659 1778.819434
-1028.329485 1334.698902
-1050.356630 1153.082906
-942.656688 1120.008623
-844.905999 1123.299779
-17.846818 1573.980886
-1722.069698 912.905918
-1591.301040 853.260798
-818.945451 -111.536576
-927.892948 1872.555386
316.573470 1574.012323
-1301.574603 1454.293892
-637.917689 914.662090
-1070.186248 701.782365
-518.935747 703.238413
-1438.853241 642.958363
-1194.445887 523.959433
-885.789278 461.394575
-943.129722 1300.047090
-890.286199 1301.070114
-768.615591 1872.360970
-1239.425954 1718.458782
-855.196844 1570.868638
-1387.686755 1482.225087
-487.852044 1507.970405
-531.887169 1450.505464
-185.342363 1363.926981
-1306.499107 1182.038881
-1608.667865 850.854740
-1152.572304 160.734957
-732.546810 -109.509548
-1311.290013 1090.416698
-1271.699325 1092.209725
-970.686146 -228.371112
-1011.919512 582.982739
-548.982007 1033.683938
-314.385490 1422.238913
-1556.972921 1362.083836
-810.512751 912.225078
-439.502841 973.643416
-1106.341779 1481.838969
-1518.689579 1182.017132
-988.744711 788.132277
-970.636999 792.037832
533.091925 1933.846686
-1722.418608 971.976244
-1683.937750 912.316170
-1149.454913 491.559303
-1091.847146 461.594034
-482.794071 940.965368
-401.589411 1870.407562
-403.544319 1810.690765
736.779186 1572.345181
-1013.123863 1421.621099
-1360.579950 1419.577319
-846.536399 1271.542914
-1572.961347 1178.814217
-1300.771691 523.369990
-691.015302 1662.858124
-685.079322 1662.297057
-672.495278 1631.766084
-642.346793 1662.205698
571.377306 1872.930303
-1389.340698 493.287292
-1362.178653 464.045312
-1152.708514 524.771314
-1180.564052 551.554558
-1180.741250 522.632801
-1318.979212 1091.239830
-1278.670866 1124.024905
-59.610984 1691.132044
-1068.557815 1511.170661
-1484.204695 1148.432744
-800.099036 701.347684
-693.747975 609.199345
-1485.069125 581.134503
-1152.415865 433.652054
-1216.847335 792.688358
-1146.227927 820.955093
-1138.405048 823.105191
-1132.300926 852.533181
-1527.832350 1239.669350
-1467.181224 1271.149898
-1489.892460 1238.409467
-400.515272 1359.799535
-1315.851475 1032.063634
1071.587812 1061.528332
-824.348120 969.593265
-653.163844 459.887575
601.119246 -1728.100828
842.347972 -1941.320207
-695.602752 -2206.243087
-441.253338 940.062900
-486.772330 884.555087
655.035642 1512.912497
-966.465083 1272.153037
-481.734712 1211.172509
-1467.077928 1181.196683
-1502.104670 1122.972448
-1149.240222 1123.080578
-399.463371 1089.444070
-771.278692 670.855643
-652.737117 674.074738
-611.074245 10.009961
-609.170134 -2059.983935
-777.156512 -2421.744472
-305.487527 -2479.799089
-448.127019 -2451.940071
-428.771201 -2538.252718
-553.457513 1811.312850
719.065335 1569.143142
-763.720181 971.151968
-1272.888360 790.884411
-1490.646199 581.444883
-902.572984 401.934488
-647.883082 -48.059941
433.798100 -1580.022237
597.828700 -1640.291826
-613.203139 -2630.141218
-191.253411 -2630.839506
-11.679265 -2747.773173
-1012.817978 1333.910322
-988.081799 1361.164830
-965.982259 1363.411033
-986.846654 1363.215773
98.225524 1844.511463
826.003295 1573.846466
-175.074590 1422.708126
114.030667 1422.121024
-360.382517 1360.301465
-655.881680 1179.478139
-94.818312 762.737480
-1531.579790 698.685973
-927.284784 402.519560
-1304.858998 102.483881
-569.385914 -16.490419
-846.445769 1151.086651
-985.470816 1094.053921
-864.575470 1088.306771
-845.564218 1061.595810
857.272952 1813.163964
857.138335 1723.319078
808.014824 1721.417651
-809.970608 1782.708449
731.207431 1723.159996
159.342743 1573.084624
-531.489750 1449.193209
-720.601611 1362.222002
-773.481777 1003.782078
-970.274933 133.399656
472.673445 -1520.955961
451.198942 -1607.178859
-488.863979 -2151.158204
-738.694899 -2364.031326
111.426810 -2777.577323
-12.933115 1751.894538
-822.229636 1509.915993
-901.863004 1359.676467
-277.376274 1269.053697
-489.362033 1183.351102
-1573.402997 727.528384
-857.539615 40.795650
-683.815751 -768.687333
570.451018 -1909.418113
700.094121 -2268.713399
153.936464 -2777.485198
-846.388521 1514.579293
721.955215 1419.400006
-1191.897603 700.477689
-986.194185 524.053763
-429.086974 -1789.986650
-1264.212952 760.947688
-1274.995116 790.621566
-1276.686484 760.305906
-1340.591780 792.518925
-528.012128 1694.446843
-603.613458 1569.100476
-94.950684 1360.841817
-819.042849 1123.800938
992.493735 1092.756900
-345.910754 1032.604601
-653.032138 970.239173
-407.442373 819.816107
-632.605653 762.569749
-317.628715 -2362.249925
611.540501 -2389.110404
-21.760733 -2690.536689
1034.197345 1092.059130
989.775539 1092.949307
1025.558084 1091.320227
-573.609970 1813.889312
691.264878 1782.069314
-257.399624 1333.426475
-1188.936008 1032.343113
-596.398628 971.300126
-1438.625504 912.201029
-1106.116700 670.161225
-700.025768 638.699158
-1016.684045 522.123504
-1012.958207 311.082215
-762.997815 14.501614
-985.486766 -171.581995
431.483460 -1579.344774
-609.243910 -1672.213174
-656.204754 -2212.261453
-1521.316755 1395.108418
-550.680680 12.110280
-597.270158 -49.034620
-1490.569578 1240.389952
-1820.093429 1003.793356
-1816.706090 1032.541257
-1824.311822 969.175416
601.335973 1750.177008
-739.220071 1629.509138
-355.564447 1540.006805
-899.259253 1421.633631
-408.168234 1389.924145
-1632.474768 1002.153296
-776.984093 878.707008
-1156.711211 638.679707
-1572.251760 549.120795
-1111.913233 494.019578
-897.742482 -139.322399
-479.231075 -1488.898899
857.540583 -2091.213422
-314.083498 -2478.997105
99.580181 -2720.749092
-841.308339 762.844903
-862.504974 759.039524
-812.249935 764.950288
-823.228292 759.989352
-856.535923 759.487475
601.720141 1870.938502
601.125767 1841.906875
672.911725 1838.682421
560.655134 1871.654682
-1050.079850 1752.492024
66.180299 1691.510844
-1055.053179 1061.979782
-648.274978 -1429.477804
-449.235552 1778.557307
683.944048 1781.148659
-568.349919 1749.022583
-799.049579 1632.605427
-608.010098 1601.238124
-24.527060 1542.562874
-403.812913 1270.057271
-976.410036 1120.546316
-1524.457028 1032.907958
-845.042986 1031.852213
-1189.849612 1002.706042
-1734.478768 851.484758
-737.261001 -649.672625
-231.603255 -2838.931055
-1056.015076 763.366284
-1012.630863 760.939274
-948.835372 788.974063
-989.908171 759.276821
-1027.778483 794.138112
908.680729 2022.511467
475.733170 1872.601365
-448.090625 1778.718878
802.281046 1748.317886
153.296426 1661.397145
435.070402 1570.875749
-105.747670 1513.749511
-588.552726 1333.270595
-1062.041858 1183.041176
-1278.667630 644.089885
-859.754326 491.065608
-1023.984709 431.992624
-525.681560 220.320273
649.226463 -2268.264402
-633.324458 1692.342795
886.043800 1480.779598
-424.497156 1332.628095
-1022.018694 1151.657210
-730.810960 1059.873631
-860.918688 1004.655459
-935.772198 612.409298
140.729010 -2600.554840
274.126318 -2598.196536
-273.386970 1450.169544
55.826075 1362.530185
-277.061115 1239.487763
-1464.916922 1093.047744
-1730.476124 1031.779146
-726.009848 732.623460
-1383.094025 642.915375
-762.951198 612.151311
-516.982647 492.082061
-531.122111 367.772698
-568.616031 -2446.617542
-1609.589832 999.372566
-1637.773999 1003.083519
393.946997 1600.557248
768.123976 1602.026241
-470.044552 1213.561968
-402.742181 1211.735129
-1194.825206 344.201887
-1022.897027 341.728552
-694.999672 -1490.897799
-524.835578 -2421.485923
-402.677897 -2716.545067
237.322541 1752.449554
222.904154 1749.861205
267.461286 1751.288294
-1142.311484 521.299046
-1179.585300 522.601335
-1140.225808 520.806879
-1148.881389 191.986824
351.675969 1694.691888
-1596.625050 1092.765844
1071.943640 2172.809702
858.067934 1933.100182
271.355315 1755.198778
652.565785 1543.145675
-471.324740 1361.905757
-345.149961 1332.904135
-1098.157526 911.803939
-1470.869894 851.331536
-1783.163634 254.078888
-600.312185 11.659737
-552.941490 -1337.460401
-428.724636 -1430.079920
-266.972380 -2629.782535
-96.099694 -2748.634810
-1299.440937 1242.726047
-1309.394074 1271.602380
-1318.718207 1239.875017
-562.920620 1332.977332
-644.460383 1360.678796
-560.094679 1302.405106
-604.741008 1332.345512
-809.804164 1513.295836
61.411355 1453.128062
-345.676653 1362.508593
727.290867 1329.949105
-1011.354792 792.552401
-1434.038698 702.041959
-1104.945897 190.282225
-1183.938398 131.206862
-1311.171397 71.380653
-601.398844 -77.577036
-648.541649 -228.795968
-637.859189 -1489.727926
-732.863094 -2415.985859
-54.238381 -2807.981494
-482.772775 1480.727898
-532.340759 1483.357150
-442.021665 1479.876141
-985.169490 549.038915
-1021.821416 580.314985
-1148.599927 910.405283
-1095.761064 912.674438
-1185.158190 733.653016
-1237.109875 698.590666
-1220.207063 612.212065
149.180691 1660.899327
-314.126826 1243.601893
-282.329736 1213.521735
-276.172093 1240.370442
-1054.278428 520.915202
-1024.069666 550.534238
-443.000391 819.855097
-471.254492 792.384275
722.707987 1034.473705
696.082788 1092.666093
684.182948 1061.421622
-638.056593 -16.970464
-606.015675 10.867933
-649.557383 -2628.532075
-585.963204 -2628.145469
-601.722779 -2688.956964
848.629194 2173.386504
-564.507426 1782.145462
-309.351113 1632.099464
-771.800921 1602.221779
-928.222196 1392.976259
726.682646 1273.053628
-648.111301 1213.754202
-1361.793392 1030.433864
-524.338845 1030.807420
-1822.810832 939.083857
-1143.595050 731.272962
-727.241141 732.958932
-1387.092541 13.418409
-481.255917 -1070.223083
600.837730 -2240.524904
-399.054257 -2658.668520
570.710494 1842.628251
-697.920539 1604.494424
-107.043293 1601.570565
-309.575743 1511.414927
648.312080 1510.613237
361.545907 1483.371179
808.313829 1242.680835
-1812.500935 914.987938
-1185.870397 882.044457
-1429.140190 792.033224
-1178.401474 732.172298
-1648.845381 671.065091
-1189.961743 431.281301
-726.210161 102.423123
-721.659692 -2118.763597
-558.348405 -2239.452014
-266.561766 -2628.049053
-986.923597 548.650188
-945.596427 493.716419
-987.155526 552.965876
-1025.943581 551.055515
-318.361004 1243.623989
-310.287417 1242.834972
-272.874176 1243.116781
145.799787 1690.951540
684.822266 1574.622852
944.881555 1543.387249
-559.980527 1512.567984
-735.270653 1238.094324
-352.476554 1241.465369
-1015.635020 280.620877
-716.227364 102.375149
-600.485808 -199.473912
-553.887618 -1458.589550
278.484793 -1878.846901
738.191778 -2148.138171
-721.531207 1574.124040
-739.008439 1032.104163
-799.511184 1002.412576
-1476.858716 612.278832
-1518.087447 491.979659
-636.661975 461.707694
-1195.712725 404.613643
-726.094357 -198.905244
523.749271 -1609.394497
-600.448364 -2478.771081
-565.141816 -2540.939185
-1012.054183 761.675696
-1031.266569 760.254805
-1023.044973 730.124594
565.395667 1782.924094
-928.660433 1543.113905
344.728692 1539.046945
-638.000846 1453.115545
-321.512187 1298.844966
-991.430478 879.583118
-554.817088 702.350534
-642.969240 -2239.073381
-555.227004 -2359.411500
-939.904179 822.648556
-971.565990 820.440186
-883.664263 821.993829
-935.278544 822.398136
-970.689025 822.676958
-680.337259 -1488.287282
-615.927641 -1457.193027
-642.941869 -1519.315932
-643.201514 -1518.227560
739.109515 1633.147397
-513.279440 1393.412520
-1309.238119 1153.854929
-946.379889 1000.393394
-638.768066 731.829097
-905.927320 430.381074
-948.598470 -15.706318
-656.553031 -1551.931686
-616.467898 -1996.891278
-553.694935 -2508.461370
24.074950 -2658.414373
760.666940 2170.787363
-389.081755 1332.050542
-737.603068 1240.106749
-1179.389571 1031.519722
-1466.016140 1002.265611
-781.260779 909.207784
-1384.017347 792.263940
-111.315279 734.390430
-720.010630 701.835675
-1596.494230 552.644734
-519.454518 490.206840
-634.724830 190.814449
-722.017938 -17.727353
-1138.583398 1303.455891
-678.405399 1572.616022
-633.903337 1123.875916
-382.255906 883.879041
-633.946880 642.974625
-821.584834 609.346377
-908.111692 459.112116
-818.274238 250.835710
-722.054148 131.760604
-1110.868180 43.590057
-532.863455 -1066.644256
-633.354422 -1668.404480
138.806523 -2599.497875
-823.219409 1750.653011
-632.534354 1752.898587
384.449532 1483.180021
469.282533 1481.205304
-568.234641 941.760109
-1278.185848 583.129984
-970.914931 551.776696
-739.291343 428.878447
-1151.255533 248.981015
-470.762494 -108.300721
-846.526228 -169.498876
-805.973538 -828.397390
592.969569 -2242.254568
533.964223 -2269.318622
533.372278 -2447.244074
-766.275843 852.724922
-799.435826 882.029662
-774.283162 882.272685
-799.080275 881.977244
-1053.391874 550.816385
-1022.060473 550.621340
-1031.303338 519.031902
-615.285348 1509.129528
-638.316678 1541.361540
-638.127467 1571.983543
-645.201568 1570.955484
399.486841 1183.245036
-634.149711 -2628.574242
-816.444444 640.744349
-1011.818715 582.662201
-477.259136 1512.119048
-467.284577 1482.804798
-595.003388 520.686621
269.158437 1691.492988
-1178.023451 41.844245
273.685192 1662.503642
273.615125 1664.691887
-1438.138253 1031.219936
-1514.895405 643.260456
-1487.020076 638.581294
-1154.940114 819.574932
-1090.077397 823.789592
-31.386041 583.519304
-1221.238322 763.877127
-1236.283540 793.868091
801.781517 1089.976144
817.999675 1061.957683
-511.308264 1481.701894
-554.168585 1481.661472
-1315.173734 310.666733
-486.754714 1484.478146
-491.960302 1511.314299
-511.830024 1513.570027
-482.098854 1511.776258
113.056798 1693.131140
106.916174 1693.666154
100.761740 1661.367833
-902.955398 1813.847149
435.217260 1720.035126
514.287552 1271.759213
-605.980068 1242.152852
-814.112008 1090.980035
-1442.726756 1060.727249
-776.460159 909.473425
-717.122586 41.428238
-821.152871 9.401862
-1215.608054 -78.182234
-569.499809 -1580.886118
-188.315998 -2449.221221
103.679143 -2809.617119
-1688.718973 912.504156
-1689.011036 942.033547
-1691.131679 910.983440
602.262484 1480.086851
852.934757 1421.638789
-1482.735958 1210.710382
-773.542610 1212.853452
-1270.941020 1091.818860
-1484.228802 1031.504395
-1647.194406 850.552517
-687.753500 639.482516
-1273.815633 431.636429
-1150.311385 428.974948
-1191.559667 400.068336
-1105.464976 341.298529
727.100048 -2417.492742
-104.294505 1575.153598
-94.679319 1602.543680
-115.910231 1599.782173
-1148.741802 821.272348
-1148.674785 824.751730
-609.718270 1569.349774
-653.488199 1569.924058
-611.679456 1540.173493
-986.383339 758.547825
-991.770053 735.187793
-1011.649137 764.285702
-1062.414160 582.264197
-1031.875923 583.769594
-1365.274303 285.194228
-1137.997790 522.616925
-985.312330 584.176551
-443.833833 854.258103
-614.731264 1752.459575
-607.962453 1725.159624
676.824504 1485.078883
677.605216 1513.869135
842.439585 1794.761389
99.424516 1714.812946
-579.969672 -2358.576129
-565.779621 -2356.244393
-1232.969716 554.265053
-1223.913021 596.264801
-312.124435 1755.198778
-1159.420709 794.956162
-1173.122913 794.780325
