date:2016-09-24, time:0100, wind_speed:2.66, wind_dir:326.0, temp:12.7
47.441632 111.929051
39.070773 118.153410
-106.951502 -253.878936
-128.001759 -4.749747
51.995684 109.136482
-98.588162 58.070267
-35.970164 61.180618
-94.478822 94.171553
-32.121658 94.190374
-111.249997 52.203601
-115.327624 73.251995
-135.934051 4.275323
-115.176266 -46.859229
114.077356 106.209341
-119.284065 43.175788
-149.174409 -10.986150
-99.149191 22.231275
25.887493 -289.903884
-99.241453 100.247832
-86.654987 85.185843
-73.359707 -256.714522
-110.988625 -1.846311
-94.836240 88.020475
5.671823 106.253933
-121.636441 7.125196
-95.089444 58.140864
-78.239363 7.014357
-136.013600 -22.784663
-10.556568 94.272144
-102.798976 91.090067
-140.307476 22.259839
-115.998676 -43.748125
-11.065589 -286.901589
-115.338689 13.113376
-178.943159 37.177810
-136.718642 43.194105
-124.148279 16.197070
-61.721865 37.123821
-171.569392 25.132407
-119.465589 -16.694335
51.223320 109.044481
-86.186657 76.349244
-120.080617 -28.814960
15.933751 118.095095
-123.732347 67.231536
-72.490620 118.048185
-69.968009 61.082208
-86.032213 67.101403
-86.187184 13.212045
-115.281049 12.947301
-132.516687 16.159645
-10.615504 -298.805435
-168.883531 31.079338
35.136808 121.142075
-61.500298 106.235826
42.594947 118.136925
36.539815 121.031655
47.320494 112.089024
-76.733248 94.017167
-71.626212 70.105188
-94.503193 112.171876
-134.121670 22.000022
-48.664102 103.219800
-111.708372 22.294820
-111.026408 1.161570
-107.052852 -67.826950
-94.608288 124.259496
-69.497870 88.034203
-78.291099 10.073933
38.989808 124.235388
-109.235365 10.095527
-32.478925 72.965664
-145.009680 13.207601
-81.853793 -106.980136
-73.707172 49.039341
-128.005538 -10.916711
-40.047793 -280.920703
38.500817 121.252850
-61.475768 118.125334
51.406273 109.056071
-148.533742 -16.852365
-102.705402 -62.014306
-115.711662 43.236098
-111.134465 -1.983696
-123.705985 10.300748
-123.112427 -44.082195
-65.189556 115.213246
47.201587 112.235625
-99.043285 118.187025
-48.921268 82.297029
-128.477530 43.213651
-142.546772 46.097330
-59.161717 94.014571
-82.525810 106.112116
55.144061 109.243913
-103.386711 -31.839495
-152.861355 34.190111
-127.574667 13.010863
-65.368559 85.247311
-31.881047 100.053239
-94.552250 19.102196
-86.054989 28.314378
15.903047 -290.101381
51.544584 109.128791
-111.697678 16.192583
-86.604287 55.078473
51.429130 109.321592
-134.092404 18.933459
-65.234561 70.146084
-44.386493 64.213838
-119.957118 58.253914
113.967487 106.116725
53.487987 109.050621
-32.598614 46.107603
-61.647606 112.092520
51.529143 109.153191
-131.573154 -25.949852
-98.030947 76.059735
-77.849766 88.271936
-115.745652 40.292316
51.556146 109.137362
-86.572230 142.058497
-150.729868 52.092880
-90.254285 28.038463
-19.177308 130.151610
-64.770651 154.329933
22.462915 130.124256
-69.521545 127.205503
-61.058301 97.144589
-77.668409 46.101821
-124.340644 55.191905
-52.866010 61.094071
-135.944945 1.386522
-89.918709 67.335583
39.462751 118.026359
-124.228817 10.125461
-50.793306 -274.995299
-44.521945 -277.889702
-106.692211 13.183710
-136.085769 7.300538
-101.885365 19.181569
-2.235171 -299.043494
-30.393206 58.047798
-100.804417 99.990474
47.350315 112.243894
23.250495 121.079323
-103.224642 19.172576
-98.503674 79.166073
-84.031997 105.921532
-85.933760 133.213592
-86.149037 -2.089194
-52.866700 88.136015
-108.972940 13.084804
51.497036 109.002381
51.921507 109.149276
47.293169 112.274259
51.951224 109.094967
-140.287521 16.096454
-132.571968 19.030106
-115.697919 46.113709
-99.130382 -4.771025
-149.184800 31.184819
-107.029559 16.186595
96.824912 202.337330
-36.274033 160.191174
-44.316855 145.058270
69.766201 145.113808
-99.089630 142.335505
-9.109201 133.073794
38.847824 117.979365
-77.846369 79.240317
-77.512839 55.068423
109.262252 157.104955
-115.361277 145.108508
-13.138715 139.204667
-46.410798 130.045879
-36.577414 103.052104
-115.186407 97.117831
-110.997643 82.067628
127.238580 174.914301
-94.969030 154.000792
-103.343139 145.203510
-88.096124 144.945449
-56.082393 84.941628
-136.242273 75.921714
-100.714519 64.003741
122.056614 187.155962
-94.906438 85.170249
96.894166 193.129352
-43.802390 162.973348
-128.188866 133.131078
-111.522996 115.203280
-44.478083 105.997294
-131.962712 91.118759
113.952399 106.067094
-61.530415 70.117619
-102.722545 67.256836
-169.524549 22.052449
134.188139 181.059087
-36.051340 127.321138
-136.759131 124.356195
-111.446114 121.266818
-106.089480 97.095543
-23.468326 94.171220
113.756026 105.972447
-65.964612 76.265026
-131.962180 52.228944
122.177427 211.148728
-24.043773 133.283303
-98.558413 127.130045
-135.516254 64.156062
92.994510 214.235045
152.293831 214.152189
-44.282860 148.245969
109.768627 145.101562
-65.942682 106.189783
130.042537 184.412690
105.612453 163.325198
138.372022 157.122507
-49.136358 157.134444
-40.193807 145.080392
-57.717409 130.192355
-98.787997 82.107080
-136.119328 79.080065
-167.347698 81.948264
-85.983888 22.115441
139.973044 193.154773
136.773876 184.174344
-103.381489 148.020462
-19.923983 139.254477
-53.445097 94.323290
-144.819718 76.050895
-136.011437 79.249017
-154.787940 61.130267
-92.494662 106.052615
-114.488568 97.302801
47.136851 112.110056
39.007993 118.162017
-53.250603 103.176996
-64.621852 115.110258
-61.657870 115.222581
-69.503638 112.134017
-69.418478 70.199579
-7.467407 85.190312
-140.804397 19.208776
-119.846061 -11.004380
-125.752243 -13.996122
-90.847539 -7.850351
-61.615436 94.049793
-61.834959 94.048382
-98.504876 -5.103403
-51.855868 133.310850
-75.698084 133.057814
-73.587607 127.103788
-86.057581 124.301788
-106.923627 112.173747
124.319903 172.316313
-115.260844 151.109582
-92.459441 141.995460
-36.128181 124.164371
-65.216704 118.075628
-119.367847 103.329859
-69.493136 73.182572
118.695089 220.118891
160.547379 187.150567
109.738997 184.072009
-61.202959 163.178365
-111.139860 145.321060
-102.781330 136.235873
-94.325078 145.081224
-23.706106 121.036501
38.729281 121.230700
137.115555 111.962548
-93.921522 1.191740
51.954344 109.090801
130.610264 151.390826
-43.073433 69.973111
-27.199109 67.154202
-28.100654 64.140094
-36.068980 67.058427
126.531006 199.180949
118.332639 184.228624
93.399062 151.289166
-86.579980 142.221886
-102.674601 115.139839
-122.960236 100.053611
-123.625794 67.097779
97.839170 204.988058
-44.277861 145.354978
-90.786844 136.244915
39.034872 118.156953
-107.191382 109.208789
-144.832527 79.199892
-134.101532 79.089041
80.047267 154.212185
-36.710204 139.254221
-70.015086 136.085985
46.692036 136.131091
-115.696717 97.103648
-140.909983 76.099858
-135.984407 79.295280
-111.738881 73.098355
-169.417885 64.139918
-86.101247 61.203651
-94.364767 16.184218
-61.145902 160.189652
-31.945076 141.952214
5.617753 130.181039
26.296871 120.977310
-111.050483 109.162655
136.848057 112.044264
-111.552344 100.134062
-19.360697 99.989415
-65.180606 88.045705
-115.658859 61.242112
-109.228787 16.145334
-98.613029 18.883798
-34.103090 127.100028
-35.575548 118.194546
-49.111869 124.188419
-103.197791 -1.946141
-54.797752 160.159246
150.982431 175.124103
113.884911 169.125021
-86.029764 64.200127
-78.415495 46.151761
-86.481223 103.133056
84.088444 154.086276
-86.005969 142.256802
-28.151411 124.398584
-102.712411 106.141424
136.918602 112.051459
-32.020534 94.125067
-140.225788 91.026968
-123.656060 85.127231
50.910303 109.302346
46.776145 112.284944
47.356380 112.258097
113.937099 106.144886
-52.688848 100.086468
-73.185322 70.121059
-26.976202 154.274399
19.932660 118.198938
-82.036237 112.110267
-35.269076 96.949016
-27.724958 94.143667
-120.463858 58.139020
-99.733002 55.225521
-94.286808 19.108038
-94.415206 151.211288
-90.885934 121.205344
138.343044 118.120729
-94.319982 10.142960
-136.180648 4.006477
-43.834019 87.967702
-44.946129 82.075670
101.395532 208.277024
-51.401995 150.825528
-94.355043 121.238631
31.982324 120.833815
-11.760673 106.169877
-60.964707 112.335939
-109.131142 85.045202
-86.537761 76.018351
138.467378 208.258961
122.320713 214.259346
68.138422 199.221959
-38.259917 142.050376
-15.730378 133.059891
109.918791 145.069689
-49.138152 112.156437
-111.095541 106.226263
-124.330347 100.043492
-101.846804 58.318577
-98.592091 22.177827
-148.613912 -16.827170
130.546790 208.234918
-94.640985 162.957502
100.839437 148.173947
63.978137 145.060611
68.812657 145.512348
-34.731819 121.523610
-143.515112 87.942864
-75.762513 63.977571
-77.690049 67.084556
-69.455672 67.076193
-61.432732 67.087149
-52.803250 142.159968
-111.292672 94.106180
38.910048 118.052818
-103.354508 70.263998
-94.609004 28.081128
130.683319 169.138172
47.373878 112.272043
50.883613 109.238247
-152.609167 82.086777
-119.460983 79.051842
-136.672137 61.231244
-153.355508 48.949590
47.828566 112.122202
47.782696 112.059450
-115.653234 19.177696
38.405363 124.400420
31.049505 124.075000
30.644221 121.308603
-57.163876 67.026353
-52.765950 76.233057
-103.126813 25.136949
-115.773240 28.138337
-119.490562 100.109922
-111.762337 94.125852
-136.661567 34.031955
-132.117953 34.073228
114.019100 196.263636
100.815993 184.092303
132.674384 172.196932
-74.071260 154.091241
-86.111933 136.171239
-77.713318 133.091810
-13.192516 115.014936
47.460781 136.232225
-135.810110 115.129159
9.804634 112.129361
-115.806891 109.109313
-169.061621 22.054921
-76.338880 61.107055
46.790136 112.333838
-96.578046 61.082080
63.347179 193.183990
-56.908200 157.130777
-31.959446 157.275846
17.546646 118.238039
-52.667363 94.162324
-153.445910 70.077601
-150.939709 63.949268
-65.965653 117.988897
-51.853487 118.212299
-98.546928 151.294423
-75.778246 151.089281
-46.465874 148.071731
-119.899744 130.230329
38.996838 118.044775
-57.565525 88.266257
-140.918952 -19.948886
134.783339 199.196472
-76.354420 133.071466
-90.654336 127.224724
36.911532 121.110621
109.717814 145.147631
-81.826583 85.139946
-65.911052 64.222686
-85.932856 28.135367
134.332850 208.290233
130.636546 202.065896
142.834768 205.190499
146.854526 172.230174
-94.384480 82.148505
-145.091403 73.380197
-19.891733 106.082088
-21.527396 106.141128
107.544749 181.143864
-40.168483 145.056665
-102.645047 124.085250
-36.042019 133.314816
9.242582 118.138764
-124.236560 109.027093
-40.144799 106.105769
-56.794184 84.952677
-96.550388 18.941186
-119.395569 24.991774
119.442923 220.545806
142.966981 199.243814
77.718463 189.946866
113.991222 172.264806
97.349747 169.185034
-98.044714 157.268921
80.052228 151.134901
101.030916 147.995721
56.990512 139.179838
-44.355161 127.095217
-94.841003 124.207771
136.833164 112.023362
-115.140629 106.276044
-52.653182 88.270186
-131.966576 91.036100
-119.905609 76.031223
-86.581913 31.183069
-173.654766 61.009564
138.384842 153.936528
-59.074892 157.054830
60.989963 141.703999
-94.935630 118.199724
13.850556 121.258619
-98.819973 115.273733
111.881754 145.089891
5.593747 112.252598
-82.509166 109.145731
-97.124458 106.139264
-52.771489 112.237410
47.856631 112.217230
-127.713237 73.194333
151.343285 187.211227
150.874809 178.059499
90.766843 193.150859
130.210522 178.403512
-27.672109 136.298872
-20.019580 130.121971
-48.215532 133.068861
52.141807 136.510089
109.783210 145.078619
-119.434902 124.238029
36.250810 121.101808
-57.463033 91.123138
-77.542503 85.039950
-157.619029 46.083711
-136.507140 40.071124
-78.219131 40.309822
-75.830734 160.053508
-65.235523 130.170078
-115.951667 124.158593
-31.814561 130.093857
136.793503 112.111617
47.832346 112.190135
-81.864597 28.000010
47.606427 112.110895
47.290640 112.199770
51.285840 109.133095
117.600230 208.338570
105.350123 187.185912
46.866224 121.188426
-82.611607 100.085743
-149.053800 79.050431
-107.070683 66.890598
-94.419756 55.217332
-86.126387 10.126287
-65.322010 118.242146
-61.568331 112.255350
-90.215362 139.386570
3.420904 135.979846
-81.989259 105.998019
-90.317669 55.152577
-53.482038 58.057657
-77.609199 22.208362
100.968952 166.130748
-67.362156 139.023903
51.433877 133.143864
-32.492949 118.217451
138.733458 115.233763
-95.004646 91.272704
-69.482394 64.271073
130.682005 199.157905
131.342846 202.085454
-40.204979 154.250872
-115.891796 136.196189
-53.405442 130.184442
28.573919 121.114446
-153.384251 97.187834
-61.702782 100.090946
-152.929349 73.126946
-107.446494 94.263692
-106.896446 94.071779
-102.714185 88.175731
-119.897407 10.109207
-86.109609 103.049328
-106.590447 -1.787917
-111.518877 85.137984
-106.875627 -22.978937
-52.742403 52.003667
-111.664764 73.276688
105.721034 169.061889
-148.690084 76.113357
51.304946 109.275013
18.546718 118.205051
-98.602465 73.173849
-88.155794 96.985219
-115.251649 82.128574
-57.021997 121.134730
-57.451948 115.271842
-124.140301 133.154334
-115.778638 133.151451
-122.142562 133.125542
-75.687489 121.214157
-80.028327 24.968143
-157.408016 37.142218
-36.126223 121.210378
17.874743 124.170573
-148.722980 85.127846
-86.422467 142.109065
-85.535819 145.027733
-115.949338 97.010477
-94.362566 16.305961
109.667850 208.214599
-103.508404 154.194532
-65.328267 133.178967
-35.977995 127.170337
84.152742 148.127190
-78.339844 106.311312
-138.355071 79.103514
-169.440989 76.368213
-57.494654 61.094389
-77.637260 25.373814
-48.744578 85.138698
-44.202060 82.220751
87.964546 175.248786
-69.543303 19.175226
-78.255849 16.232947
-82.334856 13.115575
121.872543 214.405889
147.275703 175.045445
101.058394 157.086322
-90.985429 157.151849
-48.605970 145.081542
-10.533306 145.394055
42.840632 121.277730
109.760899 145.119056
-69.307019 121.273163
-52.687168 127.113247
-53.212234 109.315612
-135.988528 88.006906
-94.363205 70.321374
-69.488018 79.133400
-48.406100 58.160555
72.420940 181.175536
138.839916 157.405665
-2.575484 139.212141
-82.107985 100.132323
-148.677941 49.123920
-86.062644 43.159697
38.768907 118.184582
38.889338 118.065533
80.560295 196.145826
76.547820 187.259422
84.848784 175.057687
134.732773 174.952025
18.003195 118.257016
-102.710251 97.022501
-124.121889 88.042821
-60.097277 82.125522
-128.264177 70.138479
-98.894433 70.184278
-69.531046 58.101550
-140.318847 49.241396
-86.627146 16.180817
-86.021921 118.115928
-85.997710 121.168252
-77.887039 120.970683
134.138269 199.090916
127.361510 195.994889
134.840792 202.248225
-90.179352 31.084309
-123.945220 22.167067
121.570135 214.156849
107.677674 193.077209
101.290372 196.168942
-15.176501 151.057540
142.626167 151.019251
-52.764301 145.296884
142.527619 142.144957
7.436092 127.083600
-60.758635 109.124073
20.160158 117.913983
136.151531 112.048837
-69.112228 79.344984
-156.868793 66.808972
-57.435774 55.112109
-68.898413 54.992482
-65.181809 52.148441
101.524724 199.222387
34.297069 127.178770
135.924743 112.163076
-136.096246 100.078607
-61.524978 82.095193
-86.132659 85.140923
-86.725527 85.139281
92.703633 193.162761
76.873877 193.193438
-169.854059 55.178815
-165.723081 58.027273
-169.562196 58.176003
-36.173467 142.222358
-44.884098 148.108713
-36.001843 151.050913
88.722852 172.274195
105.521181 217.210710
9.646095 109.114844
-103.212631 133.314765
-52.355169 142.117374
49.197349 109.083974
47.975068 112.212795
-134.036737 67.014773
-119.564965 61.271360
38.844115 118.244124
114.080824 160.208267
105.738232 166.085643
115.695984 166.070942
-141.006104 22.113715
105.279776 193.358879
113.278015 190.288092
131.936158 202.126799
148.024593 202.068763
109.830331 145.057372
131.912337 144.995229
-127.782844 97.183728
-44.212440 157.101485
39.469223 118.210892
-50.787744 79.096090
-28.142019 145.050394
-90.283269 109.063189
130.951380 190.241578
9.729270 114.983710
-65.304494 49.212928
-86.499720 22.139577
-114.830119 10.123440
138.854792 154.255939
-61.115058 160.278685
-60.878523 58.058345
-152.972622 124.148503
47.308249 111.937557
-106.976523 -1.988879
-105.449962 -4.959421
-136.511519 16.137820
-123.608399 40.130578
-127.239212 40.007631
-52.067769 100.016732
51.756615 109.117260
47.114059 112.085212
84.798414 148.178266
-15.701925 106.149120
-28.711902 103.106855
123.191193 211.018421
-77.739781 64.233344
-61.013731 136.247469
51.494931 109.034732
54.972186 109.237409
80.547553 160.253103
72.303788 160.129815
80.760275 157.275131
-115.277609 103.045930
-119.885219 94.175368
-77.377188 58.060144
-126.981788 9.920110
123.954481 180.915634
99.284344 187.101872
113.442726 190.263714
137.129626 111.998833
137.191209 112.067315
136.546514 112.039834
122.161698 214.280235
130.261329 205.152023
-52.723400 115.306203
-65.231144 105.963557
-53.387146 130.103400
-53.393160 127.122019
-98.563626 78.970318
-106.855798 82.104998
121.775575 169.127343
-102.683393 -10.843873
105.790625 184.277357
109.221373 190.272043
-106.833088 64.175782
131.568102 165.912463
143.063397 169.279329
125.876097 163.208749
-78.304786 100.314396
-77.609736 112.175567
-74.154386 133.287387
-61.100006 133.073778
-60.981593 130.165992
-119.533664 7.219140
-127.918551 13.106859
-94.425526 -4.762524
89.012695 148.214123
-6.902954 100.147547
-3.179992 100.399429
-9.119438 112.083545
-102.850233 136.244663
-113.160839 136.037802
-140.276533 64.111710
38.901025 118.148470
38.881197 118.003162
-64.849629 133.041849
-86.040202 79.030139
-66.210565 55.181996
-159.877837 39.706977
-156.825741 43.004014
-74.101710 16.231314
-77.696674 103.322940
-40.674545 100.226499
-61.157310 34.172971
-177.670056 82.160084
47.106976 112.368973
-78.333954 79.233649
57.248425 139.012197
147.195815 177.988352
-77.726768 40.254629
-102.963810 -10.822132
-136.537076 97.159655
-60.448675 133.143462
93.855096 169.153105
46.902260 112.140316
-53.151735 148.117420
93.159044 172.132220
-77.762506 103.086555
46.818217 130.171513
-60.169010 109.016880
136.802667 111.991496
-72.749184 100.085835
-77.874691 70.158306
-70.045192 124.069612
-27.735882 148.020565
-123.659732 118.069207
-113.179470 37.196093
-156.950568 40.191276
-60.950316 118.010398
-73.065333 103.083301
-78.097024 103.296399
-84.699647 103.092763
153.512274 184.247706
147.538661 181.211708
-115.327958 61.132787
-102.685289 61.026913
-119.979838 7.139904
-113.789009 19.047448
-123.122159 13.121979
26.820716 120.977772
19.023160 118.324154
-86.001908 87.981068
-88.816526 81.973439
-103.219732 148.070205
-104.878001 148.080767
-110.182478 151.395693
-61.711822 121.250528
-63.811349 117.921288
-61.557116 118.215689
-161.058898 55.156987
-156.883426 61.013924
-157.448464 58.137574
-48.786587 136.233497
80.085020 151.175756
68.142088 154.277481
-89.879394 76.014213
-77.165111 82.233409
-90.688802 73.137832
-106.092775 4.139293
-106.984104 3.945541
93.096636 151.162614
-132.022670 67.111904
-140.367005 67.200955
113.906736 196.072511
122.331205 187.160637
-60.983518 178.062091
-36.023353 178.152486
-5.991004 163.305807
-40.324179 142.037368
-10.978901 142.207492
-44.968744 133.119309
-77.702019 127.111238
138.406293 121.098337
-144.491607 90.974548
-140.373741 73.069069
-119.425014 67.159556
-80.775645 48.912182
-69.465335 61.151073
-63.504612 64.051674
-57.015570 67.074297
-35.940414 166.158458
-48.851599 166.206311
-47.181829 163.058533
-115.298539 151.120808
-128.321583 148.151547
5.007519 139.181598
-93.566883 127.337014
138.760584 115.201621
-131.917398 87.869188
-161.576831 79.097770
-98.110405 22.162797
-102.837492 16.057249
-94.536517 13.157003
-98.473618 18.953238
42.981382 121.247392
40.609617 124.030227
46.737100 111.927961
47.358697 112.226768
143.182065 181.113893
155.723915 187.421135
-159.112731 10.078327
143.258599 148.108956
147.269718 223.169696
93.170609 214.351585
-0.707622 150.979144
-136.161997 136.084356
-81.906791 136.174514
21.784387 136.080775
-81.900602 124.124413
-74.144195 118.049785
-131.864304 115.086734
45.201571 118.055328
-60.929329 100.173196
114.021952 105.910370
-69.232583 79.439425
-140.723520 73.402360
-94.027878 76.147472
-68.395285 73.241965
-86.141997 52.130167
-77.222540 43.072098
-85.920927 46.063540
-35.946543 175.186114
-36.208365 181.281106
-35.570534 181.012697
135.154455 223.130091
150.933557 163.018657
-57.112875 160.228251
139.086859 157.161396
-51.756598 147.973565
-27.742795 136.203549
-76.763032 121.077909
-127.836806 106.346266
-115.744688 85.149204
-87.225208 85.209850
-82.052607 85.079977
-124.037728 22.193444
-118.490198 21.822440
51.376245 109.107212
47.316972 112.306338
51.288114 109.152904
47.326930 112.207333
51.346519 109.122069
47.310688 112.114084
50.927022 109.115828
130.751876 223.227408
-40.131620 169.283958
-107.581335 160.022767
-73.898660 151.055856
76.331789 148.132365
-84.111222 105.909488
-119.454649 40.055817
-124.050775 43.085360
-118.980163 40.007763
20.069584 118.052106
47.141038 112.044584
47.651028 112.259734
-127.640056 40.173942
114.542175 106.108938
114.006074 106.033670
152.882981 177.979302
151.315801 178.007023
-99.813239 73.374320
-106.981678 -4.837195
-111.200817 121.215602
97.426736 148.265800
-78.388624 136.009129
96.662343 184.145584
7.639927 127.182500
-140.351255 73.072101
-70.014946 172.169684
-90.136316 73.047193
-45.042912 145.063296
47.180417 112.186051
-82.382660 103.095764
-132.092081 100.235390
-128.125851 97.255068
-52.775934 151.318838
-51.857477 145.155266
-56.918595 148.143159
-94.289949 112.387688
-119.332440 91.183416
-65.785852 124.017757
-69.464534 100.084551
-102.806731 93.982544
72.847348 196.009732
-44.620177 133.164096
47.749647 112.136720
-38.473692 178.099174
-60.995184 69.936641
-94.328381 19.092492
-68.672458 105.966665
-128.261040 49.344627
-57.471818 115.244036
49.292041 109.113368
-61.059134 97.272491
-110.685203 88.070541
-86.612980 37.307201
-126.437746 30.727388
-86.218996 46.075648
-124.340107 97.146476
-132.067452 91.243578
-45.415272 127.069367
-41.030942 130.134466
-76.906167 70.310655
-82.312447 106.146210
-82.107645 109.074775
-82.701250 108.988879
117.530996 195.988453
165.458856 190.125408
-49.153568 178.389430
142.590895 175.246263
-77.727823 160.186460
109.209899 157.255212
-24.016947 154.082442
-104.935208 151.081346
-57.555456 145.198044
76.434162 151.101687
143.160224 136.084991
142.694740 127.024439
-73.777345 115.136128
-40.250885 109.244241
-77.888788 106.181021
-15.416462 109.105163
-56.955789 97.268503
-36.048756 91.242848
-135.050304 67.029403
129.709795 220.402622
147.237496 220.140664
147.421482 205.171117
161.902861 199.001233
113.439827 163.260412
159.332584 169.151872
-40.876959 151.197838
-103.228703 151.180213
-73.748455 136.211400
-48.472760 139.248308
-22.695292 112.038316
-28.242494 108.965249
-65.952724 100.033490
-136.087564 91.109997
-36.603811 91.241329
-140.880868 88.188295
147.197875 220.225650
104.962983 208.255384
118.135498 205.277713
-25.697587 151.051063
-3.230344 139.234100
-60.914211 133.199974
-27.713695 130.233004
-127.381536 106.027356
-103.423309 100.090925
-92.403039 99.976741
118.048298 106.093069
-36.674014 88.116261
-69.258572 73.079336
-98.678271 67.140443
-61.032957 52.102704
-117.490045 106.214374
-111.081706 100.085414
-106.967248 103.383446
-44.900450 133.256155
-48.709062 133.129187
-56.179679 129.895825
-59.678449 142.031387
-53.360491 148.245945
-52.860069 154.172046
84.216006 202.115460
117.949482 202.301728
121.816231 193.253883
130.010359 190.134372
100.887847 174.939040
1.964344 166.058124
-85.491893 163.283531
126.363004 160.203003
84.639736 157.213024
122.460445 145.222497
-128.318057 142.156570
-94.406589 127.230835
142.510651 118.126960
-35.985288 82.056064
-77.797761 37.087553
-145.015236 -1.753654
-144.323984 -4.935265
35.274986 121.125476
36.770602 120.973322
34.214556 121.283332
75.727170 214.231290
163.948242 166.178267
-9.182047 163.152966
-131.924003 142.162323
-69.988867 142.320137
-51.917734 136.069395
-106.839701 112.160974
47.753159 111.901740
-82.412989 84.963295
-126.656882 76.269460
47.343048 112.267734
47.336917 112.106856
47.409591 112.329793
49.192134 109.188570
-86.607128 99.978322
-85.219578 106.077257
-88.131875 108.938264
-74.058373 88.114311
-82.466585 85.291514
90.129343 213.990017
121.739971 184.158282
-60.993694 175.169434
159.756363 157.148005
113.441001 145.314482
-57.161874 145.056300
-124.148614 139.232173
-136.091345 136.176929
-19.015213 118.070754
-132.551504 76.238190
-57.058289 79.222156
155.554901 211.267229
138.941941 211.088749
127.345613 199.144647
135.099408 187.131721
-61.046659 184.388009
159.813944 187.042526
-53.740296 172.053179
155.036274 166.122210
-89.295598 157.043131
97.812717 151.105402
22.230965 142.249276
9.549504 130.156803
51.573610 129.901921
-78.218970 115.107673
-74.067823 109.157375
96.678551 181.223486
-86.085794 88.101504
-94.573454 82.388843
-88.208682 91.031218
-90.260053 88.251719
-77.657705 -103.678192
-96.627491 64.178484
-99.127041 61.258956
-103.398825 61.265856
-49.119362 61.070694
-49.072297 61.261667
-42.415363 55.088843
-126.335534 7.050902
-56.917315 130.018666
-51.806516 127.353136
-55.026124 133.086254
-161.641612 61.185486
-157.553018 58.200238
-65.945018 97.133204
-61.555728 97.142727
-60.143094 91.308913
136.812588 208.180073
130.635127 199.246357
-95.084540 10.089073
-95.073050 10.142116
-93.918511 22.141140
-101.765986 67.081768
-102.644352 67.267503
-101.500703 63.655838
-143.035665 73.017898
-144.430946 73.102420
-99.196045 55.071515
-101.791041 54.958916
-98.372381 58.214108
-38.142677 129.962929
-40.329778 130.253615
-40.747451 127.041372
-136.491784 31.207789
-136.046413 28.128093
-123.574731 103.017689
-111.008227 103.219598
-115.723401 103.031542
114.039511 220.183672
130.208552 205.237132
97.346019 205.325999
105.075541 202.164929
-82.317954 169.097052
39.023870 133.346983
39.891989 133.101296
44.934041 124.190039
138.970484 127.181744
-74.014459 121.066319
-44.491002 112.179961
-119.170128 94.093734
-106.858213 88.059064
-59.243854 79.096437
-78.161849 67.259584
101.577712 154.083137
100.798321 163.145143
97.083630 160.037171
-86.828626 10.075130
-90.849700 10.122737
-88.088871 13.074969
146.465847 232.093716
130.495536 226.231335
125.864961 208.158198
126.311589 202.343185
-18.906510 157.237583
-106.848455 157.157059
-61.092488 154.331436
-5.386933 148.077253
-111.571899 139.094991
21.614478 136.210973
-53.334984 132.987511
-77.811766 118.280189
-77.761851 46.214180
-74.146841 28.223080
-61.188632 130.008943
-69.482465 130.100660
-99.526784 52.091926
-94.250666 58.132448
-124.378705 64.346011
-74.143564 103.098370
-73.495000 109.085398
-34.717890 73.007900
-42.366494 69.971059
110.674562 187.065069
88.916248 211.046251
88.922876 211.227935
93.061963 211.296915
122.304880 214.209486
-63.796541 169.003483
-2.820020 165.987858
-99.100019 139.197285
-90.837204 133.196786
5.520628 127.198111
49.155293 109.036369
-102.743101 88.206126
-44.356543 67.120275
118.162292 211.162261
86.860670 208.137335
120.225721 202.108508
159.691926 193.320374
-107.469467 151.256815
-73.626635 151.240773
110.252786 144.981380
4.538636 133.052584
-69.976983 130.018256
-48.679167 112.141903
-119.486875 115.094323
-22.620421 106.298137
-128.223823 94.250293
-38.291300 94.127175
-127.853914 82.121541
-106.898572 66.887343
42.501760 118.261397
47.212255 112.118373
47.769668 111.940713
47.272261 115.215402
99.238660 177.996463
123.650893 166.043280
-72.236158 160.022254
85.409163 157.175500
-28.148313 148.137366
110.210004 145.102777
121.918114 145.188462
-69.662863 127.121019
-110.879253 118.206322
-82.097376 112.126722
-114.795871 76.173316
-82.054372 76.232607
-127.747698 70.234822
-82.587129 70.184752
130.018086 169.153753
122.372014 172.118495
134.353793 163.385253
142.901176 169.012388
139.102140 169.072455
142.653003 163.019866
-50.808754 136.114363
-51.728603 135.994633
-54.845333 121.063417
-62.193758 115.179134
-110.430995 106.233937
-107.433498 100.083683
-111.067997 106.240378
-107.217506 100.087345
72.147036 211.332925
142.548887 193.099418
124.255982 184.129376
156.023526 187.157811
159.948156 187.148241
121.915495 172.105811
147.310306 166.199969
92.413341 157.210081
-94.524182 151.008008
-61.767332 142.160460
-119.408250 142.067208
-40.157182 136.209029
38.986987 133.136392
-98.821025 130.283444
-73.759921 127.111443
-69.318059 97.078553
-152.892049 82.027447
-69.216601 52.201470
162.408821 187.252949
-69.366426 169.221054
-14.352183 166.118523
-79.781333 166.105804
-27.832619 157.129377
5.844717 145.313681
140.271124 138.983165
-98.720908 130.118820
-68.519840 124.365491
139.942978 114.724173
-102.051301 109.231599
-38.506114 100.065171
-115.170440 76.032284
-61.658637 67.290547
122.826826 205.199876
130.680612 205.081136
126.217240 208.127858
134.712348 196.102707
127.268097 174.924049
-19.531074 169.132198
0.803521 166.133221
-6.857162 163.037640
39.829778 118.081159
-86.109067 100.111987
-119.303875 73.052988
-78.366295 40.168408
-77.746990 34.080155
-173.743313 79.215723
-165.391243 79.094253
-161.723117 82.195447
37.904315 124.168716
34.120578 123.999622
34.784866 124.142827
-98.698644 73.041829
-94.994943 70.086715
134.099546 217.274434
142.518279 211.364480
100.916911 196.231701
155.560531 175.163054
-48.431679 172.193810
-27.719763 169.287284
-53.137669 166.200451
147.380431 163.171573
-19.998273 151.316173
115.981795 151.099829
-123.527029 142.079514
47.562104 112.107303
-36.032250 100.181950
-57.130514 97.102669
-115.188756 81.950073
-59.068569 43.036370
-86.116107 22.131254
-96.603405 9.966314
-94.568202 10.276018
-94.899600 7.170436
-42.483249 157.077686
-44.624415 154.211313
-44.415779 154.217660
-36.026803 154.078906
130.800054 184.250862
153.479988 184.056841
-52.749479 160.357920
-98.521003 151.075955
-103.283339 147.997956
-15.341409 130.102366
3.149814 124.106894
49.083013 124.043637
-131.871084 88.184546
-69.397628 139.180022
-74.250029 139.161285
117.647617 220.248062
-32.161556 166.037614
-44.517254 157.268976
120.184541 151.132539
-85.889481 136.289058
-69.245160 100.151154
-119.484294 100.297011
-44.029958 88.154247
-110.508721 87.955758
-69.396157 79.069995
-71.554399 70.059674
-69.917543 31.123081
51.747685 109.151714
51.823246 109.155152
53.487067 109.187644
52.005395 109.072841
-86.622689 31.198176
-84.136096 31.091250
-92.403759 28.007410
159.299433 220.308540
113.455918 196.173567
163.559575 199.285287
-5.422738 159.986886
2.814528 157.140251
-7.635054 157.085744
14.080272 151.153110
-17.422435 142.042223
-90.749679 139.131415
9.593627 142.167975
-69.471425 130.351156
-77.697969 127.182206
-57.023406 106.155542
-115.305777 109.116470
-94.842330 103.210721
-27.713746 97.079269
-128.209996 82.227233
-99.136862 79.218047
-77.967925 76.238179
-135.079660 43.034754
-136.158327 49.055948
-139.761869 46.130373
-134.140771 43.099237
47.201125 112.108451
49.216554 111.988442
47.727946 112.116111
49.167558 112.031885
-78.267537 100.203944
-82.491046 103.052278
-76.997322 103.143625
-102.875265 84.893978
-99.065683 82.217187
-103.181088 76.234229
-2.782872 139.046313
14.319689 121.124954
17.506477 118.284714
18.013798 118.154289
-57.539773 142.075993
-119.850602 88.235137
114.500001 106.279477
-95.052762 142.134392
-77.698520 106.140664
-40.189892 130.192303
-77.986640 43.190045
-69.525598 127.123192
-127.717579 7.140598
-117.777511 79.054463
-102.799477 49.209068
-68.623715 103.099231
138.882404 193.201448
-52.789651 126.942509
121.628733 220.137370
163.935507 196.120948
38.586395 121.203492
51.235223 109.189873
51.310935 109.263799
51.291212 109.141272
-119.876390 85.139507
-119.438802 94.137165
-123.056216 88.062668
-60.132517 115.030904
-59.774691 120.900169
-56.799021 121.287894
136.532391 112.015165
136.799760 112.072784
139.167191 115.067745
-64.384101 126.908416
-61.063130 127.257827
-68.140653 133.157639
-85.772136 133.290530
-65.834924 136.282177
-40.308342 139.323986
-39.886815 100.259560
-69.903847 34.112062
-135.902137 73.257458
-138.302929 82.007314
113.406095 214.429610
109.951052 217.276070
-57.568483 105.956948
-60.642048 109.088973
48.139279 111.853596
-106.095850 151.126990
-104.817218 154.203316
-53.102694 88.116020
-55.475631 84.820081
-39.309596 153.993625
-32.707552 151.206626
-92.468517 22.062082
-90.289289 19.063589
-153.453230 58.227203
-48.540494 85.203312
137.125225 112.116978
53.011269 124.169029
-85.681397 85.043809
-86.142478 91.204107
-77.124808 127.155333
-77.688787 127.150343
113.959563 106.106432
114.058244 106.157381
114.006586 106.127548
-115.669250 82.249504
-111.431435 79.151450
-111.541251 88.153812
-98.677997 63.948667
-98.580920 61.073770
47.102494 112.174031
50.966945 109.179095
47.361057 112.249191
-36.119359 151.063962
-107.191479 111.935943
104.989644 217.274048
106.512370 217.007236
-110.523407 -7.766570
-32.653386 57.982736
-31.882073 61.176216
51.524230 109.136558
51.363024 109.182365
-115.402250 97.175885
-64.933181 34.116892
-107.625933 63.957953
-64.389925 117.910578
-123.734191 84.968991
-96.580794 97.171428
-157.006271 70.028704
-98.501067 70.128093
105.684608 148.011972
-128.404914 91.182647
-123.602546 94.026472
-127.907708 93.986341
38.844256 127.081012
34.824109 127.129463
40.941339 127.117502
-57.618511 97.169754
-57.058921 94.235247
-61.115888 91.059099
-113.749006 148.020565
-119.274522 145.137813
-98.589592 13.222981
-94.535590 13.125538
-85.957375 13.242813
-86.434772 13.137845
-86.527732 10.234584
-61.135368 58.166275
-59.741642 51.798356
-63.807973 55.030060
-90.317875 40.100921
-85.979657 40.085079
-86.613268 34.197740
-81.995614 172.320150
-81.183524 168.994947
-77.847468 172.229307
143.201111 166.386659
147.356060 163.277648
138.972472 127.277880
143.064409 124.100283
113.485969 217.229903
113.867276 220.249886
-94.131229 10.043125
-19.415007 157.170448
-19.324126 160.352554
-81.890137 73.041011
-85.207761 67.278023
-77.629553 94.093923
-77.786167 91.098339
-81.448251 13.091313
-82.599259 10.122622
-98.758313 70.023214
-98.719672 64.062763
-94.434248 94.174462
-93.965059 91.267996
-111.020107 -52.818541
-59.140514 96.908439
-63.264982 103.074544
-82.570541 70.189172
-77.614926 70.103860
-44.478144 112.044687
-98.527933 13.093159
-102.391783 10.217804
-102.698880 88.261765
-102.694921 91.286303
-86.056928 25.071963
-82.418450 21.985313
-86.070684 100.095281
-84.139182 103.096190
97.363513 151.208639
101.493216 148.114863
47.303709 112.145646
47.944219 112.176015
-102.651443 -4.786628
-98.587849 61.249708
-98.531647 58.030668
-40.466534 97.036081
-42.577938 91.007240
-158.990060 73.029512
47.304381 112.224848
-85.958948 103.167520
-111.021536 109.254998
-52.826364 73.172583
-56.218718 106.502559
-54.818035 70.079979
-57.426820 118.187819
-157.500603 61.174370
-110.454550 94.499547
-93.959854 34.093103
-52.455210 61.301291
150.916259 145.205362
-91.249217 13.121751
-60.442000 133.509336
-119.048471 19.038318
-26.972478 130.009682
-51.338044 94.092657
145.522748 190.063929
-37.960236 124.937445
-53.812232 142.153897
-81.458066 114.932370
-39.876672 129.904817
115.502479 188.186989
133.651006 217.561844
-122.766890 94.464366
-33.475122 157.769446
138.122143 196.152550
-59.796513 84.841798
-58.196752 73.836775
-102.551308 155.265716
