date:2016-07-09, time:1300, wind_speed:2.73, wind_dir:118.0, temp:16.3
-1.454159346862346958e+01 -2.925975902325645279e+02
6.825170909227088600e+01 1.286243569364162624e+02
6.289749117152444313e+01 1.333962881702143477e+02
6.845879370279349985e+01 1.226949491560642400e+02
6.853252697957532291e+01 1.250312648610985491e+02
6.814033133591202329e+01 1.317121311729547983e+02
5.577956499690218095e+01 1.287249197011634578e+02
6.824112415009679466e+01 1.226209280004446640e+02
1.015866972089984728e+02 1.285547124335968192e+02
7.153729070499623788e+01 1.307298496353358246e+02
4.694332174715183470e+01 1.312217254406933478e+02
4.325352654820506615e+01 1.377235586779353582e+02
1.014216764028627153e+02 1.315378524240593663e+02
5.071516033165856641e+01 1.332759574513042651e+02
-1.509265075266834621e+01 -2.916658388358969205e+02
5.625394953142080112e+01 1.275078297674829457e+02
5.479784170629168472e+01 1.301333565450240144e+02
4.316880987453019003e+01 1.347261351240433385e+02
5.576884597466895599e+01 1.315815435381577743e+02
6.764284514571470197e+01 1.271600287796905064e+02
5.500019799559018452e+01 1.309472731817221529e+02
1.008406305816983917e+02 1.276483801555282014e+02
5.576429150671922486e+01 1.258090779936405710e+02
5.975349080576225447e+01 1.285019024570365787e+02
5.878374113666939138e+01 1.335207722120389917e+02
-1.276981920062970346e+02 2.074810728100313995e+01
6.881265653145865713e+01 1.275078297674829457e+02
5.144303499720748363e+01 1.344288241198027833e+02
-1.279334831001108910e+02 3.014281730208573507e+01
5.548987838810565165e+01 1.286184302347350012e+02
-1.326216718047152199e+02 1.699154149964898508e+01
-3.121244346854513196e+01 1.005010527674392762e+02
-1.149104067261117166e+02 1.994682293503503701e+01
3.383742316679601458e+01 1.430493739327601759e+02
6.841451391698061002e+01 1.225736010882543354e+02
5.186835738303742005e+01 1.339916422861644776e+02
5.968822757527210143e+01 1.293538467007778081e+02
5.562121408606000728e+01 1.255494771058062895e+02
6.845878919271544305e+01 1.286267727556322029e+02
-7.314115504241253518e+01 6.202803470449197221e+01
-6.860504258598221661e+00 2.097311408270417701e+02
9.654803294302925565e+01 1.216397435123035251e+02
5.579423384823184762e+01 1.286597620310747914e+02
-9.852157421765538459e+01 5.652669012243130453e+01
-1.033061107291756002e+02 1.358681813897368045e+02
-5.274226205179313354e+01 1.346460014806980610e+02
5.501449725205702634e+01 1.305339315626837333e+02
5.591405681197024791e+01 1.309344323685854192e+02
5.502346265183233953e+01 1.276284602130301948e+02
6.724080576015393262e+01 1.281130758957691285e+02
-8.190313611554645945e+01 6.554745418265650869e+01
5.880058872148082116e+01 1.307811381186035362e+02
6.017071662812353594e+01 1.310071950765238569e+02
-1.482202865983797437e+02 2.593176461230589425e+01
-6.111100580785593905e+01 1.346294496020536258e+02
-2.767031858768590880e+01 1.556510641200538601e+02
-7.412736071458661513e+01 7.655091139383260668e+01
-7.785290342910799666e+01 5.718101108885728223e+01
-6.935802766290031229e+01 8.366030782475107230e+01
-5.277910157293703719e+01 8.675178901748699900e+01
-1.517018233628657065e+01 9.855537861113103304e+01
5.575426136195038396e+01 1.317909621139124283e+02
6.819182088533258934e+01 1.255609570687521312e+02
-1.984125859386499258e+01 1.576212410669292296e+02
-9.433369468517489054e+01 5.954480350008926592e+01
5.474813691412438033e+01 1.279269593620807939e+02
5.568987677745514020e+01 1.286974491442825297e+02
-6.552588892314381042e+01 8.883275566006894053e+01
-6.473911794121137575e+01 9.205197178047684758e+01
6.022865199164093752e+01 1.311091219374831098e+02
6.812743873560982877e+01 1.377260758823033484e+02
-2.767802357621567921e+01 1.554137140809271216e+02
7.661462788305863114e+01 1.315890919709428601e+02
-6.537568320567578084e+00 2.090713151160941266e+02
-6.169037935348626434e+01 8.858969860330533663e+01
-4.832921982224524271e+01 8.970452731374000166e+01
-6.790840161672385911e+00 2.094948954599554440e+02
3.472906150792367441e+01 1.411375462675956385e+02
5.559088498355929886e+01 1.286200475986157414e+02
6.819246874376662504e+01 1.262690545132828959e+02
4.655311859424808318e+01 1.337667330462124369e+02
3.520606075703202009e+01 1.429758794839268319e+02
1.818455996430395416e+01 1.647078908659071885e+02
-7.619080761318476114e+00 1.006134624556679711e+02
5.475743527772413444e+01 1.302947592713444180e+02
5.604673315747391626e+01 1.309762475220687463e+02
9.718998408107148990e+00 1.651959744827891825e+02
-1.104545504685855093e+02 1.545146067675266011e+02
-8.141479181533198073e+01 1.399781055699694150e+02
-8.122499346862599623e+01 1.455123477674330843e+02
-7.369782808355890324e+01 6.310804596246359921e+01
-7.345818781563303901e+01 6.855426568267117204e+01
2.264143532352611388e+01 1.701418433674554649e+02
-7.784731541113445985e+01 5.409817542931929069e+01
-8.122499346862599623e+01 6.149126376745517319e+01
-8.544827546870301660e+01 1.455123477674330843e+02
6.881265653145865713e+01 1.275078297674829457e+02
3.868926507802193981e+01 1.443464884496359559e+02
6.737967556038728389e+01 1.252489280661873465e+02
-8.595341845864548702e+01 1.434453873987131658e+02
5.625394953142080112e+01 1.275078297674829457e+02
-8.181976041540497135e+01 1.376439978803623774e+02
4.680799653596282184e+01 1.368346677479194966e+02
-9.017046603708203634e+01 1.585886214192075840e+02
-9.845092754220030429e+01 1.435602367009417151e+02
3.000945668751215578e+01 2.151202575029525121e+02
2.585500026157195563e+01 2.177611732036255887e+02
3.840995561550769821e+01 2.172253963729350232e+02
2.270773302939891991e+01 2.151641183391405434e+02
2.575041667372044785e+01 2.120146081171137382e+02
3.514145834821255932e+01 2.211635198880248367e+02
-6.930243810507023738e+01 1.944993020524081828e+02
-6.473158697716080212e+01 1.940915456849799341e+02
-3.251206113875413450e+01 1.009191633820324228e+02
-2.330308517680959213e+01 9.552117833233012334e+01
6.730243330374051425e+01 1.304977790096914987e+02
-8.210149477833431320e+01 1.539288081269773159e+02
3.459214493016245484e+01 2.017872906607751986e+02
3.465254008007617870e+01 1.985964384394546869e+02
5.625394953142080112e+01 1.335093357674926438e+02
5.606830198472748350e+01 1.339430359529138741e+02
5.472009735441901768e+01 1.311277324266908124e+02
5.571136032481226152e+01 1.316781556722731068e+02
