date:2016-09-10, time:0500, wind_speed:1.4, wind_dir:360.0, temp:18.1
-7.151372325235462313e+01 -2.332574919216248333e+01
3.547095653145739647e+01 1.185055707674683845e+02
3.206226970668331688e+01 1.210332231096043074e+02
-8.850157626002405209e+01 -4.072755135825532591e+01
3.569021710515792734e+01 1.185034823307052392e+02
-5.953914859299594298e+01 -1.385605854515837798e+01
-9.682013414361050252e+01 -1.217870064847882787e+02
3.616734382604077780e+01 1.185461182594824692e+02
3.547095653145739647e+01 1.185055707674683845e+02
-8.877578586302405483e+01 -1.156195545717841782e+02
-1.051095103320794379e+02 -4.397093805529564037e+01
-6.780314308138324009e+01 -4.998051469553840320e+01
-1.393103026263335096e+02 -1.585989024492290733e+00
-1.379994276893379777e+02 -2.912088589762232971e+01
-1.429441555765355361e+02 -8.071524547688547102e+00
-1.593888104857881842e+02 1.033121129064349297e+01
-1.229021184685880854e+02 -3.753358523254699719e+01
-7.686222427644116806e+01 -2.863720335644386950e+01
-1.261096740368772515e+02 -4.093770052874867815e+01
-1.095439136597968570e+02 -1.098297710859010152e+02
-1.053932713910366772e+02 9.970315534304512894e+00
-4.275595813468576978e+01 6.400318073188499568e+01
-3.872539946008723888e+01 4.893887833159626410e+01
-3.825222605020238120e+01 4.893357398712385020e+01
-1.354608254686259272e+02 1.047846276745166172e+01
-8.099610629505995973e+01 4.952060941036454977e+01
-5.935678687743688897e+01 5.224269657283959134e+01
-8.416868876052110693e+01 5.200043239762062086e+01
-2.599462349138062223e+01 1.180112227961378295e+02
3.583263424555797627e+01 1.184370431344794383e+02
-6.812011622447322168e+01 5.496289179919003942e+01
-6.752433752469633532e+01 2.791614283153336373e+01
-2.710030046866132381e+01 1.245070767674780967e+02
-5.960630567374049349e+01 7.022048558212780733e+01
-1.222094573206978936e+02 -3.465572615866370398e+01
-1.056191645743393366e+02 -4.371457887118715036e+01
-1.218345762738261158e+02 -4.098256640888553193e+01
-1.145666934686272498e+02 3.448448676749047337e+01
-1.094697426510062002e+02 4.031003311254774957e+01
-1.684339636156795734e+02 5.541183112801341082e+01
-1.300018691262815196e+02 6.068915233728005632e+01
-9.694530476118983131e+01 -2.896532331986939113e+01
-1.303945442887206809e+02 4.915836637071042503e+01
-1.342135342285449440e+02 5.834326906179352790e+01
3.669137952708374684e+01 1.180155694350287661e+02
-1.425668784736268435e+02 4.292863896629277320e+01
-5.399267624705804458e+00 9.392464752341174972e+01
-3.543572546862215233e+01 6.149126376745517319e+01
3.227588453132651836e+01 1.210251556917806397e+02
-3.954786846850596049e+01 6.449201676753899903e+01
-1.345759557942276388e+02 2.498011515758487633e+01
-1.301546619144479280e+02 5.510846202974271790e+01
-1.645792434685501746e+02 4.648749876750988363e+01
-1.344890906565239561e+02 3.717315590721310770e+01
-4.890096409972781721e+00 6.683159539306070940e+01
-1.509373507725379113e+02 4.278901325527784394e+01
-1.021191254686246737e+02 4.048599276750017850e+01
-7.636864972403222396e+01 4.917981365936804394e+01
-1.262028533337569343e+02 4.326176240337156997e+01
-1.145666934686272498e+02 6.149126376745517319e+01
-1.223487572820232430e+02 3.758714603894379991e+01
-4.750003825773688959e+01 4.957777082326200713e+01
-1.051522594405829949e+02 9.418400865612241546e+01
-9.710776929501456323e+01 8.235384797603593654e+01
-2.710030046866132381e+01 7.649502876747942537e+01
-5.118882611126202420e+01 5.530944852600486428e+01
4.026670375469039698e+01 1.182894540694216516e+02
-1.385821512833848885e+02 9.413529022936421597e+01
-1.104545504685855093e+02 8.249653476748913761e+01
-7.584777311976161229e+01 9.398803067189425064e+01
-1.305804558652951357e+02 7.937725953601469087e+01
-1.097224272100141604e+02 -2.845569060693043539e+01
-8.956041846858681765e+01 -1.524549232488777051e+00
-1.350869030418757291e+02 1.005523982574080577e+02
-8.407023983165530012e+01 9.390460427230644314e+01
-8.447963715290255493e+01 1.061022206728472810e+02
-1.766642499803677424e+01 8.520468196708982589e+01
-9.789584346854765329e+01 -6.153960923250684090e+01
-1.054951932455186920e+02 1.093215828165082826e+02
-1.639664965761736326e+01 9.171933927927636887e+01
-9.378370046866385223e+01 1.155048177674635355e+02
-9.760833500791459016e+01 1.124263760528855158e+02
-7.192261792575085622e+01 1.092020936880173423e+02
-8.088649688556250794e+01 1.125407225676458296e+02
-1.104545504685855093e+02 1.095033117675327929e+02
-1.095001722114048306e+02 1.093731654238778361e+02
-1.551020027179346812e+02 3.128844860182817911e+01
-7.615329656548921378e+01 -1.373978883154833497e+01
-1.005529838046347351e+02 1.089119608760484397e+02
-1.176954690669795411e+02 1.061537168065458872e+02
-1.434065739070955487e+02 1.005889145471051052e+02
-1.057791401435085845e+02 1.005052198701300625e+02
-1.184141200846669904e+02 9.750808048503279224e+01
3.700753894902346275e+01 1.178886552381911486e+02
-9.697409899470619621e+01 1.033712956301476851e+02
-8.008220537019310825e+01 1.094084480631892120e+02
-9.378370046866385223e+01 1.185055707674683845e+02
-8.544827546870301660e+01 1.155048177674635355e+02
-8.122499346862599623e+01 9.449954676750854787e+01
-2.176817820032922413e+01 4.900416527261037203e+01
-1.778485965058516527e+01 3.710245786747162100e+01
-9.378370046866385223e+01 1.215063237674732335e+02
-8.474836875913187839e+01 9.746686391829686613e+01
4.039046197963831730e+01 1.184240341434130670e+02
-6.789494917858250744e+01 1.033367221686269488e+02
-1.679601060915830146e+02 2.816214917199314982e+01
-1.179154208797916397e+02 1.330296163443154853e+02
-1.136022809689758475e+02 1.152941557102343637e+02
-1.226458525042360890e+02 1.215580197093483719e+02
-1.385090198370025121e+02 2.523819539204098916e+01
-1.594400609958602217e+02 4.302418224270858360e+01
-1.723263647884537022e+02 3.146671042111371008e+01
-1.012202816530121083e+02 1.034461680872423699e+02
-1.052955634473359225e+02 9.453718760298168888e+01
-1.059861697383757502e+02 1.155822846317144723e+02
-6.320038176095391691e+01 1.179903809736128437e+02
-9.729155097333217839e+01 1.125657512836798304e+02
-9.265712755036962278e+01 1.242615023153204561e+02
-3.859010804400155337e+01 1.119867738270148863e+02
-6.794269856936476515e+01 1.090521469393066525e+02
-9.298437005652071718e+01 8.522091569475861661e+01
-5.113619169457541602e+01 7.601071926172427595e+01
-2.601941825967194077e+01 5.219020947986771120e+01
-3.455112058584005297e+01 5.824618733870243403e+01
-1.265527519529111515e+02 4.045495658825829111e+01
-1.006154624389281338e+02 1.177947712909720366e+02
-8.822878723889965613e+01 1.148033374484495255e+02
-8.852447756516706079e+01 1.512880882912422749e+02
-1.429131636989867218e+02 1.930716962189988806e+01
-8.035435314953880948e+01 -3.797996305404578976e+01
-5.548657066534062210e+01 1.034499315155996158e+02
-1.720518801712992740e+02 2.559403444724549104e+01
-1.261498073546014211e+02 4.919263211179810469e+01
-1.176486384795126980e+02 6.119607517023435150e+01
-1.475067246017100331e+02 6.445058743452285910e+01
3.652334670048044529e+01 1.183067936391357051e+02
-1.182058558524594787e+02 4.344779233364285886e+01
3.657457773221464237e+01 1.182597200528142309e+02
-8.081187841641285274e+01 1.665824839182620849e+02
-8.001482210199039002e+01 1.597388075496833721e+02
-6.379591089986739405e+01 1.631138651240570141e+02
-4.749667087720217751e+01 1.484581768695518065e+02
6.955844224040738766e+01 1.574152637291334145e+02
-8.014288356714679651e+01 1.601770214126392773e+02
-9.274649736629811514e+01 1.632530702040389485e+02
4.463126719794069430e+01 1.603281326761844525e+02
-9.704409126661782636e+01 1.453474018076503285e+02
-9.275405658514428353e+01 1.629721199893925530e+02
-7.262107973083365664e+01 1.605612834965561433e+02
-8.401261259810422644e+01 1.569253636502045026e+02
-7.623001147830674995e+01 1.606101745913428545e+02
-9.378370046866385223e+01 5.548975776744546806e+01
-1.100253107732550291e+02 6.742953030696392602e+01
-8.899804795273452385e+01 1.635062613782219785e+02
-5.621871846858556410e+01 1.575153597674524804e+02
-9.613680302178632786e+00 9.417501269312944601e+01
-7.258027679618642480e+01 1.095059657760748593e+02
-8.502722057349527063e+01 9.755229919092312230e+01
-6.771353495246317777e+01 1.573214342930367877e+02
-8.043643091078224927e+01 1.572523059070225599e+02
-1.052932877860288698e+02 1.121504290245241577e+02
-1.094425775874743181e+02 1.152830651321798712e+02
-9.637684309132656324e+01 1.119561035156934281e+02
-8.034203103983716687e+01 1.091721295371596625e+02
-6.790130530931301678e+01 1.032023035367456032e+02
-5.929224241512868332e+01 1.179696842073654324e+02
-7.179104692447180014e+01 1.117747268478665887e+02
-6.787279417700935369e+01 1.154661532745723065e+02
-1.271254004686651058e+02 9.149879376750368465e+01
-1.391681341844552833e+02 8.554111907732745124e+01
-1.145666934686272498e+02 1.275078297674829457e+02
-1.177738172271094612e+02 4.323088489347988883e+01
-6.429576595375507964e+01 1.545283347863460790e+02
-3.463309034859282320e+01 8.209226795876155336e+01
-1.014951486129965019e+02 7.646130293071570350e+01
-1.008771365391692569e+02 1.089991453672678574e+02
-8.423332157051380875e+01 4.894618255066747992e+01
-1.349076483937256228e+02 7.037897748866110703e+01
-1.475277960605067165e+02 6.141847775394584374e+01
-1.387674819257073295e+02 6.705785578162397087e+01
1.328498888805948752e+02 2.499681465169506680e+02
1.195806261971066391e+02 2.505093349203406206e+02
1.114478377983136710e+02 2.506094785414361183e+02
1.280175478857211147e+02 2.563745576621178657e+02
1.363767990461673207e+02 2.471984977223046940e+02
-5.522640691389062795e+01 6.119046448902386004e+01
-5.929626540648505539e+01 5.205625654086812659e+01
-5.164206033232198223e+01 6.440490372905838967e+01
-6.814418154086533264e+01 6.137478008415618547e+01
1.198128718089147355e+02 2.443380208050954536e+02
1.157736359338348819e+02 2.469643927621971216e+02
1.275375015161580166e+02 2.476759190430776698e+02
1.071640974604806047e+02 2.532809169346877241e+02
1.196855321040760316e+02 2.534218713617453886e+02
1.108869498281596577e+02 2.475444684225509491e+02
1.281055978892836720e+02 2.500647919723552661e+02
1.069752633539626174e+02 2.535806624936205935e+02
1.448465737255084775e+02 2.442741765581481559e+02
1.120403729190087461e+02 2.410841363203438448e+02
1.114808385425833990e+02 2.529937976341212220e+02
1.242071602111060713e+02 2.469152509032172418e+02
-8.849867740167276509e+01 5.495297030243197156e+01
-8.030490405096816176e+01 5.517433217773692178e+01
-7.999061163866427648e+01 5.516399907318173490e+01
-8.064537956060037516e+01 5.546106536233418183e+01
1.110165140474996406e+02 2.385910639345348159e+02
1.274769038039445945e+02 2.535378880393028567e+02
1.029296299955568230e+02 2.473718136788299091e+02
1.241454012284998925e+02 2.472126284107349932e+02
1.285667318816201430e+02 2.499492713334165899e+02
1.271254004683492411e+02 2.505870482324966417e+02
-1.010058304833872285e+02 1.151700499654204179e+02
-1.090955177134084693e+02 1.031028022776041979e+02
-1.057256504024286556e+02 1.094605191448151231e+02
-9.642606858472565534e+01 1.180751912705758429e+02
-9.707370709544230181e+01 1.151655225219291054e+02
-7.711285046858424153e+01 1.065025587675279439e+02
-1.184028574242971246e+02 1.645159243170264673e+01
-1.162001173046944444e+02 8.225316875995531518e+01
-1.062312684685084889e+02 8.549728776749398662e+01
-1.010722988316545070e+02 8.200081819816024620e+01
1.399085055357045917e+02 2.386464750813151738e+02
1.363594996190065558e+02 2.384356416653636472e+02
9.441128794232571408e+01 2.355020519028431636e+02
-1.596267227336406336e+02 2.809285962839421913e+01
-1.768548373544569188e+02 3.147312901893641524e+01
-1.718738162505617026e+02 3.130219218078016041e+01
1.072517899335917235e+02 2.473242985834909007e+02
1.073335304654207221e+02 2.440688378165112908e+02
1.244202948594774227e+02 2.439738830271014649e+02
-1.051719364120234559e+02 1.004860161168441124e+01
-1.055948874548520138e+02 1.049390042757115715e+01
-1.136478879183797375e+02 7.539926617737691572e+00
1.238334008201394880e+02 2.474533475887203906e+02
1.408221093009798608e+02 2.381298142623131753e+02
1.321447134462336237e+02 2.414571961825060953e+02
1.402484153865340488e+02 2.356321044630608412e+02
1.319830017440308438e+02 2.476785261401588514e+02
1.199066371899313879e+02 2.473347094391161534e+02
1.401478952892952350e+02 2.415762086769590553e+02
1.282377875904798543e+02 2.409337895820725350e+02
1.366679244433024110e+02 2.348999509062918492e+02
1.366229764875945989e+02 2.354562255332303664e+02
1.160704307541465710e+02 2.440119568811601880e+02
1.285998724261481243e+02 2.351122564439534699e+02
1.283909649479284667e+02 2.470916380685089280e+02
1.491698949194058059e+02 2.321718619328157445e+02
3.630100962132510745e+01 1.182957537546048741e+02
3.647273337823405370e+01 1.181101718921221959e+02
-1.344546331880004857e+02 6.406552654425351534e+01
-1.395729684685097425e+02 5.849051076745031708e+01
-1.386138307856337235e+02 6.407833276075149342e+01
-7.200033884341212342e+01 1.121890968610422021e+02
-6.363469791364867945e+01 8.232600017795994063e+01
-5.926719265622282506e+01 1.120174297492352480e+02
-1.091466486399203291e+02 1.270882517891414665e+02
-8.087485022085473929e+01 1.666063561044919084e+02
-1.094507600330570796e+02 1.016187179061695112e+01
-8.907212949279661984e+01 1.156105504707189340e+02
-9.630585833564494180e+01 1.148892972989364836e+02
-9.282589069089782186e+01 1.151274055853798330e+02
1.323881891719662178e+02 2.324131739536587133e+02
7.799470321522284166e+01 2.229471788727569503e+02
1.283357104011154206e+02 2.352452025051859152e+02
-8.492751988112216566e+01 1.123224475436835093e+02
-8.422115620545072545e+01 1.180937514498913430e+02
1.277471465862443978e+02 2.355076348176024226e+02
9.868702959151178788e+01 2.265511078414250790e+02
1.320441858221426799e+02 2.262615059767992420e+02
1.157282542048346698e+02 2.381288695544778307e+02
1.396285379683694430e+02 2.325825302324675192e+02
1.152463525169975327e+02 2.234124358024706112e+02
1.380515854359767332e+02 2.356389587738917157e+02
1.154427620158464975e+02 2.352997437724789904e+02
1.406408447989962553e+02 2.352984899913135166e+02
4.050370411722850861e+01 1.179503764071980214e+02
4.471192074410237893e+01 1.120968825819583543e+02
4.485046183836232814e+01 1.119632414614095808e+02
2.856943814412572991e+01 1.210419809779550206e+02
1.283257394570436531e+02 2.411626554411133156e+02
1.237745939707472331e+02 2.354832134570345943e+02
1.398355648737100978e+02 2.324918789144084599e+02
1.440978526039279473e+02 2.265691795690693766e+02
1.152246288144597912e+02 2.325371491783364490e+02
1.358730188176237164e+02 2.324858686526178531e+02
1.317047521839725448e+02 2.325284390075041472e+02
1.110701062129637791e+02 2.325462402600536791e+02
1.187899754683884055e+02 2.325825302324675192e+02
1.363647154865222149e+02 2.321842954391234741e+02
1.320839224636879123e+02 2.384999687083796687e+02
1.118058799853439638e+02 2.319184454989024857e+02
1.319032490199411995e+02 2.263815279271206293e+02
1.114943192986955438e+02 2.262728394377028849e+02
-9.737127897554175604e+01 1.033904550662626320e+02
-1.138185753795124384e+02 1.031078732445691486e+02
-1.092638609562888519e+02 1.089274526425742096e+02
1.193718444801927490e+02 2.413853801278835078e+02
1.409036058514218439e+02 2.350371705081201696e+02
1.447282938522179450e+02 2.325402268034138729e+02
1.035310206068023859e+02 2.288729725016859220e+02
-8.466226149853808636e+01 1.153455362205106383e+02
-8.122499346862599623e+01 1.155048177674635355e+02
-8.025998187911562809e+01 1.152434124956553916e+02
1.321456914797805098e+02 2.261072084655939136e+02
-1.386520827689017494e+02 6.427725948576390635e+01
-2.710030046866132381e+01 1.245070767674780967e+02
-1.304463307499280802e+02 7.021680255235564516e+01
1.071605082680025873e+02 2.262194456696339273e+02
1.031970100881011945e+02 2.262571280211683700e+02
1.325751393028305642e+02 2.230849542404664589e+02
1.404900908415515630e+02 2.263697501703041155e+02
1.366522631494245843e+02 2.382376187735905830e+02
1.284210400818315634e+02 2.349541389613168576e+02
1.404705899111428948e+02 2.352997053737193482e+02
1.156866058207107528e+02 2.322241380164888938e+02
-9.316552387143478597e+01 1.515358751097826655e+02
-8.884315639826373001e+01 1.573082115636606488e+02
-9.317579653650605565e+01 1.634418686599977661e+02
-8.866148748382323674e+01 1.601226853951192197e+02
1.324008162740375099e+02 2.411161010908729168e+02
1.404202738364595575e+02 2.351871258964353046e+02
1.482876568237450101e+02 2.384853518858606378e+02
1.403534693998800265e+02 2.353262660519674228e+02
1.273986128420156092e+02 2.446959037838120423e+02
1.282377060565573288e+02 2.382019799509600944e+02
1.240217263033794808e+02 2.352554973560474991e+02
1.192901513558289821e+02 2.295018173332566107e+02
1.239995271848217726e+02 2.440025781853883018e+02
1.362522875697981704e+02 2.476178608491103148e+02
1.312931129684086216e+02 2.475862952324917785e+02
-8.033333732693604645e+01 1.092506446463034848e+02
-7.960400550154034249e+01 1.149562882259640162e+02
-7.575553274418417971e+01 1.089414096792590527e+02
-7.575867351556622964e+01 1.149681035843480146e+02
1.319689529785244133e+02 2.416077320512383153e+02
1.359262565771242350e+02 2.324789228869088618e+02
1.323099653461720777e+02 2.289799872043397500e+02
1.406883007516804582e+02 2.260182814256617689e+02
1.229576879684477859e+02 2.385840362324772173e+02
1.312931129684086216e+02 2.355832832324723825e+02
1.229576879684477859e+02 2.295817772324626560e+02
1.317658044571224139e+02 2.267015566897839278e+02
1.445782493417692365e+02 2.415426745159853681e+02
1.153344563682638864e+02 2.325914458681054668e+02
1.450325382598059889e+02 2.321914021285899423e+02
1.150808821177077590e+02 2.325627321224881143e+02
-1.681637895880634233e+02 3.142829514106946576e+01
-1.688025254686272092e+02 3.148373376748562436e+01
-1.727008827844665007e+02 2.245658726208184319e+01
1.191248181588750157e+02 2.325084129787500160e+02
1.486206466646867739e+02 2.322177817447197299e+02
1.358108410018719496e+02 2.265365426666122346e+02
1.238473011836093747e+02 2.261212912571880338e+02
1.197369304441331366e+02 2.295071539206174975e+02
1.448061002396171375e+02 2.352376601520668942e+02
1.488563899389952496e+02 2.323350416018531632e+02
1.077410078515284368e+02 2.293663145978398461e+02
1.402260003847103746e+02 2.295865528895271268e+02
1.448518518604036558e+02 2.265290571603610204e+02
1.448041647741164013e+02 2.265913250919923598e+02
1.238489450555701836e+02 2.412321587016213869e+02
1.194119145731171017e+02 2.354430590269458321e+02
1.404740003856976216e+02 2.323900940027700983e+02
1.444877441610734934e+02 2.325964531093701453e+02
1.229576879684477859e+02 2.355832832324723825e+02
1.240663509253755734e+02 2.383362343933205807e+02
1.322536998685864376e+02 2.384092887975376698e+02
1.274275521482351081e+02 2.356675213285240318e+02
1.363513873332820197e+02 2.411254313556622719e+02
1.152409574376864327e+02 2.357274401769382735e+02
1.153865129574972457e+02 2.326040540762095645e+02
1.114061003390427516e+02 2.294186611570103480e+02
-1.091555723694868476e+02 1.089276424352692629e+02
-1.051424597096936679e+02 1.060470723583830193e+02
1.399223177727611471e+02 2.325611384599709197e+02
-1.386012833206493440e+02 -1.880784283001410984e+00
-1.337895675869277170e+02 6.700793572822958311e+01
3.583301207120268117e+01 1.184034523988441094e+02
-1.017731907933296469e+02 1.349714336086536903e+01
-9.700819549273025189e+01 1.011826499859988537e+01
-1.722936544953582541e+02 3.145640475481455667e+01
-8.858034335564337880e+01 4.890193093957560677e+01
-6.419383142648442231e+01 8.246552273570672753e+01
1.354608254684680162e+02 2.325825302324675192e+02
1.279614967278150885e+02 2.415942284647908025e+02
1.322399661147216818e+02 2.411976535144948173e+02
1.404226270781846608e+02 2.413447729826799275e+02
1.320522377747545590e+02 2.351605073760729852e+02
1.320565677243351104e+02 2.387229718328477190e+02
1.234929061557844250e+02 2.355140130424402400e+02
1.360538394378079374e+02 2.354131855355904008e+02
1.527291013506661557e+02 2.354609058011016884e+02
1.137033623735091510e+02 2.509935814521805071e+02
1.400248276565447441e+02 2.445552536037355367e+02
1.398979740715014088e+02 2.414957923288255017e+02
1.524638217930160806e+02 2.414811628733181976e+02
1.482149239413747068e+02 2.386823666501819901e+02
1.354608254684680162e+02 2.445855422324869153e+02
1.521316754683896590e+02 2.445855422324869153e+02
1.271254004683492411e+02 2.415847892324820805e+02
1.437962504684288376e+02 2.415847892324820805e+02
