date:2016-08-13, time:0600, wind_speed:2.08, wind_dir:35.0, temp:18.3
5.275924419932226783e+02 1.099644509077799967e+03
-4.720841606956630017e+02 8.144329413864268474e+01
4.791852453145997401e+02 1.095033117674538289e+03
5.330502787544936609e+02 1.103625785377306329e+03
4.791852453145997401e+02 1.095033117674538289e+03
4.837971838846492574e+02 1.097927714212924002e+03
5.280191126992308455e+02 1.131761265099138200e+03
-5.526365226577481735e+02 1.439367202521747515e+02
-1.391118501417294510e+03 -2.793698465200516239e+02
5.260381804092742186e+02 1.101429817373641299e+03
4.853592433013074015e+02 1.102419817786253361e+03
4.818679332638669166e+02 1.098390304343090520e+03
-1.304645178588757062e+03 -3.696308103755486627e+02
7.248036880037226126e+01 1.102987277706281020e+03
-4.319650117000765022e+02 1.418271685153100634e+02
-2.620080702886767199e+02 4.145539031883544112e+02
-1.135315831639302587e+03 5.347903207602855247e+01
-1.344198361824302083e+03 -3.666733042326610530e+02
-1.470300050219792183e+03 8.456900854789535060e+01
-1.271254004686651115e+03 -1.952906723251788890e+02
4.876196408717945587e+02 1.105313914783271002e+03
4.036729168725566410e+02 1.225538076094124563e+03
-2.710030046866132238e+02 2.248147476747107021e+02
5.265780655011095632e+02 1.100356916800415320e+03
4.016028922819323270e+02 1.189745585826475235e+03
-1.021191254686246793e+03 -6.454036223251169986e+02
-1.056259428285381773e+03 -6.997002349627224476e+02
4.834843292325074344e+02 1.096597476377346084e+03
-5.565600147004621476e+02 2.034007607362610770e+01
-3.018402445042485169e+02 2.527157580840878381e+01
-6.044200046866258162e+02 1.047846276745166136e+02
6.354382056006784296e+02 1.103989238796600603e+03
-5.561326961895609884e+02 4.120424090315014496e+02
4.791852453145997401e+02 1.095033117674538289e+03
-1.511381819941696222e+03 8.576618470000306615e+01
-6.044200046866258162e+02 2.248147476747107021e+02
-1.312375434685489154e+03 -1.524549232488777051e+01
-3.543572546862215518e+02 2.248147476747107021e+02
-1.601632323627790811e+03 7.820891512249073685e+01
-1.428559050911907889e+03 -6.584500255360299548e+01
5.266683096137358007e+02 1.100236272787518374e+03
-1.349517805384473377e+03 -8.474926912839563897e+00
-1.556505271714609535e+03 1.125434775831573404e+02
-1.521316754685476099e+03 1.476203767437105796e+01
-1.639812372171239303e+03 2.009015485125207761e+02
-1.104545504685855121e+03 1.948072176746621835e+02
-1.183733859468728724e+03 2.585137224279607722e+02
-5.621871846858556410e+02 2.548222776747592206e+02
-5.535154392462875421e+02 1.741946902831401474e+02
-1.581544382691977546e+01 7.703983541343986872e+02
-1.262879083054548801e+03 -4.258397724860255380e+02
-1.100230303850210248e+03 -5.222637879971789516e+02
-5.742236365215261173e+01 7.368069206657386303e+02
-1.394635889896014760e+02 7.397622530950463897e+02
-8.440302487310533479e+02 4.732844014620720827e+02
-6.206168468662637849e+01 1.065025587674489771e+03
-1.802825817495095464e+02 8.300287108592535787e+02
6.302202322595385908e+01 1.175245133858700910e+03
-1.975411462432909389e+02 6.230787189367721339e+02
-1.059242855568810910e+03 -6.428758518634273287e+02
-1.371019347101721451e+02 1.194832063534358440e+03
-4.309371547922075933e+02 8.629083437064053896e+02
-2.710030046866132238e+02 3.148373376748562578e+02
-1.145666934686272498e+03 1.948072176746621835e+02
5.271981906272087599e+02 1.130310023161458275e+03
-1.021191254686246793e+03 1.035018057674441252e+03
-1.404790705171704701e+01 1.160830625585065036e+03
-1.259666881692546212e+03 -9.517440814367606094e+01
-1.303084085059422478e+03 -2.166235757211041744e+02
-1.214314191725978276e+01 1.165582158675423898e+03
-2.209599724263234464e+02 1.344635745020701052e+03
-5.338705747523147238e+01 1.434906598332623162e+03
-1.309252724228124634e+03 -1.628092841875885881e+02
2.855135602605510314e+01 1.189777119117603888e+03
-1.403914757532040198e+02 1.340830107476970852e+03
-8.544827546854508000e+02 1.185055707674683845e+03
-5.996690626540299718e+02 9.798805708776646952e+02
-1.136801944295069006e+03 1.163208771979787571e+03
-1.142860789598462134e+03 1.128064642259564152e+03
-1.222369084605209309e+03 1.191420575939902619e+03
-1.375210429395466463e+02 1.463092701474942487e+03
6.991596378539236412e+01 1.106039882651912421e+03
-3.489393985001855754e+02 1.041125509350569473e+03
1.046468153141696291e+02 1.155048177674635326e+03
1.502678171347799889e+02 1.456886908966044757e+03
-8.544827546854508000e+02 7.477709767446809508e+01
-8.956041846858682902e+02 -2.252982023252274075e+02
-1.222475364614948830e+03 -4.256472464832529568e+02
-1.021191254686246793e+03 1.245070767674780882e+03
-9.259652335290529663e+02 1.285399257118606783e+03
-1.187899754685463449e+03 -1.524549232488777051e+01
-3.081545213456430474e+02 4.691197227297556793e+01
-2.196018307192242105e+02 3.542206025164450693e+02
-5.559329405763735110e+01 7.700062162523012148e+02
-5.932705013031804242e+01 7.369996798174033756e+02
-1.683904857355158583e+03 2.285534658179880125e+02
-1.452553532846745554e+01 1.341615213015136305e+03
-1.052684013163971713e+03 1.315996895955398031e+03
-4.377115046858298797e+02 1.305085827674877919e+03
5.258777685052158404e+02 1.097696360819356642e+03
4.791852453145997401e+02 1.095033117674538289e+03
-6.368805699197439480e+02 1.283558135193372664e+03
-2.605972088189763554e+02 9.557399999835691915e+02
-3.882689830475278541e+02 9.201916099773793576e+02
-9.378370046866384655e+02 1.305085827674877919e+03
-5.121224666543702142e+02 1.283639599953260586e+03
-5.182132081817710514e+02 1.368450980029136190e+03
-7.253481978065992735e+02 1.277110123654338167e+03
-2.619410676240905218e+02 1.225154973831045481e+03
-9.722078677272311324e+02 1.160062800215256402e+03
4.859441013859749319e+02 1.369503044174447041e+03
6.976042004356438611e+02 1.045238703450075946e+03
-1.011458716061364498e+03 1.195174249280717049e+03
1.506453980134617723e+02 1.608462797552710299e+03
-5.258237050122731659e+01 1.974352885980332303e+03
4.911266620999972474e+02 1.104566922144838145e+03
-1.428310936095825127e+03 5.514297490995120654e+01
4.820045703947852758e+02 1.098440453157463935e+03
-3.446404373348644299e+02 3.227414075251353438e+02
-1.062312684686664397e+03 9.750029976751339973e+02
-8.020623879692582250e+02 1.015147069763809441e+03
7.198087596501019902e+01 1.043783171828165450e+03
-5.074074808146927751e+01 6.851292146039986619e+02
4.033150917309002352e+02 1.549378797250727757e+03
-5.433550208619624300e+01 1.970300104124371273e+03
-5.521346806159773735e+01 1.971395816741384351e+03
-9.578534958781339981e+01 1.703688387832879243e+03
5.260235359255696039e+02 1.128107026498236564e+03
4.876162186566014043e+02 1.104333892363978293e+03
5.282367341599589281e+02 1.100624647980329655e+03
-9.789584346854766181e+02 1.245070767674780882e+03
5.325082194452562590e+02 1.104327132719458177e+03
-5.605397034622876618e+01 7.407326251294819031e+02
-8.082161164718372675e+02 1.308315518191192268e+03
-1.141911116896214025e+03 1.277467308091994710e+03
-6.779554900561646491e+02 1.346328860011864208e+03
-8.456571342163490499e+02 1.373852532246701912e+03
-9.757192906121913438e+02 1.218290579335260190e+03
1.911213948191922327e+02 1.277600423626801330e+03
-1.145666934686272498e+03 1.275078297674829400e+03
-8.956041846858682902e+02 1.305085827674877919e+03
1.457682453145870909e+02 1.245070767674780882e+03
-1.021191254686246793e+03 1.335093357674926438e+03
-9.336161331504940790e+02 1.218554228941132578e+03
-9.316161905846404352e+02 1.312621164340573387e+03
-1.093958823443604388e+03 1.375807709396870905e+03
-1.179719158875935818e+03 1.254471994709050705e+03
-1.104545504685855121e+03 1.185055707674683845e+03
-1.179655780156035235e+03 1.221589797274625198e+03
-1.054325562181876421e+03 1.220426278909000985e+03
-9.378370046866384655e+02 1.215063237674732363e+03
-2.194057653973251547e+02 3.536644036087040490e+02
-3.867692712224099978e+02 4.449392862953704366e+02
-9.287149750305356974e+02 1.285145198525531669e+03
-9.314602784231664145e+02 1.280931372404588501e+03
-6.798927263958818230e+02 1.280555384052849604e+03
-1.180094216075659460e+03 1.225724318815551442e+03
-1.142182412903824115e+03 1.277359254270896599e+03
2.129256531456131540e+01 1.245070767674780882e+03
-1.134511038177168984e+03 1.314565537343392180e+03
-9.754756306669224841e+02 1.158303618390435986e+03
3.223651197118581422e+02 1.222111243736954521e+03
-1.057811444267102615e+03 1.277560745991689373e+03
4.791852453145997401e+02 1.095033117674538289e+03
5.246157834404878031e+02 1.097969949573692702e+03
-1.140074751880880740e+03 1.342250427275739639e+03
-9.299225622017345358e+02 1.313261589083006129e+03
-1.017939259385944638e+03 1.278573294867699133e+03
3.184384707234876259e+02 1.220027802538323613e+03
-9.686660661578143845e+02 1.285102645568781554e+03
-7.227927740444232541e+02 1.249602026879119421e+03
-1.271254004686651115e+03 1.215063237674732363e+03
4.791852453145997401e+02 1.095033117674538289e+03
4.791852453145997401e+02 1.095033117674538289e+03
-1.015717727512539454e+03 1.280036806703614729e+03
-8.456244232564392860e+02 1.193638997552550109e+03
-1.094223253354890858e+03 1.194364889047104043e+03
-1.104545504685855121e+03 1.455123477675120512e+03
-9.330236166086798448e+02 1.340178685143123857e+03
-9.678542388186415337e+02 1.285051418598423652e+03
-1.467235029330639691e+03 5.395713487834439093e+01
-7.288956846866516344e+02 4.476956767441957652e+01
5.279047394811001368e+02 1.100286867670185302e+03
-7.611112754769071671e+02 1.224477317687551704e+03
-1.097065055036675631e+03 1.249542698715813685e+03
-8.956041846858682902e+02 1.185055707674683845e+03
-1.220553302803663428e+03 1.255637548951797726e+03
-1.012747341019654073e+03 1.227220234055515220e+03
-1.229021184685880826e+03 1.125040647674586808e+03
-1.095122747217168808e+03 1.286359157728976697e+03
-8.956041846858682902e+02 1.125040647674586808e+03
7.121756990156826816e+01 1.134748205174424356e+03
1.931923055368615678e+02 1.190589538371353456e+03
-1.014467056301420712e+03 1.250165519461673739e+03
-9.432793465374695074e+01 1.434982437371100104e+03
5.304750208785507084e+02 1.403413068179217362e+03
-1.229021184685880826e+03 1.095033117674538289e+03
-1.053156305263131344e+03 1.225533129551204183e+03
-1.021191254686246793e+03 1.215063237674732363e+03
2.816207388444027515e+02 1.224743042327330159e+03
-1.014689454491691436e+03 1.220433630258040466e+03
-8.476630654996682779e+02 1.256962624894388000e+03
-8.012493508959379369e+02 1.315466222746147423e+03
-1.021191254686246793e+03 1.215063237674732363e+03
-8.853560685619888773e+02 1.255950075248430494e+03
2.369418240972727006e+02 1.222431780037072031e+03
-3.121244346854513196e+02 4.048599276750018134e+02
-1.386439964191268018e+03 2.665019607561607273e+01
-1.225228738752446588e+03 1.187507719085605913e+03
-8.451894720670347851e+02 1.253721944836760031e+03
2.399372285787259784e+02 1.223269145857448621e+03
-1.013142027710227694e+03 1.315870272266197617e+03
5.214180653137905210e+02 1.215063237674732363e+03
-4.055718745834407173e+02 5.504607109914155672e+01
-6.384494351572606092e+02 -1.284186240444242344e+02
-4.742733065697897246e+02 1.681948726683422990e+01
-5.531502535596506505e+02 -6.394674949503254879e+00
-8.036297693143391143e+02 1.195104162472793405e+03
-7.711285046858424721e+02 1.185055707674683845e+03
-6.366118399516476529e+02 1.012672293205636151e+03
-1.271254004686651115e+03 -1.524549232488777051e+01
-2.656912144616587739e+02 4.107436655174253701e+02
-1.876487546854255584e+02 3.448448676749047763e+02
-3.543572546862215518e+02 3.748523976749532949e+02
2.335090902210065451e+02 1.306711910306738446e+03
-8.460999042426403776e+02 1.285689509614742292e+03
3.124767453138036899e+02 1.215063237674732363e+03
-8.627393678636408367e+02 1.046842104187762970e+03
-7.288956846866516344e+02 -1.524549232488777051e+01
-1.096118466734414142e+03 -2.161407700568568941e+02
-9.743902820808606293e+02 -2.216594426861845193e+02
-1.058995810785960202e+03 1.187887455359426440e+03
4.026125419229084628e+02 1.191017356864269914e+03
-1.271254004686651115e+03 1.275078297674829400e+03
-9.707804185865777526e+02 1.070747771044219007e+03
-8.016452352336624472e+02 1.675679768784664702e+03
-5.579846906990577509e+02 1.636922999809488147e+03
-7.711285046858424721e+02 1.635168657674621954e+03
-1.062312684686664397e+03 1.155048177674635326e+03
-9.702982787913842913e+02 1.224869483944003832e+03
5.287530221810361581e+02 1.101361807755477685e+03
-1.096052358185378125e+03 1.252942775544312553e+03
7.335481374034193891e+01 7.440905627040756372e+02
-6.044200046866258162e+02 1.695183717674718991e+03
-5.621871846858556410e+02 1.695183717674718991e+03
-1.021191254686246793e+03 1.575153597674524917e+03
-8.956041846858682902e+02 1.695183717674718991e+03
-8.481877833187443230e+02 1.730770033848943058e+03
-7.288956846866516344e+02 1.725191247674767510e+03
-8.026511987671283350e+02 1.523965021976044000e+03
-5.974243782327363306e+02 1.731201105411752678e+03
-7.193034872498537879e+02 1.644615191863034397e+03
3.578172917783525691e+02 1.667305084281492782e+03
-8.862950450951610719e+02 4.745966597268393912e+02
7.714808153141948424e+02 1.755198777674816029e+03
-4.377115046858298797e+02 1.665176187674670473e+03
-5.578690461004122199e+02 1.758209866597069322e+03
-2.603138943014946562e+02 2.037182704985642090e+02
-3.090847471823510659e+02 1.682464399706492202e+02
-2.661396201491902502e+02 1.977389422934265610e+02
-7.198303496855885442e+02 1.733523064100096690e+03
7.383103729566842048e+02 1.704744018686138133e+03
-6.877742546862341442e+02 1.695183717674718991e+03
-6.788494262454162254e+02 1.704826463704919661e+03
-6.823490008508391611e+02 1.700685211604549067e+03
-6.455414346854639689e+02 1.725191247674767510e+03
2.129256531456131540e+01 1.215063237674732363e+03
-9.886929960115026006e+00 1.255445812320871028e+03
3.116677257445992666e+01 1.224922920028958742e+03
-8.437087316682200253e+02 1.164472923406080554e+03
-8.122499346862599623e+02 1.185055707674683845e+03
-8.894742107324659628e+02 1.159212399383287902e+03
-1.434832009503069457e+03 1.666070821011021224e+02
-1.224436286636549312e+03 1.190758305665651505e+03
-1.218689962303329366e+03 1.195603924186575796e+03
-7.197179834284985418e+02 1.765718122973253912e+03
-3.121244346854513196e+02 1.785206307674864547e+03
-6.455414346854639689e+02 1.725191247674767510e+03
-4.693367375331825997e+02 1.765208822106412072e+03
-5.978216095590636314e+02 1.759913133825880777e+03
6.117559490060521057e+02 1.729818154069498405e+03
-7.631325265316185096e+02 1.794786849903455504e+03
-6.416411176162574748e+02 1.728668675145194129e+03
8.548350653138031703e+02 1.725191247674767510e+03
-8.122499346862599623e+02 1.695183717674718991e+03
-6.842337618575703573e+02 1.727930887784378001e+03
-5.981670546612485850e+02 1.761509386069329366e+03
-4.691954344867733653e+02 1.734699160219900477e+03
-2.670903517847866624e+02 1.757339770624944549e+03
-5.129517147907008621e+02 1.789671550714431305e+03
6.507667063297906225e+02 1.729270642833055490e+03
6.501252838226145059e+02 1.697647126344738581e+03
-3.475474293298412931e+02 1.732270058362118561e+03
-7.235439590788466830e+02 1.791637523024488019e+03
-5.945907722184734894e+02 1.763766679496787901e+03
6.945829886782735230e+02 1.760343846080488674e+03
-7.639071009198773936e+02 1.705640499981009043e+03
6.491006917320686398e+02 1.727918470286746697e+03
6.964514227602435312e+02 1.766271920558988541e+03
6.881265653145866281e+02 1.755198777674816029e+03
5.265731047927282589e+02 1.130745255433943612e+03
-7.682364187704686174e+02 1.217713842231594981e+03
-7.711285046858424721e+02 1.185055707674683845e+03
-7.191160600209295808e+02 -5.645026802827892709e+00
-1.056199374306067739e+03 1.311403942423540002e+03
-9.310757846384910863e+02 4.104858100620151049e+02
