-3.493532585345012080e+02,-1.365627943876967265e+02
-4.321492937607822569e+02,4.354762283574694237e+01
-3.059463905178218397e+02,7.472108390917756537e+01
4.380638153141822499e+02,1.185055707674683845e+03
6.241399531339939699e+01,5.849051076745032560e+02
4.553887452258132953e+02,1.120938991984964105e+03
-3.383026963559829028e+02,2.192414459021663049e+02
4.048868315051030891e+02,1.182212946539180621e+03
5.325780944196026212e+02,1.092109339644775218e+03
-1.379194037828281807e+03,-2.893747910343279841e+02
5.786123871148716944e+02,1.090812006912836523e+03
5.669201824357323858e+02,1.064596916961451825e+03
-1.099142964774463735e+03,-5.254371325145256151e+02
-1.145666934686272498e+03,-4.653584423256155560e+02
-6.776573248400461580e+02,-8.273555608714035543e+02
-1.631430543418412981e+03,1.910399118056178054e+02
-5.169848810654131057e+02,-2.266767390274292495e+02
-3.448529824481531136e+02,1.925864074516497908e+02
-4.788329346862473130e+02,-7.954412723253595914e+02
-5.058315979488002085e+02,4.605113125131681500e+02
-8.870224366313131270e+01,2.817952012580770997e+02
-1.398430191992849814e+02,3.431426486965139588e+02
-2.710030046866132238e+02,1.647996876746136650e+02
-1.479083934686285147e+03,-7.526055232498481473e+01
-2.123217280979351926e+02,2.495762002377548754e+02
-1.826396792675711822e+02,5.237660042020188484e+02
-1.134837395591716813e+03,4.211667242007689538e+01
-1.764263132113744632e+02,1.612698042636206708e+02
-1.437962504685867771e+03,-2.553057323252759261e+02
-1.433572008798451861e+03,-2.868483468753091756e+02
-1.671556313283120971e+03,1.902107726559959815e+02
1.880010653137779286e+02,1.185055707674683845e+03
-1.682162439077119870e+03,1.932520795110218046e+02
-1.395729684686676819e+03,-7.526055232498481473e+01
-8.544827546854508000e+02,-4.525302232493628907e+01
-4.563355580511820335e+02,3.718730236125330180e+02
-1.474468950867504418e+03,-1.570874673525153042e+01
-3.788626687365077714e+02,1.021645435143666276e+02
-1.640043517387494603e+03,1.934400766932414513e+02
-1.350540031345552052e+03,-2.853925673910007959e+02
-1.432532934334941956e+03,-2.563760162690717266e+02
-1.385960353230129613e+03,-1.631925284219421002e+01
-1.145666934686272498e+03,1.647996876746136650e+02
-6.823276925041255936e+02,7.498831113335616294e+01
-1.534963397152432663e+01,5.839154165068998736e+02
-2.120197906538638222e+02,-4.910553285743701935e+01
-3.909945386300423138e+02,9.150525370102245688e+02
-1.835170121310534910e+02,5.237912695823293916e+02
-2.287701846858429917e+02,3.448448676749047763e+02
-1.386720269135058061e+03,-2.263534385316530120e+02
-1.173046998765376657e+03,-1.976281232863980506e+02
-1.422436604276557091e+03,-1.388373510415008241e+02
2.129256531456131540e+01,5.548975776744547375e+02
5.259012353513397784e+02,1.094371628955780579e+03
4.957179384919884342e+02,1.090800925478445606e+03
-5.525195511412632641e+02,8.829354211768622918e+02
-4.327111843045765340e+02,3.132794506031675610e+02
-5.459237810478029473e+00,1.123173855361475034e+03
-3.385525404717529341e+02,9.420429474253754734e+02
7.881578875846376775e+01,1.121966040329938551e+03
6.738551205813850231e+01,1.394763058566141126e+03
-2.094025468620891672e+01,1.335093357674926438e+03
-1.214163093681134569e+03,8.815283193150775105e+02
-2.122890866070627567e+02,1.331876067367558335e+03
-1.015550704616803159e+03,1.063739747612005431e+03
-1.390830669635584627e+03,9.739771096328661315e+02
-1.876487546854255584e+02,1.035018057674441252e+03
-1.554006236394084794e+01,1.963707937723204623e+03
-4.527605933089836299e+01,1.571937118830583131e+03
-8.897201793635655065e+01,1.032678141362353472e+03
-7.602009682760759688e+02,-1.986395518630320964e+02
-2.238441465235405872e+02,9.738749017816937794e+02
-1.454159346862346922e+02,1.665176187674670473e+03
-1.171912391039274098e+03,1.211126115614213177e+03
-9.378370046866384655e+02,8.849804076749884416e+02
-1.266194837691160956e+03,8.246535923574325579e+02
6.670992044251386233e+01,1.844250490346265678e+03
-5.102448887460972173e+02,1.214142261934502358e+03
-5.717440795388502295e+01,1.244531203774386086e+03
-1.042945046858172304e+02,1.365100887674974956e+03
-1.011375296246765402e+03,1.002079528592086149e+03
-1.042945046858172304e+02,9.149879376750369602e+02
-8.956041846858682902e+02,1.215063237674732363e+03
6.241399531339939699e+01,1.215063237674732363e+03
1.611728382039102030e+02,1.301709357954098323e+03
-1.176173001137490246e+03,1.092003665872221745e+03
-1.104545504685855121e+03,9.750029976751339973e+02
5.741259572587376852e+02,1.064899426644181631e+03
-1.187899754685463449e+03,-4.653584423256155560e+02
-1.087393453356233294e+03,-5.300229007075748768e+02
-4.677997271951912239e+01,1.211571846851995588e+03
-1.029569572260552945e+01,1.334692691222762733e+03
7.931845599637154010e+01,1.840971833654668671e+03
-4.746468503789939746e+02,1.033909061998650941e+03
6.687120044499246774e+01,1.003604880597066995e+03
-1.521316754685476099e+03,4.476956767441957652e+01
-2.659778188359567821e+02,7.053940802893180262e+02
1.204730790072210738e+02,1.000045304093971026e+03
-1.046390003693495146e+03,-6.500296277205694651e+02
2.713553153133862565e+02,1.215063237674732363e+03
-1.266628802200702012e+03,1.064367171776493024e+03
-1.009351693278587732e+03,1.123295444747126112e+03
-9.232840885773661057e+02,1.149856492230595904e+03
-1.098838261862542822e+03,1.124656667198736613e+03
-1.057735364113339983e+03,1.124648630865405039e+03
-1.145666934686272498e+03,1.035018057674441252e+03
-1.090816139778039542e+03,9.705422863361199006e+02
-8.544827546854508000e+02,1.065025587674489771e+03
-1.021191254686246793e+03,1.065025587674489771e+03
-1.229021184685880826e+03,-4.353509123255670374e+02
-1.338867851678282932e+03,-1.080770361114877858e+02
-1.354608254686259443e+03,-2.853132623253244446e+02
-1.145666934686272498e+03,1.065025587674489771e+03
-7.965825339659552355e+02,1.150796598657878349e+03
-1.058068922694455296e+03,1.004409788536624546e+03
-1.271254004686651115e+03,1.065025587674489771e+03
3.602351385173050176e+02,1.183482151584842768e+03
1.927868853912048053e+02,1.215281578353607983e+03
-7.950243477880887895e+02,1.000317543856260500e+03
1.046468153141696291e+02,1.035018057674441252e+03
4.907873508476815800e+02,1.121392755229366230e+03
-8.375311028538877736e+02,9.720425501380279911e+02
-8.803260519353999598e+02,1.089951546166678099e+03
3.854769736824219706e+01,1.030410932928047032e+03
-1.187899754685463449e+03,1.035018057674441252e+03
-9.736166642884318208e+02,1.153355891272907456e+03
-1.689169263717131741e+01,1.005372780625763085e+03
-1.378386329258343949e+03,-7.893626898331818609e+01
-8.845422699241797773e+02,1.122590630673371379e+03
-1.099478823285325916e+03,1.065430437583352386e+03
-4.276650295554922536e+02,-1.697921090622772766e+01
-5.101203807085125277e+02,-7.606949821531406997e+01
-5.992918593435539378e+02,-7.683323683624153944e+01
-1.042945046858172304e+02,5.548975776744547375e+02
3.812399924368315851e+01,1.450773361343592342e+03
-1.396821622716933007e+02,4.639574040139086719e+02
-1.104545504685855121e+03,1.065025587674489771e+03
-8.899452295053145008e+02,1.124814514942743472e+03
-8.122499346862599623e+02,1.125040647674586808e+03
2.396716296876183208e+02,1.213249454027603406e+03
-1.390713605245227427e+03,-2.267791884590149607e+02
-1.223678596928004254e+03,1.035003620789206025e+03
4.951491432439217988e+02,1.091500318659815775e+03
-1.042945046858172304e+02,9.149879376750369602e+02
-8.484161724155014781e+02,1.065437460225470659e+03
-1.089200039687323624e+03,9.691751740788865845e+02
-1.505725970684922231e+03,-2.049727711040911515e+01
-1.140953362210229443e+03,7.638510212265198334e+02
-1.010596718104474689e+03,9.130801382756478688e+02
-2.094025468620891672e+01,9.449954676750854787e+02
3.176563358359791209e+02,1.214103165738728194e+03
-1.505497434628418432e+03,1.262833442612492973e+01
-9.280268294209270152e+02,1.033341028159504276e+03
5.371941483363701764e+02,1.090513468245166678e+03
6.047723153133988490e+02,1.095033117674538289e+03
-1.015641681849281099e+03,9.443454985210471477e+02
-1.629026436720048196e+03,1.916219077312016168e+02
-5.210657546854381508e+02,1.647996876746136650e+02
6.881265653145866281e+02,1.065025587674489771e+03
-9.334423999374395180e+02,8.853914909891603884e+02
1.195194201089105377e+02,1.001622893906583045e+03
-4.695092812076240989e+02,1.002152381784689510e+03
-1.479083934686285147e+03,4.476956767441957652e+01
-7.663002183083076488e+02,7.938300563865190043e+02
1.046468153141696291e+02,1.185055707674683845e+03
-1.047400112951477468e+03,1.419020421964243724e+03
-7.288956846866516344e+02,1.395108417675023475e+03
-1.348776795686923151e+03,8.837185620797963566e+02
-4.788329346862473130e+02,1.047846276745166136e+02
-6.305600972014822219e+02,1.313256690133917743e+02
6.150355995944905771e+02,1.062673404557382582e+03
-1.098582160604168848e+03,1.123512114136948639e+03
-2.138553376308111638e+02,3.717644340830500482e+02
-5.886162916428340850e+02,1.539098601669469190e+03
-5.097505069934829294e+02,1.514400323663008066e+03
5.787766613268315723e+02,1.451290662998235348e+03
-6.317760241554858567e+02,1.392410708913659391e+03
-5.621871846858556410e+02,1.425115947675071993e+03
-9.735932198742445962e+02,1.183655100909659268e+03
-1.588985523747966909e+03,1.892800126492196569e+02
-1.042945046858172304e+02,1.305085827674877919e+03
-2.966734653234228745e+02,1.315999884774454927e+02
-6.815873296796340810e+02,1.484709846866726366e+03
7.292479953134246671e+02,1.485131007674379362e+03
-9.855370281176294611e+01,1.245539501814179630e+03
-5.649515488487470805e+01,1.305318913915420580e+03
-5.126306393273046069e+02,1.544024236971371693e+03
-3.543572546862215518e+02,1.485131007674379362e+03
-5.160549169888590768e+02,1.514596616470931849e+03
3.124767453138036899e+02,1.515138537674427880e+03
6.185804016656393287e+02,1.061650691289604310e+03
-1.817948520903770202e+02,-1.352845238063971181e+02
7.459452648618928379e+02,1.540831568703539233e+03
2.129256531456131540e+01,1.275078297674829400e+03
-2.094025468620891672e+01,1.185055707674683845e+03
-1.182331630559434416e+03,8.532697570205061766e+02
-2.287701846858429917e+02,1.005010527674392733e+03
4.933491862837565236e+02,1.122160175125690330e+03
-7.555359227789056149e+02,1.572005000635826036e+03
-5.983769626866057934e+02,1.544883251515423126e+03
-3.910042773093589403e+02,1.605095743840717432e+03
-4.319873312939124617e+02,1.513800311686090254e+03
-6.729967462201378794e+02,1.600809070518549561e+03
-8.122499346862599623e+02,1.515138537674427880e+03
-7.609645528426810870e+02,1.573298639263062796e+03
-7.138032873599058803e+02,1.542125694616943520e+03
-6.717134212368864610e+02,1.603022249487659337e+03
-6.877742546862341442e+02,1.545146067674476399e+03
-5.994543929648376661e+02,1.574227330270744915e+03
-7.593164152065980943e+02,1.543356488706983328e+03
-1.511760915934001105e+03,-4.558487237126526281e+01
-1.423848062004919484e+03,-4.890346215166306365e+01
-3.907547878291944130e+02,1.604850532005168134e+03
-4.377115046858298797e+02,1.455123477675120512e+03
-3.954786846866389851e+02,1.485131007674379362e+03
4.838590514678057843e+02,1.095141227053493367e+03
5.789244204514136527e+02,1.059948343894179970e+03
5.672653003393043036e+02,1.064079493326539250e+03
-9.675791672600626043e+02,-1.377214093085268587e+02
-8.389370191799986287e+02,-4.949031848629996233e+01
-1.021191254686246793e+03,-1.952906723251788890e+02
-7.951197081022340853e+02,-8.000772436681987188e+01
-5.892906988623076359e+02,1.570317052528491786e+03
-5.159253085214459134e+02,1.605274418901984745e+03
-6.877742546862341442e+02,1.515138537674427880e+03
-6.877742546862341442e+02,1.545146067674476399e+03
-4.336572894760196277e+02,1.664259596536260915e+03
1.164132015283526584e+02,9.433101588960333856e+02
2.045654848796852434e+02,1.181003074967490420e+03
-1.183112483505112777e+03,1.005361037003063871e+03
-5.872608254878912248e+02,1.452341993391152755e+03
-6.824804384584576837e+02,1.424205369417065413e+03
-5.577904979392634459e+02,1.575543282113490704e+03
-2.247321712554464455e+02,1.004742284235151374e+03
-9.463066432597337041e+01,1.001469956455562738e+03
-6.834058770959119329e+02,1.603693660815611565e+03
-1.760423712131739649e+02,1.272446326972288261e+03
-8.777829858218226491e+02,1.000941040077754565e+03
-8.898357026310666242e+02,9.748620004575341227e+02
-4.576192475285300532e+01,1.240172966241532095e+03
5.275395318079117715e+02,1.393489324884713596e+03
-1.016781112279103922e+03,-4.598646791830167047e+01
-1.016381530391259616e+03,4.507130497943425951e+01
-1.053001330327968844e+03,7.935095155591081948e+02
-1.062312684686664397e+03,8.849804076749884416e+02
-6.291382923960250082e+02,1.452440467612844714e+03
-7.711285046858424721e+02,1.455123477675120512e+03
-1.145666934686272498e+03,8.549728776749399231e+02
1.880010653137779286e+02,1.185055707674683845e+03
3.636742823127787005e+02,1.183588272464921602e+03
-5.502029954280255879e+02,1.633528017378375125e+03
-4.641666756580297033e+02,1.600612107284270451e+03
-4.322499414512498674e+02,1.604308410047446614e+03
-5.156335798718374690e+02,1.604678825778905320e+03
-7.656816761175755346e+02,1.604333007019060005e+03
3.958309953134120178e+02,1.605161127674573436e+03
-6.403419510549337019e+02,1.664787054294875134e+03
-8.080574692755905062e+02,1.634365583300693061e+03
-6.877742546862341442e+02,1.515138537674427880e+03
-6.318219565822942059e+02,1.543027665225318060e+03
-6.455414346854639689e+02,1.605161127674573436e+03
-6.044200046866258162e+02,1.575153597674524917e+03
3.289197434816741179e+02,1.510970857106593030e+03
6.881265653145866281e+02,1.575153597674524917e+03
-7.979852488394759575e+02,1.660599329430148146e+03
-7.231195997704651290e+02,1.603892136908159046e+03
4.001499465010148242e+02,1.574800693340578619e+03
6.047723153133988490e+02,1.635168657674621954e+03
-7.711285046858424721e+02,1.665176187674670473e+03
-4.377115046858298797e+02,1.695183717674718991e+03
8.221548995886754483e+02,1.634085252658018589e+03
-4.737544896704348503e+02,1.604698242332980954e+03
-6.786619453065101197e+02,1.632062263937643138e+03
-5.164410368070277855e+02,1.664957044481136791e+03
-8.502374267914900656e+02,1.635270563491445955e+03
-5.873896239101615038e+02,1.661464857252784441e+03
-6.727508506306336358e+02,1.632124825770525831e+03
7.764193921425967346e+02,1.665159167319881590e+03
-5.579347321257652084e+02,1.544576786130513710e+03
-3.065023316612408735e+02,1.604387249898793470e+03
-7.656389839045057215e+02,1.574028845284707813e+03
6.518945126320290910e+02,1.633546247843204128e+03
7.050026320570018470e+02,1.631748989189325357e+03
-5.062326968139362862e+02,1.601372433899118278e+03
-3.543572546862215518e+02,1.605161127674573436e+03
8.126022453146123325e+02,1.605161127674573436e+03
-4.622597510670575502e+02,1.571197529902380893e+03
-4.788329346862473130e+02,1.545146067674476399e+03
-5.072436145313637894e+02,1.572122568263300991e+03
-5.152761062780982684e+02,1.573758302396640602e+03
-7.238818599967792125e+02,1.634450447846206544e+03
-7.969560266285117223e+02,1.662935666474267009e+03
3.124767453138036899e+02,1.485131007674379362e+03
-1.294692653640342144e+02,5.209711281102617022e+02
-9.268061680505552431e+02,1.001748064821085904e+03
2.804916590373832150e+02,1.601461392589750403e+03
-7.181184314136744433e+02,1.572755613512929131e+03
-6.877742546862341442e+02,8.249653476748914045e+02
-4.503798434560718533e+01,1.300484713399542215e+03
-9.022849366972700125e+01,1.269521342561401752e+03
-1.673366550635791100e+03,1.886030396484609355e+02
-1.682810988044601345e+03,1.942568140703307904e+02
-1.214111911999503263e+03,1.000688950993878166e+03
5.384470962524502511e+02,1.540509494615427002e+03
-1.005905968850281852e+03,1.031865287713509588e+03
7.767179595004972725e+02,1.693998514844046667e+03
-7.188598513931322032e+02,1.662275859686426202e+03
-3.543572546862215518e+02,1.665176187674670473e+03
6.458937453138163391e+02,1.665176187674670473e+03
-8.908931843188971698e+02,1.035015243275024659e+03
-9.789584346854766181e+02,1.035018057674441252e+03
-9.260539001678088198e+02,1.004191684223049037e+03
-1.016467500228878180e+03,9.740720170115730525e+02
-9.282695299448546393e+02,9.721812513601167893e+02
-7.565524257311228666e+02,1.511237492977664260e+03
-7.592376741541681895e+02,1.544687522764968662e+03
-7.132454572446220027e+02,1.481447165709121464e+03
4.125471947915485202e+02,1.213366168028518587e+03
3.840862903739292733e+01,1.331397524294853838e+03
-1.021191254686246793e+03,9.750029976751339973e+02
-4.634327378089769809e+02,1.571145316133705592e+03
-2.094025468620891672e+01,1.305085827674877919e+03
-3.496750645986377322e+02,1.484173275196059649e+03
-2.803955603014070448e+02,1.482580491508398154e+03
-1.379848360943375383e+03,-2.084410539506277615e+01
7.776578517772517216e+02,1.694439898411445029e+03
8.004658570512835922e+02,1.689730973285278878e+03
-8.487941831493492373e+02,1.063382596143120509e+03
-8.388164682794604232e+02,1.061920746518770329e+03
2.815922758659793885e+02,1.214284119189365811e+03
-7.105004270768658898e+02,1.472754545746988470e+03
-7.318393292896032563e+02,1.480214331632411813e+03
