2.173741047268019599e+01,-2.962116924098120762e+03
2.142634711405652581e+01,-2.960958621187004155e+03
8.190337921516555753e+02,1.025125054623212691e+03
8.135948550401760713e+02,1.030715009370921734e+03
8.545570421937459287e+02,1.090134517889877316e+03
1.319150077478325102e+03,1.296012685825213339e+03
-4.324884789185429099e+02,-1.914956206492976889e+03
2.626460137371874737e+01,-2.964190001780678358e+03
1.950502779545458907e+02,1.174509201666275658e+03
8.120761329928601526e+02,1.029710521319692134e+03
8.184912805110926683e+02,1.025395276435923734e+03
1.153379283385130293e+03,1.115775443273101246e+03
8.167729274178836931e+02,1.023141269456979217e+03
-4.376624208759419616e+02,-1.731977923971320479e+03
3.598672822251304524e+02,-2.907205374547774227e+03
8.184134834763091249e+02,1.023809092193881497e+03
7.778306794826869464e+02,1.025504956634820473e+03
8.172308571501238248e+02,1.024626694499575024e+03
8.174627715592743016e+02,1.025123785648883540e+03
8.174979673311752322e+02,1.023702602253717941e+03
8.189684542438060362e+02,1.024608996661760102e+03
8.176947284379579060e+02,1.026517773939126982e+03
8.119690694826205117e+02,1.030627374233259616e+03
8.170324144267210613e+02,1.024713823389030949e+03
-1.821568987715368166e+02,-1.855372126844904642e+03
3.541780187230866659e+02,-2.902174790851838225e+03
3.603690219562324728e+02,-2.905601876532113238e+03
8.133352810074906074e+02,1.030052452119343116e+03
-1.636379443601619244e+01,-2.996160111383150252e+03
8.133502294034267379e+02,1.028603384441708386e+03
6.463331514056225160e+02,1.180137419141618238e+03
8.190816733061778905e+02,1.025873023555505142e+03
8.124599196669165622e+02,1.149750366779001070e+03
8.129887224027927459e+02,1.028828069624233422e+03
8.173949367398020058e+02,1.026822547585168877e+03
8.187657612361805377e+02,1.055061163957701638e+03
9.422623822530391635e+02,1.056788729134076675e+03
1.145807833692484792e+03,1.119965627277784279e+03
8.180448339262236459e+02,1.024983685407091343e+03
1.021361833477494315e+03,1.150439272896493321e+03
9.006242992794276461e+02,1.054147587732078591e+03
1.067751627106440537e+03,1.085164128747567929e+03
7.347090771434488943e+02,1.114074951906040496e+03
7.292479953134246671e+02,1.125040647674586808e+03
3.554431920920647485e+02,-2.900881095066832586e+03
2.622321880954547169e+01,-2.965709036197016758e+03
9.793923465290059767e+02,1.059904872794769290e+03
-4.367782914309752869e+02,-2.030617878664653290e+03
8.170248059253694919e+02,1.026908975398817574e+03
-2.025452975785904641e+01,-2.991137011554147648e+03
1.110553393465635054e+03,1.024922978794719029e+03
1.870713958516442403e+02,1.179937308442702033e+03
3.545473283924924317e+02,-2.902041741922652818e+03
1.188011350926801242e+03,1.058900332119381801e+03
2.341376900152955614e+02,-2.906867521716440478e+03
8.178697186986520364e+02,1.025826833178797642e+03
8.180382228792674368e+02,1.025602742245963100e+03
3.612913437026909378e+02,-2.905781468629685605e+03
8.177787539638094358e+02,1.024887094219584696e+03
8.948899687782637784e+02,1.058971796920720408e+03
7.330869101606864433e+02,1.145314916711540036e+03
8.165561017689242362e+02,1.025653831823670089e+03
8.199753574073999971e+02,1.023763551476259295e+03
8.183717338799752952e+02,1.027094886081620871e+03
7.347870144303514053e+02,1.086204677713308456e+03
8.123208653483283115e+02,1.029225648443419232e+03
8.133466079541617546e+02,1.029309318194932075e+03
8.179008543294897891e+02,1.026542555199137496e+03
8.189954833013825919e+02,1.025220321390669596e+03
8.182258064857821864e+02,1.024132872833078409e+03
7.348500193109626935e+02,1.116112862803061489e+03
1.945998744111003020e+02,1.174888626462633511e+03
8.176669513432838130e+02,1.024622622145954438e+03
8.189804472798546158e+02,1.026234693481839940e+03
7.722663546978303657e+02,1.180267022880367222e+03
7.330244906125850548e+02,1.146774193145732625e+03
1.930660840107646550e+02,1.175752686760740517e+03
8.181116683489153729e+02,1.025873163856584824e+03
8.191218928195231683e+02,1.024070327532357851e+03
8.185401186231231350e+02,1.025373865630869432e+03
8.126022453146123325e+02,1.035018057674441252e+03
8.131651153931544513e+02,1.029280589420248816e+03
8.131451282500828484e+02,1.029443572762932263e+03
1.944480227270975092e+02,1.176657325803004824e+03
8.119376169144028381e+02,1.028672539446122300e+03
8.115783433500308774e+02,1.029952859235303322e+03
8.119838262823674313e+02,1.179365524741994932e+03
8.184912486597324914e+02,1.023854976598845610e+03
9.392414907797552814e+02,1.089746466219671902e+03
3.612768500766431998e+02,-2.905186716934822925e+03
8.190285406130487900e+02,1.026057920417585819e+03
8.193751214491021528e+02,1.024338034535120414e+03
8.177533942336957580e+02,1.025107016081504753e+03
9.430636982311493739e+02,1.057114915326439359e+03
8.172398935311929336e+02,1.024832969930771014e+03
8.177969724853653588e+02,1.026546852968215262e+03
9.801714974193052967e+02,1.059853705196471083e+03
8.180259873404475002e+02,1.026536730840660312e+03
8.130837303666955904e+02,1.029055417800473151e+03
8.176024109608305253e+02,1.024015869994325840e+03
8.129850008618880111e+02,1.029775677371389975e+03
8.178807003075287412e+02,1.025505173463977144e+03
1.229846007152557831e+03,1.059904908450066614e+03
1.236155934289326524e+03,1.056094568987295133e+03
-2.013816842701061205e+01,-2.991631966460671265e+03
8.182458072383727767e+02,1.024831326911043789e+03
1.189322165639661307e+03,1.119372583688116720e+03
3.547095653145739789e+02,-2.895968372325597102e+03
1.271288226345816383e+03,1.120007558889787106e+03
2.128828620980902997e+01,-2.960859499203852465e+03
8.190736942996088601e+02,1.025357186924442658e+03
9.783605188350869639e+02,1.058712665088426320e+03
8.134427076235515415e+02,1.030670360409255636e+03
9.382764949594084101e+02,1.060423475597295010e+03
8.188365957771709418e+02,1.025325011338878767e+03
6.925517961913146792e+02,1.206073796815141350e+03
5.679092098601274756e+02,1.144176133483287231e+03
2.159575844326715810e+01,-2.961858421642511530e+03
7.777958216002234622e+02,1.115126803729745689e+03
7.290247498678140801e+02,1.119581953218272929e+03
8.179392525505696767e+02,1.024932496776976905e+03
7.356006730103052860e+02,1.054714448588465075e+03
8.121695965756455280e+02,1.029555083849618541e+03
8.124098138258983681e+02,1.029822730185229602e+03
1.055630233241654565e+02,9.995708654749994366e+02
8.126022453146123325e+02,1.035018057674441252e+03
9.008050754177904764e+02,1.055371153959287540e+03
6.942597799413271105e+02,1.146122108387459775e+03
8.178808159560632021e+02,1.024474860001597563e+03
8.182801638666303461e+02,1.027023366380237348e+03
8.183921543623255275e+02,1.024760162881339056e+03
3.609402859618907087e+02,-2.906383690845719229e+03
1.880010653137779286e+02,1.185055707674683845e+03
1.101148094910867883e+02,9.957497896431883646e+02
8.179569510612005843e+02,1.114757393390647167e+03
8.177133462441970551e+02,1.026394862475646960e+03
8.178056311955690489e+02,1.025922147485598089e+03
8.165084772510464290e+02,1.025758559508799408e+03
6.943902669184345768e+02,1.146069121802791187e+03
8.194660156488257599e+02,1.024671547893842899e+03
8.169119968069176139e+02,1.025193752016433336e+03
8.129549161316709842e+02,1.029024793439480845e+03
8.183084992406113543e+02,1.024167695914689375e+03
1.925432985254363984e+02,1.175405091893117515e+03
8.167957163198026365e+02,1.024744598396832998e+03
1.062771687170249834e+03,1.060802176951453248e+03
7.774784753598371481e+02,1.085226912772392552e+03
6.502370981226565618e+02,1.086202932709054494e+03
8.195041794314496428e+02,1.024483869407642942e+03
1.110138770972901511e+03,1.025714056536350881e+03
6.526974152459940797e+02,1.143450213437487946e+03
8.171781748330474784e+02,1.025714987295100400e+03
9.789985513432668540e+02,1.059543845651688116e+03
8.173971592814996256e+02,1.025111807288435784e+03
8.177087329994559468e+02,1.025513828000668809e+03
8.130505076528604604e+02,1.029684095244988839e+03
8.124169382961848669e+02,1.029669929098683724e+03
6.525831136416989011e+02,1.085000141631388942e+03
8.170920218252327913e+02,1.025650333592119068e+03
9.433368273732174885e+02,1.054537018090626589e+03
1.236290268807130815e+03,1.083502952770559659e+03
1.876345781799658425e+02,1.179122951948070295e+03
8.188436695635680280e+02,1.024751515612165349e+03
8.178354563736056662e+02,1.024964891222780579e+03
8.128783403036525215e+02,1.029794820506327369e+03
8.116881024673964475e+02,1.028777870517656538e+03
4.846205020659334082e+02,1.175251078393005855e+03
8.198911472914896876e+02,1.025271034867414983e+03
8.179319521657597534e+02,1.026437475163765839e+03
9.782866637231805953e+02,1.059518575864117338e+03
1.062433408459839711e+03,1.059955563552130798e+03
8.182108879796160181e+02,1.026311425655861512e+03
9.791198855721527252e+02,1.059574197888633989e+03
8.115746124670923791e+02,1.030189341731556624e+03
8.178959593106890225e+02,1.023977386401429385e+03
8.116870622386476271e+02,1.029047608893149572e+03
1.103961567149244274e+03,1.029713807492604474e+03
9.377085676834116157e+02,1.059029616153676670e+03
1.022030354024835219e+03,1.060169120392673449e+03
9.796699259774793518e+02,1.029070512643647135e+03
8.115085870124063376e+02,1.029962130661310539e+03
8.178317198380655100e+02,1.024966223572898116e+03
8.183168431234870468e+02,1.025669003224929156e+03
9.008014150352245224e+02,1.056332493762475224e+03
8.118525625392368283e+02,1.029308263297690019e+03
8.186599889276769773e+02,1.026189329120967614e+03
8.196739471019963048e+02,1.026684693749508597e+03
1.934592423604060514e+02,1.173538204237562240e+03
8.187735205351724517e+02,1.023591803852072871e+03
8.122239489688111007e+02,1.029036059983546465e+03
8.952951518084150848e+02,1.059316225765199306e+03
8.543137279053063367e+02,1.059882727345761396e+03
8.188456756796404079e+02,1.024512159495266133e+03
8.125730915879488521e+02,1.029745858618271996e+03
8.126022453146123325e+02,1.035018057674441252e+03
8.126022453146123325e+02,1.065025587674489771e+03
7.446547888289658204e+02,1.038587602974125730e+03
7.448441909085523776e+02,1.043629119924635006e+03
7.101602996435153727e+02,1.045479155664718519e+03
