6.770930590095381376e+02,1.029401707253517998e+03
5.512150147947178311e+02,1.060940294673113158e+03
6.881265653145866281e+02,1.035018057674441252e+03
6.881265653145866281e+02,1.035018057674441252e+03
-6.463512336393038140e+02,-8.627790227225111721e+02
6.881265653145866281e+02,1.035018057674441252e+03
-1.864797676698027317e+03,2.787922943954060884e+02
-9.778200434167415551e+02,8.457421788483187584e+02
-1.190817542085131663e+03,6.022486355127150546e+02
-1.049274406507073991e+03,8.498913117833554907e+02
-1.067482156251100832e+03,5.222301579485598495e+02
6.822217772174928996e+02,1.032208969848359857e+03
-1.062312684686664397e+03,-2.565885542325063398e+03
6.763657151990964849e+02,1.029473606714497237e+03
-7.600844000022010505e+02,-1.008809643461425139e+03
-1.454159346862346922e+02,-2.865960842325548583e+03
-4.799956427635039518e+02,1.656434790672769395e+03
1.457682453145870909e+02,-2.265810242325368108e+03
6.840083048927565414e+02,1.032890566160828939e+03
5.625394953142080112e+02,1.065025587674489771e+03
-5.711406023449549139e+02,-8.001061992213442409e+02
6.881265653145866281e+02,1.035018057674441252e+03
6.837897652088192899e+02,1.034162946653007111e+03
6.881265653145866281e+02,1.035018057674441252e+03
2.274742211012111284e+02,-2.246416836697566396e+03
-1.229021184685880826e+03,5.248900476744062189e+02
-6.555630446764889712e+02,9.115275787873525815e+02
2.291224953141954188e+02,-2.205795182325271071e+03
6.831844905254973810e+02,1.033210346744902381e+03
5.576370325488295521e+02,1.062995094428888024e+03
4.791852453145997401e+02,1.095033117674538289e+03
7.708047202269145828e+02,1.388483052707165371e+03
-1.062312684686664397e+03,-2.565885542325063398e+03
-1.234380884667932833e+03,5.229726036588459692e+02
5.583732000831163305e+02,1.062893629240182463e+03
5.543271730782566920e+02,1.060165334621535521e+03
-1.062312684686664397e+03,-2.565885542325063398e+03
-1.067260816752533401e+03,-2.567556818023749656e+03
6.781221569864572984e+02,1.029543693092829471e+03
5.625394953142080112e+02,1.065025587674489771e+03
6.775220884772052159e+02,1.029182815270668243e+03
6.801113278304253527e+02,1.031531566383584050e+03
5.528897492372916531e+02,1.061204910644071560e+03
4.791852453145997401e+02,1.095033117674538289e+03
4.736581080816824851e+02,1.093020316990832043e+03
-4.480061407833185854e+02,7.567111352947240448e+02
6.881265653145866281e+02,1.035018057674441252e+03
3.500591005873322388e+02,1.183425246670867864e+03
6.780598965024721565e+02,1.030773839691482863e+03
5.517263846685509634e+02,1.062136761616395461e+03
-1.115099296507711642e+03,-2.541988382352994449e+03
-7.336541425631020275e+02,9.424381317178383597e+02
-1.025272314609958130e+03,-1.248116901518385475e+03
9.737420292440044705e+02,1.032249703989312820e+03
5.523696992795028109e+02,1.061705221812374020e+03
4.791852453145997401e+02,1.095033117674538289e+03
-1.698048048296393290e+03,1.900905480688281841e+02
5.537259388032218794e+02,1.061935420450808124e+03
5.569249775539285565e+02,1.062431440061735202e+03
5.525758868331956819e+02,1.061978382330408976e+03
6.794788777946994287e+02,1.029824481704426944e+03
6.881265653145866281e+02,1.035018057674441252e+03
6.774465217436138573e+02,1.030008930232593457e+03
5.625394953142080112e+02,1.065025587674489771e+03
6.787425374525299731e+02,1.031746644157765786e+03
6.881265653145866281e+02,1.035018057674441252e+03
-1.073518411239101169e+03,-2.568840174715427111e+03
-1.066169483119485449e+03,-2.568370110070627106e+03
-1.066928928579177182e+03,-2.566787137478442673e+03
-1.062312684686664397e+03,-2.565885542325063398e+03
6.833752259620563336e+02,1.033779063678613056e+03
-8.001941517330848228e+02,-9.806487055430221744e+02
-7.711285046858424721e+02,-1.035501512324957957e+03
6.881265653145866281e+02,1.035018057674441252e+03
-1.062312684686664397e+03,-2.565885542325063398e+03
4.791852453145997401e+02,1.095033117674538289e+03
4.704639696880815904e+02,1.091525925709020385e+03
6.822301250109139801e+02,1.032909954849900032e+03
-1.191679704779271333e+03,5.170094815400917696e+02
-1.282890361086376060e+03,5.169939878355086194e+02
6.787020003116156204e+02,1.028606901102257098e+03
6.881265653145866281e+02,1.035018057674441252e+03
6.785690321772026437e+02,1.029579877563041919e+03
8.495864301416659146e+02,1.394312358868379533e+03
8.496281370062895348e+02,1.332402296651099732e+03
8.436848820103481330e+02,1.359744374866336784e+03
4.747492845221795505e+02,1.093383743463531346e+03
5.625394953142080112e+02,1.065025587674489771e+03
5.625394953142080112e+02,1.065025587674489771e+03
5.625394953142080112e+02,1.065025587674489771e+03
6.881265653145866281e+02,1.035018057674441252e+03
2.629594878727768901e+02,1.780554954455456027e+03
-2.309802498769155363e+02,1.747562372929502089e+03
-4.459071076900384583e+02,1.720715498682725638e+03
-4.788329346862473130e+02,1.695183717674718991e+03
-8.956041846858682902e+02,1.635168657674621954e+03
-9.776234767758819544e+02,1.541074033977209410e+03
-1.229021184685880826e+03,1.515138537674427880e+03
-1.185721226420462926e+03,1.478176098593163260e+03
-1.176040947356804736e+03,1.448843628121083839e+03
-1.104669114959521721e+03,1.444205296416673718e+03
-1.536127867389960556e+03,1.388806808436378105e+03
-1.567661506233183445e+03,1.363018268926728524e+03
-1.479083934686285147e+03,1.185055707674683845e+03
-1.104545504685855121e+03,1.125040647674586808e+03
8.629498630583271961e+02,1.054856794205843926e+03
9.382770007890787838e+02,1.057260938023591507e+03
9.381893153134114982e+02,1.065025587674489771e+03
-1.198090804492979487e+03,8.760954052733721937e+02
-1.230847712386446346e+03,7.563603669287505227e+02
-1.275443402054974513e+03,7.324332303603079026e+02
-1.220016910844350150e+03,6.972424925883908600e+02
-8.995509649136406551e+02,7.035184088484938911e+02
-1.308950262464579055e+03,5.795598217461665627e+02
-9.006657065024636495e+02,5.232950137395599768e+02
-1.104545504685855121e+03,4.948825176751473691e+02
-1.110175804606345309e+03,4.326697743997528960e+02
-1.109254878458652911e+03,3.735699517020598250e+02
-8.169718858720912067e+02,3.737002673859102515e+02
-9.478742633376053845e+02,3.378407010756714612e+02
-1.729146684686689468e+03,2.248147476747107021e+02
3.504378427258249076e+02,-5.349611330060353112e+02
3.007140431555161513e+02,-6.233346715446728012e+02
8.956892002493457312e+02,-2.124861585310481587e+03
4.802045782460295413e+02,-2.753802422601908802e+03
6.881265653145866281e+02,1.035018057674441252e+03
6.001879863526520467e+02,1.064113935888082779e+03
6.801959037244683941e+02,1.031755263400048534e+03
-1.062312684686664397e+03,-2.565885542325063398e+03
