date:2016-08-15, time:1600, wind_speed:3.72, wind_dir:329.0, temp:28.1
701.955884 1027.452940
-1055.239599 881.638848
-847.833344 -619.496103
-771.128505 254.822278
-1215.906083 -413.474287
-1225.296161 582.709726
-1767.516930 252.923379
-1013.295229 639.833506
-771.128505 14.762038
-1062.312685 224.814748
-975.111087 312.941288
-1354.608255 -375.335852
-978.958435 344.844868
-588.964197 348.444409
-1600.703741 912.646002
-728.895685 -15.245492
-1091.120634 516.633598
-1101.509856 523.221830
-714.749122 1057.187565
-1049.198702 -84.102660
-1424.741246 216.415544
-885.792808 968.303889
-1673.458007 727.404480
-632.881433 636.736736
-728.895685 734.942758
188.001065 1635.168658
-683.687963 792.615234
-62.061685 1425.115948
-971.236374 880.925480
-645.541435 554.897578
-843.043936 969.018166
-812.249935 284.829808
-1562.438185 674.927698
-1548.762637 246.586981
188.001065 1485.131008
-1062.312685 554.897578
354.709565 1365.100888
-297.861985 1237.149042
-728.895685 674.927698
-1021.191255 584.905108
-1058.319480 1032.966730
35.052988 1447.794971
-604.420005 524.890048
-1475.695541 1092.852898
-1145.666935 314.837338
785.584786 1580.440090
-1092.621202 1039.895886
-1392.031040 162.845498
816.016012 1032.450156
-891.579254 942.531126
-978.958435 1035.018058
-964.641767 1387.491497
-1354.608255 794.957818
-604.420005 734.942758
-1391.792584 1152.414154
-1725.947479 913.214386
-725.674804 1363.296828
-1304.733801 775.133452
-1558.659013 943.420950
-895.604185 494.882518
-1600.726571 372.513447
-1271.254005 164.799688
-1132.112093 516.525249
-1309.167208 642.319841
-478.832935 644.920168
-1225.987595 852.804063
-517.530275 853.208220
-264.287421 1151.299291
62.413995 1245.070768
-926.658521 728.318032
-510.582874 -2452.116682
-145.415935 1485.131008
-1354.608255 464.874988
-1395.729685 524.890048
895.956495 1095.033118
-725.329196 492.530195
-385.626258 -2602.619427
521.418065 -2655.908132
1025.144457 1032.868095
-1097.694360 -50.011598
-978.958435 -195.290672
-1141.989848 -347.382066
-1809.003297 822.351011
-799.189733 1386.429107
-391.876997 1213.274426
-848.091384 520.621042
-1676.363883 248.614748
-924.366989 456.947328
-20.940255 1455.123478
-1141.881803 852.798233
-508.223530 1461.198103
-854.482755 1425.115948
-680.876023 1270.400016
-1222.749730 459.933303
-1017.846010 553.300091
399.828280 1543.129784
34.588224 1357.121116
-1392.152074 372.287539
-975.259280 732.914150
-427.184430 938.245522
-767.056546 -1697.515803
188.001065 1515.138538
-1354.608255 314.837338
938.189315 1965.251488
156.210286 1478.932766
-1187.899755 704.935228
-1548.558292 547.154849
-1392.530312 1062.525516
-1145.666935 524.890048
-1175.047295 -53.480397
-673.335693 -1763.195313
-104.294505 -2865.960842
-562.187185 1245.070768
-1263.759873 670.375228
-1132.036585 216.440050
-728.895685 -225.298202
-978.958435 1095.033118
-683.834371 462.988125
-809.035002 1303.330330
-1308.568215 432.642151
-1764.486099 430.751332
-840.575420 -2303.259225
-604.420005 -2535.878012
108.434968 1392.675870
-1145.666935 -15.245492
-562.187185 -1725.674702
-808.261831 1333.387549
-927.448432 758.553250
-562.187185 -2745.930722
535.924739 1447.632653
-891.951821 523.196907
-1021.191255 584.905108
-1350.934076 882.311414
-601.191095 -2717.922647
-521.065755 1095.033118
-1434.594651 492.910191
-728.895685 854.972878
-758.144027 -1913.894123
-760.547736 1478.498426
312.476745 1215.063238
-809.252428 192.350096
438.063815 -2505.870482
-798.029373 637.382248
-895.604185 584.905108
-714.684053 1298.101220
-1100.950623 282.639675
191.257980 1362.662450
-1271.254005 644.920168
-1308.518532 522.729477
-1341.229667 486.318068
-559.159768 1302.548421
-895.604185 854.972878
-1635.437880 758.246033
-1308.310955 792.575511
-1434.556736 192.560052
-225.395417 1333.196049
-1229.021185 584.905108
-1062.312685 554.897578
-1145.666935 344.844868
-1215.462660 246.429304
524.902173 1273.153448
-562.187185 914.987938
-395.478685 975.002998
-601.162025 702.461162
-681.266764 670.919708
-889.230889 640.632979
-972.082549 700.962384
-562.187185 -2745.930722
-309.073488 1243.015314
-588.296274 1125.028823
-1642.774045 792.826844
-632.367649 786.022686
-1562.438185 434.867458
-715.597364 37.402728
-424.740439 -2514.677012
-590.487391 637.407353
-1187.899755 524.890048
-937.837005 554.897578
-1141.641577 342.890017
-183.704631 -2808.591076
-1132.833797 516.443012
-350.808333 613.054590
992.809392 1026.714250
-1090.828257 396.990447
-768.014052 1573.288131
145.768245 -2865.960842
-895.604185 464.874988
-1132.332627 546.411609
-1051.452502 518.730318
-62.061685 -2955.983432
-934.435357 402.287841
-1218.193865 518.812506
-437.711505 1665.176188
-465.477625 1236.687697
-797.718010 937.584552
-978.958435 764.950288
-1184.603222 522.540752
-937.837005 404.859928
-642.208233 -197.242460
-388.897209 1240.784113
-805.863417 850.150243
-395.478685 914.987938
-464.887735 576.788373
-554.230336 220.980490
-756.683625 7.033768
-1062.312685 -105.268082
-678.142377 -890.706159
-1725.590109 763.306702
-1729.146685 764.950288
-1726.122722 762.749801
-930.876467 1360.545489
-1104.545505 524.890048
-1058.939308 493.236612
-1062.312685 524.890048
441.943140 1662.697247
-145.415935 1575.153598
36.085837 1538.061366
1062.664995 1065.025588
-1271.254005 584.905108
-728.895685 554.897578
-764.820909 -799.650996
-645.541435 -765.433742
-468.061018 -2781.988402
-631.601425 546.649115
-645.541435 524.890048
-763.931717 490.322923
-687.774255 494.882518
-562.187185 584.905108
858.362818 1933.553847
-298.615505 1687.489206
-642.512785 1573.167051
-840.410024 1357.325799
-1271.254005 1155.048178
-131.483671 1147.090416
-1472.983829 760.186257
-604.420005 524.890048
-937.837005 -45.253022
-340.946829 -2573.808855
-597.742575 429.876230
938.189315 1485.131008
152.544439 1390.449890
-892.208437 1363.171877
-1558.481953 883.338748
-1183.873005 882.481061
-437.711505 824.965348
-1562.438185 524.890048
-1131.910676 486.585999
532.558485 -1941.163163
-604.420005 -2355.832832
-298.682979 -2753.750126
-141.651932 -2778.525637
-308.485036 1242.679998
-301.544025 1149.364810
-312.124435 1215.063238
-392.207626 1213.046933
521.418065 1845.221368
-590.002295 1627.402768
-465.118687 846.472087
-513.494048 -2209.268596
194.710666 -2690.790208
938.189315 1455.123478
-806.052572 1360.553326
-887.999701 1390.368094
232.662192 1512.555970
566.107066 1783.611217
649.175088 1632.594477
688.126565 1305.085828
-680.997348 -919.194931
612.132438 -2269.885225
188.001065 -2895.968372
-1062.312685 254.822278
-1097.476578 220.653137
-1062.312685 224.814748
-847.328153 1301.719307
-847.850330 1301.026088
1021.543565 1905.236428
-645.541435 1755.198778
-851.414843 1393.425473
-854.482755 824.965348
-798.560959 787.566691
-728.895685 734.942758
-684.449416 642.816345
-687.774255 494.882518
-714.599949 157.437984
-841.410575 36.763680
-131.468974 -2423.823906
188.001065 -2625.900602
-851.053151 -167.420720
-847.940043 -199.729583
-891.540808 432.265346
-895.604185 434.867458
-1552.295186 1238.646151
-1558.827277 1213.015000
-299.090819 1267.132264
-350.824553 1242.713249
-354.357255 1245.070768
158.911037 1747.734516
452.062333 1566.925277
-562.187185 1545.146068
857.957487 1152.877270
-437.711505 1035.018058
-1215.517495 996.510361
-1021.191255 674.927698
-1309.082129 432.214304
-350.491860 -2387.503564
-312.124435 -2595.893072
482.280272 1873.198161
812.602245 1815.213838
326.150023 1537.036478
822.676821 1447.782809
-721.575815 1120.729698
-1312.375435 854.972878
-931.126140 670.666475
-725.190394 613.242058
-1229.021185 434.867458
-1014.147723 189.866898
-312.124435 -1425.599402
812.602245 -2235.802712
-478.832935 -2295.817772
-434.611052 -2477.658028
-211.204848 1093.941256
-225.479959 1093.353476
-593.812042 -2722.219464
-604.420005 -2715.923192
-354.357255 -1485.614462
-299.395959 -1433.881855
-1104.545505 1065.025588
-1097.329458 1059.758127
659.439004 -1793.884645
-1187.899755 -285.313262
-631.254379 6.927954
816.530763 1033.092388
771.480815 1035.018058
827.313474 1028.405724
-339.879051 1297.465402
-388.996302 1300.875927
-392.049606 -2808.088289
-434.673341 -2808.471361
-434.563346 -2807.761616
-1104.545505 314.837338
-1090.701952 306.952806
1149.053815 1993.559186
281.688451 1778.656258
-392.318057 1572.851804
-58.893489 1452.506978
-1354.608255 1125.040648
-308.187928 943.240274
-1142.606572 702.516837
611.496956 -1820.507334
-304.861160 -2569.629225
775.543359 1843.166360
985.960726 1600.844591
-350.476212 1303.298757
-722.051921 249.948570
-642.108111 -2417.704523
-1184.269212 853.030011
-1178.070305 818.204619
-1214.735202 847.077615
-1229.021185 824.965348
-1229.021185 854.972878
-521.065755 -2745.930722
-521.065755 -2715.923192
-181.469381 -2809.963088
-145.415935 -2775.938252
-131.580086 -2783.335595
-478.832935 1485.131008
-555.620914 760.767461
-891.957047 763.008281
-1263.902771 639.900057
525.158215 -527.225952
-381.812504 -1403.292470
-638.411930 -2179.774922
611.863818 -2389.705839
569.338115 -2449.876498
-475.751462 -2627.643057
-215.105995 -2844.063529
-228.770185 -2835.953312
-228.770185 -2835.953312
-562.187185 1545.146068
-521.065755 1545.146068
-521.065755 1575.153598
816.051803 1212.814510
-1229.021185 975.002998
-895.604185 1005.010528
-1138.531882 970.624324
-645.541435 494.882518
-471.016092 491.207800
-844.661119 428.234203
-965.408743 307.223213
-1725.641588 222.657107
-771.128505 -1875.712352
816.391993 1933.127714
-812.249935 1305.085828
-271.003005 1335.093358
-437.711505 1215.063238
-641.766875 913.270973
-1729.146685 854.972878
-1141.690180 642.642025
75.422693 607.036543
-1222.213156 460.209197
-558.493207 -1427.756576
-228.770185 -2415.847892
-715.399312 426.784252
986.413618 2081.905219
857.986876 1783.541863
-228.770185 1395.108418
-468.427586 1148.961360
327.123252 1207.928679
-1427.846013 1089.154486
-354.357255 975.002998
-1224.968259 823.115030
-1101.181916 763.152477
-1145.666935 554.897578
774.816109 -2388.522189
62.413995 -2805.945782
34.372201 1355.986995
24.323886 1363.203612
62.413995 1365.100888
-9.542344 1329.188531
-7.365976 1296.627507
-16.966175 1242.395555
24.579834 1302.906097
25.078881 1243.026296
565.955085 1542.696657
775.565124 1452.901967
-271.003005 1335.093358
-684.125968 1122.740553
-1173.711200 847.012750
-1142.117355 793.330899
-771.128505 644.920168
-464.175926 608.161257
-808.695894 252.987089
104.646815 -2715.923192
-1017.625278 373.105954
-600.835130 522.822621
-601.000947 522.988347
-638.917721 489.881401
-771.128505 1455.123478
-718.322505 1418.974707
-797.639150 -172.750674
-812.249935 -135.275612
-395.478685 44.769568
1070.210645 1060.489938
1066.708494 1062.993680
1031.965212 1027.940302
-131.039571 -2783.741038
-1062.312685 344.844868
-1097.050541 369.853452
986.483739 1030.518691
-1392.079797 762.971539
-551.486754 1538.671458
-645.541435 1605.161128
736.883996 1030.405958
771.480815 1035.018058
195.449836 1571.672992
-1132.093912 696.735290
-1180.880373 671.103975
-760.085786 -1941.536990
-882.465615 1236.785135
941.907967 1453.025728
938.189315 1485.131008
32.851841 638.826139
-271.003005 -2805.945782
-215.243201 -2844.289629
-725.464859 163.186832
-717.894994 158.845927
-895.604185 1365.100888
531.797712 1508.916554
-395.478685 1275.078298
-339.962494 1177.782872
-309.055102 1212.512792
-721.650590 970.117330
-728.895685 975.002998
-1058.266005 -106.943408
-1059.172902 -77.650931
816.194135 1933.474261
732.432948 1843.088295
-968.222878 699.207079
-978.958435 704.935228
-941.517504 663.997630
-475.174141 702.380983
-706.777873 -258.275554
-684.426741 253.104641
