date:2016-07-12, time:1700, wind_speed:1.32, wind_dir:261.0, temp:26.6
61.101544 116.282960
44.244995 125.212008
-47.620542 14.752492
-101.707842 -249.415533
-101.074069 -247.851902
-35.134839 80.728606
73.237182 113.814921
60.816435 113.377320
-30.873015 44.808261
-30.651084 98.405683
39.594923 123.886579
73.076112 107.813734
-14.123393 107.514504
-5.711245 92.197455
-101.821924 -249.168810
35.726383 -279.334739
-72.540855 -147.091006
40.039534 -279.805533
81.385553 113.985760
6.794055 179.114075
19.318858 131.584303
40.046341 128.250553
39.969154 128.760109
-102.082983 -245.907381
-5.826670 155.553787
-68.378348 11.701654
-72.540282 11.729497
85.739665 116.822220
40.060979 127.923827
48.153656 125.794110
48.283364 119.765831
-60.234049 83.936587
-72.280323 113.115479
-85.058359 17.766101
60.554376 114.452157
-64.318216 152.740491
85.872029 110.786600
85.797245 113.769041
-47.453086 53.436460
-9.775833 152.177964
-101.688141 -249.338339
-97.527646 -240.311598
-106.086293 -239.485133
77.431740 117.098179
72.910845 108.882438
-118.303642 134.085157
73.274441 113.722646
73.197363 113.588602
77.754572 110.499594
60.936301 113.684063
106.522622 104.945249
-105.523860 97.580753
-138.839347 82.788302
-127.092009 153.218107
-14.427396 105.064578
-18.333158 104.566826
-121.974997 130.344928
-35.260654 159.570665
23.159389 180.017845
-51.953136 150.175288
64.718730 105.889709
-152.052619 75.152700
-130.855737 107.788888
61.526785 117.642963
61.201615 115.825750
