date:2016-10-16, time:1100, wind_speed:3.22, wind_dir:206.0, temp:12.5
26.463541 130.195827
85.597988 177.573845
109.835055 154.217224
84.852707 157.266912
-53.275791 154.052294
-131.550469 76.356023
-35.435725 133.509336
118.267363 181.239504
-114.868291 85.360348
-153.411761 57.989741
18.532292 148.310489
-56.901304 40.136296
121.450922 171.840246
-94.090432 151.394239
-28.252336 39.819158
105.590327 214.232217
-39.823758 163.364890
-90.531577 124.058966
135.600723 120.450434
-124.165669 52.030500
113.946136 178.191815
97.572269 181.322284
122.937350 166.517619
109.884186 187.220205
55.691106 112.245625
-6.895190 136.177118
101.278350 169.040249
109.619662 160.188608
56.253950 118.505571
142.616000 202.001046
-6.206168 136.510089
-44.370972 166.242372
109.899678 169.227547
-81.568813 91.363282
-39.885679 61.296416
109.199337 220.105307
-119.149810 88.309541
-115.239147 76.220082
138.988337 172.202414
-152.131675 91.498794
-81.837162 115.182273
38.908223 124.261900
-56.554255 37.280506
-35.435725 58.490511
-23.533063 166.210851
-31.848199 79.267357
-31.840614 88.174064
105.368542 163.010492
-3.034924 166.109386
55.345763 136.112146
-39.924786 79.393701
126.470759 181.321001
105.241063 175.142895
97.649890 151.324128
-28.369575 -173.311996
121.737931 190.062763
122.937350 196.525149
122.937350 151.513854
-48.222087 118.316150
-114.566693 22.481475
143.431435 208.386275
-10.429450 148.513101
-99.143482 123.791384
-22.877018 -196.573494
92.879558 171.971513
34.850229 163.242763
47.244133 136.192512
5.224778 112.007240
-52.735717 150.124097
121.719670 171.886361
34.469761 169.170745
56.253950 181.521384
76.538678 187.225363
17.842050 181.111437
-15.198917 159.093385
-3.046218 -145.903101
13.624293 -149.011637
21.991273 148.115399
-7.020873 -187.950475
51.456925 181.161892
105.912689 151.407105
60.203906 190.341616
113.948442 175.156074
-43.771150 160.516113
-23.881428 79.077948
-6.899855 133.292103
18.800107 151.513854
71.443046 132.779884
-39.734374 108.282451
5.078659 105.940636
-73.609561 22.228072
-78.172347 21.351290
-31.897395 61.164113
-32.120198 61.135149
-57.099704 -143.857415
-102.734337 127.214983
-86.390655 112.104534
25.667443 144.886311
88.708889 193.129397
-40.202934 67.202179
-77.946046 -8.825977
-98.831971 -13.936147
134.316778 120.808500
9.764871 123.248372
-18.764875 106.502559
-14.825255 -199.733350
52.141807 151.513854
-77.703252 61.210364
-48.534679 25.244698
-6.803888 1.146731
-23.210076 -148.736914
-23.214322 169.315561
-102.430853 145.352090
-48.186406 82.375479
-32.165720 -188.011686
55.987442 -196.763367
-27.779164 118.147730
-81.224993 7.477710
-10.429450 -157.563705
-56.565580 94.350696
-48.196899 -88.734066
-48.776046 -185.818321
117.929091 199.021941
-57.384144 126.879244
-22.877018 97.500300
-31.212443 4.476957
-77.112850 -7.526055
18.800107 -160.564458
9.880493 -232.896295
80.908194 187.409137
-44.363887 157.268732
130.297620 193.151689
110.489782 190.523643
-48.252508 103.352464
-31.525010 13.312464
-111.074008 70.145702
-45.046336 126.912782
-53.379052 126.956259
9.540360 166.113745
-94.981590 99.911426
1.299767 90.985651
-48.210080 85.303140
-7.388457 159.932820
-2.094025 163.516866
102.154357 193.524396
-44.972668 -200.110131
-40.457234 157.069111
-31.513678 157.362332
47.081695 115.045763
-52.452569 -157.679211
67.971253 202.109390
121.511594 201.868180
129.860439 195.794857
68.812657 166.517619
59.901199 160.244416
92.519859 150.945897
117.491992 147.924811
75.976047 120.937772
-43.771150 118.505571
-11.439163 90.988654
-6.852195 157.199350
14.219671 148.316981
13.583866 148.025720
-19.427261 136.295041
-23.779218 142.083826
-56.218718 64.492017
-32.188886 63.313184
93.818932 187.522890
-82.231712 28.040386
-40.565461 -196.983641
110.108054 208.405895
43.153378 121.159663
84.797637 190.196538
80.574183 189.275497
109.418952 208.111527
46.989021 184.167629
89.595650 166.517619
-11.799350 78.891412
88.912581 193.214901
51.162607 178.139156
81.260225 178.520631
43.806382 139.510842
102.154357 139.510842
-68.777425 37.485240
-15.168700 25.220319
1.196141 97.069587
-23.768331 55.070544
92.892960 151.160261
93.188403 154.254462
-31.921127 58.158725
-14.902616 58.330623
109.505683 145.017032
101.526939 145.197727
47.298208 187.230156
35.108560 184.326521
-52.919970 97.082569
-22.877018 67.492770
10.464682 157.515360
-81.869347 85.231359
51.109813 186.978853
55.879452 178.333148
51.097624 186.420801
-90.543294 60.983894
-23.210468 79.371996
-52.755806 94.198553
-39.818916 139.386097
47.918525 190.523643
55.293866 189.296821
-56.593661 91.332097
102.154357 172.519125
-81.539166 142.389454
-44.130572 -184.782761
72.612506 199.343675
-3.021276 151.022909
26.844344 157.347933
18.113258 157.205174
109.560560 181.054822
110.152538 184.389772
-35.435725 109.503312
-7.223671 70.072985
-6.206168 67.492770
131.002049 160.339024
-22.877018 130.508583
52.141807 151.513854
51.427161 154.251309
51.131789 148.015973
93.464797 202.362827
9.917042 178.244727
64.273450 160.369459
134.840591 151.140000
93.111013 148.178155
109.809713 148.210454
85.109757 145.388770
-98.233463 130.399250
63.986531 121.193174
-77.804143 118.145227
-2.440785 19.285145
39.583100 -187.571235
1.836522 -220.700260
122.277961 151.175661
80.293438 147.936798
-32.160583 132.995945
-40.207261 109.202044
-6.542114 100.337553
-81.851525 76.192503
-19.687950 58.061457
-44.746575 43.066147
-98.546435 16.200177
-90.484486 10.037465
-111.366529 -1.938990
-15.532028 -5.003954
-32.247071 -136.988629
-15.135752 -166.865939
-40.257525 78.049834
-40.138903 78.042437
-40.265446 79.226538
-36.350183 81.994313
42.537222 -185.187001
39.583100 -187.571235
26.835289 130.333532
29.958977 130.034526
110.191079 154.378407
118.825207 154.514607
-31.518239 82.381221
-30.510276 81.733682
26.799239 133.320692
25.743648 135.794049
-7.165869 153.995485
-2.404086 154.405275
-27.039208 143.020380
-27.762960 142.168114
