date:2016-10-17, time:1200, wind_speed:3.22, wind_dir:300.0, temp:19.3
-68.273269 66.985379
-130.846830 69.919274
-1.926986 142.247749
-64.356463 103.174237
-72.761219 139.237883
110.787143 102.931042
31.397220 124.155738
-26.681989 87.944065
-85.230597 61.216278
-97.260707 21.504168
-30.780130 105.893059
-76.423302 111.537377
-76.962059 100.227860
-39.107391 75.840531
106.402394 145.225288
-76.791853 75.887308
23.319330 159.970170
-68.559524 151.238476
114.793751 178.203258
-68.410374 33.860120
10.846477 132.916773
85.869785 147.928248
-68.622967 133.158813
-47.500462 126.886363
-34.928292 141.888781
-105.783814 -8.140749
-106.081041 100.229274
94.132036 165.936472
-110.454550 103.501806
-43.339736 135.938395
-51.751593 123.835138
-64.197319 102.864386
-47.685487 106.224862
2.516302 132.858462
-122.756557 133.157047
10.921312 132.950995
-147.452548 78.896440
-89.156989 108.893738
-114.150937 45.824578
-47.517872 87.865161
-34.808605 72.599402
-106.085500 100.154972
114.747909 181.187369
-155.836543 123.830808
-30.805504 57.906126
-47.509240 18.863386
-22.648060 82.188606
-106.015812 55.199947
140.007691 222.970813
-22.488764 162.923693
-97.474787 129.834060
114.905474 156.946476
19.125845 150.928277
31.640437 141.913680
-80.760448 81.865084
-26.595555 87.920319
-51.649273 120.906805
-55.725808 123.926389
-39.404869 154.212222
-30.811251 153.973282
-39.356211 151.189074
-14.353208 112.208029
-18.447901 87.891443
31.389806 -157.826594
-39.098790 165.847777
-6.048241 154.226467
31.664263 147.962880
47.918525 175.519878
85.975570 126.965520
-22.523115 81.910758
-81.089700 22.196099
-114.083272 -2.157179
-34.999356 -176.081262
110.631983 187.202614
85.942320 147.981205
-55.820407 105.900272
-76.978833 -7.863001
-51.752843 -161.095310
-10.052014 162.866922
-43.261377 150.969801
-34.954513 81.942484
-85.239703 136.178954
-85.013306 129.961952
81.643892 192.893115
27.608652 156.951954
-39.363418 115.238884
-35.106473 90.873268
35.626193 124.177076
-43.611488 106.189597
-72.715085 166.211889
123.294818 180.903646
27.433340 126.924869
-26.962176 136.154451
-18.287029 93.839874
31.697832 -185.091293
47.918525 163.516866
18.930885 142.154772
-68.411625 39.890796
-56.083534 31.143548
106.478970 184.173545
73.331804 183.970430
94.234502 168.856609
-64.240093 -35.145762
64.938550 171.911368
94.226198 144.959734
131.411170 154.216511
48.407460 -200.185137
-64.113319 150.885902
-76.761631 150.870159
119.241541 141.839930
31.391809 130.200105
-39.352227 70.218543
-89.354827 10.159380
43.967084 -202.848002
-60.306651 118.166104
6.705979 -167.189431
123.083574 121.167690
135.685552 121.234356
144.518034 120.575790
-18.348069 87.989990
-35.239617 88.139716
-6.032461 97.173028
-30.797439 147.900913
64.736971 130.250263
-89.399276 19.149709
-89.053647 12.829065
-5.847320 135.908796
94.151248 135.903929
-60.026738 84.878023
-55.813211 39.811588
-22.383115 -155.074672
-39.165306 132.974786
-68.279576 30.856043
14.576825 160.516113
-34.995617 81.887679
114.793675 160.229435
110.933471 165.876022
2.607279 156.937562
-5.738439 123.825386
-26.708102 -164.143898
56.616458 177.962393
-85.219339 133.159254
119.485206 123.654881
127.365196 202.223464
123.331701 201.974819
123.306892 201.935931
43.955622 -202.906438
-39.317857 145.147151
-22.478914 78.832249
-14.122916 78.853310
23.349236 156.939854
-64.162212 174.864102
-26.741755 108.903766
23.315190 168.910279
65.013865 132.996708
-55.771251 123.985989
-93.458075 111.940672
110.646072 160.178258
119.235287 180.851697
-39.318003 106.190467
98.136695 157.246815
114.998851 195.956790
-64.132304 30.924281
-72.889568 22.481475
-1.868675 16.142360
2.527851 -221.185113
-22.473184 114.817689
6.445614 154.259834
-1.745029 147.867640
106.740371 135.842885
102.350053 157.232237
-35.093206 93.897782
-64.166440 124.002751
48.408457 183.831832
-64.157953 120.941683
-47.755309 148.229701
10.864272 -221.261853
-76.913195 61.216234
-60.017813 -185.222101
114.752269 160.245941
106.685743 153.904070
-114.142510 18.810434
-34.984615 84.907101
-39.396901 82.169889
-30.719383 81.808319
123.303258 174.972384
-10.280111 166.227614
-43.319323 30.860501
-105.917328 24.880138
-5.787636 -20.132155
2.290598 151.254149
-43.385682 87.797586
56.402756 127.194148
52.269499 130.248245
-5.781918 141.937405
-39.126883 78.915545
-26.931487 82.193211
6.454443 151.241611
35.894405 -194.225551
-80.828217 105.872107
123.136365 124.168443
6.691286 126.984912
90.000331 171.887559
90.009180 168.933435
93.944118 172.241059
-14.192168 168.911373
-60.252948 121.193348
-18.553945 136.233080
18.927345 133.195291
123.336095 174.917401
-55.821390 156.966608
10.852148 159.984655
2.580513 156.948546
-1.731370 90.888943
-1.582198 90.960043
98.524794 141.583776
2.539270 90.801062
-1.884754 91.225983
-39.320345 79.214937
-39.136588 75.874863
135.712439 178.213956
110.840547 171.890312
135.631692 160.198949
-68.356317 129.895614
69.161956 129.818915
-47.394639 126.923862
131.479953 124.164855
-76.979604 106.218722
-14.333539 31.160238
-55.858945 18.892226
-14.134808 12.870635
-14.377835 7.140790
-22.472559 -83.211862
-60.111054 -179.112770
19.205336 -215.197778
31.403502 -238.878354
114.945644 123.825653
114.990382 126.982283
114.932864 126.893636
77.496021 204.944565
77.607477 189.943148
39.985577 165.845997
69.232952 144.946832
81.481014 136.201185
52.603049 129.896411
10.698651 -172.866098
31.418825 -217.884169
35.913693 -236.161736
-26.710476 171.878917
110.936642 165.884489
6.597301 141.919776
85.886270 126.797567
-35.028520 75.803819
-64.193817 54.884795
-39.120378 42.876938
-10.231169 31.159146
-106.066877 4.181535
-39.147394 -89.143910
-18.534544 -145.817758
-43.594233 -190.893422
-81.083648 22.203022
-85.079594 21.891880
-14.158652 111.878334
-68.389723 12.879219
-26.656808 -176.208050
98.137319 142.240309
98.303118 138.936041
56.687311 147.938612
60.902142 150.902926
-26.228700 117.458709
81.471401 145.252330
81.417811 145.216535
118.825207 124.507077
123.348094 126.877777
81.540414 191.298320
77.323840 196.269765
115.758135 156.951162
113.955618 156.541171
115.716283 155.125106
