7.371304162047014188e+02,1.020805078334164477e+03
8.126022453146123325e+02,1.035018057674441252e+03
-1.848948556156541940e+02,9.186988738607285541e+02
7.339529289462873294e+02,1.027124883810890879e+03
1.188252065313815820e+03,1.065025587674489771e+03
5.656931496656563922e+02,1.068398806035055259e+03
1.112403223614641547e+03,1.202859178326275014e+03
7.714808153141948424e+02,1.035018057674441252e+03
7.324108374121593670e+02,1.029953218964409871e+03
5.214180653137905210e+02,1.095033117674538289e+03
6.047723153133988490e+02,1.065025587674489771e+03
6.491382200036947552e+02,1.060819236083184478e+03
6.102245511645318174e+02,1.058238001863430100e+03
6.494686781635907664e+02,1.057564253957003302e+03
6.942820352133257984e+02,1.023409425082682560e+03
6.079702096294316789e+02,1.061588975968173600e+03
6.546460797817077264e+02,1.052059209021423158e+03
6.815121315212577713e+01,1.656978731076713075e+03
9.421713767480764545e+02,1.058841493355454077e+03
6.119337112147926518e+02,-2.428588460843922803e+03
-1.804054458718584044e+02,1.010994489011826886e+03
7.292479953134246671e+02,1.035018057674441252e+03
8.959564953142206605e+02,1.065025587674489771e+03
-3.069317991210406262e+02,6.677396618575821776e+02
-1.808128767455356183e+03,2.772895603734003203e+02
-5.956550061798567697e+01,-9.404037380483633797e+02
4.808168133051957511e+02,-2.299990889017178688e+03
-1.056534657028614447e+03,-2.578463626053368444e+03
5.681862202831913464e+02,1.071148208627610757e+03
6.081323445598791295e+02,1.059977014377099522e+03
7.367406967816748420e+02,-2.351104026328819600e+03
8.985042624402752836e+02,1.060853144987168662e+03
7.321804104901138999e+02,1.031216020673720777e+03
7.292479953134246671e+02,1.035018057674441252e+03
6.475626444978206564e+02,1.061869296295126560e+03
5.674244848754354962e+02,1.057111828317316622e+03
8.182363093150330542e+02,1.024618307932370499e+03
6.933995426822025365e+02,1.041152723460173547e+03
-5.668742495145779969e+01,1.687504901731502514e+03
7.313845913362496276e+02,1.030143155296192390e+03
7.292479953134246671e+02,1.035018057674441252e+03
-1.055385672620090418e+03,-2.577345115236625134e+03
2.291224953141954188e+02,-2.895968372325597102e+03
6.923396210525717720e+01,1.640572544295066109e+03
7.324227350520654909e+02,1.031061711401503089e+03
6.476115904120248388e+02,1.059935833408961116e+03
6.878825189376304934e+02,1.042006508359776035e+03
4.825764465808371142e+02,1.086411003668876447e+03
1.024376259249442001e+03,1.030234623444253657e+03
6.494326383156421798e+02,1.056787069667473816e+03
5.723965894402083450e+02,1.053654841166255437e+03
5.625394953142080112e+02,1.065025587674489771e+03
6.047723153133988490e+02,1.065025587674489771e+03
1.190550397029786382e+03,1.061349517356607976e+03
6.458937453138163391e+02,1.065025587674489771e+03
3.140325436994241386e+02,-2.899918502184987574e+03
7.347567421029356183e+02,1.025896525986644065e+03
7.292479953134246671e+02,1.035018057674441252e+03
5.705772471203054010e+02,1.052745829914777232e+03
6.458937453138163391e+02,1.065025587674489771e+03
5.688154096206178565e+02,1.053529039619460491e+03
6.489850991045074124e+02,1.060427533509063096e+03
7.292479953134246671e+02,1.035018057674441252e+03
7.326500258099388248e+02,1.030244214915071325e+03
7.354586819827298996e+02,1.026819199003048880e+03
7.324672283192230680e+02,1.031166778973985856e+03
5.704455352090955103e+02,1.053589614330686345e+03
6.047723153133988490e+02,1.065025587674489771e+03
6.458937453138163391e+02,1.065025587674489771e+03
6.956450707625874657e+02,1.021170816882834060e+03
6.955483245770788017e+02,1.043661719680386113e+03
7.370019943540480654e+02,1.024129490949727369e+03
7.350107650375545063e+02,1.022566977176188516e+03
2.746588189932692217e+02,1.210140690839720719e+03
7.795129100995144427e+02,1.023101983298884647e+03
-1.645792434685501803e+03,1.948072176746621835e+02
4.047696383431415370e+02,-6.568201783393691358e+02
6.955580691364277754e+02,-2.758347445403290294e+03
7.292479953134246671e+02,1.035018057674441252e+03
7.292479953134246671e+02,1.035018057674441252e+03
4.033837367818822486e+02,-6.566748011791202089e+02
4.021416146403950620e+02,-6.556529332911680967e+02
-1.643026082473067845e+03,1.899988272704779320e+02
-1.599937877503422442e+03,1.673720535909379521e+02
-1.644264651345553148e+03,1.912634299264787501e+02
6.120406738895044327e+02,1.053146999218689871e+03
6.937899646814473726e+02,1.056809997126836834e+03
-2.128714939090644975e+01,1.672726303580736158e+03
6.106226806148760033e+02,1.055858114802221053e+03
7.318055658149463625e+02,1.031948048061072313e+03
7.311898338674918705e+02,1.031924077090218816e+03
-2.230857213671374382e+02,6.209141707260272369e+02
5.669528688520740616e+02,1.055347801529781464e+03
6.487416588320693336e+02,1.061074323506621340e+03
2.356945794635952893e+02,-2.909237892685909628e+03
7.309754673734926200e+02,1.031232182609320944e+03
7.309320178586810925e+02,1.031557600824121664e+03
6.047723153133988490e+02,1.065025587674489771e+03
6.090475044221140024e+02,1.057374445990924414e+03
6.489349824257824366e+02,1.056990590082368499e+03
-1.942781811083912658e+01,1.673764188530903084e+03
-1.429799611671829496e+01,1.684047797099825857e+03
2.748547483494871244e+02,1.210824302469731037e+03
2.766070964260590017e+02,1.221839847943314680e+03
3.124767453138036899e+02,1.215063237674732363e+03
6.530855266941601940e+02,1.051451163965486558e+03
6.047723153133988490e+02,1.065025587674489771e+03
6.881265653145866281e+02,1.065025587674489771e+03
6.516202300338675286e+02,1.057356699252340150e+03
5.288340122771629694e+02,1.714032029091860977e+03
3.994098496552015831e+02,-6.540392121228990163e+02
4.013435963986289039e+02,-6.520135290549533238e+02
4.023756907424627798e+02,-6.581391536148678369e+02
-1.641198813092410091e+03,1.851871222179465235e+02
-1.636757140826921614e+03,1.841925467697483612e+02
-1.639244216902236758e+03,1.858953888839034221e+02
2.339737643583274007e+02,1.205208253111837394e+03
2.738357415000485275e+02,1.210524841898106843e+03
2.758344166006709202e+02,1.206490019406366400e+03
-2.094025468620891672e+01,1.665176187674670473e+03
-1.319642457333391405e+01,1.653291654289720782e+03
2.291224953141954188e+02,1.215063237674732363e+03
2.713553153133862565e+02,1.215063237674732363e+03
2.729400715841069882e+02,1.210247237651785099e+03
2.129256531456131540e+01,1.725191247674767510e+03
