date:2016-09-06, time:0700, wind_speed:2.75, wind_dir:19.0, temp:17.4
5.323930640548840643e+01 1.158992686606823383e+02
-5.933519022955935185e+01 -1.922305234819526731e+01
5.268568982098687314e+01 1.157540942665521584e+02
4.852970090808353376e+01 1.277968882131111457e+02
-6.763437457096242156e+01 -3.705428277221339783e+01
5.214180653137905352e+01 1.185055707674683845e+02
-5.056045083881682700e+01 -9.936512847191215414e+00
-7.610433529355007920e+01 -1.182081848852082402e+02
5.315281934518261409e+01 1.156981460577793825e+02
5.214180653137905352e+01 1.155048177674635355e+02
-7.957878749252716943e+01 -1.149976356851750126e+02
-9.316512932678733705e+01 -4.342049361348368564e+01
-5.161959216224384761e+01 -4.628227953907182268e+01
-1.216544903159163056e+02 1.880341982240559373e+00
-1.222167669196118283e+02 -2.541752655602792998e+01
-1.261472260252658657e+02 -1.022017634886121051e+01
-1.423318492874809920e+02 1.423014121092579209e+01
-6.723433538716906810e+01 -3.713455380323473776e+01
-1.049186980041859698e+02 -3.407390372001702161e+01
-1.229021184685880854e+02 -1.524549232488777051e+00
-6.824745834655327315e+01 -2.232695231509647726e+01
-1.134911563915245267e+02 -3.427786552745003945e+01
-8.480970176347653933e+01 -1.094262437624800839e+02
-7.711285046858424153e+01 -6.454036223251169702e+01
-8.956041846858681765e+01 1.347921576745651251e+01
-3.065637390477586877e+01 6.775658562647625160e+01
-2.549009705402996318e+01 5.309081524214041536e+01
-2.190667316042023671e+01 5.656333295522730964e+01
-1.187899754687042844e+02 1.647996876746136508e+01
-7.652087843340781603e+01 -6.428680602092529739e+01
-7.288956846850722116e+01 6.149126376745517319e+01
-3.904932043368887662e+01 5.274761869751924337e+01
-6.816451602375357766e+01 5.576745409850199309e+01
-1.454159346862346958e+01 1.125040647674586864e+02
5.214180653137905352e+01 1.155048177674635355e+02
-4.310569856185743731e+01 5.962374228254716257e+01
-5.621871846858556410e+01 3.148373376748562436e+01
-1.042945046858172198e+01 1.305085827674877805e+02
-4.275384508415114482e+01 6.796087754410959292e+01
-1.057633593838923218e+02 -2.833340554892642160e+01
-8.900738434686144274e+01 -4.039856839346425943e+01
-1.056800140858717043e+02 -4.022867212709815732e+01
-9.789584346854765329e+01 4.348674576750502752e+01
-9.284504126566334037e+01 4.161876042132246312e+01
-1.640074059441457734e+02 5.268034632044201970e+01
-1.092747159822662582e+02 6.178983253961162347e+01
-7.711285046858424153e+01 -2.553057323252759048e+01
-1.104545504685855093e+02 5.548975776744546806e+01
-1.216744872892080593e+02 6.179770255212776675e+01
5.364707137919616287e+01 1.159032314647028556e+02
-1.296307760999009417e+02 5.007428834808495566e+01
6.241399531339939522e+00 9.750029976743442717e+01
-1.454159346862346958e+01 6.149126376745517319e+01
4.853334090874819395e+01 1.245971122957069923e+02
-1.876487546870049172e+01 6.449201676753899903e+01
-1.098616116905352271e+02 2.859801016540489371e+01
-1.562438184685893532e+02 4.348674576750502752e+01
-1.139578701682097517e+02 5.565232000307074856e+01
-1.437962504685867771e+02 5.248900476744061905e+01
-1.145666934686272498e+02 4.348674576750502752e+01
6.928217294433696161e+00 6.770880723314085969e+01
-1.389829365820121723e+02 4.973204451717728602e+01
-8.956041846858681765e+01 4.648749876750988363e+01
-6.455414346854639973e+01 5.248900476744061905e+01
-1.187899754687042844e+02 4.948825176751473265e+01
-1.014927081659525641e+02 6.176059274130834353e+01
-1.006308863308008910e+02 4.105456297126399079e+01
-2.710030046866132381e+01 4.948825176751473265e+01
-9.641259394018305784e+01 5.315075233855534975e+01
-8.956041846858681765e+01 1.035018057674441252e+02
-8.490189097234804194e+01 8.871929774637372645e+01
-1.403780797395252122e+01 7.664585568241741953e+01
-3.070556001032846893e+01 5.558099712854673413e+01
5.214180653137905352e+01 1.185055707674683845e+02
-1.140219918411829667e+02 9.173289743567826804e+01
-9.378370046866385223e+01 8.549728776749398662e+01
-6.304191833538344270e+01 9.504783650666098538e+01
-1.062312684685084889e+02 8.549728776749398662e+01
-9.315800987577105730e+01 -2.523309647360042618e+01
-7.227098910643069019e+01 -1.310467816059586621e+00
-1.181855724467263400e+02 1.006765592565217986e+02
-6.877742546862342010e+01 9.750029976743442717e+01
-6.877742546862342010e+01 1.095033117675327929e+02
-2.094025468620891672e+00 8.849804076749883563e+01
-8.544827546870301660e+01 -5.853885623250199188e+01
-8.796542648902756412e+01 1.070431653975411876e+02
2.129256531456131363e+00 9.750029976743442717e+01
3.733565835863931870e+00 7.698939542414105119e+01
-7.647844200285376814e+01 1.156498071317565177e+02
-8.544827546870301660e+01 1.125040647674586864e+02
-5.105098190918912593e+01 1.129414676543060665e+02
-6.826783481063026215e+01 1.156807220787232495e+02
-9.378370046866385223e+01 1.095033117675327929e+02
-8.887896650657022235e+01 7.778398843283432562e+00
-9.378370046866385223e+01 1.095033117675327929e+02
-1.354608254686259272e+02 3.448448676749047337e+01
-8.900889929591322414e+01 1.377707569143896649e+01
-5.573109318435778903e+01 -1.640306357794771941e+01
-8.122499346862599623e+01 1.155048177674635355e+02
5.270518941602959018e+01 1.158038356728584688e+02
-9.741292785101084917e+01 1.065913806859683604e+02
-1.187899754687042844e+02 1.035018057674441252e+02
-8.434397365016592119e+01 1.038978782898967523e+02
-1.104545504685855093e+02 1.035018057674441252e+02
4.847017398404603483e+01 1.156025056469553647e+02
-8.544827546870301660e+01 1.095033117675327929e+02
-6.764693411583613170e+01 1.129544819723059135e+02
-7.655673269249760438e+01 1.157348829303460747e+02
-6.313962786462396792e+01 1.191277518146832790e+02
-6.455414346854639973e+01 9.449954676750854787e+01
-9.760646469089872213e+00 5.271517674427551015e+01
-4.945087013138843801e+00 4.073739663246745835e+01
-7.232159558395925103e+01 1.217478766738811800e+02
-7.288956846850722116e+01 1.065025587675279439e+02
5.351349445752993716e+01 1.191200872058507514e+02
-6.044200046866258447e+01 1.035018057674441252e+02
-1.504461543475158578e+02 3.195395647775996295e+01
-1.016474973491063452e+02 1.306634724345992709e+02
-8.956041846858681765e+01 1.185055707674683845e+02
-1.395729684685097425e+02 4.648749876750988363e+01
-1.062312684685084889e+02 1.245070767674780967e+02
-1.271254004686651058e+02 2.548222776747591922e+01
-1.395729684685097425e+02 4.648749876750988363e+01
-1.515244703449967858e+02 3.178798715645600126e+01
-8.899448486567361272e+01 1.037561655978333874e+02
-9.324934616501349183e+01 9.174339395814811837e+01
-8.956041846858681765e+01 1.215063237674732335e+02
-4.788329346862472846e+01 1.245070767674780967e+02
-8.065035502370920995e+01 1.156656992516531375e+02
-7.228465103971899453e+01 1.246798323092955485e+02
-1.876487546870049172e+01 1.155048177674635355e+02
-5.879803583362357955e+01 1.100334774922385890e+02
-7.233199081872481884e+01 8.278253131590263081e+01
-3.543572546862215233e+01 8.249653476748913761e+01
-1.042945046858172198e+01 5.548975776744546806e+01
-4.707433334144663029e+00 5.289920499913871055e+01
-1.454159346862346958e+01 6.449201676753899903e+01
-1.062312684685084889e+02 4.348674576750502752e+01
-8.039505591168210685e+01 1.196148980646100455e+02
-7.711285046858424153e+01 1.155048177674635355e+02
-7.562934939296978598e+01 1.521385231004165917e+02
-1.305584326816348835e+02 2.276457502331534144e+01
-6.769477672811220259e+01 -3.132751003931400646e+01
-4.310698249260089909e+01 1.036615344683562654e+02
-1.562438184685893532e+02 3.448448676749047337e+01
-1.062312684685084889e+02 4.948825176751473265e+01
-1.016097081621368119e+02 6.465439086044770534e+01
-1.271254004686651058e+02 6.149126376745517319e+01
5.265572236211740176e+01 1.156433320177882109e+02
-1.015672130704019764e+02 4.667048729255050432e+01
5.214180653137905352e+01 1.155048177674635355e+02
-6.044200046866258447e+01 1.665176187674670416e+02
-5.564640687884711667e+01 1.607474872964484121e+02
-4.688054128224995765e+01 1.608372080869001479e+02
-2.710030046866132381e+01 1.545146067675266011e+02
9.071427160160057213e+01 1.637725247498714225e+02
-6.388459932680471098e+01 1.606315579297913416e+02
-6.808841021264390747e+01 1.606632372223774610e+02
6.507509218700023723e+01 1.607164498417780578e+02
-7.711285046858424153e+01 1.515138537675217663e+02
-7.288956846850722116e+01 1.635168657674622068e+02
-5.919194493626469011e+01 1.638882465024233284e+02
-7.234026925445485290e+01 1.607338822529870299e+02
-6.400060821833373836e+01 1.666098654907313801e+02
-7.976193736159835623e+01 5.921203181293043372e+01
-9.314996891090709141e+01 7.079265356632834028e+01
-6.877742546862342010e+01 1.665176187674670416e+02
-3.796615932582100328e+01 1.670481889283203998e+02
6.717588543410708546e+00 9.166890590007845674e+01
-5.210657546870175594e+01 1.125040647674586864e+02
-6.877742546862342010e+01 1.065025587675279439e+02
-4.738438956075778208e+01 1.606587899908674615e+02
-5.987802081442052327e+01 1.607075788961238061e+02
-8.544827546870301660e+01 1.155048177674635355e+02
-8.841539660696022906e+01 1.128867590287816540e+02
-8.037064709605209600e+01 1.075193321604884886e+02
-5.556053858905673337e+01 1.157912968737752237e+02
-5.469611107510729653e+01 1.071343285050617027e+02
-5.455925008647447072e+01 1.219493972164672044e+02
-5.621871846858556410e+01 1.185055707674683845e+02
-5.621871846858556410e+01 1.185055707674683845e+02
-1.104545504685855093e+02 9.449954676750854787e+01
-1.182393105124888137e+02 8.861584123612371400e+01
-9.738695092897232541e+01 1.306951040374848958e+02
-9.734981044429966346e+01 4.671834580847429663e+01
-4.788329346862472846e+01 1.575153597674524804e+02
-1.399046920985639986e+01 7.672132956377393498e+01
-1.015154259679662232e+02 4.376966403760945923e+01
-8.544827546870301660e+01 8.249653476748913761e+01
-8.858385034975361805e+01 1.136285209753205976e+02
-6.822503959480722813e+01 5.570219141763614346e+01
-1.187899754687042844e+02 7.049352276746972734e+01
-1.265711314215204339e+02 6.769096992199929730e+01
-1.222565881101163683e+02 7.072305832311329254e+01
1.479639629683302928e+02 2.505870482324966417e+02
1.360696237139141829e+02 2.476777056398350112e+02
1.271254004683492411e+02 2.385840362324772173e+02
1.271254004683492411e+02 2.535878012325014765e+02
1.443699407116054090e+02 2.566830527024188768e+02
1.562993879684490537e+02 2.505870482324966417e+02
-3.780264349447735839e+01 7.087765421050677617e+01
-4.788329346862472846e+01 6.449201676753899903e+01
-3.893365602835240935e+01 6.774116966735633127e+01
-5.210657546870175594e+01 6.449201676753899903e+01
1.354608254684680162e+02 2.475862952324917785e+02
1.360595998891930662e+02 2.477735350200232176e+02
1.452503493957232479e+02 2.512999304489318035e+02
1.276965809631747533e+02 2.537395399518895545e+02
1.354608254684680162e+02 2.535878012325014765e+02
1.242069566338966666e+02 2.510831728096624147e+02
1.396285379683694430e+02 2.535878012325014765e+02
1.271254004683492411e+02 2.505870482324966417e+02
1.401677223752941757e+02 2.538928979060921165e+02
1.240315040371354343e+02 2.538922577836201526e+02
1.604671004683505089e+02 2.475862952324917785e+02
1.318664640172638656e+02 2.448382853151116763e+02
1.241178597045395406e+02 2.539834204545209957e+02
1.271254004683492411e+02 2.535878012325014765e+02
1.318243965438189207e+02 2.537884097678450246e+02
-7.137700773806130883e+01 5.604259870562551527e+01
-6.877742546862342010e+01 5.548975776744546806e+01
-6.393824011791001283e+01 5.557913100233722048e+01
-6.823318201242071268e+01 5.563673977167045592e+01
1.275934615007104611e+02 2.447182932321330497e+02
1.401385225444699358e+02 2.388692302064529827e+02
1.444532519929356624e+02 2.536970185204365578e+02
1.234634365650877328e+02 2.477688797259430658e+02
1.239118876045211977e+02 2.485345798427678119e+02
1.365702329466351159e+02 2.538570419881003488e+02
1.402556368734070134e+02 2.537474526954051726e+02
1.371300886411672195e+02 2.510974348561690590e+02
-8.476256021010831887e+01 1.156675588169594420e+02
-8.908686362559498662e+01 1.066671037909116535e+02
-8.956041846858681765e+01 1.095033117675327929e+02
-8.544827546870301660e+01 1.065025587675279439e+02
-7.711285046858424153e+01 1.155048177674635355e+02
-8.122499346862599623e+01 1.185055707674683845e+02
-5.888765884362166503e+01 1.071381473090151388e+02
-1.099345750025788675e+02 1.977797990274485684e+01
-9.378370046866385223e+01 8.849804076749883563e+01
-8.497526934787262576e+01 8.277126368222251074e+01
-8.482882615622503408e+01 8.276243830666157919e+01
1.495870009498866580e+02 2.391629219263638788e+02
1.568457753329584534e+02 2.417841607366187020e+02
1.187899754683884055e+02 2.355832832324723825e+02
-1.479083934686285318e+02 3.148373376748562436e+01
-1.556294741873060161e+02 3.173285684202974366e+01
-1.515214190938310708e+02 3.162724639867321130e+01
1.271254004683492411e+02 2.535878012325014765e+02
1.277977178731293009e+02 2.446779211122832578e+02
1.410249202431347157e+02 2.482237541089997706e+02
-8.956041846858681765e+01 1.647996876746136508e+01
-9.324438726486462770e+01 1.068999706162994023e+01
-9.378370046866385223e+01 1.647996876746136508e+01
-9.378370046866385223e+01 1.347921576745651251e+01
1.366327472216955243e+02 2.509465607795173980e+02
1.526437921864144585e+02 2.417590842251447327e+02
1.646348129684098751e+02 2.415847892324820805e+02
1.319573083968611513e+02 2.538014547427197556e+02
1.437962504684288376e+02 2.505870482324966417e+02
1.609956079378380878e+02 2.387984975677036630e+02
1.479639629683302928e+02 2.505870482324966417e+02
1.365313779795462779e+02 2.508389369050312325e+02
1.604671004683505089e+02 2.445855422324869153e+02
1.479639629683302928e+02 2.475862952324917785e+02
1.494975433471115593e+02 2.451353045844577423e+02
1.521316754683896590e+02 2.415847892324820805e+02
1.354608254684680162e+02 2.505870482324966417e+02
1.443322628099746510e+02 2.416799120305909412e+02
1.485872547336898322e+02 2.508391970944915101e+02
1.609640904015007834e+02 2.446792701567652557e+02
1.578892442198225012e+02 2.391085211172988352e+02
5.338928225380512771e+01 1.190172605517066700e+02
5.262053129787496886e+01 1.156195560092570531e+02
5.214180653137905352e+01 1.155048177674635355e+02
-1.223316785155955841e+02 6.769819997298230874e+01
-1.222900371060145659e+02 6.477355889715708770e+01
-1.187899754687042844e+02 6.749276976746487833e+01
-5.926437374735986197e+01 1.158360830243524475e+02
-5.150101993130923006e+01 8.267887500592576089e+01
-5.187394221018917051e+01 1.197144641772870841e+02
-8.891885263060601119e+01 1.246848797381258862e+02
-6.104319941138325589e+01 1.676027766964390366e+02
