3.547095653145739789e+02,1.185055707674683845e+03
8.068363689196559108e+00,-2.889973402672756947e+03
1.763790332842441444e+01,-2.893453524032733640e+03
5.625394953142080112e+02,1.065025587674489771e+03
4.791852453145997401e+02,1.095033117674538289e+03
5.570818101876490118e+02,1.067259837897708849e+03
5.572705987112017283e+02,1.065904560078324721e+03
7.175448994575590405e+02,1.039676905340261555e+03
5.174173224349207203e+02,1.246179734857763151e+03
4.650253391895737423e+02,1.100175033138283197e+03
3.420787236326757466e+02,1.189857636228060755e+03
-1.120338770344537380e+02,-2.983243201076402329e+03
4.380638153141822499e+02,1.245070767674780882e+03
1.880010653137779286e+02,-2.895968372325597102e+03
4.746360924056128852e+02,1.096934941012824993e+03
7.292479953134246671e+02,-2.535878012325014879e+03
4.634566640652083720e+02,1.100957089337912294e+03
-4.007683740555952454e+02,-1.574148649638293591e+03
6.881265653145866281e+02,1.215063237674732363e+03
1.457682453145870909e+02,-2.895968372325597102e+03
8.512231298164448390e+02,1.517174276099262215e+03
6.047723153133988490e+02,-2.505870482324966360e+03
5.991712187847615496e+02,-2.684734090317471782e+03
-8.657231006197291663e+02,-1.598993283424500532e+03
-4.426714021532611696e+02,-8.244161447532795819e+02
7.292479953134246671e+02,1.575153597674524917e+03
1.389696263002484500e+01,-2.891644360254266303e+03
1.837892953776279228e+02,1.216511040363604025e+03
6.881265653145866281e+02,1.035018057674441252e+03
3.866986705481400577e+02,1.188920712656166870e+03
-4.927245175983285890e+02,-1.569161019697626898e+03
8.126022453146123325e+02,1.065025587674489771e+03
6.023444156790219495e+01,-2.883213116825618272e+03
3.501616384247236056e+02,1.186856196755671817e+03
5.478728203040998324e+02,1.070351125620557696e+03
6.826914469248537216e+02,1.397990309492067126e+03
2.291224953141954188e+02,1.215063237674732363e+03
4.711365803673359096e+02,1.098460326962634326e+03
-9.378370046866384655e+02,-1.485614462324896067e+03
6.769195008470860557e+02,1.399719377976988198e+03
7.634510390463477734e+02,1.040010750341183211e+03
1.823045560071444697e+02,-2.893264033521281817e+03
-7.711285046858424721e+02,-1.605644582325090141e+03
3.453000711252970518e+02,1.188644035565238937e+03
4.746360742948603502e+02,1.096157291131494048e+03
6.047723153133988490e+02,1.065025587674489771e+03
1.764281384394552106e+02,-2.890100271568627704e+03
7.641670456030833520e+02,1.038765084912376778e+03
5.551897900037160980e+02,1.069107402829375360e+03
3.547095653145739789e+02,-2.865960842325548583e+03
6.775041160262403537e+02,1.037790947115970766e+03
2.713553153133862565e+02,-2.895968372325597102e+03
9.690437445268966030e+02,1.038607588725763435e+03
1.046468153141696291e+02,-2.895968372325597102e+03
4.745459187522953357e+02,1.097812103087662308e+03
1.784223507692039163e+02,-2.893792369718517875e+03
3.493954205733345475e+02,1.187840512332251819e+03
5.864728245502172399e+01,-2.893112879006489038e+03
4.791852453145997401e+02,1.095033117674538289e+03
7.292479953134246671e+02,1.035018057674441252e+03
3.481299772693307091e+02,1.188624629614332207e+03
1.341719236707343157e+02,-2.890652530865704193e+03
8.126022453146123325e+02,1.065025587674489771e+03
3.081349126978733466e+02,-2.893355520323402288e+03
4.746631423805005738e+02,1.096884550062886092e+03
7.678741418014637929e+02,1.036497498233100032e+03
1.414549491150997937e+02,-2.893429494804862770e+03
5.526704465895347766e+02,1.069854608001840688e+03
-3.543572546862215518e+02,1.347921576745651464e+02
8.044337216633422258e+02,1.068356756717375220e+03
-1.508169627343673938e+02,-2.863128283027338512e+03
7.714808153141948424e+02,1.035018057674441252e+03
4.737754986108884623e+02,1.097455549654241850e+03
5.625394953142080112e+02,1.065025587674489771e+03
4.791852453145997401e+02,1.095033117674538289e+03
3.547095653145739789e+02,1.185055707674683845e+03
6.047723153133988490e+02,1.215063237674732363e+03
7.714808153141948424e+02,1.035018057674441252e+03
-5.669078152287248713e+02,-7.344598677576730097e+02
3.436646433696015492e+02,-2.860989247350160440e+03
3.124767453138036899e+02,-2.895968372325597102e+03
-8.122499346862599623e+02,-1.695667172325235697e+03
5.549802886466444534e+02,1.067797189317057928e+03
6.816871826686373197e+02,1.039297866424387394e+03
4.791852453145997401e+02,1.095033117674538289e+03
6.765193736118999368e+02,1.041530499577095270e+03
6.796545116433414933e+02,1.037325716727267263e+03
6.790309077823499138e+02,1.038047727904247495e+03
-4.921481851563463010e+02,-1.631157776846756406e+03
7.671024831022211856e+02,1.036010324677664130e+03
-3.013995781270733687e+01,-2.951293333504483144e+03
3.547095653145739789e+02,-2.865960842325548583e+03
1.778573027553988481e+02,-2.891295337412952449e+03
1.457682453145870909e+02,-2.895968372325597102e+03
5.625394953142080112e+02,1.065025587674489771e+03
5.625394953142080112e+02,1.065025587674489771e+03
-1.558474792221488769e+02,-2.858780010924624094e+03
6.844331564591944925e+02,1.037452131957236361e+03
5.882005273229833620e+02,1.459193494473886631e+03
4.753747131753428903e+02,1.096948495717096648e+03
-6.563072551806628496e+01,-2.984293496853688339e+03
5.625394953142080112e+02,1.065025587674489771e+03
6.835806707537815328e+02,1.035941485289478578e+03
2.291224953141954188e+02,1.335093357674926438e+03
3.547095653145739789e+02,1.185055707674683845e+03
4.739768975075596700e+02,1.096419728665736329e+03
4.708538663586284088e+02,1.099654742316329930e+03
5.625394953142080112e+02,1.065025587674489771e+03
6.833150946199629061e+02,1.036302139929426176e+03
3.443464552050800194e+02,1.190481942242786545e+03
3.508158123405096944e+02,1.186674432839776046e+03
1.001029142565068213e+02,-2.893653872302806576e+03
3.467057071177430885e+02,-2.861639859721782159e+03
4.380638153141822499e+02,-2.835953312325500065e+03
-4.834872979476338628e+02,-1.544467937641117942e+03
1.408501852949328281e+02,-2.894057373852164346e+03
1.368018424212212665e+02,-2.891884175838130432e+03
8.949415246434891458e+01,-2.890059475654957168e+03
-2.094025468620891672e+01,-2.955983432324904243e+03
-6.206168468662637849e+01,1.047846276745166136e+02
4.791852453145997401e+02,1.095033117674538289e+03
3.402754199990714028e+02,1.191986612169518821e+03
-8.544827546854508000e+02,-1.635652112325138660e+03
-7.750609674611090441e+02,-1.663095824023095474e+03
6.881265653145866281e+02,1.035018057674441252e+03
6.749751231977309089e+02,1.041945411197482599e+03
6.832296841356296682e+02,1.036327110643196875e+03
3.547095653145739789e+02,1.185055707674683845e+03
2.200759818341448693e+02,1.217749915980149353e+03
3.547095653145739789e+02,1.185055707674683845e+03
7.159929604943126833e+02,1.039846204750644119e+03
3.456254244046713211e+02,1.191297568198986028e+03
2.713553153133862565e+02,-2.895968372325597102e+03
4.791852453145997401e+02,1.305085827674877919e+03
3.439524961791789792e+02,-2.861135708723316839e+03
7.292479953134246671e+02,1.035018057674441252e+03
6.834340451977377597e+02,1.036516431697421240e+03
4.717091527410133835e+02,1.098696293935771564e+03
4.791852453145997401e+02,1.095033117674538289e+03
7.581159571996035993e+02,1.369278168199637321e+03
6.458937453138163391e+02,1.305085827674877919e+03
7.181787958438538908e+02,1.369139925033337477e+03
7.577388983945173777e+02,1.039946978037372219e+03
1.880010653137779286e+02,-2.895968372325597102e+03
2.162482589897320508e+02,-2.889876035484437125e+03
5.495642249702493700e+02,1.130689289533348756e+03
6.047723153133988490e+02,1.395108417675023475e+03
-7.327798137928622282e+02,-1.784498938033676041e+03
7.161060361584402472e+02,1.191328481235929303e+03
4.737230737722662752e+02,1.097262324074494018e+03
5.214180653137905210e+02,1.335093357674926438e+03
6.363848336354070625e+02,1.368777977264810033e+03
6.881265653145866281e+02,1.035018057674441252e+03
6.781289290054211278e+02,1.041062457272550546e+03
7.242930753526621857e+02,1.036342421287350817e+03
3.500259116690742189e+02,1.186497825008697191e+03
3.465551438668228457e+02,1.189932648305443308e+03
4.655964680524078858e+02,1.823039083245744223e+03
6.010474387182631517e+02,1.067976480471633295e+03
4.291531510249122334e+02,1.128743860803323514e+03
-8.122499346862599623e+02,-1.635652112325138660e+03
2.204940942264093735e+02,-2.891132915595992017e+03
8.740574003471621722e+00,-2.888110656321033275e+03
-8.122499346862599623e+02,-1.515621992324944586e+03
5.521052496780836236e+02,1.068855546336870020e+03
-8.994629400986650580e+02,-1.633966700262519680e+03
2.713553153133862565e+02,1.215063237674732363e+03
4.706926406410260597e+02,1.097692246226002908e+03
3.436791839522014698e+02,1.188232634629815493e+03
5.625394953142080112e+02,1.575153597674524917e+03
4.720552360107134291e+02,1.098679568163025806e+03
5.625394953142080112e+02,1.065025587674489771e+03
3.826307005479106920e+02,-2.859219599642529829e+03
4.310482418919148699e+02,1.128634398259599493e+03
-1.042945046858172304e+02,-2.985990962324952761e+03
4.680206668326017621e+02,1.101709980180321963e+03
9.708090938163244346e+02,1.037802552529479271e+03
8.494723439869389949e+02,1.065928573581096771e+03
1.810458066343894927e+02,1.230449313759968618e+03
1.325672732540058973e+02,1.193607790560577769e+03
4.715951689506541697e+02,1.097973839051671575e+03
5.829403741481337420e+01,-2.894351853463805128e+03
9.191619595917094898e+01,-2.887604637255379203e+03
1.708313423498375982e+02,-2.891358339182974760e+03
2.636786017684167973e+02,-2.891333501235850690e+03
-1.494498532039339693e+02,-2.864276675641318434e+03
7.557119523349347219e+02,1.309962957211352659e+03
-2.323664177011415859e+02,-2.834760454873995513e+03
6.836477077635692012e+02,1.036440572096993719e+03
5.625394953142080112e+02,1.065025587674489771e+03
6.001450745709905732e+01,-2.881499217056220459e+03
2.247888491153572090e+02,-2.893447365086513400e+03
3.547095653145739789e+02,1.185055707674683845e+03
5.899423525327081279e+02,1.581882889049509004e+03
6.844940267585288893e+02,1.037632112577595308e+03
4.752111286107951855e+02,1.096755795634250717e+03
4.297142264869202677e+02,1.129032619938639300e+03
6.784276002328386994e+02,1.039929337844564770e+03
2.209380946925223270e+02,1.219316116492950641e+03
6.881265653145866281e+02,1.035018057674441252e+03
3.443952709767778515e+02,1.191502570280969849e+03
5.507865439806706718e+02,1.070277444695332861e+03
6.762593510636716019e+02,1.039059994402084612e+03
6.757198730997215534e+02,1.040450730612706138e+03
5.625394953142080112e+02,1.065025587674489771e+03
7.247107450351853686e+02,1.037900842950012702e+03
4.326360021942822982e+02,1.127103591247622035e+03
7.714808153141948424e+02,1.035018057674441252e+03
5.504295203397103933e+02,1.068335966249423564e+03
3.409444258172907212e+02,1.192304012340210420e+03
4.791852453145997401e+02,1.095033117674538289e+03
3.434332853302871627e+02,1.188707032133572284e+03
5.535499942952361607e+02,1.070061247641265254e+03
4.714683071975302937e+02,1.098699549697718339e+03
6.784877967954366795e+02,1.038722361732399804e+03
7.185470590033158942e+02,1.040058661221220063e+03
3.446250709875506573e+02,1.189636154822183926e+03
3.490160111198654249e+02,1.185930440686491693e+03
3.419785822851770263e+02,1.190833728685912092e+03
5.625394953142080112e+02,1.065025587674489771e+03
7.592693983978886081e+02,1.042011853778320074e+03
6.774559095936313042e+02,1.039865606690714912e+03
9.793107453138289884e+02,1.035018057674441252e+03
3.463282471769400104e+02,1.189520453259243595e+03
5.509395184728945196e+02,1.070820942309776456e+03
6.736784296630632980e+02,1.042449064995221306e+03
7.659984444801262953e+02,1.037346344583814925e+03
1.824236590946077854e+02,1.215947351975812126e+03
7.254685111683580772e+02,-2.624393853878830214e+03
5.552790812999692207e+02,1.069207457873223575e+03
6.881265653145866281e+02,1.035018057674441252e+03
7.248061861504206718e+02,1.036886952871459698e+03
3.432869811386259471e+02,1.191267932742414359e+03
3.489632363032299054e+02,1.185961240023855680e+03
9.676632589224592493e+02,1.039737234614227873e+03
5.551735720561874814e+02,1.068644912344673912e+03
3.506379866296301770e+02,1.187230555484775778e+03
3.493154669438729343e+02,1.186455955144141853e+03
2.291224953141954188e+02,1.215063237674732363e+03
6.749194505580277337e+02,1.040748745689785665e+03
4.255645707620391818e+02,1.161150899347973336e+03
2.713553153133862565e+02,1.215063237674732363e+03
6.881265653145866281e+02,1.035018057674441252e+03
5.532489229200814407e+02,1.069393755817678311e+03
6.827210793363803987e+02,1.035901178291106362e+03
2.291224953141954188e+02,1.215063237674732363e+03
5.999049949889907793e+02,1.067276240348430292e+03
4.380638153141822499e+02,1.125040647674586808e+03
5.527178434302830965e+02,1.071485591623348682e+03
5.463111053502593677e+02,1.070514685375411773e+03
4.756202402922919532e+02,1.097172247672300728e+03
6.731735693862798371e+02,1.040341548190220237e+03
5.487547988038314770e+02,1.072058329069894171e+03
7.197203164968005922e+02,1.040029494646298645e+03
8.027986781771625147e+02,1.067212933228940756e+03
7.292479953134246671e+02,1.035018057674441252e+03
7.714808153141948424e+02,1.035018057674441252e+03
5.918757687513477777e+02,1.073309866390203752e+03
5.625394953142080112e+02,1.065025587674489771e+03
6.824784736036925779e+02,1.037173866302030547e+03
2.195552834744572976e+02,1.217464961629339996e+03
6.833125629098566378e+02,1.037419042650486517e+03
3.448902450885644839e+02,1.190548844049733816e+03
3.457670298881710096e+02,1.191775408690733911e+03
6.789775035748148184e+02,1.039893654891525102e+03
3.547095653145739789e+02,1.185055707674683845e+03
6.766430517073101782e+02,1.041419392067847639e+03
5.546950602962745052e+02,1.068665495958044403e+03
4.711659755354273216e+02,1.100026224971221382e+03
5.625394953142080112e+02,1.065025587674489771e+03
5.546107019365815631e+02,1.068996884961976548e+03
2.628196709504676392e+02,1.218605441697858851e+03
4.380638153141822499e+02,-2.835953312325500065e+03
6.047723153133988490e+02,1.065025587674489771e+03
5.908244727691759408e+02,1.101822099018030258e+03
1.326946740559034481e+02,-2.889406706316713553e+03
1.880010653137779286e+02,-2.895968372325597102e+03
1.046468153141696291e+02,-2.895968372325597102e+03
4.685518165669132031e+02,1.100791531630012287e+03
4.653620886667019363e+02,1.098631577816475101e+03
7.673792592842513614e+02,1.036160332001764345e+03
7.565873511005015644e+02,1.041052472712168310e+03
7.643615009774761120e+02,1.039436958313271361e+03
5.576249964525597989e+02,1.067388048693419250e+03
5.932303393345521272e+02,1.069565108640252220e+03
6.047723153133988490e+02,1.065025587674489771e+03
5.625394953142080112e+02,1.065025587674489771e+03
4.650620706023021285e+02,1.101762837895464600e+03
4.791852453145997401e+02,1.095033117674538289e+03
4.712834206969732236e+02,1.097583905607626320e+03
-1.492572994190743145e+02,-2.984232312222161454e+03
-1.176912881213373367e+02,-2.949827767732811481e+03
-1.042945046858172304e+02,-2.955983432324904243e+03
6.458937453138163391e+02,1.065025587674489771e+03
6.047723153133988490e+02,1.095033117674538289e+03
5.910937710645956713e+02,1.071076573523286470e+03
5.580281039149745084e+02,1.066713632089268913e+03
5.587130583332261722e+02,1.067581430658654881e+03
5.625394953142080112e+02,1.065025587674489771e+03
4.305745056138340487e+02,1.129133246958179143e+03
4.380638153141822499e+02,1.125040647674586808e+03
4.274348985603321580e+02,1.129065210520560640e+03
4.743326936652980521e+02,1.096127485536192353e+03
4.662547824775971321e+02,1.101247023059848743e+03
4.747721083726231655e+02,1.096992144766851879e+03
6.881265653145866281e+02,1.035018057674441252e+03
6.881265653145866281e+02,1.035018057674441252e+03
-8.253033313562939384e+02,-1.481247995801177694e+03
-8.122499346862599623e+02,-1.515621992324944586e+03
6.047723153133988490e+02,1.065025587674489771e+03
7.630145753003365598e+02,1.038857117836525276e+03
5.625394953142080112e+02,1.065025587674489771e+03
1.757871304564017123e+02,1.251471450005285305e+03
4.791852453145997401e+02,1.095033117674538289e+03
7.714808153141948424e+02,1.035018057674441252e+03
6.881265653145866281e+02,1.035018057674441252e+03
7.247278303388254699e+02,1.035927187247555139e+03
6.881265653145866281e+02,1.035018057674441252e+03
5.625394953142080112e+02,1.095033117674538289e+03
5.481314203693526679e+02,1.072036817866010779e+03
3.428515574523697751e+02,1.190263409004300001e+03
7.393939555493191165e+02,1.069240517378648747e+03
7.153807722432368337e+02,1.070984187853260892e+03
7.214543642762488389e+02,1.399790290400374261e+03
3.387433090342318565e+02,1.220961858974506868e+03
3.124767453138036899e+02,1.215063237674732363e+03
3.547095653145739789e+02,1.185055707674683845e+03
3.124767453138036899e+02,1.215063237674732363e+03
1.880010653137779286e+02,-7.054186823252140357e+02
5.501457964247742893e+02,1.070470080155469532e+03
5.587117277701772764e+02,1.066305440232472620e+03
8.959564953142206605e+02,1.065025587674489771e+03
8.813041691578551990e+02,1.071851627859912469e+03
1.829513928475395801e+02,1.276992913626965446e+03
1.742286746293774513e+02,1.280437098860838205e+03
-1.136819213607555952e+02,-2.951121312416935780e+03
-1.042945046858172304e+02,-2.925975902324855724e+03
6.863455271557768356e+02,1.274301608218535875e+03
6.831988611889009917e+02,1.307166809947558932e+03
7.272425164419793191e+02,1.048446635754553427e+03
6.912811714321202317e+02,1.041707248924587020e+03
7.292479953134246671e+02,1.065025587674489771e+03
5.625394953142080112e+02,1.065025587674489771e+03
5.578103409717903105e+02,1.067431340328649640e+03
5.488085303473856129e+02,1.071273486419560186e+03
9.343520182647548609e+02,1.075962761655602208e+03
9.695198747173216134e+02,1.039768335866697271e+03
9.267419788717143092e+02,1.070166654886305878e+03
3.047256433523598957e+02,-2.897498519574404781e+03
3.124767453138036899e+02,-2.865960842325548583e+03
7.660361061225119101e+02,1.366236168722436787e+03
7.292479953134246671e+02,1.365100887674974956e+03
-6.980531197992064563e+02,-1.839613302351593802e+03
-6.945621724395753063e+02,-1.901701545869304255e+03
-1.510560675323950477e+02,-2.863886634364301699e+03
-1.550710548948270002e+02,-2.863996436581373018e+03
3.008707318208361130e+02,1.221130160568815882e+03
3.459307572507985356e+02,1.192115290316460232e+03
3.440579439203170296e+02,1.190459592331958447e+03
7.205358082838638438e+02,1.066628324353882363e+03
7.699251662337006792e+02,1.032609317756124483e+03
7.781473691447233705e+02,1.039203620630665682e+03
7.623630422740500308e+02,1.039422798885649627e+03
4.692776429846860538e+02,1.135582347659898687e+03
4.735539441728925567e+02,1.097727439489058270e+03
4.339434744459102831e+02,1.127700214414027187e+03
4.800557957146770605e+02,1.110660634740642081e+03
4.775549532894590357e+02,1.126533510941608256e+03
4.751337150747899045e+02,1.125984006051192182e+03
7.733993541537283818e+02,1.105079883082318474e+03
7.662276417046588222e+02,1.095971029042128066e+03
8.082018347859750520e+02,1.066275844077987131e+03
7.794198095735895322e+02,1.090281134517685132e+03
2.722269865206098984e+02,1.227380326000839432e+03
2.734616686126976219e+02,1.218898877978058408e+03
2.248244210087516421e+02,1.217836665113168465e+03
2.221739146664355076e+02,1.230199236186537746e+03
-1.649795194131202720e+02,-2.865063864398527585e+03
-1.493080268535920823e+02,-2.864171615176046544e+03
-1.335988157181814699e+02,-2.865805910058921199e+03
3.519791709960509820e+02,1.195232603767196224e+03
3.444123676187883234e+02,1.174936864727650345e+03
3.501694638081411881e+02,1.185631411750784537e+03
5.214180653137905210e+02,1.095033117674538289e+03
5.574148771803650106e+02,1.085777693933084493e+03
5.625394953142080112e+02,1.065025587674489771e+03
6.809210231942985274e+02,1.048914301469318389e+03
6.458937453138163391e+02,1.065025587674489771e+03
6.786899541262652065e+02,1.032243931437664287e+03
3.547095653145739789e+02,1.185055707674683845e+03
3.492383605215028979e+02,1.177270246712753533e+03
3.427114052687117010e+02,1.184493529573929436e+03
7.232365529471873060e+02,1.059869811981694511e+03
6.939706971578451657e+02,1.056878294320913028e+03
7.435150387831344005e+02,1.034652561214745447e+03
-1.549190995829522990e+02,-2.853918370045033953e+03
-1.569620494513808353e+02,-2.866102511336457155e+03
7.540514531428665350e+02,1.036044358927577150e+03
7.714808153141948424e+02,1.035018057674441252e+03
7.732213886803376681e+02,1.015584096929220323e+03
1.344061604320923209e+02,1.178186479721968453e+03
