-1.493997404452305489e+02,-3.003799679033122175e+03
6.876618698493157353e+02,1.028635399247159512e+03
6.881265653145866281e+02,1.035018057674441252e+03
6.869807175061436055e+02,1.030164042466434012e+03
5.625394953142080112e+02,1.065025587674489771e+03
6.880487458131199219e+02,1.029158994853441072e+03
5.617994542299915111e+02,1.054797176213639432e+03
5.625394953142080112e+02,1.065025587674489771e+03
5.625394953142080112e+02,1.065025587674489771e+03
6.883281672974378580e+02,1.029780603717196755e+03
6.877154883076693750e+02,1.015989976870353303e+03
6.873494695816935973e+02,1.024115507271583738e+03
9.793107453138289884e+02,1.035018057674441252e+03
4.380638153141822499e+02,1.125040647674586808e+03
3.547095653145739789e+02,1.185055707674683845e+03
5.605816560595150122e+02,1.053287403141334607e+03
5.625394953142080112e+02,1.065025587674489771e+03
4.772489021617569165e+02,1.078475923724003678e+03
9.793107453138289884e+02,1.035018057674441252e+03
9.773164184411119777e+02,1.024294925408325753e+03
5.610160220238075226e+02,1.059303926407574863e+03
4.368154344712430657e+02,1.113507996980980579e+03
9.767511718723684453e+02,1.022439956454500930e+03
4.378796864549336192e+02,1.113065880234503766e+03
9.772846217180556323e+02,1.024325206490245819e+03
9.793107453138289884e+02,1.035018057674441252e+03
9.775948057046433632e+02,1.023323925274923681e+03
4.380638153141822499e+02,1.125040647674586808e+03
9.793107453138289884e+02,1.035018057674441252e+03
9.776094624538144444e+02,1.021719108959311257e+03
6.874216897839900184e+02,1.029853106820440416e+03
6.878169543413433757e+02,1.024093794466137524e+03
-6.648182379642629769e+01,1.460929238956984364e+03
-3.629883273224352251e+02,1.004858059113709373e+03
4.791852453145997401e+02,1.095033117674538289e+03
5.623325660283032903e+02,1.053705146870728640e+03
4.787102267377490534e+02,1.088989931092528650e+03
6.875279926994801372e+02,1.030124857443949395e+03
5.625394953142080112e+02,1.065025587674489771e+03
5.601847264816684628e+02,1.047554322626401699e+03
5.625394953142080112e+02,1.065025587674489771e+03
-6.296676481660864511e+01,1.959809696518658257e+03
-8.133958157217032294e+02,1.233552743188291743e+03
9.793107453138289884e+02,1.035018057674441252e+03
5.617590566146812989e+02,1.058257753153710610e+03
6.881265653145866281e+02,1.035018057674441252e+03
5.629313264443483149e+02,1.059370176514087689e+03
-1.022844246158792316e+03,4.585142924134510736e+02
5.609429930730394744e+02,1.054843305570993607e+03
-6.911019435175068111e+02,1.318725652391127824e+03
-1.104358806664658005e+03,4.595808220789497227e+02
-6.115652391996746928e+02,5.570606593793704633e+02
5.625394953142080112e+02,1.065025587674489771e+03
5.625394953142080112e+02,1.065025587674489771e+03
-8.627347799742691450e+02,1.272480897732910762e+03
6.841293476264978608e+02,1.018482572449024246e+03
4.789441823504820377e+02,1.088843165649992443e+03
4.380638153141822499e+02,1.125040647674586808e+03
5.627419632364668587e+02,1.058904754415479601e+03
6.880878895269158875e+02,1.029281274436918466e+03
6.857225185837078243e+02,1.023020081408415763e+03
5.613155722631623803e+02,1.054550126023780876e+03
5.629009625397314949e+02,1.058916367037279315e+03
5.614005608413500568e+02,1.052850983702465328e+03
5.628654261239541938e+02,1.058231768789790522e+03
6.863315566457155228e+02,1.029754205342452678e+03
6.881265653145866281e+02,1.035018057674441252e+03
-7.314806457958818555e+02,5.437812429481886056e+02
5.595129720175777948e+02,1.047957879134241239e+03
-5.284568542064528174e+02,1.456947690524744758e+03
-2.234175306899381042e+01,1.559895685197067905e+03
3.547095653145739789e+02,1.185055707674683845e+03
5.627572292031144343e+02,1.052300986452122970e+03
5.625394953142080112e+02,1.065025587674489771e+03
9.793196336659111694e+02,1.029636339012331746e+03
9.782713401976017167e+02,1.017573662097038550e+03
-6.206168468662637849e+01,1.965251487675155659e+03
-1.073666385694797754e+02,1.503400883327354677e+03
5.616849433973067107e+02,1.058310827674319171e+03
5.610545499925488002e+02,1.053120909824408500e+03
4.791852453145997401e+02,1.095033117674538289e+03
5.615880815695810497e+02,1.046890378578732225e+03
5.621404607400339728e+02,1.059970418252916943e+03
4.791852453145997401e+02,1.095033117674538289e+03
7.714808153141948424e+02,1.215063237674732363e+03
-6.245568520442418503e+01,1.958561377991743484e+03
-6.060045809569666062e+02,7.223042949701699627e+02
-6.459396082478966719e+02,7.581538984017577150e+02
9.793107453138289884e+02,1.035018057674441252e+03
9.777043378650766954e+02,1.029945977725018565e+03
6.881265653145866281e+02,1.035018057674441252e+03
9.775523387332988250e+02,1.029763383195711867e+03
9.794835063062454310e+02,1.023473068299012994e+03
6.861546259727440429e+02,1.024192581867863737e+03
-5.252760263662690932e+02,8.027913374581414701e+02
-4.469400746572167691e+02,7.940954180586717257e+02
-3.594212271070127827e+02,7.086098270644856711e+02
1.058763265493395920e+03,1.251935093300113749e+03
-5.278002131329872100e+02,6.763306254036057226e+02
-6.353890262382894605e+01,1.953580168468424290e+03
5.608442625116265390e+02,1.053910514479723588e+03
9.777894795183710812e+02,1.024415606685118519e+03
5.625394953142080112e+02,1.065025587674489771e+03
6.863906248406743771e+02,1.022370925692818673e+03
5.594106763465497352e+02,1.049223909185089951e+03
6.881265653145866281e+02,1.035018057674441252e+03
6.869254260182598273e+02,1.018307580507869716e+03
6.863081986852200771e+02,1.023255777339381893e+03
2.279242189034672492e+02,1.480249321920633520e+03
1.877702540795733910e+02,1.479358143780093087e+03
-7.322440992028597293e+02,5.618980805467845130e+02
-8.209101259253013723e+02,5.575171556029821431e+02
1.828195841029514099e+02,1.641410488401548037e+03
2.624838302218468016e+02,1.599654090129780116e+03
9.792423149953765460e+02,1.029627164334416193e+03
5.625394953142080112e+02,1.065025587674489771e+03
6.875769404110189953e+02,1.030342350307594643e+03
1.805783408762626436e+02,1.608915592696287604e+03
-8.221279755093407857e+02,1.484363196165211320e+03
-8.131989327278344035e+02,1.479206543906148909e+03
-3.604380512593571098e+02,1.306295779667027773e+03
9.783006386239187577e+02,1.015248283067435750e+03
8.959564953142206605e+02,1.065025587674489771e+03
9.793107453138289884e+02,1.035018057674441252e+03
6.858029662069646974e+02,1.016948854596727642e+03
6.856712706707685356e+02,1.015426342763489288e+03
