date:2016-09-05, time:1300, wind_speed:2.2, wind_dir:90.0, temp:22.0
-979.220996 287.514723
-650.108416 356.491552
146.260789 1338.075592
-1105.717622 232.478415
-1271.066581 -252.784520
562.539495 1095.033118
-1313.764065 530.002268
-645.465518 -2683.135333
514.387268 1108.268974
-1570.682543 207.338530
-561.976873 1037.821760
-604.610620 917.421577
-1189.138183 319.603867
-1062.656748 766.930931
-771.128505 14.762038
-901.087837 960.070526
-811.987003 287.023339
21.292565 -2925.975902
-1062.312685 -15.245492
-478.340575 977.962377
-770.847202 -283.332978
-1648.623870 779.149485
-66.907716 1168.457433
-645.423181 1427.725371
-901.745313 1229.162785
-904.969967 567.186297
-813.824492 357.183795
-396.776110 -1743.396572
-1230.503357 770.724484
-437.711505 944.995468
-356.713734 -2761.638888
-406.385569 1256.302228
-354.389730 625.608015
895.466891 1547.778100
-521.173433 1067.443297
771.480815 1695.183718
854.835065 1515.138538
-1396.115139 737.336218
105.129600 1037.556633
-404.195896 1016.667054
-728.611106 316.807618
-895.751137 257.807508
104.766550 1037.376633
-438.672006 -39.994537
-61.625943 377.269982
-695.440264 689.194440
-645.541435 -255.305732
521.660606 1217.185374
-1234.454852 238.821616
-1146.650233 439.859639
-562.187185 -2595.893072
-938.684785 740.749261
-316.678392 -2790.348442
-771.128505 1305.085828
-563.083581 1370.186230
-187.648755 1185.055708
561.373375 1100.875643
-938.001187 407.161142
-147.232152 989.011818
-1104.562846 437.749685
-653.022265 1199.305374
-1229.340950 197.297937
-1062.751410 317.498725
-396.561858 1430.044396
-355.792802 1430.012572
-62.061685 -2865.960842
1186.928278 1100.540334
-521.065755 -1995.742472
-316.753858 1259.659043
-313.230080 1190.551509
-937.837005 434.867458
-1272.750242 559.856087
-937.837005 -405.343382
-1031.262285 205.346639
-1105.734453 229.696466
-353.982455 -2773.920041
229.180401 -2893.034298
-320.199442 508.872923
-937.370381 197.420477
-1271.781378 -372.631807
-1312.348902 497.344685
-1395.799602 407.499760
-1359.457040 507.510863
561.349128 1099.953418
560.953883 1104.407697
187.621444 1374.452301
-563.208087 1039.874807
-1395.729685 434.867458
-604.746473 -162.876756
349.830868 -632.511868
-820.637133 -1023.790531
-395.560653 -2682.924285
-187.648755 -2835.953312
-1314.033074 -399.967373
-1232.260116 -361.370191
-1271.590175 887.205967
-1355.093156 -370.101716
-437.232183 -2503.129908
518.313385 1229.449740
521.418065 1335.093358
-1145.299491 436.909139
-311.639848 1427.932620
-855.816398 1370.952496
-62.282647 1397.293494
224.194246 1319.866450
-562.233124 1127.477499
-313.485437 590.611064
-1191.679756 -329.316760
229.122495 -1155.531632
1104.686178 1697.221453
688.657498 -2353.040279
19.756668 -2950.277376
-1020.681261 347.495815
-1063.930465 260.617733
-645.276839 167.629203
-396.014729 857.769936
-692.708100 -181.126867
-526.373867 1260.239899
-1729.337233 376.938052
562.902336 1697.728022
-395.411145 1577.402683
686.433318 1490.554265
521.888412 1427.213702
-730.993176 1284.802784
-645.541435 1065.025588
-1232.672359 810.067767
-562.187185 -75.260552
-938.337428 -10.502566
-1312.182570 437.503472
-1068.417070 241.577618
-854.178237 347.233989
-1688.333818 797.782752
-645.861897 -2473.155991
-781.659755 475.757740
-945.120787 60.513318
-105.610246 1130.438015
-1357.667840 1017.782795
-1395.759132 706.893276
-687.754386 166.796187
-854.482755 134.792158
21.662018 -2803.662519
-277.173344 1408.823469
-395.775818 526.807215
-1022.810587 204.418131
-480.221540 1459.983071
-311.772137 1487.576136
-395.598010 1427.692128
-437.711505 1395.108418
-354.618795 1457.526879
-479.441728 1370.298510
-321.623046 -2794.280150
-1026.273711 687.624011
104.646815 1005.010528
105.150174 1067.336150
-1021.707029 557.455109
-896.257837 503.722156
-359.427909 630.511295
-357.623562 690.405388
-354.316251 -2803.066958
-354.121426 -2803.636191
-1271.254005 -255.305732
687.106776 1520.103552
21.292565 1485.131008
-479.353145 1427.137709
-606.387549 409.552438
521.648696 -2556.762458
-478.392249 -2743.411501
-1230.478741 289.845307
-1152.183591 297.272401
-1062.336754 317.425720
1185.234440 2099.290175
348.417172 1528.905936
-521.497497 560.114015
645.882521 -1663.303299
605.192402 -1723.456834
479.185245 1665.176188
-1023.083215 859.816979
-1479.113538 617.689811
-688.045211 -163.035634
938.361630 1518.128580
-688.848678 1340.176559
895.576114 1517.996763
-1520.943286 437.305989
-812.249935 194.807218
-1187.899755 -45.253022
269.036499 1551.738498
-939.643730 861.518220
-771.671067 226.817903
-312.437913 -2374.893886
-312.124435 -2565.885542
-562.315460 -2593.739160
-21.032134 -2833.713753
-604.420005 1365.100888
895.802986 1577.564995
-1023.005554 951.215931
-896.983300 927.821773
-1062.312685 134.792158
-187.655350 -2593.945713
-21.271615 -2894.005999
-354.824752 -1570.685266
-228.347905 1427.698376
-489.605650 1286.422452
-688.215847 950.588180
-561.830190 1006.973243
-437.711505 -2355.832832
-187.648755 1155.048178
-188.717653 1160.438626
-604.420005 1185.055708
-395.478685 -705.418682
896.446985 1757.253742
19.919078 1400.113290
-771.215469 1067.889376
-1397.141742 739.461626
-1063.205739 654.675417
-690.799030 -122.541890
-688.848048 -94.094904
-524.843395 -1681.090316
-400.467680 -1743.285943
-1187.434940 -12.252830
-1239.331962 -63.588442
-354.545476 -1543.338063
-399.969011 -1590.868581
-1438.972463 624.503871
686.720176 -2320.249434
727.537117 -2380.174366
-230.123788 1160.248949
-272.109312 1430.883513
-395.464497 1404.537753
-271.044751 1397.209148
-317.965663 1408.661255
-355.589680 1288.723023
-1605.582666 770.135206
-979.041856 497.818870
-612.912926 56.624055
-694.605210 59.776758
-563.622245 19.617997
-1105.323373 289.516222
-313.071150 1400.109481
-316.943848 1466.932606
-271.450568 1434.570130
62.180328 1217.811022
-320.691400 1408.333912
-270.687544 1367.037304
-402.505760 -1681.882444
-395.039982 -1723.015687
-229.109888 857.782547
938.000361 1487.345305
-854.726636 77.256612
-896.597967 52.034742
937.897624 1487.715023
-1646.192520 767.793158
16.192286 1531.412967
21.214957 1457.449584
51.389938 1466.157044
-1105.448682 289.127414
-1108.576418 358.783539
-735.992785 332.371856
-771.431879 324.361407
1187.245405 2270.399277
1386.236838 2277.744759
1479.436245 1995.259018
1218.555871 1945.947590
-939.921365 1879.452944
1438.615609 1848.202587
-730.828388 1734.558271
-1021.191255 1695.183718
-354.508646 1697.314597
-1104.200295 1668.025048
769.943098 1670.780318
-1313.550020 1550.592528
604.397304 1457.263121
1355.134185 1457.960543
-104.798302 1337.278245
-147.502529 1280.017979
-1354.608255 704.935228
-645.963046 707.576684
-854.276763 407.719207
1396.681981 2388.274331
1354.770624 1967.234211
-895.442793 1817.596210
771.700804 1727.274004
-187.525038 1637.577863
-645.203483 1517.122504
271.355315 1395.108418
-271.019276 1337.384380
-1479.207337 1247.432413
-1312.375435 1215.063238
-228.879205 827.944859
-645.541435 704.935228
-896.031618 676.964140
-1104.992296 647.101562
-404.918865 655.792078
-854.482755 614.912638
-478.819763 617.589938
-1187.842633 527.116144
-687.593360 467.527770
-395.809235 1431.121747
-438.478280 1460.832109
-405.501791 1435.742185
-395.478685 1425.115948
-395.478685 1425.115948
1229.236505 1997.352983
-781.754764 1886.437050
-354.357255 1785.206308
1062.786369 1457.868331
-771.128505 1365.100888
1479.038647 1337.962970
1262.015184 1107.331373
-728.433245 917.383544
-145.120469 887.452019
1146.732123 2208.506303
-197.856629 1527.110184
521.418065 1365.100888
1355.094194 1217.620787
-1312.452048 1097.291978
-1645.792435 1035.018058
-62.061685 854.972878
-478.832935 614.912638
1229.576880 2295.817772
1437.962505 2265.810242
1009.340261 2215.957655
-950.609795 1914.642310
-521.065755 1785.206308
-21.052521 1727.466837
855.202984 1698.104951
-1021.569938 1607.562508
895.508101 1547.070259
-479.258433 1367.000565
-979.401873 1097.379079
-561.919451 1097.290052
-479.341676 1007.274432
-771.128505 914.987938
-104.294505 884.980408
-521.065755 614.912638
21.292565 1575.153598
-771.128505 1515.138538
1021.543565 1485.131008
104.646815 1335.093358
228.775416 1279.718529
-770.631169 1188.001681
-1479.083935 914.987938
-990.116534 835.583333
-1228.910664 707.176162
-896.052036 586.998566
-604.764850 227.655435
1355.037258 2298.057376
1271.674193 2027.437947
-146.661006 1700.311945
-1061.830395 827.195640
-479.899671 650.239777
-938.531927 319.591043
-312.784746 1849.750658
-772.047354 1610.512944
562.206509 1457.492112
-979.007405 1157.331515
437.590126 1127.282975
1187.159178 1070.574003
-1688.351071 979.490700
-1271.539004 797.190732
-1438.236704 767.414308
-895.898954 767.825411
-1271.071016 737.039520
-1354.247551 557.071310
-854.850385 560.042349
-520.618709 316.956543
-1021.601743 287.648145
-606.436834 1850.271902
145.365731 1638.137246
-1189.141229 1550.622654
20.102577 1551.235066
102.991620 1550.193084
311.969448 1551.046057
-730.376364 1250.642681
-355.703125 1219.580181
519.633758 1164.408441
-979.833945 1010.054015
-1480.128099 924.111817
-1354.331632 805.322972
-854.103778 707.427107
-1188.566193 650.290949
-688.979545 320.591282
-1106.149016 1699.845317
-687.773060 1607.621529
-520.631508 1607.688597
-314.121403 1462.314959
-1230.393902 1250.670691
-981.158769 1010.178265
-311.676443 617.832557
-562.826030 380.924712
-897.744838 -39.428493
1479.364861 2328.792117
-895.926229 1849.394009
771.518574 1667.444086
310.523150 1460.086211
-522.169173 1251.006390
-938.150257 1097.049155
-1395.336768 986.912299
-813.789404 830.522572
-439.798146 499.946735
-481.010206 350.254331
-563.595655 291.136498
-854.635627 -72.951116
1350.789894 2277.826150
1396.372447 2268.195212
1395.318298 2277.977234
1353.290073 2304.869324
1396.457790 2275.326197
-1145.810784 -42.684635
-1220.053030 -32.346812
-402.389301 1260.858895
-396.314972 1250.030355
-485.151645 1288.008789
-602.746774 1044.486807
-604.112542 1043.943591
-571.761661 1075.290549
-354.309185 1457.960457
-326.027127 1463.322776
-356.796808 1462.583070
1516.218834 2459.276285
-277.902908 1890.613290
1057.233670 1711.831756
-317.587889 1589.494640
1222.879760 1531.958504
-525.358416 1468.954872
-812.249935 1275.078298
-777.664892 1292.024510
514.997562 1232.912248
-277.199043 1110.551344
-944.158737 1079.412981
-1568.653217 960.498774
-777.179142 29.516650
-523.587785 1080.322927
-525.901708 1049.981790
-526.562191 1111.866660
-536.783350 1069.949861
-527.605748 1071.805700
1516.815476 2338.945009
1597.827811 2010.258621
1181.700704 1980.726199
1350.852033 1860.794193
181.489064 1650.073128
891.565778 1590.921170
-1149.569028 1498.883606
-482.899247 1469.961316
-275.209142 1438.822455
1188.252065 1095.033118
-1194.266154 1080.152397
-1151.751973 989.725257
-1150.908597 929.144477
-108.345385 808.330345
-691.613412 449.576196
-984.758045 418.327228
-1067.602322 328.368815
-941.191449 1.784485
-682.547800 200.318099
-689.354226 177.440743
-695.418481 190.175513
-695.808056 158.070951
1185.216028 2340.065069
685.552232 2099.925340
-942.131690 1680.711947
-357.484272 1680.615380
268.782595 1619.797022
434.169961 1499.774784
-690.123862 1439.642976
-609.153392 1288.519314
-107.585896 1138.919248
16.702469 1108.667964
-1360.923792 868.065293
-1648.913958 838.027681
-1277.242746 748.463058
-691.801298 659.933193
-523.448603 568.564738
-898.241949 88.742112
1103.582956 2278.329652
645.392470 2187.137730
-896.169804 1828.529695
-1147.824878 1618.428897
937.569934 1618.256209
479.166496 1587.160047
438.492140 1377.365578
185.312675 1318.860022
518.499630 1289.423788
-607.093701 1017.570614
-1021.392297 987.969945
-690.404091 837.756947
-397.137581 838.916221
-939.434568 506.890529
-978.364472 449.025985
-938.955660 85.787226
-1763.989858 374.987243
-1730.934416 375.990446
-1742.992076 378.695953
1229.602072 1827.860633
1271.838860 1675.511721
62.632805 1586.889474
-852.489785 956.804435
-1439.640218 894.657569
-603.482919 565.733442
-1103.381497 387.885019
-773.023763 386.740799
-1139.661501 -311.120103
-1188.805631 -303.096634
-1152.177249 -298.931989
1104.057409 2336.266589
813.705000 2248.172632
-1062.814722 1587.097486
521.539913 1498.183349
-104.025871 1345.943040
-605.755097 1285.891473
-560.228355 1196.486417
-520.046508 1196.897980
-228.540597 1137.130599
-1229.475313 1046.286614
-396.909119 866.943705
-187.121600 836.426163
-1061.223880 535.830351
-938.213712 206.868850
1515.127505 2314.716880
1521.750478 2327.738464
1512.464534 2322.680784
1519.727781 2364.511073
1511.529653 2324.808451
-478.583347 1884.731948
1438.063096 1676.696249
646.431152 1584.492553
-938.931266 1465.790549
-1229.191088 1315.054342
-939.914799 956.007710
-938.531274 683.852317
-1437.327566 595.349324
-895.273276 84.301775
1188.536155 1794.356340
-20.197005 1703.888219
1145.331309 1703.716738
-354.718701 1613.961759
-272.565694 1165.313353
-1105.851457 1043.657675
-230.566633 895.134560
-146.315123 864.503181
1346.126448 1852.809650
1352.462206 1822.396993
1353.348234 1854.321927
1355.384129 1856.746001
1360.621398 1855.781157
-1022.643479 1883.357468
-687.944192 1885.064229
1353.422422 1884.847032
-62.617223 1824.042376
1436.218158 1795.085445
686.696614 1583.963813
186.748917 1345.643567
-480.431763 1044.397634
-771.919410 983.295324
-1438.399368 895.288665
-395.798284 834.480752
-1147.163659 593.746269
-979.560424 594.325122
-938.663189 534.201404
-856.108444 53.645997
-814.582746 472.133196
-774.693173 483.525740
-776.952071 461.069370
-814.972186 471.948438
-978.771818 -402.632809
-1229.021185 1065.025588
-1263.537219 1053.416430
-345.646764 -1535.585069
