date:2016-09-25, time:2200, wind_speed:3.26, wind_dir:320.0, temp:10.3
-9.328570208847425604e+00 8.439384341949099166e+01
-1.021191254686246737e+02 -1.185539162325200522e+02
4.851389738501864457e+01 1.121283774058610447e+02
-9.378370046866385223e+01 -6.754111523251654603e+01
-1.222936251678142980e+02 -4.095620897625600065e+01
-1.218873262603940617e+02 -3.854361540172425293e+01
-1.145666934686272498e+02 -4.653584423256155134e+01
-1.057074866891555445e+02 -3.207697845789452629e+01
-1.265950778639678873e+02 -2.306892664238893431e+01
-1.057546846016000188e+02 -4.699304035163058302e+01
-9.735202025208650412e+01 -5.590748096955619673e+01
-1.265436668748128426e+02 -3.801399272659907780e+01
-1.479083934686285318e+02 4.476956767520926306e+00
-1.516531958185392739e+02 1.000222484418778102e+01
5.318054279526120354e+01 1.085910710869555231e+02
-2.237235908327422962e+01 7.012704214252026169e+00
-1.432408666094650300e+02 3.983106887766469928e+00
-1.395729684685097425e+02 -1.052680823250333297e+01
-1.265161460874825394e+02 -4.950489546097803562e+00
-1.599962374816146280e+02 2.206307761311765248e+01
-1.175920300362038233e+02 2.746937534053891383e+01
-1.640935803028113469e+02 2.495365779117472016e+01
-9.327574426620890335e+01 -7.704689952802857533e+01
-1.098443332471775165e+02 -4.705001398183117090e+01
-1.474268086410975513e+02 2.802887186087965077e+01
-1.271254004686651058e+02 1.476203767516074850e+00
-1.557343629046173987e+02 2.196020647746805921e+01
-2.656498761185511981e+01 9.980372014843050366e+00
-1.229021184685880854e+02 4.048599276750017850e+01
-1.104545504685855093e+02 3.748523976741635977e+01
-1.389708114410773874e+02 2.193411593742520793e+01
-1.433036309741653440e+02 2.197005637144619428e+01
-1.469164107770553187e+02 3.040540157488236517e+01
-1.181972809310593817e+02 3.093873118535710631e+01
-1.354608254686259272e+02 5.248900476744061905e+01
-9.789584346854765329e+01 1.647996876746136508e+01
-3.903384497221028226e+01 -3.195118087155314157e+01
-1.390649151412808067e+02 2.196161203785873539e+01
-1.265729560905005826e+02 -2.891291763675972959e+01
-1.508327047257280071e+02 6.571641699308650608e+00
-1.307330655971388751e+02 3.407363449752868689e+01
-1.349078634520813296e+02 3.391631688566783964e+01
-1.271254004686651058e+02 2.848298076748077179e+01
-1.145666934686272498e+02 5.248900476744061905e+01
-7.235392925789851404e+01 1.891751263587838849e+01
-8.122499346862599623e+01 3.448448676749047337e+01
-8.901645859799272387e+01 -2.898073415958638677e+01
-1.437962504685867771e+02 4.948825176751473265e+01
-8.070918889218999936e+01 2.194473349988068023e+01
1.151181143228313175e+01 9.937452054977234184e+01
-1.094259245753520702e+02 8.750826666237779250e+01
-1.229021184685880854e+02 7.649502876747942537e+01
-1.431697033354938071e+02 7.895760105998202505e+01
-1.097941823271742834e+02 2.509119403590753805e+01
-1.100036577122864543e+02 1.292811111874759966e+01
-1.015978377965470401e+02 8.793678713545452297e+01
-1.011153438945246279e+02 8.734453655431370578e+01
-1.302303262006672639e+02 3.351700337858122225e+01
-1.473366912746785431e+02 3.395436016024128634e+01
-9.789584346854765329e+01 4.648749876750988363e+01
-7.711285046858424153e+01 4.348674576750502752e+01
-1.521316754687055379e+02 2.548222776747591922e+01
-1.604671004686663593e+02 5.548975776744546806e+01
-1.098495257239147236e+02 -2.290599933445598069e+01
-1.722689136797995388e+02 2.208263022234628181e+01
6.881265653145865713e+01 1.755198777674816029e+02
7.764355850064093545e+01 1.960459113248941776e+02
6.508568197392304455e+01 1.720438400288975345e+02
9.013532031779224951e+01 1.659607061454026962e+02
1.062664995313437259e+02 1.665176187674670416e+02
-6.770484583413694679e+01 -1.454892154059976583e+01
-8.956041846858681765e+01 -1.352756123250818376e+01
-9.728739148593881225e+01 -1.092101987821131992e+01
7.348408013754034585e+01 1.751646063165603664e+02
9.480439024418672034e+01 1.565148501546068474e+02
9.793107453138289031e+01 1.785206307674864661e+02
-1.014635774145325229e+02 -2.901841210867752352e+01
-1.099486931425177545e+02 -1.109088149408178836e+01
9.852500799864965586e+01 1.810192108580494335e+02
8.178556531730789914e+01 1.840877419589833721e+02
-1.431394858372087242e+02 3.093441423281194957e+01
-1.098720716489324190e+02 3.702483863638708783e+01
-9.789584346854765329e+01 2.548222776747591922e+01
-1.510921530804989459e+02 1.251997000238265834e+01
9.837807508306114812e+01 1.751252128339755529e+02
1.067393230524502314e+02 1.690533639862455004e+02
-1.426741265350724746e+02 3.491025055501908891e+00
6.985711931295303145e+01 1.804736421345385509e+02
1.150548299568402513e+02 1.450417372946856744e+02
8.548350653138031419e+01 1.635168657674622068e+02
9.856059973253381656e+01 1.750103082680498972e+02
9.446083217580927283e+01 1.600789039515300658e+02
1.021543565314599249e+02 1.635168657674622068e+02
8.959564953142206889e+01 1.845221367674961641e+02
4.906955621991586725e+01 1.114460904977987639e+02
-9.378370046866385223e+01 4.048599276750017850e+01
-1.389278814430028035e+02 4.302415189768229453e+01
-1.140644463494805194e+02 1.000414644662370591e+02
-1.222605481270046823e+02 -4.095808229330452122e+01
-1.348928251325551457e+02 3.998566703194255467e+01
8.182414508419131494e+01 1.600113045114296426e+02
8.244521638426448362e+01 1.505755574918727007e+02
1.234395275244161923e+02 1.539631989123321603e+02
5.728963583433292683e+01 1.086291651883523031e+02
9.793107453138289031e+01 1.545146067675266011e+02
7.002533958371304834e+01 1.445359722205302546e+02
8.230308720372440234e+01 1.623883865995946110e+02
1.111364743064414142e+02 1.510243578839639156e+02
1.062664995313437259e+02 1.455123477674330843e+02
-1.594333677513259033e+02 3.936379794476991378e+01
-1.395729684685097425e+02 3.448448676749047337e+01
1.111271138289778406e+02 1.570675142694881004e+02
-1.432182224070416794e+02 3.991287691117609171e+01
-1.182918237795018541e+02 3.391005257631059777e+01
-1.598510071285441825e+02 1.911333897536557203e+01
-4.689880497171003526e+01 4.542272675125680337e+01
6.163231232794078807e+01 1.506442172747602513e+02
9.838786160796307456e+01 1.539700631471194470e+02
-1.302343362365259338e+02 8.459145848213402985e+01
-1.271254004686651058e+02 6.749276976746487833e+01
-1.098810711405765943e+02 7.604669747680931380e+01
1.068336721161562934e+02 1.539416852448524935e+02
1.197668259507058366e+02 1.506454141733639176e+02
1.146019245313045616e+02 1.515138537675217663e+02
1.028187170782668005e+02 1.540369387770246021e+02
8.959564953142206889e+01 1.485131007674379475e+02
-1.187899754687042844e+02 3.448448676749047337e+01
9.443779093489717980e+01 1.545750691760561040e+02
9.845243368194324773e+01 1.690180024125924092e+02
6.881265653145865713e+01 1.695183717674719048e+02
1.068017840734958384e+02 1.570641358961514413e+02
-1.515992817848702998e+02 1.311169951307130077e+01
9.013536253825709821e+01 1.689454969529924426e+02
7.350730077013929531e+01 1.659884106065144067e+02
1.188252065313815820e+02 1.515138537675217663e+02
1.152681003662050472e+02 1.540427559783825586e+02
1.062664995313437259e+02 1.455123477674330843e+02
9.436749815131746288e+01 1.811439743399256201e+02
-1.306394647365231947e+02 -2.897083232413735843e+01
-1.265133373818893574e+02 -3.803381652669755653e+01
-1.551029184743098597e+02 3.436797682360029249e+00
1.021543565314599249e+02 1.545146067675266011e+02
1.062664995313437259e+02 1.635168657674622068e+02
1.277354892611942034e+02 1.569961992185817508e+02
1.235777208405814633e+02 1.779487290062943714e+02
9.020956318948675801e+01 1.721293507329581871e+02
1.021543565314599249e+02 1.695183717674719048e+02
1.027710878173523241e+02 1.690434581148483346e+02
8.594468520232894093e+01 1.720625932096558302e+02
-1.181373272191700892e+02 8.500440423995368633e+01
-1.175516553945576987e+02 7.852487268708708257e+01
9.437507775443394564e+01 1.690749217558635564e+02
-1.229021184685880854e+02 4.048599276750017850e+01
-9.329977849976728521e+01 3.995931709694662004e+01
9.793107453138289031e+01 1.605161127674573436e+02
9.842746676121207372e+01 1.479472816489770253e+02
9.491816395376481807e+01 1.596127274536861194e+02
-1.104545504685855093e+02 9.149879376750368465e+01
-7.711285046858424153e+01 7.649502876747942537e+01
-6.877742546862342010e+01 6.749276976746487833e+01
1.276224968010256902e+02 1.548946517876665894e+02
9.898663362329212134e+01 1.625663794595955096e+02
9.441513287846673563e+01 1.690274322850203532e+02
-1.354608254686259272e+02 2.548222776747591922e+01
7.780185841914072853e+01 1.601383727081010022e+02
1.235948567805717175e+02 1.720842589936373486e+02
8.597656391890735961e+01 1.570816650054648562e+02
-1.472586774427996090e+02 1.293304927523818115e+01
1.110851059904015727e+02 1.659911220819099356e+02
1.241224609074544389e+02 1.715879878881326874e+02
1.152007078611552942e+02 1.630857626081254352e+02
-1.516173041718879801e+02 3.105642873793673431e+01
-1.473746709097858911e+02 2.797410356787236552e+01
-7.235271966368414098e+01 7.603151298714766426e+01
1.193074316500623269e+02 1.630943348273639515e+02
-1.598895863191117712e+02 1.893943043618567401e+01
-1.271254004686651058e+02 3.748523976741635977e+01
-1.057552178951123381e+02 4.903698094945363550e+01
9.843022859980391104e+01 1.839866295604564641e+02
1.068017454581242021e+02 1.839752564762997338e+02
9.844736409030257107e+01 1.840627993083505487e+02
1.188252065313815820e+02 1.965251487675155602e+02
9.492474036649305447e+01 1.924861460115565990e+02
9.070437583286670247e+01 1.834960284320170274e+02
1.067715150389298486e+02 1.929534997849951310e+02
1.067791747379432081e+02 1.930163889580821603e+02
1.235576000748392715e+02 2.051150867890567326e+02
8.222899094099612682e+01 1.535167813520486106e+02
9.858951890260362916e+01 1.541339671562341778e+02
1.109762482145662261e+02 2.081792202769202333e+02
9.078042613160585006e+01 1.926843916955942291e+02
9.482049526555849184e+01 2.195872668952551976e+02
1.152108908006907910e+02 2.019849343815085660e+02
-1.098557357744554963e+02 3.703171890290981594e+01
9.008586299538899311e+01 1.900816527143270207e+02
-1.598417371847852166e+02 3.712926496614355187e+01
7.292479953134245818e+01 1.845221367674961641e+02
-1.349485153460215372e+02 7.900086641479997240e+01
1.146019245313045616e+02 1.545146067675266011e+02
-1.432745933725352359e+02 9.699980192523896960e+01
1.068948353297082861e+02 1.509861603620678352e+02
-9.331401376843574269e+01 7.898445866280991368e+01
-9.789584346854765329e+01 8.549728776749398662e+01
1.360024124935963528e+02 1.990197521042615563e+02
1.562790495314245902e+02 1.965251487675155602e+02
1.396081995313449795e+02 1.905236427674268782e+02
1.616718982235580597e+02 1.986075526513542115e+02
1.406922703018654772e+02 1.985201362393686395e+02
1.027755368634122135e+02 1.540946894081021128e+02
1.438314815314220141e+02 2.025266547674463027e+02
1.484486177671043663e+02 1.929750755543353193e+02
1.652289803587810013e+02 1.900547783684898207e+02
-1.427105292266653862e+02 3.960430050318230855e+01
-1.427484512857840855e+02 3.340315782584151094e+01
-1.592098991001268757e+02 3.965670676497686742e+01
-1.473318228472702174e+02 4.295078514931770286e+01
1.486014259234296446e+02 1.960240951620449152e+02
1.360981494122094944e+02 1.989813941832780984e+02
1.574572739265140058e+02 2.015049889132543512e+02
1.693753632928382444e+02 1.930886928889287901e+02
1.319548154358999739e+02 2.082092111887167505e+02
1.528123449203354198e+02 1.990582933570905766e+02
1.318839444546603090e+02 1.991369942459613185e+02
1.573377261493983497e+02 2.014544212264086411e+02
1.652532851332153143e+02 2.051295011024222390e+02
1.491460861161507410e+02 1.986332822781502045e+02
9.435004332135956417e+01 1.660184626255567650e+02
9.845320821124809640e+01 1.839820918284878246e+02
-8.898860743259920980e+01 7.592070891923938802e+01
-8.544827546870301660e+01 7.949578176748428859e+01
-8.895271671083295928e+01 8.496391453438067742e+01
4.442350585649287353e+01 1.180679531405893812e+02
1.280775756042069986e+02 1.955964409934494199e+02
1.569262298069347423e+02 2.050142208610200498e+02
1.188252065313815820e+02 1.965251487675155602e+02
1.323467985742756525e+02 1.983923077816709224e+02
9.839559743436471706e+01 1.869989117938303025e+02
8.548350653138031419e+01 1.755198777674816029e+02
1.735088257262106310e+02 2.051732275898985733e+02
1.609804644140606626e+02 2.051039332277686356e+02
1.396081995313449795e+02 1.935243957675107254e+02
1.359372669346687417e+02 2.110247942353817905e+02
1.486006469753349108e+02 2.050932474345099195e+02
1.400675616549601727e+02 1.930736410005526125e+02
1.646144745313854116e+02 1.905236427674268782e+02
1.532270090673260654e+02 2.105628964643444760e+02
1.615079400054563052e+02 1.926879596558327137e+02
1.574819582834955440e+02 2.015288163080253128e+02
1.573026291135550423e+02 2.014873238478150483e+02
1.521669065313828355e+02 1.935243957675107254e+02
1.317749170334931819e+02 1.931527817500418109e+02
1.574503319010141809e+02 2.135578098741717099e+02
1.360474540566405608e+02 1.930812212205750029e+02
1.527252551699735363e+02 1.991547119111571646e+02
1.562790495314245902e+02 1.965251487675155602e+02
1.615254786221646270e+02 2.044805281235602195e+02
1.610621315647276219e+02 2.019951816232970430e+02
1.610458992784801637e+02 1.959598547791456440e+02
1.359472033083194731e+02 2.052209956086014131e+02
1.651382897891759569e+02 2.050270421034252024e+02
1.527005447533769313e+02 1.930885933294612755e+02
1.611499351186477895e+02 1.961505970176212656e+02
1.354960565314611927e+02 1.905236427674268782e+02
1.521316754683896590e+02 2.115772592325125174e+02
1.485939459883630605e+02 1.989849414207060931e+02
1.146019245313045616e+02 1.845221367674961641e+02
1.277869413919394930e+02 1.959784190926467033e+02
1.366680635339451726e+02 2.014814356732970566e+02
1.484720594884484512e+02 2.052033751293805324e+02
1.652044826572137026e+02 1.930541078447865857e+02
1.402739002439902265e+02 1.960115761950806643e+02
1.489134433080738233e+02 2.015964802283748725e+02
1.479436245313058294e+02 1.995259017675204234e+02
-1.473106347262928750e+02 9.703351960245086838e-01
-1.349526620055311241e+02 -2.292074022400070277e+01
-1.349688659821785279e+02 -2.907549103315403727e+01
1.527027344445984056e+02 1.899598754961494649e+02
1.484490918566029336e+02 2.050631920815539218e+02
-1.390961790368998550e+02 3.934543752932933902e+00
-8.495746737631026235e+01 8.195945160357381098e+01
-8.483916192669499878e+01 7.610278785127805179e+01
-1.182739161057096737e+02 -2.894510624526101594e+01
-1.271254004686651058e+02 -2.252982023252273791e+01
-1.598963751014588865e+02 1.897235618658826084e+01
-5.210657546870175594e+01 4.948825176751473265e+01
9.433573671840579777e+01 1.510511597777884560e+02
-1.266257985996866040e+02 7.897857901852428597e+01
1.104897815314207463e+02 1.485131007674379475e+02
1.396081995313449795e+02 1.995259017675204234e+02
1.400820896251037766e+02 1.930691222596830130e+02
-1.177498527239758062e+02 8.149848357637637264e+01
-8.544827546870301660e+01 3.448448676749047337e+01
1.067723771211750972e+02 1.540317506742228773e+02
-9.272362743885912550e+01 6.948590565280342446e+01
1.532444248257873198e+02 2.028722905238781493e+02
9.893800982525547738e+01 1.744620116766775766e+02
7.337351003293163387e+01 1.599655704968626821e+02
1.618176308399004597e+02 1.990499220166114185e+02
