-1.454159346862346922e+02,-2.985990962324952761e+03
5.165915100901353298e+02,1.134564918587571356e+03
3.958309953134120178e+02,1.185055707674683845e+03
3.547095653145739789e+02,1.185055707674683845e+03
1.880010653137779286e+02,1.185055707674683845e+03
3.958309953134120178e+02,1.185055707674683845e+03
6.803359234139229557e+02,1.185199288226800263e+03
1.783319707777624217e+02,1.338942922289864100e+03
3.523499680688546505e+02,1.236500403568307092e+03
3.056939853612761340e+02,1.226478984842591217e+03
1.812595557107704280e+02,1.225920534077487446e+03
7.609051222352487684e+02,1.126549152651487702e+03
3.875792089753390428e+02,1.187461247902209379e+03
2.607496480023987147e+02,1.247974771061548381e+03
8.045104636216238987e+02,1.126712517199689501e+03
1.812924943430716098e+02,1.256189721385333087e+03
7.262047280993393770e+02,1.147017446183439688e+03
7.679679924492680811e+02,1.174933231072145418e+03
1.384754034095897737e+02,1.256052046675076326e+03
6.791664407164632848e+02,1.185634322705608611e+03
7.613030519192700467e+02,1.246486368939428758e+03
5.151418285437496252e+02,1.226417887827180266e+03
3.958309953134120178e+02,1.185055707674683845e+03
-4.000445904444758298e+02,1.436424269524330612e+03
-6.485048398172805264e+02,9.958595927004899977e+02
2.678938822813430534e+02,1.206591979360394362e+03
2.663237158525107589e+02,1.257092986989904375e+03
4.769311787037872818e+02,1.176426940680045618e+03
4.289047894985893095e+02,1.187273193272404569e+03
3.511232370488387460e+02,1.177058683718868224e+03
3.042934659952022685e+02,1.219175167446446267e+03
-6.206168468662637849e+01,1.965251487675155659e+03
6.809585183573778977e+02,1.226510260220935834e+03
4.287981308577212758e+02,1.216481598000473923e+03
4.718365198073502143e+02,1.105109890584003324e+03
-1.361084347993460824e+03,3.858443599384192453e+02
-1.361602453630006266e+03,4.150402617022782579e+02
-8.579032063553714806e+02,5.167745885052041785e+02
3.105098889370035522e+02,1.206105234541133768e+03
3.874490788212785333e+02,1.217196051408162930e+03
-1.152888938316624717e+03,1.225393774113518248e+03
5.955477144096963684e+02,1.187119262034309713e+03
2.235546952485507859e+02,1.224899835553145977e+03
3.447535008093358329e+02,1.277057759553939604e+03
3.124767453138036899e+02,1.215063237674732363e+03
3.547095653145739789e+02,1.185055707674683845e+03
4.355094788289112557e+02,1.114950290733339671e+03
3.462450641777642204e+02,1.278051102173503750e+03
3.476905120518480317e+02,1.254888045868033259e+03
3.502701186516217149e+02,1.316223523942171823e+03
4.694616586086931420e+02,1.128218627161838867e+03
-9.013409553278341946e+02,6.577442764084008786e+02
4.327939880535066663e+02,1.225671622116639128e+03
-8.229841632029318816e+02,1.516517861876910274e+03
-4.448641995922742467e+02,1.457898960794527511e+03
1.389350207379834501e+02,1.254889023554116420e+03
3.485384105833485364e+02,1.227410777667664433e+03
3.045692494672952648e+02,1.225087914218747983e+03
8.090801485677420715e+02,1.175427547219676171e+03
3.089191909401158114e+02,1.206183894529506688e+03
1.854158376146493197e+02,1.206241899904262482e+03
2.679647945357353933e+02,1.205711889619311478e+03
3.525268665998601136e+02,1.176890683925949133e+03
3.470609440248558144e+02,1.196342849103075423e+03
-9.447765423167737708e+02,6.850635987655113013e+02
-8.144344437560313281e+02,7.267771654999761495e+02
3.124767453138036899e+02,1.215063237674732363e+03
8.064588976736495169e+02,1.196380238036254013e+03
4.353014718734711437e+02,1.296204967936939511e+03
-8.190784581019246389e+02,8.359345179226903610e+02
-6.474205162363218733e+02,6.965945866402803404e+02
-5.320164753649440854e+02,7.379051630312678753e+02
-7.356146296613054574e+02,5.351672995136975715e+02
-6.206168468662637849e+01,1.965251487675155659e+03
7.232274313032789905e+02,1.227854552564330788e+03
2.683371854605818498e+02,1.236383277031708758e+03
6.439185144583875626e+02,1.206381419462450594e+03
2.243383074835435878e+02,1.286488752177811193e+03
5.598351516698820660e+02,1.146093460145372092e+03
4.380638153141822499e+02,1.125040647674586808e+03
4.352515497696464308e+02,1.146369587717025297e+03
-1.068797308355738949e+02,1.416746712926668124e+03
-1.068164497106288991e+03,5.350919691398784153e+02
-1.196960729103130006e+03,5.868195146485812757e+02
-2.761932577560190794e+02,1.646753932763115927e+03
-1.507450678907060819e+02,1.615729233002065030e+03
3.958309953134120178e+02,1.185055707674683845e+03
3.958309953134120178e+02,1.185055707674683845e+03
-1.964812839083303402e+02,1.546317573050178680e+03
-1.072836401865805101e+03,1.518120208834766572e+03
-1.027838485831581465e+03,1.375909799768217681e+03
-6.076128294939354646e+02,1.235519040153369588e+03
7.605680983313375236e+02,1.188893543558898045e+03
3.512101747527443081e+02,1.177036066931483901e+03
7.628270037413337832e+02,1.248618424721992369e+03
4.685086532879102492e+02,1.186505664298557122e+03
3.042641120094491498e+02,1.247916511669549891e+03
4.733158864423298837e+02,1.167025951585717849e+03
5.604064707690591831e+02,1.176220130129574045e+03
-9.814180051900000308e+02,1.745420630587957476e+03
1.352020880641050837e+01,2.038608041445493882e+03
2.222256087037360714e+02,2.065603289829074583e+03
5.128373669326776962e+01,1.968046364457101845e+03
9.801993283360972953e+01,2.035615881791148468e+03
7.661022381127088465e+02,1.256602258790616133e+03
6.819366239034753789e+02,1.134497455521816619e+03
8.496353011664000405e+02,1.166945643855271101e+03
-9.031278174747565117e+02,7.467648539804741858e+02
-9.888070986533792848e+02,7.376194653578107818e+02
7.646903720608703452e+02,1.167126153470069312e+03
9.384325357740333118e+01,2.088857380746694616e+03
2.602953582439737374e+02,1.998412365138868608e+03
9.899628253221857221e+01,2.067667474073945868e+03
6.397316233753083452e+02,1.166748572968859435e+03
7.626190591129736731e+02,1.217357039568033542e+03
-8.565088496233706792e+02,1.746679465732112021e+03
-7.770243872108718506e+02,1.736337453198677167e+03
3.463649821653851291e+02,1.186271709768489245e+03
-1.193790293560854479e+03,1.435750385960991707e+03
-1.110167892881371927e+03,1.405842997651957148e+03
-8.196803951900847096e+02,8.678797420750204310e+02
-6.206168468662637849e+01,1.965251487675155659e+03
1.859171552390244244e+02,1.715632695442321165e+03
1.261822935950869123e+03,1.546305067664778562e+03
3.086832303847899084e+02,1.205418251989460259e+03
2.713553153133862565e+02,1.215063237674732363e+03
3.513789981624202596e+02,1.176004649187013001e+03
2.214437068758848000e+02,1.765532150610126791e+03
4.324486083250262709e+02,1.825602561174033553e+03
9.867548588312345714e+01,1.767905468417148086e+03
4.357927970547775658e+02,1.835579858080699523e+03
1.224482681038378473e+01,1.876665397888127018e+03
5.436215934820162943e+01,1.846940170097094324e+03
5.533848448271049847e+01,1.856787156367608759e+03
-1.029588400827180521e+03,1.576886218285766290e+03
-9.888275358076667771e+02,1.487706119153624741e+03
1.772885297086794480e+02,1.788510340184931465e+03
-9.451508074431216073e+02,1.677122361705587082e+03
-9.007349733364708300e+02,1.615346733373605502e+03
-4.451001569367202819e+02,1.577083943544923386e+03
-2.791670786411188487e+02,1.608307355298694119e+03
2.269617454417166300e+02,1.204931803372686772e+03
1.457682453145870909e+02,1.185055707674683845e+03
6.816553557336175118e+02,1.135946719654603612e+03
9.481309962532893110e+01,1.877719060261943469e+03
2.192819813286634485e+02,1.788065694137692844e+03
8.032082367806075354e+02,1.037822030766247963e+03
7.219252635500340602e+02,1.106578987696562308e+03
-4.447406432165358865e+02,1.616327332786280749e+03
-4.410465270073003694e+02,1.626255771946061941e+03
8.069871018102221569e+02,1.227686562644117203e+03
7.260153421420658333e+02,1.175192664074867253e+03
1.802088053586495562e+02,1.227411733192674774e+03
8.051293163421906911e+02,1.225813954295861549e+03
1.012693821762169648e+02,1.835895430263343542e+03
1.791078190814411641e+01,1.836814837042562431e+03
3.049902139911587255e+02,1.226799171505051845e+03
1.790688800253085446e+02,1.907631708940689123e+03
1.904252059380347362e+01,1.835251218819518044e+03
5.525130683620891148e+01,1.916508847208005136e+03
1.771647974278939159e+02,1.937174200968711375e+03
-1.026312432214593855e+03,1.796827146403701818e+03
5.174298408423105684e+02,1.086136997107676052e+03
4.695925316684449626e+02,1.126288278244026287e+03
-2.279350592115166307e+01,1.956923233378361601e+03
1.809120496659095068e+01,1.867010765203399160e+03
5.320542105953904866e+01,1.906850529988829521e+03
-6.206168468662637849e+01,1.965251487675155659e+03
1.614962376304816871e+01,1.826588607615466799e+03
1.018375806065209304e+02,1.925939577387851386e+03
5.640695408272411271e+01,1.795810129460367079e+03
5.249794486625613388e+01,1.878145210379763057e+03
-1.116071150243192960e+03,1.756619668196038447e+03
9.673393015024487340e+01,2.097320465023122324e+03
4.314511398906122963e+02,1.135051298230443081e+03
5.539867118128963739e+02,1.159230206422607353e+03
2.578038501577931356e+02,1.269366567109063226e+03
