date:2016-10-11, time:0300, wind_speed:2.52, wind_dir:326.0, temp:5.8
-42.812357 66.683811
-84.510413 36.865133
36.451727 126.706905
52.946350 132.875380
-38.456383 15.641222
-67.992417 66.948285
153.199830 150.821100
-84.462987 24.760444
-67.855060 96.725033
15.080190 151.094916
110.996387 166.108233
90.501624 177.740227
-102.119125 34.484487
-1.267353 117.979342
-84.417400 24.739098
148.856561 126.748905
-81.013423 187.384926
-93.160929 81.886596
115.703156 156.935893
94.541662 220.104930
135.744765 166.357142
-84.771584 147.967823
-77.112850 100.501053
-76.406810 99.960982
-97.130837 96.972646
85.873693 211.177319
-80.537167 165.965248
-101.577807 160.185620
48.550407 126.936932
-68.596032 106.380471
-76.390741 105.905341
-72.003077 99.651928
-118.003402 54.949514
-10.429450 118.505571
3.079380 111.624515
-80.506721 100.047546
-159.198549 81.664136
3.116115 147.829912
-21.563820 132.611761
-13.841580 133.001522
-80.556502 84.988789
-64.118835 97.168508
-80.602047 96.891919
-76.884438 106.398812
-109.902262 34.073730
11.157474 -146.091608
-9.661966 -71.012485
99.256595 177.690575
94.562325 178.081905
94.454137 178.030714
94.563524 171.874985
-59.967264 82.164688
44.688531 123.716587
56.490461 169.334662
7.206711 12.668449
57.141567 186.831260
11.490859 126.777616
-17.583748 66.508199
102.388077 196.325609
-18.496564 67.377196
-1.655808 -199.846914
-59.692969 -167.104485
-76.909896 19.291379
-67.836773 21.711851
-76.207873 24.793771
-26.665601 -91.838950
-51.337879 115.005100
57.271783 132.817418
57.278588 123.715029
-42.978062 60.927145
44.274847 124.161206
102.615115 178.151620
-64.109044 94.096395
-89.160421 109.098097
-60.199685 97.341970
-77.112850 103.501806
103.085839 177.832615
102.871443 177.885309
102.639746 181.245809
-43.224690 148.219494
-76.575199 103.149434
-9.996697 124.124164
140.527648 205.022062
139.881771 205.435059
144.033590 208.448657
-43.160467 147.918439
-47.166649 144.966456
-1.359340 105.938324
98.155182 181.397894
-67.590885 93.552872
11.393444 129.825119
15.244150 126.935635
-17.457532 45.631809
-5.747839 -106.857558
-43.504994 148.411153
-68.084555 24.955475
-80.151413 96.774619
52.588056 121.220580
115.148493 157.200627
115.633299 159.686090
