date:2016-06-12, time:1800, wind_speed:5.38, wind_dir:305.0, temp:12.1
52.533651 121.056018
98.667650 129.551576
102.154357 136.510089
-101.800901 -74.078519
77.476779 115.041409
-64.554143 -46.535844
-56.218718 -97.548645
14.899108 118.034771
102.767059 117.544881
77.856861 177.626246
-38.926671 -98.465999
-93.033210 -44.431250
85.483507 109.503312
60.477232 178.520631
98.250801 166.018753
-30.590007 -77.466593
-106.231268 -73.542621
-13.763083 -50.528808
52.755104 132.535478
-97.185994 -74.556933
-114.234199 -53.019325
-93.107818 -71.479717
52.141807 136.510089
56.570239 151.052503
-85.074340 -68.053365
77.148082 -262.590060
81.948924 117.535503
35.835390 -67.998122
35.765584 123.989478
48.547211 126.584637
-110.454550 -253.587801
-5.832790 45.943350
18.800107 -103.550151
14.913818 -110.026622
69.479389 -269.622255
106.266500 103.501806
-168.802525 19.480722
-105.933704 -257.106972
156.955612 144.567513
81.260225 112.504065
48.592979 -56.434478
40.241272 -65.505926
69.138024 -269.040950
68.812657 -268.591566
72.924800 -265.590813
89.903096 106.013652
-1.728094 82.028074
56.991160 147.586355
60.825566 144.978181
39.887721 196.077500
64.956462 -278.110175
