3.523975475459685072e+02,-2.658433971348659270e+03
9.256550483753032950e+02,1.300825579129952757e+03
1.181839956354060178e+03,1.299848282993297516e+03
1.036114010637582169e+03,1.303884959903223034e+03
9.464172118552446591e+02,1.268169551407767585e+03
1.116947950089554524e+03,1.211103408194097028e+03
1.143712969763302453e+03,1.182992105309797580e+03
1.146019245314625095e+03,1.215063237674732363e+03
1.032871442074796278e+03,1.238657343179778763e+03
8.461131387567986621e+02,1.300003412841175532e+03
1.055891176131040766e+03,1.242136293807611764e+03
1.188252065313815820e+03,1.275078297674829400e+03
9.381893153134114982e+02,1.335093357674926438e+03
1.006357533162351160e+03,1.300030548681435903e+03
1.133763614654603998e+03,1.300077340647213532e+03
1.104897815314207492e+03,1.395108417675023475e+03
1.133878357782525882e+03,1.327890833503783142e+03
1.080185623626942743e+03,1.213050989673799222e+03
1.186436212735505705e+03,1.333625173454378682e+03
9.768560579969694118e+02,1.183586231781744800e+03
1.021543565314599164e+03,1.215063237674732363e+03
8.126022453146123325e+02,1.275078297674829400e+03
1.050073991566632230e+03,1.146548171355080967e+03
7.714808153141948424e+02,1.275078297674829400e+03
9.767123010959999192e+02,1.211798880553109257e+03
1.104897815314207492e+03,1.335093357674926438e+03
1.121637212955890845e+03,1.181377991871662289e+03
8.855034564153538668e+02,1.176081513667291802e+03
8.959564953142206605e+02,1.425115947675071993e+03
1.062664995313437203e+03,1.215063237674732363e+03
1.006729125260392152e+03,1.327916769392576953e+03
9.793107453138289884e+02,1.245070767674780882e+03
1.008734751655422770e+03,1.509027286835597124e+03
1.062664995313437203e+03,1.515138537674427880e+03
1.021543565314599164e+03,1.665176187674670473e+03
9.793107453138289884e+02,1.485131007674379362e+03
1.185378760956397855e+03,1.483869139709636102e+03
1.048885558688691845e+03,1.506762355226285081e+03
1.019594777260299679e+03,1.332892470378966891e+03
1.146019245314625095e+03,1.515138537674427880e+03
1.062664995313437203e+03,1.215063237674732363e+03
9.793107453138289884e+02,1.515138537674427880e+03
8.938767262416369022e+02,1.452461846597336717e+03
1.021191254684667456e+03,2.175787652324432656e+03
1.143576266674308954e+03,2.174457784235180043e+03
1.087635631337489485e+03,2.110576480234585233e+03
1.146222629683290279e+03,2.205795182324481175e+03
1.142824248216757269e+03,2.234337914380379061e+03
1.179055553991473971e+03,2.199151219071522974e+03
8.548350653138031703e+02,1.365100887674974956e+03
1.059365230549220541e+03,1.422416633247901473e+03
9.755575938144413612e+02,2.173975235773785244e+03
1.104545504684275784e+03,2.325825302324675249e+03
1.100640450216831368e+03,2.294662058598840758e+03
1.201289603297931080e+03,2.170399769128255684e+03
1.059318528190367033e+03,1.482201510228844882e+03
1.184418099313790208e+03,1.452458016065774700e+03
1.026301603829285341e+03,1.504924166291387337e+03
1.183949147818511392e+03,2.233104862835653421e+03
1.240888635363691492e+03,2.262483385480777542e+03
9.793107453138289884e+02,1.215063237674732363e+03
9.766067012226452562e+02,1.243570008612414767e+03
1.142641107580426706e+03,2.204656094534871499e+03
1.227468693446551697e+03,2.173363738364133042e+03
1.187899754683884112e+03,2.175787652324432656e+03
1.174709464609544739e+03,2.048561662369249916e+03
1.049626572601607677e+03,2.109706355907848319e+03
1.010310576055819865e+03,2.081000898117230463e+03
1.097182112465124874e+03,2.173685138412267861e+03
1.182465632575067048e+03,2.200812394936394867e+03
