date:2016-07-13, time:1400, wind_speed:4.32, wind_dir:175.0, temp:27.3
101.247736 112.658134
-52.955827 -79.507659
37.853991 139.508872
43.347796 127.494837
-8.500885 160.604225
-4.582511 -82.463831
101.242542 112.529588
42.502524 121.504814
45.662331 -277.875152
99.993828 112.386357
97.064057 109.559554
-7.506215 97.564844
66.968027 112.488589
-15.057210 64.497130
4.647569 166.653127
96.354837 112.516818
100.660108 112.448818
-19.997667 58.554146
59.952157 112.529795
34.593809 -58.455519
96.353004 115.491450
96.145630 118.406577
58.084818 115.312079
-86.705285 40.574468
-88.238504 37.623704
-115.923426 28.520670
-74.106809 172.504622
-79.217916 154.662853
8.565098 133.489424
-71.028949 115.263147
-143.796250 76.495029
-128.109298 58.595134
30.012392 157.529569
-87.058384 148.543851
29.598924 148.595673
-90.428559 139.564174
-98.333943 37.472059
-150.351094 34.220419
-112.361200 -4.454490
76.230251 112.562233
64.057116 121.515458
72.924800 112.504065
22.064700 157.579517
-52.637637 151.506424
-144.628398 127.645907
-112.113894 31.492617
-78.008361 16.484080
101.244656 112.547466
96.318653 112.544671
-112.233535 166.455801
100.523427 112.437298
88.092743 115.534971
-83.355466 184.411259
71.740982 172.542127
-140.843029 103.471419
-82.166059 91.561537
-120.658136 70.348826
-78.771010 37.437956
-65.470547 133.550962
-61.953635 112.501754
-112.653830 100.347931
-78.334564 91.566194
-120.547626 76.567449
47.476176 -55.541041
29.353054 -55.481228
34.215605 193.551259
-110.897247 121.521570
-116.807037 52.321113
-91.236602 31.466683
-94.229551 7.549076
-32.496679 184.590758
-90.487830 181.574675
-87.816676 142.244562
-73.697370 100.570634
-152.131675 19.480722
-95.670564 31.469339
55.438200 205.676562
-78.992281 82.623092
-66.649217 70.465510
-96.291591 -193.758373
37.373146 178.500495
-62.514095 142.446053
38.660359 127.592594
-82.126651 130.518059
-95.268816 118.599249
-144.738417 100.494016
-54.010926 79.507468
-112.028144 70.537293
-135.953940 61.546670
-111.697130 37.573176
-104.404756 37.556386
-3.969372 181.546608
-60.442000 175.519878
-146.599384 82.751564
-145.867933 79.503751
-58.035114 70.559612
-145.584514 130.335846
-145.953006 130.587185
-145.265021 124.501078
71.676607 109.579429
-12.875054 133.401862
46.118047 184.383883
-106.681059 148.509742
13.772129 121.648712
-103.769915 109.506370
-65.834971 40.513809
-170.326210 94.507229
-170.063956 100.618535
-94.674614 4.528091
-98.732348 4.443537
41.915292 175.547728
-67.370411 58.762935
-69.679868 58.530360
-111.724926 43.546449
-108.857148 40.666410
-78.475733 76.477943
-91.453398 31.395502
-66.141727 25.585865
-0.243177 190.600039
-108.713459 169.470539
-17.112113 142.576131
-158.320081 109.501977
-133.250320 79.401887
-61.400176 25.595518
-121.285747 22.257501
-69.222284 13.475624
-77.998801 7.569062
-82.455904 -7.348946
-104.273840 154.475859
-21.172641 145.458388
-116.151627 136.503570
-70.946682 136.335250
-19.223563 130.603461
-49.845363 79.511863
-154.826247 58.581403
-146.065391 52.525246
-159.034710 43.679216
-83.485882 4.418417
-20.884431 181.368053
-100.264663 178.288813
-79.476521 175.290863
-70.454557 115.433744
-72.889568 55.489758
-85.976661 37.548077
-75.392908 -7.654680
-83.231239 169.406660
-104.510942 163.257271
-27.585620 160.518791
-104.407526 157.511810
-103.104931 100.515650
-83.637548 52.454639
-54.617182 31.361180
-74.927879 10.433050
12.280056 178.300421
-33.332381 166.525376
-82.143676 163.629520
74.798346 163.570373
-60.938994 145.566242
-112.263300 100.502215
-123.735234 61.523782
41.741162 130.493554
56.253950 115.504818
57.872138 112.517977
54.728215 196.492615
-128.438432 148.618928
-108.547603 139.282702
54.960337 106.527856
-136.346995 40.626365
-129.712589 37.636382
-54.736336 34.466567
-74.742508 28.391708
41.962745 -61.433069
-100.226067 -193.800439
-73.419241 133.551003
-70.891441 139.588353
-66.343093 136.493447
-11.982101 163.587665
-115.017978 151.607670
-53.877193 148.400779
101.621210 103.506872
-104.302889 88.451221
-87.381365 61.553224
-137.735773 61.446391
-62.390609 46.557390
-62.842591 40.377527
-75.279330 178.358305
-54.025764 181.540667
-25.237163 175.860823
33.282705 172.424003
-117.044175 112.651863
-62.374161 112.425595
-50.175971 85.212138
-65.533452 73.582997
20.692304 -91.532045
-19.242989 181.521699
-87.096606 169.644593
-53.412206 157.588294
-78.997577 88.515932
-153.015197 73.528243
-108.097638 49.307223
-69.632047 31.568874
-165.870870 19.536588
-86.266242 4.485590
71.650657 172.481176
-31.705992 151.593856
92.564154 151.527721
-157.182494 67.547872
-99.782897 25.436017
-103.398645 154.637005
-133.346271 151.571156
-131.237543 148.513101
34.977720 154.548689
35.002675 196.554980
37.396208 196.475329
-92.244951 118.720983
-63.285263 88.253877
-115.086503 154.532220
-116.908771 160.461688
-54.843379 91.633269
-55.198120 88.632307
41.431319 178.586416
43.279336 178.568675
21.382827 157.521673
17.443363 157.620121
29.005730 193.284611
-25.206548 190.202734
49.945937 175.347089
-123.333882 172.600337
-100.244699 142.455816
-4.352848 142.290397
-68.777425 115.504818
-141.905251 112.332851
-116.839360 94.308606
-102.119125 58.490511
-96.206472 43.266087
-95.923444 40.457676
93.349598 -211.571892
31.247675 193.524396
45.596979 178.380280
-79.429537 148.342054
-87.732628 109.493760
-96.095607 100.226152
-70.813419 97.328343
-0.264592 88.363480
-71.194642 67.352247
-58.415361 64.544277
-162.550433 58.336102
-71.070550 49.242077
42.587796 120.855019
43.302560 124.594267
41.688050 118.475068
3.889368 175.561804
-108.695520 154.509042
-146.180409 136.437177
24.793228 121.496822
-116.796347 82.315215
-83.572152 4.468487
99.790683 -208.639236
45.462611 199.429386
33.205375 157.557526
-66.978251 151.447963
-121.097398 136.555851
-112.744268 112.550797
-50.281480 103.536654
-87.799714 100.445265
-145.936975 79.508974
-137.887913 70.608353
-96.033341 67.434805
-75.171659 28.646098
-71.105246 4.178923
-29.145605 181.440053
31.247675 157.515360
-71.267833 142.456632
8.115111 121.573229
-50.179661 106.495753
-162.773237 88.551469
-125.289585 76.577415
-146.089784 46.582609
-65.009788 58.586390
-65.685591 61.500225
-65.082674 61.481852
-65.458257 58.486264
-116.689177 169.553193
-87.721391 166.667013
-37.823430 151.638302
-158.560198 88.551629
-150.289239 64.512205
-146.091986 55.422769
-133.613090 157.517392
-25.173462 151.536911
-154.242436 139.531934
74.816308 109.396967
-83.376995 88.535130
-79.385808 181.535140
-20.941501 175.618579
-66.838275 172.536099
-29.123265 157.535129
-150.201302 133.425590
-79.218308 103.420872
-96.026443 97.480897
-87.507885 70.434553
-120.888856 175.495026
-62.345054 169.305665
-62.552263 166.537225
-49.810253 145.593757
-93.783700 136.510089
70.715525 109.581399
-141.654165 88.444900
-75.061409 46.465027
-79.185981 4.532564
-60.442000 -4.525302
58.481514 -277.724904
-105.467991 100.657887
-106.337062 101.451984
