date:2016-07-28, time:2300, wind_speed:1.28, wind_dir:51.0, temp:22.5
60.587724 106.708055
44.079791 112.919086
42.921618 112.116948
-60.707418 -10.688365
-5.982763 85.898269
-51.834427 -25.107029
-22.435278 -145.061915
-56.102384 -175.322712
-23.475588 -172.557246
19.070530 118.900171
64.800314 106.994568
56.607773 106.892860
-85.412704 -172.440427
77.332381 103.946882
63.707165 106.070597
51.198057 109.269049
35.805064 118.882503
43.924312 112.579827
-22.716788 115.546412
60.703187 107.099754
-43.494152 -16.358337
56.347486 106.691286
-65.098963 -23.002596
56.248701 106.611194
-6.936906 -299.082098
80.371613 106.024361
10.728352 85.896321
-27.669594 55.317640
44.113012 113.093081
-43.644000 -10.023080
76.393310 103.061915
-110.234319 -253.373560
114.590942 106.430829
44.099524 112.907615
78.395656 102.912137
43.994540 112.697696
18.811345 118.641996
2.247879 55.446142
85.669128 106.724986
17.883664 118.247117
-9.941886 121.958512
35.611704 119.049532
35.575143 118.914296
60.699507 106.934156
-22.744364 -136.543291
-14.504700 -133.412623
85.505005 106.968035
93.302604 106.226819
35.409643 118.913149
-85.333729 115.918113
139.049584 118.289005
-118.479912 80.041042
-98.025523 46.505702
48.304691 109.936201
85.913980 106.998209
51.388159 109.150616
2.190850 82.562574
-173.775447 22.126022
-110.551461 4.725800
-114.437573 94.768508
-115.009364 85.204989
-97.526812 67.977896
-102.460825 58.430382
81.312890 103.857455
-106.283439 49.424587
-106.043283 40.914227
-106.192496 13.590739
-93.938786 1.534295
44.282981 112.860774
47.978267 109.798187
84.348580 106.199584
-60.233418 -40.376453
14.668615 118.932505
27.437193 121.933127
23.150939 154.637956
-97.679792 26.129282
18.550841 -94.736119
-101.656082 43.957334
-106.952300 10.315632
-47.845395 -16.372837
-89.750923 67.352762
-72.853446 -34.360279
85.089516 106.283873
-161.762250 43.252671
-114.140790 -1.170896
-89.520212 37.734528
-107.250780 16.155242
-160.455073 10.860970
-93.332044 -25.069204
-101.926243 52.782569
98.015082 103.612445
-98.286606 1.097365
-89.698269 97.463038
-93.525570 91.847172
-107.095785 79.374843
-43.666374 121.821212
-101.889100 88.624232
-90.054449 73.345013
97.937251 103.645968
60.658478 106.886211
55.423555 106.042544
48.239738 110.025999
-114.629157 85.714146
42.753832 -61.931228
-97.926355 82.624640
18.330932 142.132122
-114.965953 115.184826
-93.347224 100.894940
-101.951914 20.018803
44.126505 113.095697
48.297398 109.821472
-97.652253 53.007917
-81.937925 16.214068
-98.324952 -4.802481
-89.449942 64.455004
68.218222 103.259410
-89.610516 31.059998
-114.439739 19.619225
-102.600309 16.279812
-102.815500 73.223450
-106.347211 76.489479
-101.825975 16.952869
-103.055696 55.217616
-97.490283 -145.164828
55.655644 106.515389
60.482159 106.940816
-97.633050 80.027058
-106.270917 40.352563
-89.911459 -10.684130
60.805208 106.986236
56.425159 106.875597
55.792565 106.362864
-136.012991 82.325527
-102.042184 25.588124
-98.260673 112.348591
-114.633404 40.512351
-98.915425 -10.755707
-114.449302 67.777481
89.114762 106.135836
-172.685113 77.044623
60.615727 106.976352
-93.778613 43.877285
1.649855 55.463424
2.508826 82.885885
77.395651 103.945353
-106.694622 22.233098
9.845732 112.256385
17.999841 118.269829
10.602636 115.768774
27.163118 121.883972
13.808005 145.280349
22.730096 127.504628
-181.152363 82.795254
-98.257181 -145.808203
-107.203905 -121.912737
55.823254 106.285066
-99.254022 -13.693991
-181.126555 28.599937
-122.452498 49.843922
-81.152892 37.751673
-102.902437 82.261082
-177.915541 25.133997
85.533873 106.840342
-106.893686 55.070608
-64.474294 133.617455
-97.861603 112.879258
56.358867 106.939517
-106.258915 100.595890
18.929653 118.480230
-89.558077 139.807120
-89.828152 103.525658
-98.922356 70.075327
-73.448647 1.539487
31.405639 -67.188046
18.815506 118.862892
22.879447 121.470227
-85.328914 10.441420
-85.344916 13.769945
-106.166953 -10.208377
-106.020514 -4.024533
-102.908425 -1.752139
-98.674037 94.284277
-168.812003 61.605002
-55.893331 -18.986519
64.748594 106.971991
-101.740169 4.847257
-31.369064 121.545959
-102.236191 91.614836
-52.095379 -31.373609
-101.940379 70.823725
1.905641 55.394268
-106.172484 -7.268531
-52.919218 -16.818286
-77.488739 139.349517
-114.263673 115.693530
-101.857954 107.011678
-81.173615 76.714083
1.611688 82.439697
-86.062028 37.295608
-85.088185 17.090153
-86.205764 109.354585
-72.885326 109.552331
-77.091637 130.655125
-77.183024 16.735222
14.709539 118.613792
-110.954473 -7.506682
-5.994433 137.046162
-98.013664 142.246140
-122.724463 121.775327
-165.645705 82.280103
-97.819522 70.981064
-114.919807 46.348719
-107.109024 49.159814
-114.453977 82.881433
-114.510204 85.949747
-118.795367 88.993501
-123.178651 112.419739
-118.528406 118.950742
-122.816961 121.666898
-123.144825 130.642739
-93.789843 76.339737
-85.230583 67.371498
-135.391035 82.533888
-135.395834 85.737896
-139.873422 91.528348
-119.060364 124.472659
-122.952597 130.970804
-85.096129 34.834394
63.499125 106.172911
65.022047 107.042154
59.743834 106.064366
-10.572016 139.456757
-6.909621 136.246813
143.529453 118.274109
144.031875 119.050260
-98.945578 67.053779
-81.041957 56.011553
39.845865 -64.062542
92.740327 -217.971075
-76.915829 157.779588
-93.700330 139.647978
-97.715232 94.763917
-77.121921 91.478877
-77.079660 46.621497
-114.330587 41.081023
38.936930 -64.577882
-111.289572 -253.847624
-111.433900 -253.849736
-111.203883 -253.821839
-110.394086 -253.480959
-68.688128 175.883528
-82.058931 169.096719
-19.068751 163.394089
-89.461563 100.544761
-165.069144 88.418909
-93.733611 89.001775
-93.937866 58.666038
-72.771203 55.878531
31.171275 193.529532
-69.944878 166.373331
-103.211116 121.262666
-143.461239 109.909549
-97.771651 64.619376
-135.405873 61.896128
-99.092750 49.285277
-97.881641 43.450748
-98.100942 46.307007
-93.793917 40.379952
-97.733574 49.734640
27.148774 181.463836
-77.352252 163.490070
-118.596655 148.995458
-103.004814 124.274508
-93.593385 106.720788
77.351909 103.833156
81.547429 103.999079
77.276509 103.623704
81.607421 103.808917
73.191376 -259.243692
76.144779 -260.041564
-85.603330 70.557305
-90.485425 76.373925
-89.058808 73.824163
-114.746780 88.442377
-118.584253 88.979343
-110.440654 49.631004
77.192325 103.535321
-85.448191 166.413845
-85.318624 154.944434
-77.707734 148.337723
-94.023853 121.494314
35.502721 118.920835
118.875451 106.701660
-98.009919 40.611403
34.495445 -67.757230
-22.977123 172.594650
-168.563441 89.098075
1.073404 82.310506
-118.760690 61.561312
-89.504352 49.697028
-65.324700 174.964375
-147.964380 130.559476
-81.329429 133.433597
-94.196629 88.344300
-106.117976 64.573082
-156.136179 55.657134
-101.927567 52.597398
-76.967335 31.653225
-97.793584 28.883741
-89.445480 145.630460
-77.937164 136.347407
-85.335177 128.107235
-93.951267 115.798102
-139.537977 106.700254
-102.071463 94.519372
-93.791321 88.882906
-98.079040 46.436663
-85.322855 154.649044
-89.301875 113.001523
-168.647535 88.703527
-98.046692 61.530283
-101.849320 58.834995
48.026065 190.890053
31.252474 172.520270
-77.058403 154.662591
-89.394796 136.635938
-93.672537 106.957133
51.050075 109.210820
81.650964 104.018518
-77.091115 82.946415
-110.121212 70.835472
-101.904789 34.741499
56.287512 -51.962793
-82.010159 175.127510
-118.468838 157.904030
-86.127386 154.160274
-107.031144 145.358431
81.551698 106.792048
-102.013630 89.090583
-103.214128 82.332694
-89.363042 70.892004
-105.891310 68.042982
-107.061632 55.257651
1.387396 55.095908
-85.453386 37.316743
93.909409 106.828028
92.842073 106.326328
94.012477 106.941480
97.935468 103.742372
-89.536501 127.618375
-81.180970 133.937288
-81.212195 133.734259
-81.462910 130.385411
-26.907618 172.785282
-114.329750 148.859531
-110.220028 137.086811
-86.117213 133.302277
-101.717582 118.917230
-77.040138 91.526234
-97.856689 70.780058
-89.542084 40.535367
-97.813421 19.744668
-64.314797 166.805125
-76.983939 157.826676
-122.779705 136.431224
-89.252653 134.116856
-76.595522 118.830162
-93.675031 91.454402
-111.522958 88.313335
-89.503486 73.697507
-86.401525 40.177724
76.733843 103.470484
77.036288 103.742039
76.305607 103.199253
-90.632251 154.068636
-97.492350 107.080029
-89.494687 85.598422
-90.325154 52.235533
-82.182421 37.167653
60.638784 106.411820
-106.371006 22.510440
-93.667191 133.393205
-89.354147 133.981059
9.879787 82.253150
-130.902845 106.930772
-85.960754 10.137810
-89.426169 10.517837
-85.855732 16.225770
-90.237134 160.417761
-76.850548 157.812850
-85.863711 136.463058
-94.619539 121.307534
22.507243 121.392997
-80.940138 91.915845
9.980661 58.193248
81.325409 103.989740
77.396441 103.953876
80.172725 103.104790
-114.982736 19.172801
-114.612928 22.890840
-110.660096 22.503278
-106.178276 -7.341656
-93.712018 43.570927
-94.065409 40.235345
-110.210284 16.828856
43.923655 112.567978
-93.577265 17.025503
-72.738144 181.677051
-81.079068 157.768041
-143.559834 142.702215
-85.465658 142.904277
-102.040052 136.815349
-85.472224 136.767911
94.020821 106.929913
-89.484630 91.621020
-122.958202 68.015526
-110.265435 55.480760
-77.638880 91.191643
-78.264588 91.138364
-76.738783 87.880397
-76.585277 88.422849
81.516620 103.987317
80.914617 103.223057
77.162022 106.839362
80.828475 103.348122
-72.986628 184.920651
160.605490 175.774798
-72.895077 85.783290
-81.155473 73.971432
-118.594312 61.924461
-110.947164 -7.810221
-114.395946 -7.416710
-116.126145 82.727657
-118.860903 82.842677
-81.385843 160.468020
-77.048881 155.104244
-164.535250 82.622188
-168.736695 82.765005
-92.253257 74.091488
-90.119084 74.120256
-106.607629 11.169904
-105.588271 14.002003
-105.884408 15.692827
56.358309 107.820796
56.484169 106.746503
-76.233161 146.233894
-76.669330 148.444994
-77.281246 151.276027
-89.438290 142.607194
-89.419085 127.608062
64.726227 109.666043
-110.365644 64.603041
-97.840675 28.639327
56.376859 -52.395561
-102.119125 70.493523
-97.895843 73.494276
-102.606143 72.748921
-102.657302 73.212435
-122.902118 67.492770
-123.405029 70.216791
-124.466860 70.469591
-123.920525 72.375087
-64.554143 178.520631
-85.448275 124.507077
-97.895843 31.483734
29.948251 174.523910
32.897724 173.284373
30.471694 172.428186
30.064328 174.850684
