date:2016-10-18, time:2100, wind_speed:3.34, wind_dir:189.0, temp:13.9
51.507809 115.494136
-27.754747 58.444525
-32.875630 97.900121
-61.933086 -244.427253
-68.777425 4.476957
-140.253438 -25.604699
-83.238929 13.429078
-64.913796 85.424783
47.012572 130.456648
50.463345 113.045041
-52.482982 88.388816
35.470957 124.507077
-85.836873 28.383658
-123.261508 13.376300
97.561883 106.495661
-156.576096 49.475203
-87.379355 67.755628
-131.642599 -1.625241
-103.074308 106.445014
64.252908 118.424992
-73.241897 61.446035
-94.418955 145.463121
-144.479468 64.346498
-69.141631 70.443954
-135.786200 55.435667
135.132013 208.514456
118.484267 151.470560
125.097982 184.524662
134.539824 184.522895
-39.547868 91.498794
-57.408880 106.483177
-77.478938 112.409312
-122.902118 1.476204
-58.410025 133.337765
-81.841173 136.441598
-85.854164 121.417412
114.601925 169.518372
-106.231268 154.514607
-79.557188 73.263175
152.166907 193.524396
-99.666152 -1.079383
-39.918341 64.436311
-22.877018 61.491264
-40.366710 58.417810
101.742856 214.553703
-48.608590 139.526461
-119.359368 91.412593
-148.278177 73.475545
-119.398857 73.342117
-39.893345 145.438761
-116.279780 112.889530
-48.569149 124.508641
121.995020 163.521332
-104.070294 109.346708
-116.080979 94.775743
110.489782 106.502559
-36.054176 103.424369
-90.205644 55.461891
-89.560418 151.513854
-98.261341 118.408487
-7.960387 127.933026
-102.119125 106.502559
-139.572968 -16.528314
-91.176041 25.929647
51.493945 118.383819
-143.796250 88.498041
-141.202522 62.026973
-64.869533 58.378488
-106.873279 34.393391
-152.131675 70.493523
-81.539335 127.491626
-81.587025 130.493328
38.270939 121.796183
134.558024 205.600117
-16.951342 97.403396
-36.413075 142.632763
85.107440 193.461811
-173.496457 58.419183
-106.940063 121.425626
9.506453 121.503109
-18.764875 130.508583
-115.153776 130.407417
-69.460471 160.426705
-23.209031 130.471115
51.721296 118.463784
-69.628452 103.385291
-118.789975 64.492017
-73.738654 19.417065
-78.779908 134.023141
-82.049179 67.434620
-73.784139 25.393841
105.652558 163.374808
43.470067 136.422677
-31.898914 124.468430
-44.686100 136.563061
-169.207236 100.497715
-107.229246 76.512731
-60.781874 118.474298
-52.449465 73.457192
-73.204499 13.455492
137.967776 178.954504
93.213295 154.547724
-48.982195 127.585837
33.144313 130.233044
68.476327 193.442795
18.800107 124.507077
155.650908 148.480091
-69.442713 118.373883
106.266500 193.524396
109.537948 208.491544
-6.813289 109.482206
-102.537494 136.465256
114.281867 175.416596
105.889170 196.509848
142.800417 202.529578
110.111307 154.509619
-48.240874 46.389735
-123.296857 37.449988
106.266500 202.526655
79.825101 151.777312
129.948156 205.938936
-52.468028 130.457216
101.334338 166.484019
104.644792 184.796163
-110.454550 55.489758
127.160632 169.518372
130.878706 157.410795
-94.818970 100.437608
-127.963338 7.394577
85.483507 154.514607
-15.332683 103.491377
39.583100 118.505571
-69.654711 136.555549
-161.166205 40.373875
89.053277 175.434390
-73.218302 106.408997
-56.550927 70.479203
-127.457675 112.467714
146.853052 190.505198
147.020406 181.519720
18.101518 121.473370
-85.833260 82.434339
-6.624357 142.405192
139.258817 124.484623
-141.810395 88.556027
-70.531934 46.943574
-40.530678 181.517967
-2.697472 130.379265
52.141807 121.506324
134.055780 181.770413
163.976827 196.523495
-131.237543 139.510842
-77.439724 139.456071
-69.883533 127.519608
43.070424 118.420901
96.927224 106.550669
-94.103405 76.491134
-82.055530 61.372543
-74.632321 46.926333
-39.547868 178.520631
126.086933 220.551691
-52.512078 142.453675
-135.460825 25.482228
59.859328 109.483449
68.107125 160.459264
101.802368 148.484432
96.390209 181.815960
43.189289 115.468074
-45.935520 151.267331
-52.430477 148.482552
-44.955004 172.728992
-110.766743 94.394389
-52.106575 181.521384
147.003412 217.623725
110.108215 163.433722
-98.258681 151.486433
-11.708420 118.592794
-61.418993 97.519271
114.213597 211.531129
-89.979964 64.437485
-60.785284 52.416007
-49.428427 133.992333
-60.852786 145.455624
-61.087362 148.458144
96.898572 166.532242
126.758719 118.456504
-148.223416 -1.635184
-53.515097 130.721931
51.829283 121.457467
51.807241 118.392237
-90.219004 100.363259
-24.035679 112.533340
125.496773 200.062015
134.885510 187.487988
152.166907 163.516866
97.540440 154.444689
39.583100 124.507077
-81.571805 -100.554463
-36.443494 55.474487
-131.608550 -1.592814
-60.442000 139.510842
-48.916397 133.533513
-152.497349 61.453862
-93.783700 -4.525302
-50.177151 127.543774
-39.915791 133.504686
130.685773 214.574358
30.904588 133.493873
52.141807 121.506324
105.917500 151.492048
118.414387 214.473572
-27.100300 151.513854
-106.231268 151.513854
-61.103259 154.441724
-6.537708 148.441451
-43.771150 124.507077
-77.112850 115.504818
-69.187648 100.450765
-36.177328 67.550174
-37.477416 70.483836
84.629800 217.552845
134.533442 217.507635
-4.310759 157.191926
47.058669 118.488430
113.968127 211.511159
85.071155 199.476402
-64.910702 151.415629
113.545269 154.475228
-118.789975 115.504818
-128.433251 100.685604
-37.067400 106.713132
41.166413 127.252397
122.123200 157.362370
-123.235631 115.430913
-112.160940 79.888352
147.527478 166.422214
-111.119337 106.429504
-27.741750 157.393332
118.789975 208.576506
116.472634 205.486059
-19.626189 169.496086
58.659758 124.786678
-90.199169 109.461133
-73.240078 37.461777
-85.837018 16.388664
-94.899681 13.557459
-39.902472 163.480880
-2.915015 124.493531
-70.600646 94.813032
50.869876 121.646747
-86.289671 37.395484
1.441276 169.403870
-0.160849 154.388867
-14.888781 139.434572
-81.224993 130.508583
-98.229712 94.494479
63.892509 112.372336
47.063939 112.383987
-102.119125 79.495782
-98.271136 82.452635
-107.090278 76.373134
34.090848 130.879611
-66.121546 103.903283
147.585577 196.481308
-123.931207 82.525240
-106.649268 91.483124
-56.531610 115.433920
135.082268 115.438293
-48.239409 136.496127
-73.523573 40.385246
-106.629615 154.499503
-86.439470 22.448037
-81.558889 19.438724
-78.770982 130.998909
-103.220239 82.441271
-31.614571 52.456198
46.999406 115.361351
-69.166004 118.434831
105.642756 151.514446
34.559801 130.599418
-110.868948 145.501859
-123.239432 139.460174
-98.312889 13.386608
-60.814048 49.436506
-60.835440 100.484794
-102.435199 94.413975
-77.112850 94.499547
-64.966118 109.456101
-115.442641 88.447162
-35.759632 130.457273
147.254381 196.472504
-123.702296 85.497177
-60.442000 88.498041
-23.272613 124.482464
83.134596 148.313936
51.393976 127.451263
-65.277937 136.564524
-111.617712 109.398387
-44.184850 115.434429
-60.786101 28.472077
134.949992 121.458613
131.272775 160.516113
-21.047589 85.278882
-89.897509 43.434525
-118.789975 88.498041
39.583100 124.507077
-73.306938 94.426484
78.835651 157.447841
-56.591428 136.507562
-40.237799 88.451477
-107.405462 97.545384
5.246499 85.499235
-48.442120 148.370506
-52.106575 61.491264
118.454208 217.555134
-61.064132 130.410684
134.493954 121.549155
127.160632 184.522137
93.818932 178.520631
-98.712548 103.544092
-70.468778 167.013917
-10.777747 91.470641
68.472155 148.502206
-96.047759 142.162950
-89.560418 91.498794
49.783064 112.195258
-98.616637 64.418604
-123.315756 91.450529
-82.247729 4.463032
-127.125400 103.501806
-52.509943 94.474376
-85.831836 115.439706
-77.112850 118.505571
47.005854 112.471531
-56.614427 94.420939
14.576825 133.509336
105.873839 106.397529
-65.624924 103.435253
43.438941 115.473745
-50.184509 67.204403
-47.883293 64.492017
-98.530631 61.426815
-52.473914 106.448064
51.388402 127.505325
-147.908393 79.495782
-139.932841 73.427200
-27.516088 172.440345
130.949905 121.454894
-99.579181 137.045372
139.293284 223.559697
1.033785 160.602810
-81.829840 88.500106
-28.003288 133.448791
-36.972272 133.815608
163.828564 223.593601
105.895647 163.477191
-17.101450 145.259705
117.818714 148.523340
-45.305791 154.826877
-94.472929 133.474344
139.608200 133.509336
51.743164 112.465901
-70.513386 97.853937
-77.112850 154.514607
97.931075 154.514607
118.466575 157.499502
-27.928456 130.417173
-56.218718 94.499547
-73.767046 97.431776
-41.889725 160.269119
-40.620983 151.460757
139.253727 202.471713
139.218948 208.464476
-48.807912 109.528273
-36.204207 118.480401
-57.893281 25.868241
52.141807 115.504818
114.045721 202.479197
-73.531309 133.436341
-69.194438 133.441089
26.772795 127.414815
35.145385 127.489065
-106.962988 10.488424
-110.791181 13.461847
112.872366 191.015684
-2.787397 166.365086
1.766179 166.452785
-107.400946 82.544267
43.447003 121.487729
1.789270 175.422363
79.291808 145.666094
-37.916918 133.202147
-40.454292 127.451007
-44.423453 127.369819
84.571972 175.502278
30.058070 145.566356
-6.581659 130.481126
-43.771150 124.507077
64.589375 124.507077
-24.156447 70.572247
-28.778234 67.962755
-48.522835 136.445494
138.599112 199.557946
-129.597038 40.291102
-73.228798 106.415359
51.742999 112.461259
-81.601975 34.466310
106.266500 202.526655
-73.228349 97.399542
-48.819130 55.424570
-12.032043 133.958371
139.267932 214.567704
151.308087 166.419728
126.466523 127.434290
122.021463 208.480724
-129.019254 22.781803
-15.260976 100.428951
-20.270582 101.105215
-64.958487 145.487080
126.221639 124.486214
130.445461 124.379734
-123.942317 157.489105
-111.092643 163.469480
-48.246509 112.483694
-89.908092 133.464074
-95.305394 133.924489
42.820933 121.619037
54.995997 115.579619
-31.846306 133.451436
-102.461431 163.439361
134.109535 199.797630
93.132175 169.424915
-11.100398 106.411176
106.266500 166.517619
0.526560 152.060955
13.777507 154.581469
118.825207 151.513854
-64.554143 121.506324
-60.782533 121.443858
46.323461 127.971243
67.399995 124.700261
30.884901 130.424016
47.184841 130.412890
117.851505 187.508519
-27.467779 130.403706
-40.189550 148.400873
-27.100300 58.490511
-37.095575 47.024177
-27.962115 127.439695
-19.736071 91.511468
-27.418594 97.477857
-90.179953 97.446897
47.057217 190.480767
-44.448466 157.425615
93.818932 136.510089
68.812657 121.506324
8.982957 112.814648
-24.313868 100.764025
-23.527489 64.492417
-160.861580 49.377001
39.583100 139.510842
88.013266 185.151964
10.130509 181.487683
35.126780 175.420923
97.590842 166.500378
85.072964 145.478683
-14.541593 28.482981
-98.257900 88.432226
-106.590761 88.495527
-60.784485 58.393077
-53.878231 58.916973
101.571198 196.395840
13.396065 154.576263
126.753851 145.479694
51.369291 142.448307
101.445535 151.485119
131.272775 133.509336
109.876922 115.491269
-23.494841 70.441877
-65.339088 148.482310
-48.301216 112.452729
-41.316889 97.861443
-108.670219 112.247130
-73.253009 106.414915
-10.767497 130.457089
-95.961440 139.555577
-65.461294 151.445803
-68.777425 103.501806
97.512153 154.461778
113.616142 181.537996
-131.866855 82.455334
-39.965827 58.458373
-32.259739 61.587131
126.777238 202.427375
76.114933 151.486000
109.868891 172.497696
-48.608236 151.456700
-19.174828 82.473057
-57.277780 151.496340
-31.604518 139.456643
-22.877018 139.510842
51.794962 115.442357
39.583100 118.505571
-47.883293 91.498794
126.791838 169.465742
13.737034 130.435264
2.129257 136.510089
-6.872628 106.405599
-10.793780 106.405251
106.266500 163.516866
-6.540688 148.423052
12.828201 133.950154
137.217938 130.324365
113.748967 121.384005
-43.771150 -181.569729
67.092884 196.997158
71.985156 127.498965
143.440042 124.439063
64.589375 193.524396
118.510401 154.435734
-37.547647 145.484089
-6.947095 139.541430
-15.396396 61.481603
-81.834554 121.384272
-71.085333 112.190545
-82.476990 112.567454
59.573549 190.438659
43.806382 139.510842
-49.577175 121.831001
110.068473 121.455392
-7.735940 91.772145
-23.236481 70.480588
-110.863272 31.460149
-93.783700 25.482228
-127.534032 130.479069
-114.965037 124.503510
58.979151 169.822508
97.607580 166.413643
85.483507 151.513854
8.774407 151.997700
68.425749 145.417301
-6.206168 130.508583
118.139468 136.387609
72.278349 172.361179
59.529319 148.474432
-23.295523 139.456690
130.889033 136.410981
43.403755 142.465272
134.880760 136.464723
68.192026 133.481639
43.412401 133.439116
-73.281010 121.397629
-65.833197 124.701036
-27.509476 58.396820
-50.187029 55.220844
76.508147 196.479199
10.152589 139.469852
-14.866933 73.406165
-35.847051 34.476405
9.864029 121.470443
105.915565 172.423469
62.354325 154.240805
-56.619453 142.454810
130.943383 115.498085
-44.375038 88.463662
-77.472806 67.402950
-81.614777 73.382943
100.859778 223.528959
-24.256824 88.752589
112.590376 169.717810
72.513045 154.458457
76.414875 151.492003
130.238872 136.534963
-39.962858 133.483599
-19.610479 151.425932
-10.849235 145.448690
-11.586879 148.595273
-81.546707 121.417409
-28.633437 85.758500
-27.726493 85.412068
-40.563320 91.441867
-98.291934 124.402780
-85.814875 124.462688
-81.934397 28.341906
-23.503434 160.446087
39.249748 121.410117
31.247675 127.507830
26.715866 124.432388
-0.161453 118.294831
1.489394 169.427082
-15.578023 121.517978
-31.920404 121.477165
-69.427473 58.422655
-74.597369 61.854772
-60.795567 151.412790
-27.763820 133.477082
129.461095 136.911099
84.701745 184.500144
-6.560807 124.427735
-27.706193 127.385403
-106.626252 79.396298
-56.607061 94.455874
-94.130883 142.449700
43.481822 124.414998
52.141807 127.507830
-40.998252 85.800513
5.098471 175.581155
80.845054 157.484785
30.861342 151.492153
5.362067 151.508872
-3.229450 148.513195
10.105338 139.449571
97.591957 121.444792
-24.152536 34.694558
-87.852998 121.345762
-70.713021 124.375248
-44.096226 163.482504
110.489782 169.518372
109.868809 172.424776
-49.631227 73.901734
-144.155582 91.444203
-135.805456 88.458714
-32.761961 136.786786
76.817346 151.499316
76.530356 148.364558
-37.860043 139.438098
-43.771150 145.512348
-23.198408 82.396020
-10.978598 85.367916
97.548402 154.451969
104.090789 160.249225
-32.409784 148.585890
-36.439027 139.463676
-90.225890 97.429042
133.717672 166.926045
43.442678 157.444279
30.568235 148.509122
88.988525 145.499328
51.195525 139.429587
126.805469 127.474057
-57.182479 91.343063
-48.618404 79.364546
93.141429 175.531468
97.032486 178.497683
-53.735277 172.990921
-56.632609 172.488044
-114.978875 85.421853
-115.641115 82.378367
-56.869568 100.433299
88.186704 181.830993
-57.335591 73.541303
122.064160 169.449456
121.363964 169.968595
-60.442000 127.507830
120.703321 202.232439
-57.938247 91.874592
-82.772911 103.748714
-81.638628 106.462955
-82.913198 100.994965
43.463816 115.446769
-14.854682 118.435908
27.135532 175.519878
26.027070 169.549865
-66.519751 103.584819
-44.123483 136.442060
101.750718 163.505200
89.209946 175.411779
138.878858 118.361435
47.918525 115.504818
45.893112 121.418639
60.092809 118.484498
-57.120761 70.421880
-48.701238 85.449832
-31.525839 157.480533
-102.485757 109.481078
80.579701 187.434864
68.812657 124.507077
5.872849 118.413302
-68.777425 55.489758
-94.197599 106.412376
93.501678 187.471969
-40.189798 91.443634
81.260225 166.517619
102.154357 160.516113
101.829416 160.442292
55.208070 145.355882
76.777705 145.499485
5.643258 142.349131
51.018214 139.461505
9.564244 112.528552
-132.203560 94.572139
-131.654807 91.433615
-97.895843 91.498794
39.583100 133.509336
-106.839465 -70.660354
-36.371902 121.527438
64.169326 148.422174
-98.252505 133.446025
38.622933 154.612353
126.429681 172.492806
-56.218718 157.515360
-52.526583 97.434925
-23.550840 166.417487
37.836281 139.872963
-73.439774 85.473705
-27.100300 127.507830
-81.788719 130.464710
-54.206973 91.697943
-57.645124 121.738086
-61.108616 133.400326
-87.820252 40.210252
-82.841285 130.848606
89.269155 169.462565
26.473407 178.393651
-77.753421 133.496333
37.920275 121.913809
-85.448275 91.498794
-77.820058 4.375169
122.308050 208.529873
130.630260 205.537241
122.351084 205.494076
41.496298 118.299740
33.819121 125.073159
-56.921919 154.503226
-45.020317 151.513404
-48.218928 130.429295
109.430683 118.554388
-53.112516 103.431193
-58.518294 103.210721
-39.910084 115.397015
88.893310 154.429528
-90.174875 88.522496
-132.707593 97.790334
-57.614947 130.598557
-61.398563 127.519826
-37.068654 122.094681
-104.341680 97.188719
80.592086 148.365649
8.853427 179.024401
-61.365303 115.443694
-119.497425 97.463633
1.777234 181.483656
-48.229233 82.433685
138.475676 130.503231
-40.376333 151.453445
-12.622177 73.250499
-81.777860 142.525257
26.799021 169.431642
-48.490725 142.439223
-2.857570 139.436093
-31.529572 130.504849
-14.889819 64.454296
-6.206168 85.497288
113.988322 184.410080
93.818932 175.519878
-96.101697 127.225572
-52.726893 103.493063
-14.946897 91.466869
-27.666070 103.434405
-65.507074 34.445005
38.932954 133.378272
130.941568 136.402767
26.157413 175.476718
135.152992 160.503230
135.496057 160.516113
-56.218718 121.506324
-102.119125 121.506324
-29.088964 136.658774
-19.393021 133.409509
-131.237543 94.499547
126.200468 181.523066
137.840067 133.948575
-52.507470 154.475653
127.160632 145.512348
-6.596679 67.452430
-39.873419 148.447958
-58.405094 115.503054
-44.410032 139.476449
101.321303 193.598133
80.912893 190.449784
42.970355 169.445430
114.601925 166.517619
114.195858 163.418260
-52.504520 157.454852
122.937350 151.513854
80.700005 148.480104
60.477232 139.510842
-14.939942 79.411181
-61.044274 154.431606
-64.933998 154.422076
-73.298911 154.458799
-139.987353 139.432234
43.806382 133.509336
79.037874 196.546796
-6.206168 157.515360
105.627844 151.404622
55.890515 133.430970
133.714129 130.827233
-27.100300 88.498041
-19.175146 31.397453
-23.253905 145.432604
-21.177669 139.251316
-23.218290 139.481712
-14.857216 142.427765
-65.739624 109.503515
-70.505685 103.963139
-56.640490 103.432942
-10.756430 109.469598
-6.553511 106.423629
89.595650 199.525902
85.117045 199.498390
-69.094268 115.439158
-66.067248 118.777621
-73.234894 121.408424
-52.790004 124.393053
-52.429968 121.490533
-52.106575 121.506324
-48.468531 124.498429
-37.674471 121.339545
-48.284411 124.429771
22.589096 175.413265
22.236804 172.443374
25.875983 178.605154
-127.547509 -1.531071
-135.460825 -1.524549
-57.208861 52.481799
-60.817675 52.377088
-61.278722 55.512440
76.033197 148.618170
80.886229 145.439753
-14.932728 70.391113
-15.272507 73.393975
142.889387 124.463064
97.057971 160.488261
102.154357 154.514607
0.570665 115.671197
47.581775 133.488272
-33.489828 139.236728
71.931079 178.583814
72.257155 151.376005
101.513126 175.515696
-52.468283 -169.672616
-87.892336 106.228805
-47.883293 148.513101
-56.218718 148.513101
93.454349 154.426750
-31.995814 61.494206
-56.541419 112.432401
-114.930508 97.437310
101.782116 157.408321
22.251849 142.506796
43.453909 133.493893
-23.225879 100.415603
-36.296523 124.374751
-60.818742 55.425216
-64.554143 55.489758
1.008898 169.577771
-6.877336 166.453515
-69.107421 121.431627
-66.838518 115.450105
-69.090279 148.496575
-70.047146 145.581617
27.135532 136.510089
106.266500 175.519878
-11.385910 100.472265
130.880675 157.477612
151.801812 205.569690
-52.860777 67.354201
-69.779731 103.387766
-28.739079 88.806515
-81.545719 103.459366
-32.070997 73.484865
-70.308611 124.712889
-74.182810 127.591281
-48.907826 109.379485
101.733487 157.480515
-98.878558 121.449896
-78.499725 13.898364
29.390409 142.829532
9.289700 115.610938
84.814621 142.413576
126.141731 199.508401
125.466085 197.018996
-124.761525 82.849974
-152.131675 91.498794
85.138369 166.441117
89.595650 169.518372
-48.288353 151.483943
-44.525148 151.460376
-85.448275 115.504818
-86.881106 112.907409
-7.523702 121.537159
-7.440810 121.510105
31.247675 133.509336
-111.930065 85.811963
-114.566693 82.496535
-108.192754 88.571730
-18.764875 139.510842
-24.939778 139.381931
133.127647 148.461503
-61.406063 61.474131
-74.301285 133.832124
-15.218255 106.491115
-132.875249 64.922349
-119.665161 43.404310
-24.210737 67.824984
-19.982620 70.519016
105.031364 157.580732
105.460444 157.522055
-90.659788 91.660370
-89.560418 91.498794
-81.583337 34.480004
-79.326964 34.523697
79.903052 198.931501
83.776105 197.039937
-115.664178 97.494328
5.395987 139.501238
109.248252 166.660545
80.885185 196.426913
84.878808 146.914312
114.232431 145.436477
92.951276 160.494027
105.431383 160.487449
80.405655 157.453151
113.774256 157.492000
130.492314 157.441179
105.500281 154.475207
134.640698 142.511503
80.479358 139.370995
-23.726949 136.452605
93.020818 130.371841
-11.375132 79.413579
-3.029477 76.342054
-27.934305 73.475274
-23.841208 46.532490
-23.411816 111.227423
-19.116876 115.461319
-23.484690 112.396484
-22.877018 112.504065
-75.420035 106.410762
-75.112284 106.519245
-56.672541 158.391541
-55.869901 156.805298
27.135532 154.514607
-106.231268 115.504818
