date:2016-10-22, time:0600, wind_speed:2.97, wind_dir:42.0, temp:14.8
-25.883941 64.329036
-68.165494 -237.942565
-72.024516 4.946064
-134.071746 -22.948287
-88.150425 18.758141
-63.848322 86.133821
-51.008001 91.527589
99.308970 115.071209
-159.754432 55.836542
-93.171035 67.706391
-129.845500 1.043445
-105.377165 109.919916
61.763457 126.578747
-71.550882 67.085936
-92.420466 150.906235
-142.396057 70.241050
132.500440 213.637938
115.697461 154.667229
124.187209 183.882949
132.554012 187.207457
-42.590859 97.432209
-59.083898 112.028429
-80.107597 111.909437
-59.034798 132.921550
-80.077639 139.100221
-88.515390 124.791935
111.613607 175.470474
-109.655115 160.897562
-84.350826 79.299336
148.194063 199.788501
-104.846036 1.000692
-34.145549 69.966806
-38.038892 61.121247
102.741988 208.921780
-50.912938 145.303642
-121.733514 99.909354
-122.211302 77.012320
-42.292435 150.802179
-117.762078 118.433415
115.837570 168.946971
-121.634539 97.022182
111.345137 112.901943
-34.111876 105.645511
-93.214048 62.026840
-88.448107 157.824287
-100.912934 124.628234
-13.336025 133.604230
-106.231268 112.504065
-92.500399 28.426214
57.517089 124.150991
-146.519445 97.083568
-101.296938 37.661744
-155.770307 76.778134
-84.662251 133.988439
36.808315 126.734902
135.715965 211.781919
-22.176963 98.150120
-38.069732 151.131992
-176.036774 64.241244
-104.880278 127.063043
7.505554 124.075592
-17.359633 129.954141
-113.417656 136.498237
-71.440299 166.226910
49.340639 124.003698
-75.824627 25.029447
-84.500639 70.511521
-79.946152 31.248197
103.422176 168.980740
40.322182 137.130170
-34.038520 127.138430
-46.745127 139.553855
-171.747076 103.451785
-109.393429 76.593264
-58.964590 120.786066
-54.820271 75.993152
95.200642 157.145402
-55.494597 134.342690
31.740543 133.860467
19.336883 127.868657
156.655449 151.949975
-67.607003 124.342556
111.555768 214.521491
-109.299857 139.411290
111.662803 178.314808
103.347437 202.037914
-51.578413 52.970041
-121.412977 37.005434
103.415827 205.090654
78.128749 157.502902
128.419896 208.087310
-55.239500 133.635621
99.077990 169.538342
123.764873 169.998902
-100.721327 105.721693
-125.924699 13.593332
82.059363 160.846475
35.728773 130.695926
-71.637765 139.289438
-163.283085 46.140062
81.463946 178.756953
-50.684795 70.128453
140.229956 187.904982
16.022692 126.995291
-80.165761 85.688771
-0.658496 147.815883
136.812099 126.900092
-5.422102 136.507138
48.814763 124.586985
132.509029 184.459654
161.024375 199.874265
-76.345668 145.877443
-76.031945 133.617408
45.304483 123.815000
-96.747642 81.970676
-84.790428 67.752808
-42.447943 183.995997
-55.816613 143.012422
-138.774572 28.667956
61.396668 112.700484
70.071617 163.021875
103.362864 154.385846
94.566722 181.801468
40.847472 121.265813
-47.117058 148.924770
-54.845573 145.126620
-46.380535 174.991734
-114.303604 97.760300
-51.165645 187.663275
144.950892 222.949824
106.734459 167.163653
-100.898087 154.104908
-13.388297 123.830243
-67.664249 106.272907
114.817183 214.816761
-59.107301 57.859560
-46.415913 135.999274
-63.878706 149.111504
-63.989261 152.198684
99.249408 172.461709
127.699674 122.179149
-146.589053 4.171010
-54.971174 129.809718
49.267216 120.910039
49.203130 118.132157
-88.333598 103.397314
-21.428529 118.106549
128.605961 201.785202
136.676563 190.158218
153.398400 163.601727
99.433519 153.808251
40.604202 127.592360
-75.811004 -101.193667
-38.237802 61.033811
-129.924840 1.049854
-59.427165 145.560710
-51.222190 139.561175
-54.950928 135.813797
-38.570497 136.577497
132.606255 220.187754
32.420393 136.332358
103.405537 154.430468
115.992104 214.364362
-25.801057 157.472889
-59.163656 160.227126
-4.986158 145.061464
-80.078171 118.459363
-38.146449 75.739804
-42.482314 73.384815
77.608168 224.282282
131.985514 223.968665
-5.247708 160.615204
45.075198 127.140904
115.796519 217.099992
82.337352 202.354588
-121.764553 118.271249
-130.470546 100.964454
36.887349 132.829134
124.250610 160.281737
-126.122211 118.602302
-113.396000 82.109256
149.292625 169.125026
-109.455665 106.532739
-29.965839 163.010640
115.911646 213.983273
111.833980 204.944704
-21.379209 172.089830
57.621973 127.101395
-85.189967 112.721377
-76.125431 40.704351
-84.138993 16.073088
-101.633963 16.864567
-38.476478 157.396438
-9.529953 130.712436
-76.005637 94.250525
49.208896 120.907284
-92.482264 45.707551
-0.782515 171.821770
-100.752820 102.796394
62.022186 115.113138
45.145323 124.094823
-104.755132 79.019998
31.509138 133.722746
-63.312527 111.955788
145.054357 196.269579
-129.966672 91.173915
-55.266011 112.478421
136.181720 118.922781
-46.843500 136.509449
-71.526107 42.899534
-109.101214 159.825391
-92.492512 28.154818
-80.247179 19.560212
-80.023288 135.966140
-105.215166 85.673735
40.872542 121.513950
107.016095 154.861687
36.889818 139.050020
-109.698386 149.213780
-126.585694 143.054171
-63.596265 52.438326
-59.072626 105.776182
-75.817696 99.787573
-63.122731 112.031007
-117.599812 96.984618
149.292752 205.008617
-125.980188 91.115026
-113.436514 115.532404
-46.492974 117.841768
136.995753 123.864477
132.555058 157.021536
-22.311087 88.882466
-88.677818 49.955196
-114.081672 94.906297
-55.177723 142.630824
-38.674767 94.963744
-109.049396 108.875600
3.374856 88.411724
-46.564722 157.027171
119.999399 228.987360
-63.334950 136.340364
132.406542 127.517655
127.160632 190.523643
-100.761557 108.887606
-67.279159 169.016456
-13.632228 94.462225
-101.388706 146.058465
-88.481796 97.593629
48.799741 116.056550
-125.935481 97.448288
-84.344436 10.458648
-84.322632 121.025810
-76.350522 124.974430
40.963873 121.052363
11.927956 133.000728
107.354483 112.622988
-67.315721 105.955102
44.375001 122.002283
-50.994959 67.652629
-46.748580 67.064551
-100.743578 67.106713
-54.958976 108.772206
53.319456 133.326986
128.700233 123.922459
-100.967440 142.253464
136.471057 226.475598
-0.701884 163.129657
-88.276516 93.926142
-30.679736 137.067235
-38.159866 135.742662
165.992476 228.756331
-21.858689 151.616018
111.689384 147.646186
-47.022841 160.522366
-93.025492 139.865442
136.636055 139.001867
49.344306 118.315686
-72.889568 100.501053
-80.036307 157.408803
-34.088778 133.067822
-54.999541 96.881783
-72.293523 98.485999
-42.741359 157.676785
140.735143 196.276798
140.144148 209.146967
-50.799899 115.401019
-59.217362 28.285558
53.338331 121.131078
107.584532 205.260550
-75.936336 136.537438
28.472171 130.189933
32.751666 129.826306
-105.949839 19.687179
-105.250176 19.636546
111.833582 192.676497
3.534464 171.984343
-109.430881 82.302247
40.886505 123.654867
3.368943 172.130111
77.771099 145.897946
-43.114026 139.673668
-42.583557 133.421242
-46.589308 130.051384
78.371439 178.076115
24.000229 151.294206
-46.461068 129.749275
-29.889405 69.970626
-46.731918 139.720502
136.751228 211.153354
-134.269828 42.735687
-75.843059 108.584744
53.383744 115.171669
-80.044663 33.939539
103.175058 205.486081
-46.570984 61.052859
153.240770 169.202326
127.428349 130.673911
119.218707 212.165005
-13.410420 105.744132
-21.430488 106.105634
-59.218411 147.860660
124.339123 126.752878
132.476767 127.253499
-130.196370 160.632271
-114.354910 169.705158
-50.743723 117.897469
-96.863185 136.363384
36.375369 127.454150
-29.777378 136.213065
-101.109005 163.537118
128.627547 201.801241
94.993863 175.160614
-9.602610 112.956145
3.306118 154.296444
11.843557 159.881646
115.655446 157.719772
-63.243982 121.028266
65.131990 124.996621
-29.927259 132.942005
-43.227861 155.018863
-26.183269 58.712666
-38.366083 49.269578
-31.212443 133.509336
-26.328693 100.883495
-30.210119 97.376162
-92.359867 102.920652
-46.562564 159.940545
90.687860 136.259566
7.627591 117.680822
-25.627717 102.981883
-155.681588 47.053561
86.812473 190.023550
11.885049 184.042302
36.661762 177.795201
99.120061 172.384890
-13.134787 28.092632
-96.441445 91.031077
-59.823927 61.993607
-59.889170 59.067143
99.259561 202.122782
124.117812 147.838096
49.048168 148.132631
102.648755 155.059307
128.402269 136.186834
-26.529942 76.995051
-68.146629 154.948021
-42.720704 100.764999
-109.069939 114.906947
-9.147451 130.439171
-96.503294 142.246846
-63.213331 157.256725
99.270187 157.076618
111.816265 183.658719
-125.927094 88.248518
74.381863 153.909714
115.974682 180.917643
-50.886252 157.315899
-21.540712 85.033741
-63.051194 156.930993
49.122311 117.871575
35.949949 127.843809
-50.825390 96.949055
128.035011 169.752726
11.783155 136.511981
3.553858 139.169903
-9.043452 111.808887
-14.326013 112.717670
-9.543634 151.686363
10.765048 136.770251
136.081561 130.882829
115.970821 126.978369
-46.421713 -178.999514
65.663155 199.299489
65.290100 133.820609
65.724397 199.339097
-43.043589 145.884894
-0.681984 142.093399
-84.120995 123.633100
-71.510533 118.091120
-84.200842 117.686899
44.674185 142.988838
-46.794972 121.712713
106.523468 124.764200
-117.546397 31.431705
-96.600928 30.724693
-129.942027 133.196583
-113.250667 127.238141
61.346888 170.100404
82.511151 160.097652
65.272891 152.085909
-5.086360 133.244948
120.185820 138.937539
69.058147 181.780468
57.659338 153.714055
-17.433053 145.103132
128.454120 135.672668
44.993607 148.204148
136.748327 138.747350
69.823734 142.518422
-75.840723 127.161498
-68.020512 124.843465
-25.674042 63.993573
-50.962959 61.364228
74.331640 202.126247
7.649563 141.996710
-17.951733 79.660663
11.631761 124.328500
107.645096 178.086655
-59.040578 142.043538
-42.955344 91.988432
-75.913685 67.218067
-79.971451 76.151576
98.147181 229.834750
-26.492926 97.742465
107.514784 169.449100
70.082592 157.008433
77.984011 155.071037
128.620218 142.051116
-38.246247 133.051713
-21.367965 153.994990
-13.382013 147.779367
-25.851343 91.093538
-42.466322 96.965818
-100.735013 130.190002
-88.108597 124.033101
-80.482503 31.669501
-21.502950 163.237359
36.154844 128.263560
-0.785229 120.795643
7.395958 172.475274
-17.769299 127.554366
-34.465686 127.624354
-72.073306 67.450677
-59.214841 154.124024
-26.523834 137.185584
124.183939 142.636665
82.287738 190.551414
-9.130582 126.827884
-25.775846 132.994701
-105.408286 88.734964
-55.227942 97.442196
-92.299120 145.147352
48.849189 130.318716
78.547934 166.111462
32.131305 152.024860
7.446815 157.641077
-9.944436 151.900709
98.524687 124.831631
-72.386803 121.865342
-42.967494 169.778322
111.811347 172.106932
107.176616 178.751684
-55.024676 78.678173
78.431173 156.869714
77.683128 152.218489
-42.383129 145.104475
-22.440569 86.088623
98.808347 160.805549
103.489590 162.741402
-33.916128 148.010297
-88.123752 102.999147
128.356640 172.378792
48.124600 160.701668
32.798030 153.928434
82.633960 148.115797
49.282033 145.139833
128.400691 129.739768
86.876290 177.892836
98.939143 181.615241
-54.860572 181.116669
-54.882100 174.871584
-113.096967 88.129057
-117.643936 88.594747
-63.270609 81.850663
115.846397 175.157449
120.069546 174.981904
115.752562 205.644796
-59.031493 93.800042
-88.828668 103.944612
-79.978164 105.946623
-84.185298 103.522740
45.163867 117.722802
23.573358 182.016533
28.334675 172.416764
-67.941185 103.769367
103.490561 168.993880
141.010292 123.903502
45.016496 118.100710
-58.946220 76.033169
-105.077441 109.372768
65.511586 127.911639
7.089020 124.619220
-71.507370 55.138251
90.247837 191.087303
-39.029308 98.025706
103.418668 166.536902
103.082634 163.759177
74.028253 148.638841
45.157192 145.068974
7.299829 118.761688
-138.250442 99.969440
-134.790726 97.913272
-100.849092 99.784704
40.506394 136.976576
-109.608097 -64.120665
-38.542325 127.573539
61.875675 150.942674
32.401825 157.183297
-55.204350 160.781843
-55.713717 103.786352
36.377270 139.982255
-80.209051 136.414564
-54.783936 94.094087
-63.054827 123.918711
-88.261178 39.751049
-79.985681 136.045725
90.263462 170.056964
27.676766 182.103017
-84.167705 136.410153
-88.301165 94.044886
-75.860586 7.166014
119.039547 217.804750
128.130913 208.359621
120.125422 211.139877
36.534145 129.953612
-54.885243 160.051676
-46.583213 151.102536
-51.526121 130.961026
107.407011 121.129775
-55.305527 106.834893
-59.303060 109.273747
-42.793159 121.610972
90.941506 156.821858
-134.147731 100.011833
-59.258158 136.329652
-34.153637 126.999223
-104.974353 100.173544
82.422658 154.180630
7.363270 184.221588
-117.679039 103.658019
-1.438811 190.781619
-46.644150 82.032981
132.591039 132.750070
-34.198050 157.508816
-80.593623 145.857153
31.928153 172.970095
-47.059658 145.785572
-1.519805 142.869972
-13.174467 69.782273
-4.856410 91.043416
111.689929 189.640716
95.286809 177.958683
-51.208529 109.739258
-30.985355 109.767010
-67.363979 34.077159
36.943962 138.844073
127.160632 145.512348
23.847563 181.697196
136.583883 160.841021
136.852512 166.097699
-54.909387 121.055042
-104.799848 123.749168
-29.746864 139.175350
-134.751959 101.260009
124.219834 181.328912
132.686918 135.929182
-54.781367 153.807588
124.310894 150.680012
-9.027881 66.770933
82.365994 187.234619
115.176496 164.080159
115.431651 169.858984
-50.685953 160.025015
124.465543 153.821635
78.402234 150.594986
57.600181 145.235719
-17.550596 82.245848
-59.333879 157.663552
-64.286266 157.703921
-71.872882 157.546170
44.084802 136.752966
78.401826 202.084613
-4.747836 160.183226
103.466535 159.749473
53.386771 135.686694
128.580804 136.190446
-30.144506 91.572756
-22.502707 31.946915
-25.710410 147.770984
-21.697541 136.514954
-13.366306 139.352311
-63.546696 115.604241
-76.054871 103.296372
-13.007710 115.005333
-9.417614 109.733460
90.794780 199.271894
86.794845 202.178658
-67.518889 114.950996
-67.997193 118.800276
-46.409139 127.146278
-50.943975 127.022429
-50.719821 124.022898
-51.608717 124.888425
24.270065 178.095647
24.179900 175.196684
-129.950469 -1.782661
-138.212583 -2.008102
-54.861020 58.160008
-63.967002 56.178915
-63.256251 58.204583
74.472290 153.967850
82.221259 145.640876
-13.040799 79.029016
-14.541593 73.494276
136.686721 127.363829
99.122214 166.377243
99.291258 157.312687
-5.144885 121.289075
53.351996 132.990738
-34.780733 140.011118
70.079408 184.164180
74.132186 154.502814
99.001840 178.486043
-54.928155 -166.998097
-92.616666 109.082166
-46.868301 151.632546
-60.442000 154.514607
94.932110 157.370102
-55.539101 115.994934
-117.993413 103.840504
103.400088 156.853783
44.732422 133.644314
-26.799808 103.703706
-34.808285 134.041107
-63.429034 55.380065
-63.418877 58.309331
3.475674 175.028728
-5.322665 172.944573
-67.454038 117.791346
-67.479454 151.043463
-75.756889 151.067104
23.916948 139.690413
103.467638 178.127250
-14.091476 104.170968
132.624841 166.204863
148.234483 208.762462
-54.806589 70.048873
-84.717686 109.837612
-71.613770 126.822127
-75.743579 126.987513
-55.959253 112.712430
103.439574 160.085488
-101.228623 127.835203
-79.816713 12.967871
28.412086 145.042739
7.606850 117.984555
82.531581 144.984920
124.062867 202.390608
124.248387 201.848073
-154.865833 97.183616
85.746070 172.731643
-51.373556 158.071952
-88.214929 118.382337
-89.295845 115.694789
-5.187560 124.667167
-9.190101 127.572640
31.469163 139.723066
-109.463179 88.539687
-109.167052 84.813602
-25.585173 138.856414
-63.608457 64.938149
-130.287388 67.525048
-121.389478 46.125954
-22.051160 67.873164
-21.883054 73.779273
103.290815 157.239094
103.351718 163.280452
-88.247870 94.075557
-79.858664 37.002327
-79.772704 33.958118
82.451961 201.928824
82.179474 199.745743
-117.286702 100.000037
111.572446 145.406223
86.751003 166.094399
103.516407 165.933504
78.517858 159.915056
116.081128 163.122261
132.522230 162.956052
107.455491 162.953402
131.875066 149.141595
78.511293 145.003739
-26.812592 142.786855
91.025972 136.360620
-13.297508 84.669569
-0.747097 79.089298
-26.007464 79.257457
-25.769792 52.016157
-21.661579 114.975248
-21.650898 115.008753
-76.017654 112.568727
-75.487193 109.032884
-60.234895 160.783291
-55.101620 157.265799
24.168126 159.740933
-109.120518 118.146440
111.733008 172.129628
-100.737715 15.942141
99.353032 168.838922
-71.653413 46.163945
78.252354 163.714790
-67.756117 130.346053
-21.527011 33.666656
-26.085825 103.328099
-29.986198 112.136226
-96.586793 138.782959
-97.622799 136.728496
98.853823 184.560263
23.884258 146.057863
-84.494500 124.520620
-25.888791 123.962418
-79.964562 34.026488
140.683887 208.136216
-88.247611 133.031656
32.195583 193.421236
57.521943 187.475041
40.932554 178.559226
32.725209 175.016581
90.144581 175.971021
111.572755 169.748178
-38.164256 145.053911
116.047194 142.058794
40.825999 142.622780
-17.566504 127.458784
-9.914355 86.042292
-83.869958 126.961144
-84.623760 122.100460
-84.801233 121.979867
-84.233463 130.066778
132.743970 175.039786
132.197563 172.999856
127.698325 172.929870
103.515588 192.993678
53.410216 175.009596
99.291142 157.022849
90.802090 141.942393
-34.443257 94.496077
-25.699600 90.990756
-18.532853 34.702412
40.959960 180.883882
65.625432 178.415765
-50.661074 151.008826
145.294129 145.126448
99.311341 139.169185
73.980899 139.335326
103.347717 142.539974
103.526733 130.015552
-17.577629 127.579442
-30.013018 94.038430
-25.789965 97.083587
-5.225180 82.678886
-5.727238 40.902487
-63.298255 82.235365
-59.041280 88.020052
161.843193 202.486542
-88.194316 43.434914
-88.885848 46.687430
-92.886382 133.956808
-92.379763 132.834378
-88.814699 137.048629
-67.821876 103.602487
-67.893773 106.559191
-71.428450 106.070844
-59.188100 118.054044
-55.263571 118.883398
-54.827361 115.054804
-59.067920 54.873998
-59.142343 55.367483
-59.295077 55.448136
-59.901953 32.117971
69.725479 155.106769
3.307697 145.051781
-30.040276 139.168350
-71.832257 49.277737
-9.334115 139.564416
-21.591480 147.644173
-26.297357 130.969201
70.076107 124.081366
107.525502 192.826599
86.346592 145.752954
-105.455539 112.979354
-105.664863 116.117963
-71.995418 103.655120
-75.799043 103.036628
-64.141030 115.854889
-68.572942 109.739789
-63.482664 109.381410
-113.366865 34.265295
-80.451688 104.110705
-63.134460 141.924565
-72.028614 76.806750
-38.320184 74.154138
-47.434032 139.838597
143.831482 187.522890
40.550007 128.276102
44.787664 191.366650
-14.893445 72.641544
-102.013065 127.848392
