-1.552972320380513906e+02,-2.988471516659364625e+03
-3.772272987971825842e+01,8.215283759954544394e+02
-3.070580085174977114e+01,6.729869216865042745e+02
5.625394953142080112e+02,1.065025587674489771e+03
6.241399531339939699e+01,8.249653476748914045e+02
9.505159164753659695e+01,1.033574855550257098e+03
5.523074797283138651e+02,1.063030437348481883e+03
-7.871860971538728791e+01,7.913861606388259133e+02
6.241399531339939699e+01,8.249653476748914045e+02
4.676277991836767001e+02,1.093562973756691463e+03
9.003854348993894519e+01,9.989798923658847798e+02
3.547095653145739789e+02,1.185055707674683845e+03
3.379667921726044710e+02,1.179744690130685740e+03
3.383750027513733585e+02,1.181163760428883052e+03
6.740048247268757677e+02,1.029370480879391835e+03
3.393187941245320189e+02,1.179497330898768496e+03
6.837745747223300441e+02,1.032383084231396651e+03
-3.099337560512866219e+01,8.218743432194058869e+02
5.518083343834413199e+02,1.061884442660840705e+03
4.742031839470514569e+02,1.094358102388956695e+03
4.565409469991827507e+01,8.215680318240641782e+02
-3.055885017397791614e+01,6.718348080401799507e+02
4.643942592724732776e+02,1.091138247106576728e+03
4.679080561064121753e+02,1.093129598780811648e+03
5.523652778978661217e+02,1.063314435818130733e+03
-1.239472838605734069e+03,2.829555400534234764e+02
4.639593506584202487e+02,1.089917500628934931e+03
4.630791111999928944e+02,1.090353055044437269e+03
4.223221152196990715e+02,1.121980074564041615e+03
3.547095653145739789e+02,1.185055707674683845e+03
-3.250127694134449996e+01,6.431742862627864952e+02
6.776756731755973533e+02,1.032215897912454693e+03
-7.192004195193555915e+01,6.427118505233505630e+02
3.402778114728525907e+02,1.180228024603795120e+03
-9.924848213369707537e+02,-4.084083008558310439e+02
-6.206168468662637849e+01,6.149126376745517746e+02
-1.075911734496579356e+03,-4.389544537133908193e+02
-1.499852894866164661e+02,4.291368861855860217e+01
-5.210657546854381508e+02,-1.652831423251303704e+02
6.791026699928222570e+02,1.033058156285429959e+03
-1.037485487392705636e+03,-2.605261728375199368e+02
-1.175190136001283747e+02,4.602035035740180433e+02
1.189751552047249561e+01,8.228128438047808686e+02
5.539112316403948171e+02,1.063026009658011162e+03
4.695016322599254295e+02,1.094339331708192049e+03
4.270701910721093668e+02,1.124208058804865914e+03
-7.890203114498224579e+01,1.960374636691594787e+03
-1.354608254686259443e+03,-1.952906723251788890e+02
-3.696054142501981232e+02,-1.393966712474980056e+02
4.643740384585244101e+02,1.089874843088787884e+03
-7.403527149911734568e+02,-3.466141688870553139e+02
-1.395729684686676819e+03,-3.153207923253729632e+02
-1.281081522833957933e+03,-4.358747976028088829e+02
-1.328525102420061103e+03,2.499785821439695610e+02
4.690560483562026093e+02,1.093495744249678182e+03
-2.031801354239356101e+02,4.916714884106623913e+02
-4.011731520615957152e+02,-1.364732375802618662e+02
-7.399596891941725971e+02,-3.170750980618435051e+02
1.300702097011932210e+02,1.179315063447252214e+03
4.695104852717967105e+02,1.092022663711289397e+03
5.475078245363505403e+02,1.059418439802803960e+03
4.203210087248820059e+00,1.000081862052850170e+03
-5.781126698669588677e+02,-1.977907251803386828e+02
-4.014514698166053108e+02,-1.071941800228404418e+02
-2.448796201835828299e+02,-7.885947806109206226e+01
4.672245816226694615e+02,1.092981542468209227e+03
-1.617378619347449842e+02,1.240572717155433111e+03
-7.828084716418792368e+02,5.230102755916831256e+02
1.173658382502298991e+01,8.227097742382532033e+02
1.740433643905937799e+01,9.437767917466995868e+02
3.493950356989161037e+02,1.184236501649769934e+03
5.520678330165168290e+02,1.063271273232475778e+03
-1.073603872179892960e+03,6.735018851651298064e+02
4.617155577925013858e+02,1.091853227956964247e+03
5.670560614594251092e+00,6.701290566113871137e+02
-1.240104357001416247e+03,3.408536128285063569e+02
-3.112261816963805927e+01,6.431880517945702422e+02
4.622032714462091008e+01,9.701431857130562548e+02
-1.130939283027686173e+02,9.439610797024417934e+02
6.291332828547879785e+00,8.204157442287549884e+02
4.836564622949509840e+00,8.231857907275194748e+02
-1.077076199403699320e+03,5.204159782457902566e+02
-1.113527831382984459e+03,6.424657743767347711e+02
-7.786164256766809899e+01,9.102716317988795254e+02
1.726768578738314091e+02,1.179912685683758809e+03
-7.037057123203458104e+02,7.295730972470779534e+02
6.904084638798437368e+00,8.184291695833551330e+02
2.621910554855684268e+02,1.212319822084435600e+03
4.802839851793585524e+01,8.223256744189086476e+02
-1.145666934686272498e+03,5.849051076745032560e+02
-7.874914810692582705e+02,-3.200876812649056546e+02
-1.031611880022492187e+03,-3.172660039372148617e+02
-1.145666934686272498e+03,-3.453283223254214818e+02
-1.193595445118218805e+02,9.112790477287815065e+02
-1.286970710868637980e+03,4.003198865119476295e+02
-1.987354981185383167e+02,5.835132426374324268e+02
-1.114340418950490402e+03,4.314529966715502951e+02
-2.454816779016425130e+02,6.696401616579030360e+02
4.619330472202049975e+01,8.202640324967889001e+02
-1.245530757185694029e+03,6.110419577944970797e+02
3.414460465926361508e+02,1.180677764186867762e+03
-1.545246623902248189e+02,4.316638562497766429e+02
-2.549009684618353333e+01,6.433293893843931528e+02
-1.406385566293140528e+03,6.720421066720372210e+02
-1.025519884620426410e+03,6.724122653056723493e+02
-7.588439216037971846e+01,9.099044021921262129e+02
-3.590288868715676358e+02,6.423424867893920691e+02
-3.436351462209317731e+01,1.030895741382192000e+03
-9.425330282130363457e+02,6.726183074821576611e+02
-2.044724920264249306e+02,7.905014425146426902e+02
-1.560468217326558715e+02,7.624054480159836658e+02
-1.322195711267262823e+03,2.233189077380145591e+02
-1.237441208259310315e+03,1.341539337992061292e+02
-1.285009848228573446e+03,1.595436442483690485e+02
-1.162521748477154915e+03,-4.683621004915423214e+02
-7.865310651355637219e+02,7.000492431394911819e+02
3.547095653145739789e+02,1.185055707674683845e+03
-1.030879832655191876e+03,7.024151046997795902e+02
-1.031276100562766715e+03,7.612025313515338212e+02
-9.068976155085964592e+02,7.927596597405223520e+02
-7.711285046858424721e+02,8.849804076749884416e+02
-7.709403913552145582e+01,7.913688040047776440e+02
-1.200289200139811072e+02,7.904483432246147458e+02
-8.122499346862599623e+02,7.049352276746973303e+02
-3.259947538240866152e+02,8.204571127506591210e+02
-1.876487546854255584e+02,9.149879376750369602e+02
-9.949938107168876513e+02,8.811890328661379499e+02
3.496820400654597165e+02,1.184308900612632669e+03
6.318190654463222700e+00,8.198463922318010191e+02
-3.646917399545141336e+01,6.409830214282425231e+02
4.614856225599355071e+02,1.090540339380518844e+03
5.506239868266221720e+02,1.063104190095230706e+03
2.189499354020764486e+02,1.482759262105583048e+03
1.777496093772869301e+02,1.183125710409027533e+03
2.617282881607910099e+02,1.212985940996263253e+03
1.788784589011996218e+02,1.183005116330604324e+03
-1.201681331575675358e+03,7.905938427378670212e+02
-7.396558929428183546e+02,-3.488166552738618407e+02
9.759184358991774388e+00,1.033923141411713914e+03
6.781580902925776400e+02,1.033230187117753076e+03
-1.160416958857407280e+03,4.309843248308030184e+02
1.782581523627545721e+02,1.513340409555175484e+03
-7.768839099291765251e+02,-3.170220498047479509e+02
-7.803076303980376451e+02,-2.284873055403023727e+02
-9.101896501133857100e+02,5.485493967746144790e+02
-1.030116300094417284e+03,6.131299889317455154e+02
-1.072225401567644667e+03,6.421281576714247876e+02
4.791852453145997401e+02,1.095033117674538289e+03
-9.072389408007348948e+02,5.520471722133089543e+02
3.449310742805652126e+02,1.182182616164015371e+03
6.776899493146764826e+02,1.034028846760025544e+03
4.630198162407862128e+02,1.090091942982901628e+03
-1.116223407409366928e+03,-4.680011018286343756e+02
2.965199021156568051e+02,1.572234622951324354e+03
4.637089936673648936e+02,1.091329123449118015e+03
4.614056200312841156e+02,1.091182934310565088e+03
3.547095653145739789e+02,1.185055707674683845e+03
8.849450386458711648e+01,1.181065593267917166e+03
1.323188251586964270e+02,1.182522807039488498e+03
4.233714925187059634e+02,1.122163908803342110e+03
3.016516064103406052e+02,1.783140879535431850e+03
4.220111192895535055e+02,1.963094074264633491e+03
-3.631710492856113888e+02,1.542818935130129603e+03
3.856518291588113243e+02,1.962019317009970337e+03
2.601435574081158961e+02,1.723437295300132291e+03
-3.116960149232892263e+01,1.033975017996144970e+03
-1.982028094440742620e+02,9.721600359891455128e+02
4.161818419528174218e+00,1.030761844556438064e+03
1.736131823670800713e+02,1.840370828532694304e+03
-2.435979013494283265e+02,1.630855095103980375e+03
-8.267800230598135158e+02,1.631348579725218315e+03
-8.164111952165882258e+02,1.664597559836551909e+03
3.002679155533243716e+02,1.812065992050816249e+03
3.910154373929344160e+02,1.964196032698515182e+03
-3.282217658450624072e+02,1.542584661855081094e+03
3.447820268524098424e+02,1.963771782413168012e+03
2.579313809932198751e+02,1.929502083210804130e+03
-7.390192220198730411e+02,1.573917490957032442e+03
-1.506966271475706947e+02,1.663082428535350346e+03
3.453279632114835067e+02,1.932889082151487855e+03
-7.819049010281967185e+02,1.542009923119048835e+03
3.958309953134120178e+02,1.965251487675155659e+03
-7.755637692385175797e+02,1.693137536766381800e+03
3.800406265333280089e+02,1.962543339533770677e+03
2.618238580034080769e+02,1.812154018723143054e+03
-8.230884465033873312e+02,1.662567167928720892e+03
-8.629268766944009030e+02,1.693725496535772663e+03
-7.802849980537586134e+02,1.631702406160541841e+03
-8.995646222278737696e+02,1.693779810707148044e+03
3.547095653145739789e+02,1.965251487675155659e+03
-6.877742546862341442e+02,1.635168657674621954e+03
4.235633049077617329e+02,1.959758109974762419e+03
2.614387378886719944e+02,1.693094147662072601e+03
-6.504041050319066244e+02,1.694059174698079005e+03
3.065465561494789313e+02,1.963472842689540130e+03
-7.394106366753561588e+02,1.692431724999745029e+03
-6.603978769547062484e+02,1.660816537741604179e+03
4.240347609557044848e+02,1.962404755314534668e+03
3.395840645250937087e+02,1.931440796147800029e+03
-7.768807776155332476e+02,1.633358753026284376e+03
-1.980848421536545629e+02,7.096306375558263824e+01
-7.857124286777866473e+01,4.106447936259665710e+01
3.547095653145739789e+02,1.635168657674621954e+03
-2.381773851191699691e+02,1.512122362465695687e+03
-2.024758323602179928e+02,5.222616092343207583e+02
-2.381600750934205735e+02,4.626094414444609129e+02
3.403537216947839852e+02,1.722162117013351235e+03
-8.956041846858682902e+02,1.695183717674718991e+03
-7.746318656941554082e+01,1.960671128492814432e+03
-7.802640237427948477e+01,1.960263248327486735e+03
3.020063594917077126e+02,1.962907985609374464e+03
3.124767453138036899e+02,1.965251487675155659e+03
-7.863996766324544296e+02,1.811513693007058237e+03
-3.211171245077574099e+02,6.731843051227776868e+02
-7.451337711652041662e+02,1.602501305898400688e+03
-6.927660771271307567e+02,1.603033361187712671e+03
-9.003269526481607272e+02,1.710590548445469722e+03
