-6.001250758415859536e+02,3.902668594934972646e+01
-1.348995234705905659e+03,-3.797804580803791055e+02
-1.679913146834676581e+03,1.826600690894140087e+02
6.970004451587004723e+02,1.023544028554717556e+03
-1.556679308086531364e+03,4.590478511076513541e+02
-1.640365753502640246e+03,2.799892922023242363e+02
-2.287701846858429917e+02,6.149126376745517746e+02
-1.168860725327346472e+03,3.777510234435629854e+02
-1.437962504685867771e+03,3.748523976749532949e+02
-1.641137943998142873e+03,6.969169052338179426e+01
-1.600552502038453895e+03,3.893154373734171969e+01
-1.349412776337021796e+03,-2.309364619040897253e+02
-1.512911582516666385e+03,-1.769499137105756574e+02
-1.849714955316037958e+03,2.801345244828702334e+02
-2.119732339833560104e+02,6.466974758909924503e+02
-1.015449284517822321e+03,4.014148176619126218e+01
8.220775015511279094e+01,-8.235375575413185061e+02
-1.100332455854499585e+03,1.391117957368992847e+03
-1.312375434685489154e+03,1.215063237674732363e+03
-1.308502502007550902e+03,7.302629629122617416e+02
-1.229021184685880826e+03,5.248900476744062189e+02
-1.104545504685855121e+03,6.149126376745517746e+02
-1.350326886683752264e+03,2.201513766940568644e+02
-1.437962504685867771e+03,-7.526055232498481473e+01
-1.501586905572821706e+03,-4.755124229896934196e+01
-1.128127627763549526e+03,-4.649181368865625075e+01
-1.521316754685476099e+03,7.649502876747943674e+02
-1.140929654336475323e+03,1.179789449690818174e+03
-4.237310865440550742e+02,5.915712660361309645e+02
-3.543572546862215518e+02,5.248900476744062189e+02
6.102978348898552667e+02,1.059596949943613254e+03
-1.679762280916076406e+03,1.828039733860389617e+02
-1.516982332126515530e+03,9.975094885144372370e+01
-1.845344138161387264e+03,2.741007311578859458e+02
1.880010653137779286e+02,1.695183717674718991e+03
-1.271254004686651115e+03,9.149879376750369602e+02
4.380638153141822499e+02,1.125040647674586808e+03
-9.736847616988119398e+02,5.803742581526973936e+02
-6.703271392187351694e+02,4.651175941050830716e+02
-2.658136701136492093e+02,5.490719284882937927e+02
-1.204429707380797026e+03,1.140432549233342741e+01
-1.432732588414515703e+03,-2.003955712396353874e+02
-1.460441314402323314e+03,-4.656448832127431103e+01
2.753980450430808560e+02,1.570075621614593729e+03
-9.223571498240828532e+02,1.309936896738681071e+03
-1.432191439706398569e+03,8.196145466646738669e+02
-1.056730123408484587e+03,8.801035473683461987e+02
-1.016233823485724542e+03,5.804038894815589629e+02
-1.223713422133091854e+03,6.394531525949425941e+02
-1.104545504685855121e+03,7.049352276746973303e+02
-1.145666934686272498e+03,1.335093357674926438e+03
-1.307122336911471848e+03,1.089962507187544361e+03
-1.182406498943228598e+03,9.092755845428730481e+02
-1.437962504685867771e+03,4.648749876750988506e+02
-1.516724139505023913e+03,3.946593479490623224e+01
-2.935109526265364934e+02,5.859540250161475115e+02
-1.807500126442403143e+03,8.198543721283508603e+02
-1.099551884294352931e+03,-2.541027702545145530e+03
-1.099571749270788132e+03,1.150168660543337410e+03
-1.266137944961314588e+03,4.289301290560695747e+02
-1.767631485545070973e+03,2.504182160424144854e+02
-1.187899754685463449e+03,4.476956767441957652e+01
-1.471617897754665591e+03,3.354184224158784673e+02
-1.021191254686246793e+03,4.048599276750018134e+02
-1.433907619367157622e+03,3.101151269526384908e+02
-1.221224296573503807e+03,3.641006503495275410e+02
-1.136931950175599695e+03,3.639536660530691279e+02
5.665461033303616887e+02,1.060221783413672483e+03
-1.005811885453958325e+03,3.451448949131344079e+02
-9.741052702366641824e+02,8.507648442269486395e+02
-2.945724015404941269e+02,3.170932148910579826e+02
-1.104545504685855121e+03,4.648749876750988506e+02
-1.005783384090279014e+03,4.069446379845782076e+02
-1.479083934686285147e+03,2.848298076748077392e+02
-1.184144403561184845e+03,1.901621450800819559e+02
-1.260737342627213138e+03,1.233769781043562261e+02
-1.767025417414312415e+03,2.501274656885300374e+02
-1.376653950367290918e+03,3.418698284440870907e+02
-1.557638999958119484e+03,3.945156339630111830e+01
-1.178820642240931193e+03,2.432146371975113368e+02
-1.145666934686272498e+03,3.748523976749532949e+02
5.262208028825544943e+02,1.090148104006441599e+03
-1.312375434685489154e+03,1.245070767674780882e+03
-8.914279272031395749e+02,3.690139506874688777e+02
-1.021191254686246793e+03,4.348674576750503320e+02
-1.312375434685489154e+03,3.748523976749532949e+02
6.047723153133988490e+02,1.065025587674489771e+03
-1.516783468916829861e+03,4.306762855564265351e+02
-1.205491480571514330e+03,-1.640612790788173214e+01
-1.308786371367608126e+03,-1.961827767627199393e+01
-1.213335583156768962e+03,4.971123052846409678e+02
-3.345546107011564914e+02,6.460229525215313515e+02
6.925913243815252827e+02,1.029245511896542212e+03
-1.429445753528869545e+03,4.537333629649376689e+02
-1.349255328411528581e+03,7.599436495619650032e+02
-1.135789237064084773e+03,7.855008890010807363e+02
-1.849142364302515489e+03,2.798194822083370923e+02
5.307210331321309695e+02,1.086252751996019015e+03
-1.264114123926535740e+03,1.246770688518390244e+02
-1.221479924275261737e+03,9.049017367787660078e+02
4.457522909598093861e+02,1.113735617938289352e+03
-1.252057019963982384e+03,1.365548584141046149e+03
-2.913722717176319179e+02,7.632617824924307115e+02
-1.088285725805868879e+03,-6.964403864827011148e+01
1.880010653137779286e+02,-7.954412723253595914e+02
1.457682453145870909e+02,-7.054186823252140357e+02
-1.552392205125572673e+03,3.480799830036254860e+01
-1.306627917140017871e+03,-2.055885114127843138e+01
-1.683722992174143656e+03,4.002481619420534571e+02
-1.378916935245225432e+03,-4.699244728742289823e+01
-1.312375434685489154e+03,2.248147476747107021e+02
-1.182187135486175976e+03,5.805568382725290348e+02
-1.224526968258018087e+03,8.796716974767168722e+02
-1.182231129956642917e+03,-1.900812941976316495e+01
-1.179641352829208927e+03,1.146163080365694896e+03
-1.224652069423933199e+03,4.903543065276780908e+02
-1.729146684686689468e+03,7.649502876747943674e+02
5.666430132138881390e+02,1.059178414170851738e+03
-1.221087849590483074e+03,4.850656247416822566e+02
-1.017434437312788418e+03,4.296802021310344912e+02
-1.224939998718154811e+03,4.305542806437462104e+02
-1.395729684686676819e+03,2.548222776747592206e+02
-1.517244415003041013e+03,1.593107669874636656e+02
-1.170331710166429275e+03,7.643955317874990669e+02
-1.223783193008910985e+03,5.200544046521703194e+02
-1.187899754685463449e+03,3.748523976749532949e+02
-1.345317784849185045e+03,4.260674700645946587e+02
1.277304944904785316e+03,1.180352621520999719e+03
-1.389926109664989099e+03,-1.935945169331917981e+01
-1.429262581769273083e+03,-2.953480684681527464e+02
-1.338131282575528985e+03,-3.728619626342812694e+02
-1.265603812588061146e+03,6.691529924647152257e+02
-1.183497042023843733e+03,6.102835132385671386e+02
-1.171769351146899226e+03,5.869933618068087071e+02
-1.260826332484543855e+03,-5.504601111744099740e+01
-9.789584346854766181e+02,-1.524549232488777051e+01
-1.354608254686259443e+03,2.548222776747592206e+02
-1.266347349650842716e+03,8.796933939189947296e+02
-1.475463442904686644e+03,4.604232216698349021e+02
2.347479939520986534e+02,-8.005373651205321721e+02
-3.490591521280284155e+02,1.329542687854974929e+03
-5.210657546854381508e+02,1.305085827674877919e+03
-2.094025468620891672e+01,1.485131007674379362e+03
-1.437962504685867771e+03,2.248147476747107021e+02
-1.261001452191237831e+03,4.543724890683329818e+02
-1.349602576082426822e+03,7.907022585979153746e+02
2.751270733406591944e+02,-7.108670262448009680e+02
-1.145666934686272498e+03,-1.052680823250333333e+02
-1.391828044616493798e+03,4.599713628049410659e+02
-7.946293668242409467e+02,1.274866515796224121e+03
-1.255971661987750622e+03,2.605479390449688708e+02
-1.303164551016124506e+03,2.748074184942008173e+02
-1.474685579607239561e+03,1.060333093778510829e+03
-5.155343318881036794e+02,1.270415869024254107e+03
3.169336689777369998e+02,1.540133528847245316e+03
-1.095796709286758414e+03,-2.546390115795742531e+03
5.625394953142080112e+02,1.065025587674489771e+03
-1.765865024419376368e+03,7.898431190617163793e+02
-1.851136480714926392e+03,2.805523702544383582e+02
-1.395729684686676819e+03,1.155048177674635326e+03
-1.349969526600066956e+03,1.059153355560625641e+03
-1.395729684686676819e+03,1.155048177674635326e+03
-1.433221137065993844e+03,2.807959549296064665e+02
4.831665027184015457e+02,1.089415066583352200e+03
-1.128791116618846445e+03,3.135400694242723034e+02
-6.005225392230847774e+02,1.360815853394865371e+03
-1.057343179295222171e+03,3.397421108951110114e+02
-1.471079981511847791e+03,4.257408802884757506e+02
-1.335825083047671569e+03,2.259526510531651695e+02
-1.179130482950815804e+03,5.752275417633055667e+02
-1.763552182042163395e+03,7.842822507954007278e+02
-1.183347867202882753e+03,4.603219950283429398e+02
-1.220069900260847362e+03,3.638693399119421770e+02
-1.104545504685855121e+03,9.149879376750369602e+02
-1.015574686539868367e+03,5.809085377723549755e+02
-1.635768002204685217e+03,3.339803347274661292e+02
-3.042138463904348100e+02,1.443851637420919587e+03
-1.771379504685880420e+03,2.548222776747592206e+02
-1.266762905066076883e+03,5.191653828070152485e+02
1.235942504833692368e+02,9.167582655964419018e+02
-1.100678513190777039e+03,1.180685993890822374e+03
-9.293373134652758836e+02,1.264346653856468947e+03
-1.016226320779154548e+03,3.703761531429030356e+02
-1.423902262079501497e+03,2.303702201339368116e+02
-1.670993072162372073e+03,7.377981038366846178e+02
-1.304583603432579366e+03,6.456817313855674456e+01
-1.229021184685880826e+03,1.347921576745651464e+02
-1.127847286353450727e+03,4.355996177761390413e+02
-1.223452251422852441e+03,5.200592127395166244e+02
-1.350757667969909107e+03,2.789769690647549965e+02
-1.395729684686676819e+03,3.748523976749532949e+02
-1.390080075399906036e+03,3.108770586378664689e+02
-1.349255786428622741e+03,9.993104139402641977e+02
-3.375462269618531650e+02,5.566110249372160297e+02
-1.229021184685880826e+03,8.249653476748914045e+02
-9.233477130251321796e+02,1.280629781619463074e+03
-1.390141648649771923e+03,-3.191920914669723288e+02
-4.193557048243192753e+02,3.463730989776132674e+02
1.271606315313424147e+03,1.215063237674732363e+03
1.198604930827456883e+03,1.203375251870682177e+03
-2.621144546196359215e+02,3.643994604850114456e+02
-1.395729684686676819e+03,8.549728776749399231e+02
-1.427626363879680639e+03,9.643904728817622072e+02
-1.350009752877897427e+03,-2.015522637578602883e+01
2.333594250261898253e+02,1.659924822284870061e+03
-1.224271098438857280e+03,7.898451456986754238e+02
-4.303558354462443845e+02,7.238930695686533454e+02
-1.253716519920114479e+03,1.065364464692018203e+02
-4.584647514290684285e+02,1.183805180985538527e+03
-4.624169839046605262e+02,1.186529990977415309e+03
-1.437962504685867771e+03,3.448448676749047763e+02
-1.182838812043374674e+03,4.293331248247177996e+02
-1.087998802766349172e+03,7.763690015472286632e+01
-1.460307048127957160e+03,9.446231145574417951e+02
-1.337470633701659381e+03,9.770289918880827145e+02
-1.521316754685476099e+03,9.449954676750854787e+02
-1.223708722436238304e+03,5.490148220035540589e+02
-1.088471362174025217e+03,4.968917197332115734e+02
-1.803204524500275966e+03,8.158518479763404230e+02
-1.145666934686272498e+03,5.548975776744547375e+02
-1.599282513215110612e+03,1.299519341260279361e+02
-1.312375434685489154e+03,2.548222776747592206e+02
-1.312375434685489154e+03,3.148373376748562578e+02
-1.252945030242980238e+03,-1.950063523434753279e+02
-1.271254004686651115e+03,-7.526055232498481473e+01
-1.141381739319650478e+03,4.895083777557078406e+02
-1.312375434685489154e+03,1.476203767437105796e+01
-9.240066328030545719e+02,1.252526806148262494e+03
1.457682453145870909e+02,1.395108417675023475e+03
-6.002100899283429953e+02,1.329716746568019062e+03
4.047449575664569466e+02,1.265571536325697025e+03
-3.353688129164041243e+02,1.186075830556802430e+03
-4.788329346862473130e+02,1.125040647674586808e+03
-9.789584346854766181e+02,7.049352276746973303e+02
-1.307539421785839295e+03,6.101245161251131321e+02
-1.503025597834543078e+03,6.151103763023724014e+02
-1.372216021959349064e+03,4.325296560298348822e+02
-1.517484538667121114e+03,2.794446187614462929e+02
-1.021191254686246793e+03,-2.853132623253244446e+02
-2.230064892727739334e+02,7.606757604511466297e+02
-1.002190591592031183e+03,6.769787239626573410e+02
-1.187899754685463449e+03,4.348674576750503320e+02
-1.354608254686259443e+03,2.548222776747592206e+02
-8.345064652313766373e+02,1.544199414103539311e+03
6.242783413742605489e+02,1.242538434895464206e+03
-1.312375434685489154e+03,4.648749876750988506e+02
-1.645792434685501803e+03,2.848298076748077392e+02
-7.637572816833733214e+02,-2.575000878672982708e+03
6.677151632489768929e+01,-2.900449101052023707e+03
7.143321020516900433e+01,-8.655157459040816548e+02
2.457192414599400081e+02,-7.650731287587244651e+02
-1.140783514561449692e+03,7.602754252455471260e+02
-1.429388986637718517e+03,7.248900881371542937e+02
-1.470173753016114460e+03,3.048565151454487818e+02
-1.474644786603577131e+03,2.508990505738604497e+02
-1.303696645159768423e+03,1.114623241894576950e+03
-1.395729684686676819e+03,4.476956767441957652e+01
4.877286484379416720e+02,1.473598762015979673e+03
-8.899723784962839090e+02,1.509395750081996312e+03
-1.266856046152064209e+03,5.197033447989490469e+02
-1.428668804302441004e+03,2.754297478119688094e+02
-1.712122898817495297e+03,3.163185977039652812e+02
-1.100658058971286664e+03,-2.294799970193224112e+02
7.342578919916005589e+02,-2.421685592339709729e+03
-8.078897945333271764e+02,-2.539906488472337969e+03
-5.158257717827922306e+02,-2.750568344052570865e+03
-1.271254004686651115e+03,5.849051076745032560e+02
-4.558382256247011242e+02,1.121024679348857717e+03
-4.176916445642697795e+02,1.214636524289923273e+03
4.791852453145997401e+02,1.095033117674538289e+03
-1.553740394226309490e+03,3.637720746054892373e+01
6.679399311760192859e+01,-7.404882505249466931e+02
-1.637551475657179253e+03,1.828291925339431714e+02
-1.212674835104141494e+03,2.564033259461809280e+02
-1.219432631010251953e+03,3.052916409448088189e+02
-1.254195780397837780e+03,2.855233225121168630e+02
-1.229021184685880826e+03,7.049352276746973303e+02
-1.058497054161297001e+03,6.402354476987251246e+02
-1.100413007982184126e+03,1.480754708891489145e+03
4.164321157468629053e+02,1.456241912526046008e+03
-5.805712714659631501e+01,1.329347154556766554e+03
-6.004319035110391951e+02,1.239110216504254367e+03
-1.140037628372807603e+03,6.104784228561250075e+02
-1.086713616658864112e+03,5.851918205861765045e+02
-1.271254004686651115e+03,4.948825176751473691e+02
-1.266146565703218812e+03,3.701386542949703653e+02
-1.182819924813828948e+03,2.792184235832796162e+02
-4.742589291292657094e+02,-2.780727712253453319e+03
-3.065787138225026638e+02,-2.810727486823201616e+03
-5.210657546854381508e+02,-2.745930722325354509e+03
-1.187899754685463449e+03,1.647996876746136650e+02
-1.307964485774173681e+03,2.203604690808962800e+02
-1.145666934686272498e+03,2.548222776747592206e+02
-1.645792434685501803e+03,3.748523976749532949e+02
-9.753703355081245263e+02,4.004607573893988501e+02
-1.182745582998546297e+03,4.004507184501673578e+02
-1.129756182239900454e+03,3.771122687906442934e+02
3.958309953134120178e+02,1.185055707674683845e+03
-1.182810668796254731e+03,4.889107838840797058e+02
-1.669626062763062919e+03,2.847316534647594040e+02
-1.187899754685463449e+03,-3.153207923253729632e+02
-8.022631853463519747e+02,-2.546980213658162029e+03
5.672858976980205625e+02,1.060880835352549184e+03
4.791852453145997401e+02,1.095033117674538289e+03
-8.487949675343023728e+02,1.451035640897172925e+03
1.046468153141696291e+02,1.425115947675071993e+03
-5.440193425070560806e+02,1.395406033942813337e+03
-1.100387080678111488e+03,1.210255162082082279e+03
2.334915198770773941e+02,1.209458707093447401e+03
-5.621871846858556410e+02,1.125040647674586808e+03
-1.223406222276381186e+03,7.007569693044342785e+02
-9.188778999005465948e+02,7.375340881833952835e+02
-1.187899754685463449e+03,6.749276976746488117e+02
-8.122499346862599623e+02,6.149126376745517746e+02
-1.261875938392514627e+03,5.435653034262742267e+02
-1.087001202049368658e+03,-2.511119611825727418e+02
2.460714485693977451e+02,-7.653475623401035364e+02
-1.601020221947281016e+03,4.610771667097418458e+02
-1.308471689334690382e+03,1.240319285006924019e+03
-1.303305685517398160e+03,3.338161760890201322e+02
-9.560917704070416221e+02,1.271817767847038795e+03
-1.054653269639548398e+03,9.350096953042221060e+01
-2.287701846858429917e+02,-2.835953312325500065e+03
-1.349252026971538044e+03,5.502729525751536812e+02
-6.455414346854639689e+02,4.948825176751473691e+02
-1.104545504685855121e+03,2.848298076748077392e+02
-1.224049025799906076e+03,3.708305475321063227e+02
-1.187899754685463449e+03,4.048599276750018134e+02
-1.225086762986421945e+03,8.490742650980821509e+02
-1.187899754685463449e+03,7.477709767446809508e+01
-4.788329346862473130e+02,-2.775938252325403027e+03
-1.294232899643443261e+03,-1.931783588809688581e+02
-1.042945046858172304e+02,-9.454789223256021842e+02
-1.854733754685488748e+03,2.848298076748077392e+02
-2.526864831399952891e+02,3.748851830315664984e+02
-1.062312684686664397e+03,5.248900476744062189e+02
-1.183764779790563125e+03,5.806826063443611474e+02
-2.710030046866132238e+02,5.548975776744547375e+02
-1.261436067925029874e+03,3.350691011427824151e+01
-1.854733754685488748e+03,2.848298076748077392e+02
-3.543572546862215518e+02,1.365100887674974956e+03
-9.789584346854766181e+02,6.149126376745517746e+02
-1.006751917428469369e+03,5.622416714076747439e+02
-2.669420434560163358e+02,6.402846592172945748e+02
-1.100132991185252877e+03,4.294161284623728534e+02
-1.016948809415398728e+03,1.300736454864209463e+03
-1.085428730464620230e+03,1.307465676630381267e+03
-5.575552356042253450e+02,-2.751749602449151553e+03
-1.684434417247473448e+03,7.903536697852798625e+02
-1.752427243494682671e+03,7.959019280441034425e+02
-1.512669572300331993e+03,7.246146073311618920e+02
-1.169948592296704646e+03,2.563985442905515697e+02
-1.211285447572849307e+03,2.577297959642251044e+02
-1.229021184685880826e+03,5.248900476744062189e+02
-1.304352884544734025e+03,5.741581355395140918e+02
-1.433132454584475227e+03,5.490448246699666015e+02
-1.021191254686246793e+03,-8.554563323254566285e+02
-1.187899754685463449e+03,3.148373376748562578e+02
-1.140099046593873481e+03,4.305732327273803435e+02
-1.046369480240295161e+03,1.306264146867050840e+03
-1.062312684686664397e+03,1.185055707674683845e+03
-1.339566974147572182e+03,-1.947885258476119930e+02
-4.788329346862473130e+02,1.125040647674586808e+03
-5.621871846858556410e+02,-2.745930722325354509e+03
-1.354608254686259443e+03,1.215063237674732363e+03
-6.262923846337457690e+02,1.365238415066966127e+03
-1.512459284225562669e+03,9.953270428898697446e+02
-1.187899754685463449e+03,3.148373376748562578e+02
-2.229732783584881304e+02,5.505044943879872790e+02
-1.141313445191151004e+03,4.900307573892900450e+02
-1.145666934686272498e+03,4.948825176751473691e+02
-1.599047888227889416e+03,5.508389819976410990e+02
-1.469505581243299275e+03,5.135190295088320909e+02
-1.640549479757348536e+03,7.004462240550906245e+02
-1.104545504685855121e+03,1.245070767674780882e+03
-1.558164392508941319e+03,2.789136584595732984e+02
-1.432478353035889086e+03,3.092714610139335605e+02
-6.828963762637451964e+02,1.121143663936215717e+03
-6.825923883861935337e+02,1.119297342159170967e+03
-1.184271908621126840e+03,1.303273857735830461e+02
-1.303549551352246908e+03,1.227012436361631700e+02
-7.515644854146111129e+02,1.394871448070282668e+03
7.800244921488605598e+01,1.426262030855384864e+03
-5.621871846858556410e+02,1.335093357674926438e+03
-9.378370046866384655e+02,1.335093357674926438e+03
5.711647633413040239e+02,1.295672464331876199e+03
-6.726294852579499093e+02,1.160759821196021676e+03
-4.276384831043798158e+02,1.202990706554779763e+03
-4.326118398712538351e+02,1.029436714931505094e+03
-4.595045266225012028e+02,1.006704628072439277e+03
-1.016464713221441684e+03,7.894649333404412346e+02
-1.600512394626355217e+03,6.704296183142394057e+02
-1.145666934686272498e+03,-3.153207923253729632e+02
-8.899388697582771783e+02,-2.450514932575422336e+03
-6.828603226625539264e+02,-2.600849946638551046e+03
-1.107352750510048622e+01,-2.876174199904450234e+03
-4.231217760373866099e+00,-9.732803141891703262e+02
6.047723153133988490e+02,1.065025587674489771e+03
-2.710030046866132238e+02,2.848298076748077392e+02
-1.555038812374643385e+03,3.574365722700861880e+01
-1.553709747363097904e+03,3.481841704736089582e+01
-1.637003978409306683e+03,1.855076581042663690e+02
-5.489140017397418205e+02,1.252678259965075995e+03
-1.803551428246925070e+03,8.145454072960887970e+02
-1.771379504685880420e+03,7.949578176748428859e+02
1.929637419138561540e+02,1.389909746278657167e+03
-9.736842731823071517e+02,1.391276604507592310e+03
6.241399531339939699e+01,1.365100887674974956e+03
3.958309953134120178e+02,1.305085827674877919e+03
-9.288671436598153832e+02,6.947633570514711892e+02
-1.183857475039636256e+03,6.696951828269716316e+02
-1.349818500486514040e+03,3.691129789936337033e+02
-1.350637535960479909e+03,4.009138885713798572e+02
-1.521316754685476099e+03,2.548222776747592206e+02
-1.390411331707473892e+03,3.397566551118646885e+02
-9.324225364211345095e+02,2.194767781776866684e+02
-1.141624023826941084e+03,-2.612631648998658989e+02
-1.352754250255963484e+02,-2.876513820443627992e+03
-3.464722353197000757e+02,6.053424135382704208e+02
-2.089204814683373854e+02,5.825881317640092902e+02
-1.183491864085932775e+03,2.806772826923187267e+02
-8.544827546854508000e+02,3.748523976749532949e+02
-1.016442585542829875e+03,3.994753369179277342e+02
-1.437962504685867771e+03,6.149126376745517746e+02
-1.183639205450242116e+03,7.894141709258112769e+02
-1.104545504685855121e+03,7.949578176748428859e+02
-8.501921812339642202e+02,1.270997302667592066e+03
-1.016923348405951629e+03,1.239814510041940366e+03
-5.124641248119377224e+02,1.473223545115649358e+03
2.373639861024521167e+02,1.445095679247688395e+03
-4.377115046858298797e+02,1.185055707674683845e+03
-3.121244346854513196e+02,1.185055707674683845e+03
3.999150682680783575e+02,1.240162324231771663e+03
7.338744859355330163e+02,1.120745366664092217e+03
-3.444978336909864538e+02,1.054043594696430546e+03
-1.221043876612221311e+03,6.634454432945566396e+02
-1.055001463458676426e+03,6.346847523662556796e+02
-9.152570140114730748e+02,4.631122699923636219e+02
-1.267462419180587403e+03,5.208904667486951894e+02
-1.516807282413213215e+03,3.691556625903949680e+02
-9.329686029148175521e+02,2.799499776714542918e+02
-1.062312684686664397e+03,2.848298076748077392e+02
-1.015643484635948880e+03,-2.892319494686709618e+02
5.625394953142080112e+02,-2.415847892325610701e+03
-1.016545755195469383e+03,-2.511363950680202834e+03
-1.104545504685855121e+03,1.185055707674683845e+03
-1.461703855941126676e+03,2.848576639698701456e+02
-1.517401309412637829e+03,3.397510470139674226e+02
-1.808601239085819998e+03,8.204993947055121453e+02
-1.335429349965607798e+03,1.644535943640040614e+02
-1.052099348077982995e+03,1.143212523605375964e+03
-6.877742546862341442e+02,1.305085827674877919e+03
7.019515840754098690e+01,1.354662130172154320e+03
2.333046291146402496e+02,1.269163576873143256e+03
-7.611653180146336126e+02,8.151450594815146360e+02
5.718862372526306217e+02,1.052431018052860054e+03
-8.338465873335223932e+02,7.338425755942354272e+02
-1.298534683135879732e+03,5.903910458230017184e+02
-1.100644243826433240e+03,5.795613533943209177e+02
-9.205519544625951767e+02,3.755222627344288071e+02
-1.459383518327811771e+03,3.766865666861245927e+02
-9.789584346854766181e+02,2.548222776747592206e+02
-8.492386633885182619e+02,-2.450186723924350645e+03
-9.289834785944827900e+02,-2.455334647773582674e+03
-8.032686241844512551e+02,-2.547075888565886999e+03
-1.021191254686246793e+03,1.347921576745651464e+02
-1.421497870043995363e+03,1.066642270336169531e+03
-1.229021184685880826e+03,5.548975776744547375e+02
-1.554358893427892554e+03,4.839227383950622539e+02
-1.516617449044383420e+03,4.310668506396190196e+02
-1.510596725688991910e+03,4.234162084326671334e+02
-1.432427700909377336e+03,3.403684572668714736e+02
-1.365383912012935639e+02,-2.876326982667027096e+03
-4.304181842554868354e+02,1.352873157204150402e+03
-5.168388588089081850e+02,1.359146776476891773e+03
-1.354608254686259443e+03,-7.526055232498481473e+01
-1.290554005058177154e+03,2.525284264068749280e+02
-1.354608254686259443e+03,3.148373376748562578e+02
-1.312375434685489154e+03,1.948072176746621835e+02
-1.307756706927033974e+03,3.407957104095960403e+02
-1.545580226232194264e+03,3.455700278374653180e+02
-1.337818368841933307e+03,2.564675423701197019e+02
-3.543572546862215518e+02,6.749276976746488117e+02
-2.241704953999590657e+02,7.307061776659526231e+02
-1.062312684686664397e+03,9.449954676750854787e+02
-1.183336906234925664e+03,5.189645737638297760e+02
-1.562438184685893475e+03,5.548975776744547375e+02
-1.511747248249557742e+03,5.435048271214892566e+02
-9.378370046866384655e+02,1.245070767674780882e+03
-1.338085876432943678e+03,3.147679517840122116e+02
-1.474935595984426755e+03,3.089049785953610012e+02
-1.479083934686285147e+03,1.095033117674538289e+03
-1.420941555487719825e+03,3.468283629672273491e+02
-3.121244346854513196e+02,5.849051076745032560e+02
-8.956041846858682902e+02,3.748523976749532949e+02
-1.140725220100104025e+03,4.300334750086082067e+02
-9.288862009585984651e+02,3.947904903184052614e+02
-1.004241192521369157e+03,5.557653404242878423e+02
-5.543479517435002890e+02,1.354664273586114859e+03
-1.271254004686651115e+03,4.048599276750018134e+02
-1.179087110487645759e+03,4.242178166363852938e+02
-9.211186518926172084e+02,6.454127244155089329e+02
-9.378370046866384655e+02,6.149126376745517746e+02
-1.350693908952634047e+03,5.791961515095608775e+02
5.625394953142080112e+02,1.245070767674780882e+03
-1.729146684686689468e+03,7.649502876747943674e+02
-1.690075912075292877e+02,6.779329935693791640e+02
-1.876487546854255584e+02,5.849051076745032560e+02
-1.267049527153123563e+03,9.112255475304674519e+02
-1.345213088869322974e+03,9.947285168025138091e+02
5.267646533447452839e+02,1.090299568249533195e+03
-1.517016559752579269e+03,3.693560449111149637e+02
-1.599957297794311444e+03,3.391526391661191155e+02
-9.789584346854766181e+02,1.455123477675120512e+03
-1.209486456403665215e+03,1.394373482396055806e+03
4.834228972360875787e+02,1.090766518966254807e+03
3.603376865195872369e+02,1.181019525921767126e+03
-1.376683724210733544e+03,6.180138283741098348e+02
-1.062312684686664397e+03,3.448448676749047763e+02
-1.094704836923971698e+03,2.741008767412026828e+02
-7.247280322688993692e+02,-2.571431468470320397e+03
-6.877742546862341442e+02,-2.595893072325111916e+03
4.380638153141822499e+02,1.125040647674586808e+03
-1.208306225242272831e+03,3.457380557994196693e+02
-1.266559715019611076e+03,3.390819300523955917e+02
-1.220373271245134902e+03,3.335199732172419544e+02
6.723222368305604846e+01,-1.970377121802158626e+03
4.116199135465140557e+02,-1.934779176780372609e+03
-7.246441581203207534e+02,9.999753218236422754e+02
-6.791567007578487392e+02,1.024842824918013321e+03
-1.473631555560099741e+03,4.601659622014333308e+02
-1.395729684686676819e+03,4.648749876750988506e+02
5.677921590571780825e+02,1.060101746803544302e+03
-1.179433565322327468e+03,7.244546465612587554e+02
-8.912898421327959113e+02,4.593108959554272133e+02
-1.876487546854255584e+02,5.849051076745032560e+02
-1.015680199149309260e+03,-8.608408232917629448e+02
-3.770948686786286999e+02,2.858799633057931828e+02
-1.479083934686285147e+03,3.148373376748562578e+02
-3.121244346854513196e+02,1.305085827674877919e+03
-5.039921701694093485e+02,1.336022472351342458e+03
-9.200515374276494640e+02,6.178251099395012034e+02
-1.003357468912354648e+03,5.252729715551804475e+02
5.718947194560432763e+02,1.053865586908286105e+03
-1.599499248866248990e+03,4.297539479719436031e+02
-1.097808571175828774e+03,1.324511054668804718e+03
-1.122688317439794901e+03,1.302196487164487053e+03
-8.489731087311114379e+02,2.197794204596488612e+02
-1.223336072314571993e+03,-1.093139823682583369e+02
-1.271254004686651115e+03,5.248900476744062189e+02
-1.479083934686285147e+03,2.848298076748077392e+02
-1.437962504685867771e+03,2.848298076748077392e+02
-1.806869664947406818e+03,8.210303059534160184e+02
-1.762152025184905142e+03,7.835059536571443459e+02
-1.003369195123177064e+03,4.358275896733035211e+02
-1.390537884627017547e+03,4.304009383336202745e+02
4.840038451465783282e+02,1.090589237335264443e+03
-1.421740160672963839e+03,2.859741495505645048e+02
-1.479083934686285147e+03,3.148373376748562578e+02
3.630408446479815439e+02,1.324508353056875194e+03
-1.104545504685855121e+03,4.648749876750988506e+02
-4.175750222092586341e+02,1.093208964857154797e+03
-3.490615795500819445e+02,1.030420965360232231e+03
-1.720507015319888751e+03,2.152788034356595972e+02
4.836158774599139178e+02,1.449405937213261495e+03
-1.100828604047505451e+03,1.209504504628553150e+03
-9.789584346854766181e+02,1.275078297674829400e+03
-1.294537104646285343e+03,7.340697366210309838e+02
-9.789584346854766181e+02,1.425115947675071993e+03
-1.454159346862346922e+02,-1.035501512324957957e+03
-4.377115046858298797e+02,4.648749876750988506e+02
-3.121244346854513196e+02,5.248900476744062189e+02
-1.847597554370805710e+03,2.729270687176400543e+02
-9.744316016040739896e+02,1.329205503708729793e+03
-1.219253975229268235e+03,1.442951036655568942e+03
5.711282607207475621e+02,1.054370025641391749e+03
-1.057755130658063990e+03,4.026732492649543360e+01
-1.100543811422857516e+03,4.307719536609712918e+02
-1.136366448342693047e+03,2.152397846042442779e+02
-1.306622558895327302e+03,5.189986883678682261e+02
-1.182783098107617889e+03,5.201564709971959246e+02
-1.517202126188939701e+03,3.110294385890042008e+02
-1.395729684686676819e+03,3.748523976749532949e+02
6.928179886261298179e+02,1.030015925045243193e+03
-1.223481682463405832e+03,3.402108964757118201e+02
-1.349574799777442877e+03,1.240434759644519545e+03
-1.145666934686272498e+03,1.275078297674829400e+03
-1.505221234721152769e+03,3.773774410264101675e+02
2.342027179334585867e+02,1.300289294923062698e+03
-8.040560834231515628e+02,-2.456074648120846177e+03
-1.205427847640897198e+03,5.510372556626098230e+02
-1.312375434685489154e+03,-1.352756123250818518e+02
-1.021191254686246793e+03,8.849804076749884416e+02
-1.600047266030283936e+03,3.705483613625216321e+02
-1.463737345132738255e+03,9.503576506465238936e+02
-1.557877718897774912e+03,4.608370158076711505e+02
-1.305132113036299415e+03,4.845427614624037460e+02
-1.145666934686272498e+03,5.548975776744547375e+02
-1.433983484960543137e+03,2.206490144439455321e+02
-5.857805273676472098e+02,1.334337245302056090e+03
-1.267604691140412797e+03,1.000628887171866836e+03
-1.377878262915600772e+03,2.832059411589364117e+02
-1.271254004686651115e+03,-7.526055232498481473e+01
7.343966278186987893e+02,-2.391267176158985421e+03
-1.604671004686663764e+03,4.948825176751473691e+02
-1.688025254686272092e+03,3.148373376748562578e+02
-6.363636527478330436e+02,1.385414876239309933e+03
-1.429025094676667095e+03,3.041895621408356760e+02
-5.164276267100159430e+02,1.089408829104821507e+03
-7.711285046858424721e+02,6.749276976746488117e+02
-8.487899434453944423e+02,7.006313886284298178e+02
-1.390492051390022880e+03,1.606370108185234926e+02
-1.392119994308255855e+03,1.890790604004743045e+02
-1.521316754685476099e+03,1.047846276745166136e+02
-1.503197308509130153e+03,3.741449067879068480e+02
-1.433947709335002173e+03,3.696872813777194438e+02
-1.170282582298151738e+03,7.561768281970100247e+01
6.458937453138163391e+02,-2.355832832325513664e+03
-1.418401941663893012e+03,7.523270824405904023e+01
-1.432398312687399994e+03,4.013932922657188129e+01
-1.346095086222115924e+03,3.939680224138153335e+02
-1.170807783200664744e+03,-1.311212543573863343e+02
-1.312375434685489154e+03,2.548222776747592206e+02
-1.464925056410826073e+03,2.303180199147641076e+02
-1.271254004686651115e+03,6.749276976746488117e+02
7.764991712931914662e+02,-2.391564490818859667e+03
-1.379112437379104222e+03,3.485623011669094353e+02
-1.587899024881945252e+03,3.757204633933383207e+02
-1.386554587545314462e+03,1.851984070078018192e+02
-9.378370046866384655e+02,5.548975776744547375e+02
-2.203678256031954561e+02,4.847899392495976372e+02
-2.243759848407619870e+02,5.197758844506295191e+02
-1.479083934686285147e+03,4.648749876750988506e+02
-1.388147991208400526e+03,3.946841080430093598e+02
-9.789584346854766181e+02,4.648749876750988506e+02
1.046468153141696291e+02,1.365100887674974956e+03
-1.502600259582101899e+03,2.853580199412398883e+02
-1.271254004686651115e+03,5.849051076745032560e+02
-1.287192215336624258e+03,5.793156082778943983e+02
4.884241848550345821e+02,1.083710060903896874e+03
-1.266471241120515742e+03,4.603997042724893731e+02
-1.558154976509631069e+03,4.010539485784620410e+02
-1.053243976375915281e+03,1.265125024904902375e+03
-1.099918698546229734e+03,1.180563821888405300e+03
-9.789584346854766181e+02,1.155048177674635326e+03
-5.530549153347167248e+02,-2.755777681376830969e+03
-1.178629686662465474e+03,2.742411012770566003e+02
-1.562438184685893475e+03,4.948825176751473691e+02
-1.473358285472564830e+03,-8.007225898611490322e+01
-1.335453329301648409e+03,-1.469589310283164707e+01
-1.256694909028143911e+03,3.217898316831924603e+02
-1.771379504685880420e+03,7.949578176748428859e+02
-1.763333612717998221e+03,7.836450913006723340e+02
5.665365792082634471e+02,1.329467807296528463e+03
6.146781808131406706e+02,1.324003790140264528e+03
-1.354608254686259443e+03,3.148373376748562578e+02
-1.640942201776365209e+03,7.002693537499781087e+02
-1.766913197133015274e+03,7.911063479215049483e+02
-1.763471866924165624e+03,7.851681771185739080e+02
-1.306588309693350993e+03,5.809630274965758190e+02
4.835880057587875172e+02,1.090659540263992767e+03
-6.410471167729480158e+02,1.271165934991218592e+03
-4.612677365403918657e+02,1.336771781734393471e+03
-6.293915351563184686e+02,1.365217881979546974e+03
-6.044200046866258162e+02,1.335093357674926438e+03
-1.303530498583126246e+03,4.249050991921141076e+02
-1.178099768520923362e+03,6.051291256961809495e+02
-9.704770249634547099e+02,5.447590754849969699e+02
-1.210320832746383758e+03,-1.645949977729166562e+02
-8.442820753527413444e+02,1.204075763116604776e+03
-1.002954108907048749e+03,1.246090425765054079e+03
-9.789584346854766181e+02,1.305085827674877919e+03
1.561623378739936356e+02,1.504838872049435622e+03
1.095266451366840101e+02,1.450379098451261598e+03
-1.099914468561780495e+03,4.299257814204387387e+02
-1.182626633335232555e+03,1.481236825339494999e+03
-1.145666934686272498e+03,1.245070767674780882e+03
-1.051374417539927890e+03,1.264774678928364665e+03
-1.054734297615529385e+03,1.236289102849453684e+03
-9.341084688145029986e+02,1.299855913638348966e+03
-1.428742548328642215e+03,-2.368387910807612400e+02
-1.554283721479330325e+03,3.053121862905872490e+02
-1.515568124757272471e+03,1.899144690647745506e+02
-3.121244346854513196e+02,6.149126376745517746e+02
-1.390672801323309841e+03,4.904582260502858162e+02
-1.354608254686259443e+03,5.548975776744547375e+02
6.508693991091159887e+02,1.061101758402519408e+03
8.102586296147960354e+01,1.005103608467541676e+03
-5.400865444688613479e+02,1.245716447277256748e+03
-4.332597952792341403e+02,1.209587504144025843e+03
-5.121977416653861610e+02,1.205321098177771773e+03
-1.517225607519559389e+03,3.928742248402854642e+01
-4.710864811060155830e+02,-2.786978170455181044e+03
-6.000443814970333278e+02,-2.720303090681466074e+03
-1.312375434685489154e+03,-4.053433823255185189e+02
-1.349511016799390973e+03,2.188811556994576222e+02
-1.187899754685463449e+03,7.477709767446809508e+01
-1.183565942027850951e+03,-1.996223576595559734e+01
-1.266486203029628541e+03,4.094742377570463532e+01
-1.208418786197454665e+03,2.264656046488966012e+02
-1.265511720254737384e+03,2.203392501357876938e+02
-3.543572546862215518e+02,2.848298076748077392e+02
5.625394953142080112e+02,1.065025587674489771e+03
-1.167359614019766695e+03,4.639639680616694477e+02
-1.303426640325465314e+03,4.246433662928122885e+02
-1.512945099431124390e+03,5.736600787674279900e+02
-1.562438184685893475e+03,7.649502876747943674e+02
-1.511778184210414793e+03,2.428017762056578022e+02
-1.433753289735149792e+03,2.808937487416807244e+02
-1.420119358246249931e+03,2.546138312686287009e+02
-1.808822568319995753e+03,2.801767349739288306e+02
-1.729146684686689468e+03,2.248147476747107021e+02
-1.771379504685880420e+03,2.548222776747592206e+02
-1.337124726438086782e+03,-1.960077880782472448e+02
-1.104545504685855121e+03,1.275078297674829400e+03
1.046468153141696291e+02,9.449954676750854787e+02
-1.600737819046461027e+03,4.101277504195171275e+01
-1.598867338591597218e+03,3.891150821153765804e+01
1.933103169599017122e+02,-8.012397342466414329e+02
4.791852453145997401e+02,1.095033117674538289e+03
-1.502831040247403052e+03,3.166350991204673733e+02
-1.136886750874960626e+03,1.203308747593726821e+03
-1.183862117836159996e+03,3.992301952621368741e+02
-6.455414346854639689e+02,1.455123477675120512e+03
-6.877742546862341442e+02,1.335093357674926438e+03
5.421816151231157619e+02,1.306145377161474016e+03
-8.069851063170608541e+02,1.240361718750478531e+03
-6.455414346854639689e+02,1.155048177674635326e+03
5.661977616180731729e+02,1.180629275980988950e+03
-5.173559171916218702e+02,1.091041202082595419e+03
-1.016029380286370838e+03,7.300587297957422379e+02
-8.078386504283091654e+02,6.704714086317325155e+02
-1.016595821468275858e+03,6.703956537829058107e+02
-1.179357379334298685e+03,5.140347229367037016e+02
-1.141246621205003748e+03,3.707161870177200171e+02
-1.553154998403753780e+03,2.428571525773294582e+02
-1.087607682450474158e+03,1.966734062539056254e+02
-1.021191254686246793e+03,-4.353509123255670374e+02
-9.732439507657068134e+02,-2.450171244841669250e+03
-6.798876178401424113e+02,-2.607023025829524158e+03
2.330814428057617818e+02,1.450002750238537828e+03
-1.432400267355162896e+03,8.506489984934472659e+02
-1.429693455513925301e+03,-1.151400393172153258e+02
-1.307320772060167428e+03,-2.103270507686526258e+01
-1.251608521639485616e+03,-4.756660686079380440e+01
-9.341613697967655980e+02,6.390920672256419266e+02
-9.745655036717906796e+02,6.397768396882410116e+02
-1.604671004686663764e+03,2.848298076748077392e+02
-1.391728063310747757e+03,3.396591221731223413e+02
-1.307077419566521030e+03,7.302676575637852920e+02
-1.187899754685463449e+03,7.349427576747458488e+02
-7.656340117203480986e+02,1.240111966756006041e+03
-7.130775497696332650e+02,1.217858427425865784e+03
-6.700305152976251293e+02,1.214060652272010429e+03
-1.312375434685489154e+03,-7.526055232498481473e+01
-1.052285665198482320e+03,1.296184954077862358e+03
-1.763081012280569439e+03,6.056946966388159126e+02
-1.474917887578978934e+03,-1.095679617214604775e+02
-1.390974655532466159e+03,-5.066193149597194889e+01
-4.788329346862473130e+02,1.095033117674538289e+03
-5.171465012111046917e+02,1.120383290917598742e+03
-1.297410764204727002e+03,2.601563710624679402e+02
-1.043153203810507193e+03,1.956688254914799927e+02
-6.826839574108463466e+02,1.271098508725811826e+03
-1.834113477542327928e+02,1.119998250368087838e+03
-6.827758996588300988e+02,1.060219473291395389e+03
-6.409907434285920544e+02,1.089321140388266031e+03
-5.581969094286936297e+02,1.000958777377962861e+03
-6.837091868018277410e+02,9.707196443562017976e+02
5.625394953142080112e+02,1.065025587674489771e+03
-9.287057429184600323e+02,7.837819135381067781e+02
-1.554441801046339833e+03,6.637411254423196851e+02
-9.694523263958350299e+02,5.438964441184747329e+02
-1.595056095969744774e+03,5.463877462171537900e+02
-9.301436245111832477e+02,5.146073117659432228e+02
-8.544827546854508000e+02,3.748523976749532949e+02
-1.473489542833420046e+03,2.794336788332022365e+02
-1.763861691841891570e+03,6.042968738369725088e+02
-8.544827546854508000e+02,-2.445855422324869323e+03
-7.635979550156607729e+02,-2.575084990641470540e+03
-6.838665302686949872e+02,-2.600939275261085641e+03
-1.384391338502699398e+01,-2.996176780386654627e+03
-9.405021045665927204e+01,-2.874417221645864174e+03
3.595531084272790849e+02,1.179240295921096958e+03
-1.763920016362000752e+03,7.847298572368014220e+02
-1.263503920087689721e+03,3.348690391282602263e+01
-1.806913470517686619e+03,8.203513373915826605e+02
3.209100998541391050e+02,1.264558323561965835e+03
2.713553153133862565e+02,1.305085827674877919e+03
-1.104545504685855121e+03,-4.053433823255185189e+02
-1.846779236053896284e+03,2.743207293425637090e+02
-1.473428013615094414e+03,-1.999758237521836861e+02
-1.229021184685880826e+03,1.245070767674780882e+03
-4.377115046858298797e+02,1.335093357674926438e+03
-1.473914323299321040e+03,6.092644584809997923e+02
-1.473412212726593452e+03,-1.996419134051967319e+02
-7.204257560951323285e+02,1.475456171309608408e+03
-8.956041846858682902e+02,1.275078297674829400e+03
-9.752048464590397998e+02,1.180386722562900559e+03
-8.499673033962754971e+02,1.150135760972266780e+03
-3.854141410316400993e+02,1.143285440041889615e+03
-3.028964852730699135e+02,1.054073557647749112e+03
-1.142071584422883689e+03,7.007708305292838986e+02
-1.387806671908430644e+03,4.555927109319463284e+02
-1.271254004686651115e+03,4.348674576750503320e+02
-1.391081373374820942e+03,3.992208599099270714e+02
2.447774472777763322e+02,-8.527900302631612703e+02
-7.613410063771619889e+02,-2.575891623711151624e+03
-1.350765569312037314e+03,4.296004378700464486e+02
-1.312375434685489154e+03,4.648749876750988506e+02
-1.679738007238848240e+03,2.757894299596248970e+02
-1.680067278019143941e+03,2.156814533808540659e+02
-1.849611275135071992e+03,2.806193590260068049e+02
-3.486121426615387691e+02,7.892897166400620108e+02
-5.965579587236368297e+02,1.234756261057232678e+03
-5.869280496444355322e+02,1.217126969411387563e+03
-7.987446407850288779e+02,1.192501598220645747e+03
-4.788329346862473130e+02,1.275078297674829400e+03
-6.255330222873568573e+02,1.216256422759969155e+03
-6.877742546862341442e+02,1.275078297674829400e+03
-6.399549731768851188e+02,1.210116127380185617e+03
-1.521316754685476099e+03,2.548222776747592206e+02
-1.267022890407266914e+03,3.709177095008905098e+02
5.706511370322747325e+02,1.054268234065874594e+03
-1.214211813243309052e+03,1.161613765560902948e+03
-1.183014114675460632e+03,1.179704353470763863e+03
-8.901040673564400549e+02,1.239990328243734211e+03
-1.454159346862346922e+02,1.155048177674635326e+03
-6.374051959026005534e+02,1.444851361746433440e+03
-7.670658551894349557e+02,1.330424433177385481e+03
6.458937453138163391e+02,1.335093357674926438e+03
-8.037491654384220965e+02,1.172795239174952712e+03
-4.332385224922654174e+02,1.031252306174514615e+03
-1.224316415744466212e+03,5.190647832513174080e+02
-1.512199911469087738e+03,3.941779775441865468e+02
-9.740304709475941536e+02,3.710098304896985155e+02
-1.302593136028038316e+03,3.051443797901116568e+02
-1.044599605731301381e+03,2.865716440215317675e+02
-1.098881134120215165e+03,2.795528145174931751e+02
-1.854733754685488748e+03,2.848298076748077392e+02
-1.262599517248049324e+03,9.349252756432564411e+02
-1.395729684686676819e+03,2.848298076748077392e+02
-1.145666934686272498e+03,4.648749876750988506e+02
-1.229021184685880826e+03,3.448448676749047763e+02
-1.140590145374189660e+03,1.331194740874030458e+03
1.925310466984687423e+02,1.360152486988124565e+03
-3.899988159208694469e+02,1.300397778561422001e+03
-1.135902872454231328e+03,3.939974153518219282e+02
5.711240720165582161e+02,1.324511220499775391e+03
5.675364074025044374e+02,1.359130610442010266e+03
-1.100874199320867547e+03,-2.116954991917860696e+01
-1.386831128887726209e+03,8.134383414925822535e+02
-1.437962504685867771e+03,1.035018057674441252e+03
-1.808075727317064548e+03,8.196025744172170562e+02
-1.470309913389013445e+03,-2.061269684377455178e+02
-1.312375434685489154e+03,-7.526055232498481473e+01
-1.386296602181146227e+03,4.261373289426878159e+02
-1.209730599498705033e+03,4.058272750810936600e+02
-1.766541393597031629e+03,7.889864104766959372e+02
-1.513151855094186431e+03,1.533558167215472849e+02
-1.479083934686285147e+03,1.047846276745166136e+02
-1.511832084210659104e+03,1.856549740468723257e+02
-1.679609116914024526e+03,7.840439738058049670e+02
-9.789584346854766181e+02,6.749276976746488117e+02
-8.544827546854508000e+02,7.049352276746973303e+02
-8.544827546854508000e+02,7.349427576747458488e+02
-1.556979658003977647e+03,2.796152972068451845e+02
-1.354608254686259443e+03,3.148373376748562578e+02
-1.558043308474408150e+03,4.028648599292557009e+01
-1.187899754685463449e+03,2.848298076748077392e+02
-1.455287143075504900e+03,8.801810201208423905e+02
2.873798661751069403e+02,1.458284055819229934e+03
-5.991420903881972890e+02,1.329888187352592695e+03
4.894136566617347057e+02,1.083896117710954513e+03
4.791852453145997401e+02,1.095033117674538289e+03
-1.099092181088741199e+03,1.239586416250582488e+03
-1.271254004686651115e+03,2.248147476747107021e+02
-3.033597541015953993e+02,1.293305479562993696e+03
-9.864333755055413633e+01,1.390958980604272938e+03
-1.099499679548676795e+03,4.310239654302394001e+02
-9.378370046866384655e+02,4.948825176751473691e+02
-1.850665913464760706e+03,2.798089046033315412e+02
-1.470349333516452589e+03,-2.066048946377178481e+02
-1.306831931959346775e+03,5.207220014934837309e+02
-1.178651045781513858e+03,4.849757923908426847e+02
-1.104545504685855121e+03,5.248900476744062189e+02
-5.565282474833865081e+02,-2.750482610615787962e+03
-5.942652146620664553e+02,-2.726512621687494175e+03
-1.016516559604175313e+03,-8.913360534528742392e+02
-1.687476402526046400e+02,1.215946934315830276e+03
-2.539974429252426944e+02,1.218698282470232243e+03
-2.661250637712091702e+02,1.181238581015894852e+03
-1.095238644729859743e+03,4.237603020955558577e+02
-1.265731673504469654e+03,4.308104273195662586e+02
-1.095158446359645041e+03,3.639514406029430234e+02
-1.349643661558870235e+03,3.390412489217591201e+02
-5.040559777936890100e+02,1.155264423515756789e+03
-1.307846860176338851e+03,6.695860878381830616e+02
-1.429866348889988558e+03,6.333282485285249095e+02
-1.104545504685855121e+03,4.648749876750988506e+02
-1.187899754685463449e+03,3.748523976749532949e+02
-5.020517977934497935e+02,1.244845827612671883e+03
-5.210657546854381508e+02,1.185055707674683845e+03
-3.073197969707077277e+02,5.209627201503526521e+02
-7.913480769134041566e+02,1.303193631825963848e+03
-1.212089030474819538e+03,2.882648435877140969e+02
-1.430450188009102703e+03,6.348735673878594525e+02
-1.845509616116905590e+03,2.752545875602166348e+02
5.264601337341089220e+02,1.090505642732239949e+03
-1.141742006135687006e+03,1.289855208151263071e+02
-1.168661434004551211e+03,1.185612493893108649e+03
-1.053801522409665267e+03,-2.575568188515567272e+03
-1.104545504685855121e+03,4.348674576750503320e+02
-1.260721164179982907e+03,5.143400084559140168e+02
-9.186987379408494689e+02,5.855165686028421987e+02
-1.055436842720127061e+03,5.740020655039867279e+02
-1.812500934686297796e+03,8.249653476748914045e+02
-1.433482308941815745e+03,1.902401490657889553e+02
-1.271254004686651115e+03,6.449201676746002931e+02
-7.711285046858424721e+02,7.649502876747943674e+02
-1.225280580709756805e+03,1.288748278031518169e+02
1.512915636235969714e+02,1.240594838437555154e+03
-1.045132904172866120e+03,3.755271780964359323e+02
-1.304007713463431401e+03,7.259981450214675078e+02
-9.183398724314588435e+02,4.068428250850595305e+02
-1.641473445676481788e+03,3.095040436943751843e+02
2.770599749151077162e+02,1.269503497741728779e+03
-1.097605971187378373e+03,5.149107953150254389e+02
-1.517438082519423688e+03,3.088667357805528582e+02
-1.516293054673051756e+03,3.393432662374553956e+02
-1.437962504685867771e+03,5.248900476744062189e+02
-1.511822832446355733e+03,5.150237285080049787e+02
-1.306611046132998354e+03,8.800426567060632124e+02
-8.492740477305161448e+02,1.271205589996181516e+03
-1.223727570095992860e+03,1.295696416206443757e+02
-1.183892049317538522e+03,6.989734349162939679e+02
-1.187899754685463449e+03,7.649502876747943674e+02
-1.645792434685501803e+03,4.648749876750988506e+02
-1.432430870701712138e+03,-2.031893703804750828e+01
-3.718686581180538155e+02,1.182569388534694099e+03
-1.688025254686272092e+03,1.948072176746621835e+02
-7.543838412405906411e+02,1.307453274431416048e+03
-1.057916243914321058e+03,5.204228852227906827e+02
8.129568455451448017e+01,1.245297455463205779e+03
-1.433011945629115871e+03,3.700800877206336850e+02
4.849563004576890535e+02,1.301191730399092876e+03
-1.100775153567289863e+03,4.895673014073718150e+02
-1.141912851445760907e+03,2.510548940844160768e+02
-1.521316754685476099e+03,4.348674576750503320e+02
-1.260526405406656977e+03,6.350007981189402244e+02
-1.395729684686676819e+03,4.048599276750018134e+02
-1.771379504685880420e+03,7.949578176748428859e+02
-1.141110429269770975e+03,5.491085787745796551e+02
-1.354608254686259443e+03,6.149126376745517746e+02
-1.099850598272433217e+03,1.330368876525783435e+03
-1.504634707138449357e+03,2.859530689062506212e+02
-5.949350094138537770e+02,1.144911778627312742e+03
-1.628237158098552982e+03,4.654937648310104237e+02
-7.237793360579333921e+02,1.180667477891429826e+03
-1.012555181383333320e+03,3.647895715090365911e+02
-1.473784440340370338e+03,3.101645535835784244e+02
-1.021191254686246793e+03,4.348674576750503320e+02
-5.019531016562073660e+02,1.306699451475938304e+03
-1.350495507220464560e+03,7.303382623049592439e+02
-5.995168479589685830e+02,1.241115044394673077e+03
-1.433387064877948887e+03,3.104244097212035172e+02
-1.179706648880324792e+03,1.385012641719274370e+03
-1.053139116320563744e+03,4.552983050536693668e+02
-1.057797648919779931e+03,-1.091545160556985508e+02
-1.042729177509698729e+03,7.614836943631004829e+01
-1.332338622520771196e+03,4.933845944499146867e+02
-8.956041846858682902e+02,5.548975776744547375e+02
-8.033332122452334261e+02,-2.545195509762687834e+03
-3.907049613236727055e+02,1.360365899204824018e+03
-1.767781277447242246e+03,2.502776696430939012e+02
-1.339457011178027187e+03,2.613524576373033597e+02
-6.455414346854639689e+02,1.305085827674877919e+03
-1.089935488401466955e+03,7.121494080901209145e+02
-1.305096592692294735e+03,1.848420245020120660e+02
-9.332397284615041144e+02,3.094153742790688852e+02
-5.166863122592210402e+02,1.299428398222961732e+03
-1.182936064540264624e+03,3.408358162817990547e+02
-1.515733783711338901e+03,-1.692579801920889793e+02
-7.209650483634575266e+02,1.324677574196334717e+03
-1.349180309876060619e+03,-5.077643870161014661e+01
-4.693669720423398530e+02,1.144246697696775982e+03
-1.377391129739388361e+03,1.369539915491041029e+02
-1.171471501321947471e+03,1.949529363971971065e+02
-1.562438184685893475e+03,4.348674576750503320e+02
-1.395729684686676819e+03,3.448448676749047763e+02
-1.219556671865599355e+03,2.132693543672729959e+02
4.008292353966851920e+02,1.481243728030057582e+03
-1.437962504685867771e+03,-2.553057323252759261e+02
-1.294239352311734137e+03,1.326032064985303691e+02
-1.762909641682861320e+03,2.444487302052715165e+02
-1.347069840332943159e+03,3.658052817640229364e+02
-1.390067366250771556e+03,2.800392408950143022e+02
-1.724302312723161776e+03,7.602707191000843068e+02
-9.789584346854766181e+02,4.948825176751473691e+02
-1.054972886616418236e+03,3.932456313919529975e+02
-6.792447391333826090e+02,1.263031933632551954e+03
-6.710080037182897286e+02,1.395943544956160849e+03
-6.412325735592601177e+02,1.330183800551724062e+03
-6.241224868885919932e+02,1.302776336012737829e+03
-5.118165027984787798e+02,1.293649811450113020e+03
-1.641623098357869367e+03,3.706119395660360283e+02
-1.642145982255956142e+03,2.806030644311579181e+02
-1.122320900624370552e+03,-3.786884128244232102e+02
-1.187899754685463449e+03,1.305085827674877919e+03
-1.390547057038522553e+03,-3.204825274183890542e+02
-9.700630796362917181e+02,1.549415612254521193e+02
-1.387762947507236504e+03,6.948961016759492395e+02
-1.330304313941982855e+03,1.120862991422486402e+03
-1.210662195406657247e+03,-1.346194532981901375e+02
-1.100892048518582214e+03,4.071457036265031348e+01
-6.823859431850527244e+02,1.060661872938819670e+03
-1.556888074332152883e+03,3.102530100794836017e+02
-1.521316754685476099e+03,3.448448676749047763e+02
5.669766326074578728e+02,1.059241625333519096e+03
-3.864057315042031746e+02,5.138576163105138903e+02
2.713553153133862565e+02,1.305085827674877919e+03
4.791852453145997401e+02,1.095033117674538289e+03
-8.544827546854508000e+02,1.305085827674877919e+03
-8.454314370104362979e+02,1.294655072810102411e+03
-1.432809131263496738e+03,4.595586274756820444e+02
-2.659813800192328586e+02,-2.809940018738393064e+03
-1.808263608660434329e+03,2.790516510619454493e+02
-1.307138711958367821e+03,8.497534212594832752e+02
3.958309953134120178e+02,1.305085827674877919e+03
3.644241265292376966e+02,1.235092692447192121e+03
-1.122798703995945971e+03,-1.892888398911341596e+01
-1.044680326296723706e+03,4.642579168096742848e+01
-1.434192237966220546e+03,4.006765816797351363e+02
-1.479083934686285147e+03,5.248900476744062189e+02
-1.516393556842588168e+03,4.591678946109843764e+02
-1.513962237600574781e+03,9.327564314165459791e+01
-1.470341572439078618e+03,1.553158751814971197e+02
-1.479083934686285147e+03,3.448448676749047763e+02
-1.433422820435885342e+03,4.592523645783675761e+02
-1.469816312109227511e+03,2.424827469287886004e+02
-7.242281484516556702e+02,4.296686560098270320e+02
-7.612249983078583000e+02,4.856272569573158080e+02
-6.691467261459125666e+02,4.939562428395938127e+02
5.625394953142080112e+02,1.065025587674489771e+03
-1.354608254686259443e+03,1.047846276745166136e+02
2.339115762194309127e+02,1.510027357146451095e+03
3.712515927125465396e+02,1.547413761452312883e+03
-1.088468832144379348e+03,-4.354507423345885968e+02
-1.187899754685463449e+03,-4.653584423256155560e+02
-2.287701846858429917e+02,1.155048177674635326e+03
-3.036915481691628429e+02,1.144350658578612411e+03
-2.246665524548315602e+02,1.060879549189825639e+03
-1.145666934686272498e+03,5.248900476744062189e+02
-5.621871846858556410e+02,1.155048177674635326e+03
-1.372307510566701239e+03,1.307255254693665165e+02
-1.433661477086365721e+03,2.491448828088838354e+02
-1.312375434685489154e+03,1.047846276745166136e+02
-1.385538877192406744e+03,2.438772799630506540e+02
-1.421952302379386992e+03,2.561044568690182928e+02
-1.377771331184105520e+03,2.573609025594188893e+02
-1.557462116995064662e+03,3.704158204670314376e+02
-1.854733754685488748e+03,2.848298076748077392e+02
-8.868349732409002399e+02,4.245198189290172195e+02
-7.659330712620741224e+02,1.450860883366835424e+03
-1.312375434685489154e+03,2.848298076748077392e+02
-5.044665843285199571e+02,1.340508024290839103e+03
-7.249127130962515366e+02,3.994335202153093292e+02
-1.412961449025610364e+03,7.009945210213288647e+02
-1.395729684686676819e+03,-1.352756123250818518e+02
-6.820774963081872784e+02,1.089947401859655201e+03
-9.126639194022837955e+02,3.414844949424534093e+02
-1.182801559266192498e+03,1.180741778553592667e+03
5.678356769070319388e+02,1.059452065839007673e+03
-1.224188946725979804e+03,1.908161000827191174e+02
-1.253847294633441606e+03,5.549683935724414141e+02
-1.187899754685463449e+03,1.305085827674877919e+03
-1.838316166369361895e+02,3.705239294606176941e+02
-8.854425274230932246e+02,4.265318768933990441e+02
-1.229021184685880826e+03,6.149126376745517746e+02
-1.876487546854255584e+02,1.155048177674635326e+03
-1.557815136262875967e+03,2.807948381325064702e+02
-1.725547855857401828e+03,7.595446224171952281e+02
-1.474844634773181269e+03,2.806684146731769829e+02
-6.413085190834973446e+02,1.331103905131115880e+03
-8.956041846858682902e+02,1.275078297674829400e+03
-1.724080414360916620e+03,7.598407061310562085e+02
-1.017178206463111906e+03,1.029954581794985558e+01
-6.412347903456961831e+02,1.269680504411315951e+03
-1.179266259066833982e+03,1.257553842755311280e+02
-1.354608254686259443e+03,3.748523976749532949e+02
-1.469910360476477990e+03,3.339193721102014365e+02
-8.122499346862599623e+02,1.275078297674829400e+03
-1.170692679577636682e+03,1.568218503601313785e+01
-1.470393919148921896e+03,3.034642490113560598e+02
2.946193437661332837e+02,1.421713939081402259e+03
-1.349508388328557658e+03,5.806430284802747792e+02
1.502202248631073189e+02,1.329515116399548788e+03
7.371560928721949040e+02,1.024965234010665654e+03
-1.223426701603278389e+03,6.106931368327169594e+02
-1.344770299225550616e+03,6.647499355147991764e+02
-4.740965734867552328e+02,1.210545640953148450e+03
-1.345533295591491196e+03,3.352991734979253806e+02
-1.767447879075293940e+03,7.897745762590176355e+02
1.880010653137779286e+02,1.425115947675071993e+03
-2.287701846858429917e+02,1.125040647674586808e+03
-1.312375434685489154e+03,1.347921576745651464e+02
-1.266710800844790356e+03,4.908639139743246460e+02
-1.271254004686651115e+03,1.647996876746136650e+02
-1.378237763106814555e+03,4.350577564272033442e+02
-1.057699792063586983e+03,1.359437464752448477e+03
-1.552693690598417106e+03,6.047023910821330901e+02
-9.748396341614262610e+02,5.194109427592782140e+02
-1.354608254686259443e+03,5.849051076745032560e+02
-1.640052142854904332e+03,4.000948735685503834e+02
-1.303640683703549485e+03,4.252240206865518530e+02
-9.297138543110520459e+02,7.237740236508041107e+02
-7.711285046858424721e+02,3.448448676749047763e+02
-1.517403707464537547e+03,3.395535571116760138e+02
-8.285465913243422165e+02,7.595286432861646517e+02
-9.378370046866384655e+02,1.245070767674780882e+03
-1.386553995666273750e+03,2.751016121930162512e+02
-8.849091475644800084e+02,4.842556682391413574e+02
-1.104545504685855121e+03,4.348674576750503320e+02
-1.377326959051930544e+03,4.361138440056233776e+02
-1.304089765533213267e+03,5.454329496391785597e+02
-1.099911581252646783e+03,4.898380317805016375e+02
-1.098963045332975526e+03,4.891376482543162183e+02
-1.254113924867705236e+03,6.152878833274982071e+02
-1.807494490747995997e+03,8.200251435984528143e+02
-2.710030046866132238e+02,2.848298076748077392e+02
-1.224242392058995392e+03,7.906031719920898695e+02
-1.187899754685463449e+03,6.749276976746488117e+02
2.291224953141954188e+02,1.215063237674732363e+03
-9.620408794925024267e+02,5.873020814331553083e+02
-1.021191254686246793e+03,7.049352276746973303e+02
-1.081058155452642268e+03,7.321641908534381855e+02
-1.845567542078846600e+03,2.741719527070374625e+02
-1.390811098761850872e+03,-5.002805831235136935e+01
-1.021191254686246793e+03,5.849051076745032560e+02
1.511660939014193730e+02,1.269129416601326739e+03
-1.712090946923495039e+03,2.263564849049029988e+02
1.243753961845376779e+02,8.843262777173013092e+02
-1.380140655252734405e+03,3.148677740990831921e+02
-1.349377209570295463e+03,7.609330069623131294e+02
-1.635930286514489751e+01,9.096726136145639430e+02
-1.016281996689754010e+03,6.094638983271279358e+02
-4.788329346862473130e+02,-2.775938252325403027e+03
-3.495197747192730162e+02,-2.809972002075483488e+03
-5.574039663719430564e+02,1.240504266274240308e+03
-6.001219776883567647e+02,1.210017453225546205e+03
-1.761272406238101894e+03,7.842444155657084366e+02
-1.766989683733950415e+03,7.900656977475026679e+02
-1.767598412799701691e+03,7.907875009595973097e+02
-1.346666629533262494e+03,-2.445856084799045504e+01
-1.479083934686285147e+03,3.448448676749047763e+02
-1.475250328238475504e+03,-8.109005786399434612e+01
-1.335444399632980549e+03,-7.436319323114052793e+01
4.476224908709508554e+02,1.116370447418461254e+03
-1.385394307183876208e+03,-1.162501636512508867e+02
-1.432190627794428337e+03,-1.093135387882785210e+02
-3.121244346854513196e+02,3.448448676749047763e+02
4.830954959760104543e+02,1.089876139270309750e+03
-1.141790816054201969e+03,7.897649286491314342e+02
-1.334806085454980348e+03,2.252094256597407593e+02
-1.390413973083422661e+03,2.788621035372379424e+02
-1.271254004686651115e+03,3.448448676749047763e+02
-1.354608254686259443e+03,5.248900476744062189e+02
-1.308110513468484669e+03,5.495331009525941681e+02
-1.224446011895872516e+03,2.194702987523263573e+02
1.046468153141696291e+02,9.149879376750369602e+02
1.046468153141696291e+02,9.449954676750854787e+02
-1.845356203060813414e+03,2.737782105331941693e+02
-1.225197009179897350e+03,1.150144797906908707e+03
-1.086898315330053720e+03,3.466870017869923686e+02
-1.187899754685463449e+03,3.748523976749532949e+02
-1.354608254686259443e+03,1.245070767674780882e+03
-7.711285046858424721e+02,7.049352276746973303e+02
-9.789584346854766181e+02,1.347921576745651464e+02
-1.016517658917536664e+03,1.298011990606551649e+02
6.550229012043732837e+02,1.055714933324730282e+03
-4.699246100244452577e+02,-2.786633438404453955e+03
-1.546307650339903830e+03,5.856712667816361773e+02
-6.006934258339504140e+02,1.120069211800430594e+03
-5.995795870899116835e+02,9.997324557577704809e+02
-6.877742546862341442e+02,1.155048177674635326e+03
-1.688025254686272092e+03,7.049352276746973303e+02
-1.562438184685893475e+03,5.248900476744062189e+02
-1.521316754685476099e+03,-1.652831423251303704e+02
-1.562438184685893475e+03,4.048599276750018134e+02
-1.391807672951205632e+03,9.403171811646074048e+02
-1.104545504685855121e+03,8.249653476748914045e+02
-1.015406589586639257e+03,3.994214225263712024e+02
-1.095120243888524328e+03,3.647717770534286501e+02
-4.319573494666317970e+02,1.210958181630907347e+03
-3.368787078600013274e+02,1.247353621099339534e+03
-1.385714769672450529e+03,3.330116715278991819e+02
-1.371865888413394259e+03,3.417970712454215914e+02
-1.267283797792186533e+03,4.295663987611703760e+02
-1.290738038308067189e+03,3.133311715791662095e+02
-8.956041846858682902e+02,-2.115772592325125515e+03
-1.262575804279214481e+03,6.633534647966389457e+02
-1.349907477707224189e+03,6.104610467475293945e+02
-8.774946601537154720e+02,3.153475468108636051e+02
-9.733947621672620016e+02,4.008024031267206055e+02
-1.350034070022827109e+03,6.102038136839954632e+02
-1.229021184685880826e+03,5.849051076745032560e+02
1.141647449533370207e+02,1.203516415371745097e+03
1.540529801260792055e+02,1.234195823231278382e+03
-3.496744004882236823e+02,1.060675212711559880e+03
-2.710030046866132238e+02,1.155048177674635326e+03
-4.746285434847993656e+02,-2.781765170110790223e+03
-4.319650080295970156e+02,-2.811169532971384342e+03
-1.379307173857899215e+03,4.097278026185031763e+02
-1.433589051087672715e+03,7.001959495037323222e+02
-1.354608254686259443e+03,7.949578176748428859e+02
-1.345072000316956974e+03,4.242004828275394175e+02
-1.013250257750669789e+03,3.335328395565580877e+02
-8.065215354668220016e+02,-2.541125383630538636e+03
-1.266542795171838861e+03,3.395960753236414575e+02
-5.064309804811196614e+02,1.280713440043661194e+03
-8.067738365690631781e+02,8.190127577136883019e+02
-5.039128197684145789e+02,1.338069027375360292e+03
-1.433666481202431896e+03,7.010677167964977343e+02
-1.303557941473056871e+03,4.244123146161379054e+02
-1.135743472882329570e+03,6.351450511837732620e+02
-4.582922908142307392e+02,1.334349590712827194e+03
-2.950492912659043441e+02,1.427132108497223044e+03
-1.562438184685893475e+03,1.647996876746136650e+02
-1.271254004686651115e+03,2.848298076748077392e+02
-3.543572546862215518e+02,5.248900476744062189e+02
-1.765843391067809080e+03,7.902640669949806806e+02
-3.908339120566295719e+02,-2.811747625539396267e+03
-1.553898964224032397e+03,3.032149425079134062e+02
-1.017438464664339676e+03,7.009862741321385329e+02
-1.556704825446684026e+03,7.292029808097431669e+02
-4.377115046858298797e+02,-2.805945782325451546e+03
-1.011877389695853026e+03,1.293659957076475848e+03
-1.141508390400831104e+03,7.300326879281692527e+02
-1.542163558810889072e+03,3.760616465041449032e+02
-1.266373214828416621e+03,5.809707009270363187e+02
-4.747127173286643256e+02,1.239848758143878513e+03
-1.057383622219791050e+03,-3.504122250955625759e+02
-1.145666934686272498e+03,5.849051076745032560e+02
-1.271254004686651115e+03,4.648749876750988506e+02
-1.104545504685855121e+03,5.849051076745032560e+02
-3.954786846866389851e+02,1.065025587674489771e+03
-1.454159346862346922e+02,-2.865960842325548583e+03
-7.911394191648836340e+02,1.306473021234670568e+03
-1.210862574544926247e+03,7.043201192420583538e+02
-4.327139163258920007e+02,-2.811313359522230257e+03
-1.100365286788866115e+03,6.690180697580917695e+02
-1.724850811143290684e+03,7.602665275490620616e+02
-1.170315377505359265e+03,2.566866083390696645e+02
-1.433955359574633803e+03,2.196226051651537148e+02
-1.104545504685855121e+03,3.748523976749532949e+02
-5.107538302123435869e+02,5.436430369810301499e+02
-1.307855431033520063e+03,5.196896929793796289e+02
-1.178780913145664499e+03,7.848270451220378163e+02
-1.062312684686664397e+03,6.149126376745517746e+02
-9.378370046866384655e+02,7.349427576747458488e+02
-3.489633390008468723e+02,1.240387610863591817e+03
-1.395729684686676819e+03,5.248900476744062189e+02
-6.793959594301494462e+02,1.175031038363439848e+03
-1.454159346862346922e+02,1.275078297674829400e+03
-1.182634396560563573e+03,3.402197353442335270e+02
-1.635970257787175569e+03,4.840344869044433835e+02
-2.514335696212361597e+02,4.653262352077261426e+02
-1.016837723525496699e+03,-5.023198415334918820e+01
-4.321625291736078225e+02,1.271209386203074018e+03
-1.390515790470750062e+03,6.706207440819754311e+02
-1.053299558994106746e+03,3.352769949332634383e+02
-8.544827546854508000e+02,1.245070767674780882e+03
-3.714258100656433612e+02,4.915290609963942643e+02
2.713553153133862565e+02,1.335093357674926438e+03
-1.457324811727193719e+03,4.924846254729625912e+02
-1.137885355910322687e+03,4.255026959540079474e+02
-1.517705726709446708e+03,4.906993903126896726e+02
-7.197315302034919569e+02,9.345015046555721483e+02
-1.474782101631319165e+03,2.189788252308950405e+02
-1.058525236788682378e+03,6.396486462309660510e+02
-1.104545504685855121e+03,5.548975776744547375e+02
-1.210378145616628672e+03,5.250307269454021935e+02
-1.876487546854255584e+02,7.949578176748428859e+02
-1.390863808759144376e+03,3.703497338690107199e+02
2.713553153133862565e+02,1.455123477675120512e+03
-1.473323781840337915e+03,3.091969253747458310e+02
-1.473399798307174251e+03,3.394549939850943474e+02
-1.252657010131239304e+03,1.958691727333765016e+02
-1.501821556664038553e+03,7.069262135060449737e+02
-1.556654206523481662e+03,3.943305071123779726e+01
-1.354608254686259443e+03,1.347921576745651464e+02
-1.395729684686676819e+03,6.449201676746002931e+02
-1.386558418486725714e+03,6.329398940263838540e+02
1.099381188191483716e+02,-8.301772778865492910e+02
-8.077403221350286913e+02,1.209206998644143368e+03
-7.240748663909351990e+02,1.299491352172510460e+03
-1.168937204498877236e+03,4.666876285206332113e+02
-1.354608254686259443e+03,4.048599276750018134e+02
-1.183122014429601450e+03,6.407803607600055784e+02
-1.097029397653011301e+03,1.265599277920642635e+03
-8.487704847518762108e+02,7.609745073632522008e+02
-1.141315124795640941e+03,3.092594978976632092e+02
-8.083154437072892051e+02,-2.540636582335878757e+03
-8.071550786863349458e+02,-2.540019883551893145e+03
-1.062312684686664397e+03,5.248900476744062189e+02
-1.021191254686246793e+03,5.548975776744547375e+02
-9.891642425467672695e+01,-9.808378635523025650e+02
-1.474538740419494161e+03,4.895997441364070824e+02
-1.433613740746791564e+03,3.709805320783855791e+02
-1.335026135718140040e+03,4.360089352034921717e+02
-4.377115046858298797e+02,1.305085827674877919e+03
-1.771379504685880420e+03,2.548222776747592206e+02
-1.766507967021540708e+03,7.892879490719928981e+02
1.457682453145870909e+02,1.365100887674974956e+03
-1.521316754685476099e+03,2.848298076748077392e+02
-1.045209181648071308e+03,8.268460097991531939e+02
-1.251546719284730671e+03,8.852985991396317331e+02
-1.552518741145748209e+03,5.164299189750308869e+02
-1.604671004686663764e+03,4.948825176751473691e+02
-1.516138291711241664e+03,4.298653396882859283e+02
-8.122499346862599623e+02,-2.535878012325014879e+03
-1.479083934686285147e+03,4.948825176751473691e+02
-1.471750476944597267e+03,4.533074582677941180e+02
-1.344994213248062351e+03,5.444515638404753872e+02
-1.104545504685855121e+03,6.449201676746002931e+02
-9.919894202855537912e+01,1.390655639891965393e+03
-9.899936187976801705e+01,1.419157048308785306e+03
-1.182324096233673117e+03,4.592234003425795095e+02
-1.413484958726244827e+02,5.503180697811902746e+02
-2.710030046866132238e+02,4.948825176751473691e+02
-1.348986217392693334e+03,4.898055940715262864e+02
-8.900314304946990660e+02,4.001844564152262933e+02
-1.688025254686272092e+03,7.349427576747458488e+02
-8.365417589627679718e+02,1.276548570046825262e+03
-1.223628292648921843e+03,3.091924806048577921e+02
-4.706388821864130705e+02,1.295385404631747861e+03
-1.266119651626098857e+03,3.699416665629253771e+02
-1.350810220616713877e+03,9.096917798637301757e+02
6.982597091077332152e+02,1.236570595213907836e+03
1.613084255903141866e+02,1.251423231690209377e+03
-1.169143873065439720e+03,6.752685523320247967e+02
-1.336918941601070401e+03,3.173329600250897897e+02
-6.826129160531797879e+02,1.329508364413443360e+03
-1.517049168608718901e+03,3.395795603965705709e+02
-1.187899754685463449e+03,7.349427576747458488e+02
-1.437962504685867771e+03,4.348674576750503320e+02
-1.145666934686272498e+03,6.149126376745517746e+02
-1.459620777793828438e+03,4.357249109702040073e+02
-3.954786846866389851e+02,1.365100887674974956e+03
4.010197097316918189e+02,1.331075263049400291e+03
-4.740176331370784055e+02,1.390223285561309922e+03
4.380850220325191913e+01,1.301954310971089171e+03
-7.185726212684058964e+02,4.241512145634194439e+02
-1.433460926722752902e+03,9.698226915966041588e+02
-8.122499346862599623e+02,1.305085827674877919e+03
-1.333433291860042118e+03,2.850847166401294430e+02
-8.391232419025237732e+02,6.173241972224027450e+02
-1.261437830262191710e+03,3.640166056365758891e+02
-1.104545504685855121e+03,6.149126376745517746e+02
-1.839117270909529793e+02,1.150943522336146088e+03
-4.696122350221678516e+02,1.264101469573206941e+03
-7.233004262768413355e+02,1.299906277028893328e+03
-1.266918556152847941e+03,5.503307312030350431e+02
-1.170085448478178023e+03,-2.215477270444946214e+02
-4.788329346862473130e+02,-2.775938252325403027e+03
-1.502506964615524112e+03,4.675769525557057023e+02
-1.294237283183130558e+03,4.663769388070348896e+02
-1.505552318612524459e+03,3.768166151017327934e+02
-1.169406321026749993e+03,5.239620410153158900e+02
-1.145666934686272498e+03,4.348674576750503320e+02
-1.141269507693665219e+03,3.689786344594002117e+02
-1.456934356546750450e+03,5.218323421615403959e+02
-1.308489648229834984e+03,4.306785441814333808e+02
-1.261953067960701446e+03,2.147180505541568891e+02
-1.349332610042439228e+03,7.293050104168063399e+02
-1.057590291135396683e+03,6.993119826227883777e+02
-1.307514077323593938e+03,3.398128248377894920e+02
-2.653519501737921473e+02,1.150171404534775093e+03
-1.016263183907452003e+03,4.605164757249381751e+02
-6.821429304634650634e+02,9.400113616624852284e+02
-8.030997117087886181e+02,5.731715288019055379e+02
-9.744434904705232157e+02,1.603213399017170104e+02
-1.261563638406057862e+03,4.546487116183825492e+02
-1.350278315679656998e+03,6.711173419189913147e+02
-1.437962504685867771e+03,4.348674576750503320e+02
-5.120067832929969427e+02,1.174751258558822428e+03
-5.412966564988153095e+02,1.306701073544397559e+03
-5.452842653484322000e+02,1.306905695671732246e+03
3.028142830342409297e+01,-8.667702777884434227e+02
5.680363808669467289e+02,1.300459848510561187e+03
-1.141444494836662898e+03,5.192805031564689671e+02
-1.182418749298213925e+03,4.893674265841475517e+02
-2.243461597416942936e+02,-2.841319164539037502e+03
-2.287701846858429917e+02,-2.835953312325500065e+03
-2.229993613278510338e+02,2.495778022117602575e+02
-1.081208280585079365e+03,4.923069712961955702e+02
-1.054464328776880166e+03,4.835080239531835105e+02
-1.312375434685489154e+03,7.649502876747943674e+02
-1.312375434685489154e+03,7.049352276746973303e+02
-1.104545504685855121e+03,4.948825176751473691e+02
-1.174212165800170851e+03,4.710955005032199097e+02
1.493885363964489557e+02,1.270622775665005747e+03
-1.257984069402632713e+03,7.422125619641402636e+02
-1.401406776191524273e+02,1.059902740065315584e+03
-2.094025468620891672e+01,1.065025587674489771e+03
-1.210167821525673844e+03,4.945999401667411348e+02
-1.211199251735402868e+03,4.930361409025051671e+02
-1.349545652426736979e+03,-1.104665556458033109e+02
-1.679530577134646364e+03,4.550695431402717759e+02
1.925626937168156871e+02,-7.697120792950878467e+02
-4.289704035594842821e+02,-2.816681891207945682e+03
-2.922486224940880675e+02,1.155123288422215410e+03
-3.543572546862215518e+02,1.125040647674586808e+03
-1.503661958857826676e+03,8.857338930529565459e+02
-7.657740055142851361e+02,7.304865398839870068e+02
-1.179421310385560218e+03,5.761600392872842349e+02
-1.127462832414958029e+03,9.473605914729341748e+02
-8.956041846858682902e+02,6.149126376745517746e+02
-4.334778451184077994e+02,-2.810953132519209248e+03
-1.678946977722800511e+03,1.842620092889600869e+02
-1.683013610847198379e+03,1.894436193969517603e+02
-1.169269500506101622e+03,8.569539510240788331e+02
-1.182150095326733208e+03,7.593183111877522151e+02
-1.224360481615552544e+03,4.300394917908699313e+02
-1.390688580242632270e+03,4.599371189349521956e+02
-1.177539246146799542e+03,7.833812116256990521e+02
-5.118599368037769182e+02,1.263105328520970261e+03
6.241399531339939699e+01,1.395108417675023475e+03
-1.221331665480592164e+03,2.442535803639878509e+02
-8.576968144140892036e+01,-2.984964454592338825e+03
-1.266508768297631377e+03,4.304460835310118227e+02
-5.578224374919871025e+02,1.239682577298634669e+03
-1.312375434685489154e+03,4.948825176751473691e+02
-1.504433668541040788e+03,9.160024990233345079e+02
-9.562606215237840388e+02,7.139612215733983192e+01
-1.104545504685855121e+03,5.248900476744062189e+02
-1.040291984015798562e+03,3.421703564650777025e+02
3.547095653145739789e+02,1.485131007674379362e+03
-8.066685760413344042e+02,1.179428243044861802e+03
1.921964421791453788e+02,1.570543885773093280e+03
-3.394671855887162906e+02,1.190286769521811948e+03
-1.141054487612662115e+03,3.394506591361185315e+02
-1.178843930255416581e+03,3.048277990042275860e+02
-5.621871846858556410e+02,1.245070767674780882e+03
-6.835129071769905522e+02,1.330428168485747165e+03
-1.006600260884784916e+03,6.816058267469963994e+02
-9.625172910653006966e+02,3.720083550201042613e+02
-4.377115046858298797e+02,1.335093357674926438e+03
-7.632765141010636398e+02,7.258019844566259735e+02
-1.312375434685489154e+03,6.749276976746488117e+02
-3.121244346854513196e+02,-2.805945782325451546e+03
-1.341418504172412895e+03,6.137350993579491387e+02
-1.211179002614223009e+03,1.096659566789724749e+03
-1.464477748433585020e+03,7.002476465039501363e+02
-1.461227135255197936e+03,6.765227891399974851e+02
-2.628359388237831809e+02,-2.815942900311259564e+03
-1.145666934686272498e+03,4.948825176751473691e+02
-3.488998420201170916e+02,1.271023830973995246e+03
-1.509524862320001603e+03,4.634658160971810617e+02
6.499986115461517784e+02,-2.480297788402805054e+03
-6.835375592247496570e+02,4.310149182841149127e+02
-8.078108557535542786e+02,6.690107205420054015e+02
-1.062312684686664397e+03,9.750029976751339973e+02
-1.354608254686259443e+03,1.095033117674538289e+03
-1.688025254686272092e+03,7.349427576747458488e+02
-8.956041846858682902e+02,4.348674576750503320e+02
-4.288753616689157866e+02,1.294978812905030736e+03
-1.518525187123547312e+03,6.135314302862637987e+02
1.990244895348767500e+02,1.460442915176789484e+03
-9.789584346854766181e+02,4.348674576750503320e+02
-7.766199603089828543e+02,1.354130281203592858e+03
1.507727441972338625e+02,1.659747569704998796e+03
-8.502456906850770793e+02,1.181273115979865679e+03
-1.342320082375884112e+03,1.145931868024202458e+03
-4.820262556368885498e+02,1.302277479304331791e+03
-4.377115046858298797e+02,-2.805945782325451546e+03
-1.481720389180460643e+03,6.091927071943104011e+02
-8.359663584609115787e+02,7.420869417080787116e+02
-7.436363352964215210e+02,1.196656138287717567e+03
-1.018079492358057792e+03,5.033612955543594012e+02
