date:2016-06-09, time:1100, wind_speed:7.46, wind_dir:305.0, temp:13.2
3.124767453138037254e+01 -2.835953312325499951e+02
6.881265653145865713e+01 1.125040647674586864e+02
8.126022453130329382e+01 1.035018057674441252e+02
8.959564953142206889e+01 1.245070767674780967e+02
9.045715152187078445e+01 1.051478931500961949e+02
8.210310528809989705e+01 1.022320201282813912e+02
9.793107453138289031e+01 1.035018057674441252e+02
3.632067492730561042e+01 1.172041778003354864e+02
4.883318034461767354e+01 1.082208513163032535e+02
8.959564953142206889e+01 1.065025587675279439e+02
9.381893153149908926e+01 1.155048177674635355e+02
6.881265653145865713e+01 1.095033117675327929e+02
6.969287014269761471e+01 1.022260636735255588e+02
8.548350653138031419e+01 1.095033117675327929e+02
6.881265653145865713e+01 1.035018057674441252e+02
4.791852453130203315e+01 1.095033117675327929e+02
5.714563086675165948e+01 1.052511173479727375e+02
3.547095653145739647e+01 1.185055707674683845e+02
6.881265653145865713e+01 1.065025587675279439e+02
4.380638153141822499e+01 1.155048177674635355e+02
6.047723153149782860e+01 1.065025587675279439e+02
6.458937453138163676e+01 1.065025587675279439e+02
9.048407271709923805e+01 1.202047124815911587e+02
7.292479953134245818e+01 1.215063237674732335e+02
6.881265653145865713e+01 1.335093357674926438e+02
6.881265653145865713e+01 1.155048177674635355e+02
8.212551022042728732e+01 1.202446015116864686e+02
5.714305333598337455e+01 1.052424417085507997e+02
6.458937453138163676e+01 1.395108417675023418e+02
6.047723153149782860e+01 1.065025587675279439e+02
6.458937453138163676e+01 1.905236427674268782e+02
7.714808153141949276e+01 1.995259017675204234e+02
6.969155869899344680e+01 1.801893955653477235e+02
6.134962855014932614e+01 1.052122601389537380e+02
4.380638153141822499e+01 1.155048177674635355e+02
5.625394953142080112e+01 1.065025587675279439e+02
6.972587152582661929e+01 1.862445260542584435e+02
6.648261412648224677e+01 1.067395383463704945e+02
6.967605200242886099e+01 1.021483942900130302e+02
9.553093228306858009e+01 1.939225581942075678e+02
8.126022453130329382e+01 1.995259017675204234e+02
8.307326139173008528e+01 1.817688306083377938e+02
8.959564953142206889e+01 1.935243957675107254e+02
9.381893153149908926e+01 1.935243957675107254e+02
6.140533774444882908e+01 1.322591197896525443e+02
8.548350653138031419e+01 1.425115947674282211e+02
1.080941225862383561e+02 1.098608289453736404e+02
9.548401167251073218e+01 1.907952368445885440e+02
9.046389782726170381e+01 1.892589765412157874e+02
8.548350653138031419e+01 1.785206307674864661e+02
5.625394953142080112e+01 1.065025587675279439e+02
4.791852453130203315e+01 1.095033117675327929e+02
7.711285046842631630e+01 2.085765062325076826e+02
3.124767453138037254e+01 -2.895968372325597215e+02
1.046468153141696256e+01 -2.895968372325597215e+02
9.474225436729632577e+01 1.652434346689229869e+02
9.877193003681064454e+01 1.771456849761282513e+02
1.188252065313815820e+02 1.905236427674268782e+02
1.104897815314207463e+02 1.965251487675155602e+02
7.292479953134245818e+01 1.125040647674586864e+02
8.309020484491857417e+01 1.847451401464813330e+02
6.458937453138163676e+01 1.965251487675155602e+02
9.793107453138289031e+01 1.035018057674441252e+02
-2.094025468620891672e+00 1.035018057674441252e+02
7.886414048236218832e+01 1.129224175116945759e+02
3.124767453138037254e+01 1.725191247674767396e+02
9.793107453138289031e+01 1.905236427674268782e+02
8.959564953142206889e+01 1.815213837674913009e+02
3.547095653145739647e+01 1.185055707674683845e+02
3.547095653145739647e+01 1.185055707674683845e+02
2.291224953141954046e+01 1.215063237674732335e+02
4.380638153141822499e+01 1.155048177674635355e+02
4.791852453130203315e+01 1.095033117675327929e+02
4.380638153141822499e+01 1.155048177674635355e+02
5.301274284226412448e+01 1.171841106201199949e+02
6.458937453138163676e+01 1.065025587675279439e+02
8.726772164564590639e+01 1.908527707410351582e+02
9.793107453138289031e+01 1.845221367674961641e+02
4.791852453130203315e+01 1.095033117675327929e+02
4.467421907169430284e+01 1.142193330380389114e+02
7.714808153141949276e+01 2.025266547674463027e+02
5.625394953142080112e+01 1.065025587675279439e+02
3.547095653145739647e+01 1.185055707674683845e+02
4.380638153141822499e+01 1.155048177674635355e+02
3.958309953134120462e+01 1.695183717674719048e+02
1.457682453130077072e+01 1.185055707674683845e+02
1.965626842737295021e+01 1.172218178651341276e+02
3.124767453138037254e+01 1.785206307674864661e+02
1.880010653137779286e+01 1.185055707674683845e+02
8.959564953142206889e+01 1.065025587675279439e+02
1.188252065313815820e+02 1.065025587675279439e+02
4.791852453130203315e+01 1.935243957675107254e+02
1.457682453130077072e+01 1.185055707674683845e+02
3.124767453138037254e+01 1.695183717674719048e+02
6.881265653145865713e+01 1.035018057674441252e+02
1.132283371114580106e+01 8.418903216453830396e+01
1.046468153141696256e+01 9.149879376750368465e+01
3.547095653145739647e+01 1.935243957675107254e+02
3.632481684393651022e+01 1.922041966129356467e+02
7.714808153141949276e+01 1.035018057674441252e+02
3.124767453138037254e+01 1.725191247674767396e+02
4.791852453130203315e+01 1.935243957675107254e+02
1.605023315315016248e+02 1.485131007674379475e+02
1.046468153141696256e+01 9.149879376750368465e+01
3.958309953134120462e+01 1.965251487675155602e+02
4.791852453130203315e+01 1.935243957675107254e+02
4.380638153141822499e+01 1.665176187674670416e+02
1.209028479391099964e+01 9.171001522516269233e+01
3.958309953134120462e+01 1.965251487675155602e+02
4.380638153141822499e+01 1.155048177674635355e+02
