date:2016-05-03, time:0300, wind_speed:2.44, wind_dir:341.0, temp:4.7
70.350848 -269.011855
119.609027 211.284062
104.799979 184.422753
78.728187 178.057170
80.000191 160.481092
97.931075 199.525902
85.483507 196.525149
104.662338 178.232241
60.477232 166.517619
78.247197 115.127499
107.057188 178.262687
64.846738 -268.635157
61.881538 -272.069382
29.651112 -280.803623
106.286838 208.576506
94.831596 184.082529
-25.965359 -29.031232
94.620356 -208.904963
78.467883 186.914325
124.423653 112.124043
82.677328 -248.106983
27.135532 -280.594578
27.437943 -283.631919
