date:2016-10-31, time:0300, wind_speed:3.05, wind_dir:319.0, temp:5.3
-18.764875 -1.524549
93.818932 151.513854
-68.777425 130.508583
-76.806926 76.248497
10.708597 91.325679
108.924881 148.151568
53.410806 123.617897
-14.297494 49.296399
52.969523 120.851190
-81.224993 85.497288
98.387141 148.072076
135.496057 184.522137
110.782631 160.315468
-6.206168 -133.557681
131.799651 133.168661
23.426105 -170.071472
-5.936764 124.297025
106.266500 157.515360
93.818932 151.513854
-43.508686 118.246151
115.051768 139.150782
111.059644 130.078866
106.480305 133.276812
89.900883 157.322433
73.476331 112.034810
114.804676 139.238435
122.937350 130.508583
110.764985 136.263497
114.601925 133.509336
110.795753 148.245751
-81.022284 142.241309
-72.616802 79.247617
90.078124 139.060466
93.818932 151.513854
-14.270208 52.232562
-60.442000 61.491264
-13.529944 -98.378071
85.483507 154.514607
89.867319 154.345499
-5.709382 52.053746
98.643948 144.918956
52.356748 124.231649
117.091747 139.262588
94.080603 151.308336
85.957145 151.149813
-18.189092 52.056501
-9.816090 46.026355
107.536797 153.576390
102.415814 157.242101
110.747259 157.312902
102.451067 157.284351
-89.560418 145.512348
-72.091019 81.851645
-26.612255 1.037605
