date:2016-07-06, time:0300, wind_speed:1.79, wind_dir:243.0, temp:18.8
-1.520050385112900493e+01 -2.998485074662241345e+02
5.576748121788116919e+01 1.059260729766534581e+02
9.793107453138289031e+01 1.035018057674441252e+02
6.845059505355976626e+01 1.030089441951046467e+02
5.625394953142080112e+01 1.065025587675279439e+02
6.881265653145865713e+01 1.035018057674441252e+02
6.786396879686822103e+01 1.024560006226407864e+02
6.823901368674484047e+01 1.024664088718939041e+02
6.881265653145865713e+01 1.035018057674441252e+02
5.625394953142080112e+01 1.065025587675279439e+02
5.564047666351878263e+01 1.056254049489796074e+02
6.881265653145865713e+01 1.035018057674441252e+02
-2.533571821390565137e+00 8.164734716278327653e+01
9.793107453138289031e+01 1.035018057674441252e+02
6.843018323268833569e+01 1.027867081931222089e+02
4.774246220187055911e+01 1.090821012816606270e+02
4.325972207903000566e+01 1.116035019712762164e+02
9.779862377206734436e+01 1.031279991524573205e+02
4.778646162306277034e+01 1.091113353468928153e+02
-1.454159346862346958e+01 -2.985990962324952989e+02
5.568673157749105940e+01 1.059179598282714494e+02
5.615570204002013810e+01 1.060805208685428340e+02
9.793107453138289031e+01 1.035018057674441252e+02
4.357197468013295349e+01 1.122436485370034802e+02
5.625394953142080112e+01 1.065025587675279439e+02
5.625394953142080112e+01 1.065025587675279439e+02
5.538390001234187565e+01 1.052342475629986325e+02
6.881265653145865713e+01 1.035018057674441252e+02
5.596581482980407429e+01 1.062352723880594709e+02
9.785844166499994401e+01 1.032388022962702649e+02
5.591327134798464726e+01 1.057912853120106860e+02
5.598648433271181091e+01 1.061920193703329147e+02
5.573113028905228106e+01 1.058531032028916741e+02
-1.276553447577938982e+02 3.811887269090651120e+00
6.881265653145865713e+01 1.035018057674441252e+02
4.791852453130203315e+01 1.095033117675327929e+02
-1.279955532214026448e+02 6.244697279213552221e+00
5.567796664323031308e+01 1.058982162353371734e+02
-1.319419856807146232e+02 -1.331425200174159329e+00
-3.121244346854513196e+01 7.649502876747942537e+01
4.720468346273434435e+01 1.085707784026796787e+02
-1.154364340655227466e+02 4.987821630039540599e-01
3.489357591675987180e+01 1.178091562905675289e+02
5.625394953142080112e+01 1.065025587675279439e+02
6.790252692924397593e+01 1.025620203998028472e+02
4.715766731783834587e+01 1.083223559074646261e+02
5.604286960154611563e+01 1.060525911281165889e+02
6.881265653145865713e+01 1.035018057674441252e+02
5.570915009785790772e+01 1.057649476233707446e+02
6.825454332917645672e+01 1.029639787115935121e+02
-8.154477193617204023e+01 4.089784569436645967e+01
-6.337435363604304150e+00 1.961589965276094460e+02
9.793107453138289031e+01 1.035018057674441252e+02
5.527790771560529492e+01 1.052940563299566463e+02
-9.826653241398324212e+01 3.981285218976915274e+01
-1.021191254686246737e+02 1.155048177674635355e+02
-5.210657546870175594e+01 1.125040647674586864e+02
5.589287694309641807e+01 1.058793696639334456e+02
5.625394953142080112e+01 1.065025587675279439e+02
5.625394953142080112e+01 1.065025587675279439e+02
6.814432821648141214e+01 1.021733299252759934e+02
-8.192741455128924599e+01 4.858807474986690522e+01
5.590728603818978826e+01 1.059040070708382473e+02
5.599182588682853634e+01 1.061190505986878634e+02
-1.482718868571391226e+02 6.660328930418264015e+00
-2.792039069109162952e+01 1.355097460484664396e+02
-6.102848531839239854e+01 1.178753151737394376e+02
-2.728058750267409138e+01 1.339353198562874070e+02
5.533838279336983845e+01 1.052661267030878349e+02
-7.737716777211687713e+01 5.817973185480261833e+01
-7.711285046858424153e+01 4.048599276750017850e+01
-6.895621175726626007e+01 6.413098815555537158e+01
-5.274123076612669792e+01 6.390097416648598738e+01
-1.481673645546085716e+01 7.910577925509042529e+01
5.558956958698240669e+01 1.054905391122040044e+02
6.822690433376816088e+01 1.028413117409037199e+02
4.768184022737671057e+01 1.090556103424449077e+02
4.791852453130203315e+01 1.095033117675327929e+02
-2.287701846858429988e+01 1.395108417675023418e+02
-9.408628264778700157e+01 4.102739612082137910e+01
5.625394953142080112e+01 1.065025587675279439e+02
5.554118420112240528e+01 1.053842787795674241e+02
-7.378882582112980515e+01 6.935806321230018057e+01
-6.084285058647400035e+01 7.589763207372809006e+01
5.625394953142080112e+01 1.065025587675279439e+02
6.807171322726067331e+01 1.175202461482646186e+02
-2.314431375946854885e+01 1.362614363979191694e+02
7.668191453552158521e+01 1.147701208355231017e+02
-7.119988977176388012e+00 1.953654987359971358e+02
-6.507768111394416621e+01 6.489136388502042507e+01
-4.817627961315324114e+01 6.981600200552341562e+01
-6.767020627160714064e+00 1.960336347476176115e+02
3.513026290752676317e+01 1.180000854272081341e+02
5.625394953142080112e+01 1.065025587675279439e+02
6.838595939152232006e+01 1.027821249119080562e+02
4.709703668107595576e+01 1.086673966073006881e+02
3.497731305584493100e+01 1.178754536631911236e+02
1.794589600571563537e+01 1.445080377212735812e+02
-6.206168468504699831e+00 8.249653476748913761e+01
5.609251487145455428e+01 1.061194169841711812e+02
5.601204625981448260e+01 1.062112318843617658e+02
1.022215284199992347e+01 1.480840334185741654e+02
-1.112449799629397802e+02 1.324019023443750598e+02
-8.193184069049277696e+01 1.204885668865763506e+02
-8.150244223460288140e+01 1.277722746770373874e+02
-7.374564221029194755e+01 4.264247524925255561e+01
-7.804326655521786904e+01 4.672877038812365669e+01
2.291224953141954046e+01 1.485131007674379475e+02
-7.857917020002903996e+01 3.772107540908983481e+01
-8.136552370378012711e+01 4.308850336320686836e+01
-8.544827546870301660e+01 1.305085827674877805e+02
6.847874562189647918e+01 1.026888044486062483e+02
3.460385498724229336e+01 1.173812526575298136e+02
6.835756248536333146e+01 1.029447726911862731e+02
-8.544827546870301660e+01 1.245070767674780967e+02
5.568125726541435938e+01 1.053218674718821291e+02
-8.220995499164257581e+01 1.203691221039221517e+02
4.778586036803152126e+01 1.090873706018770832e+02
-9.046646182021481764e+01 1.324219710144198530e+02
-9.397429520029558603e+01 1.271537602794479511e+02
3.070820127445699299e+01 1.925581129655316772e+02
2.265000126678162218e+01 1.871720453045422232e+02
2.591117697483258198e+01 1.941407902823248151e+02
3.477388038294240147e+01 1.952955614895330996e+02
2.690290889321013523e+01 1.961688383015202533e+02
3.112857955703511337e+01 1.931116851249115598e+02
