-1.090006408619094032e+02,-3.000709187109406685e+03
7.231810528010702228e+02,1.019850315609413656e+03
6.857572582543028830e+02,1.024159484093266883e+03
7.255678434278182749e+02,1.025320846968989372e+03
6.018301206398915610e+02,1.054061667276150501e+03
5.565201487408470484e+02,1.049577356360691510e+03
6.847929396895513037e+02,1.024973116690047846e+03
1.018880148365309424e+03,1.024809579325276673e+03
6.021628916662376696e+02,1.056233456469637304e+03
6.002804287856013161e+02,1.052146180546175856e+03
5.592866509391199088e+02,1.054930874548419979e+03
6.028439284982814570e+02,1.055409805527163144e+03
5.583820765645771189e+02,1.055912371195920969e+03
6.013748470318521413e+02,1.054698690002082913e+03
6.841733716677000530e+02,1.026353475313108220e+03
6.869066757525636149e+02,1.025214742161472941e+03
7.273051603994726975e+02,1.025600999327280533e+03
4.747096144341358013e+02,1.078208160628764517e+03
5.594311700568622427e+02,1.057042392458042514e+03
1.020808267399675742e+03,1.099037888523286711e+03
9.803506140492117993e+02,1.285919921642442887e+03
1.106281685533534073e+03,1.403139447413214157e+03
1.021841461892363100e+03,1.401365363653874056e+03
7.247949349713550191e+02,1.026645766740887893e+03
6.836553198990745841e+02,1.025902026101528463e+03
6.017392400639013204e+02,1.054660679131889765e+03
9.349009727340701374e+02,1.153389052082936360e+03
5.179022458513595666e+02,1.085715787617208207e+03
1.099968291906807735e+03,1.301453301395342351e+03
6.003813325109697416e+02,1.050959879874124454e+03
1.147284493761019348e+03,1.491537001027686301e+03
1.065757310510750358e+03,1.160357049774379675e+03
1.023022916285286215e+03,1.071468273072105148e+03
1.063362480889415110e+03,1.249535186490319120e+03
9.794306146818103116e+02,1.301932480129875330e+03
9.789273274913790601e+02,1.220293167677215706e+03
1.110184384753440554e+03,1.307150353556266055e+03
1.022034601665175501e+03,1.070540285083657636e+03
8.972136145028711098e+02,1.099561433289320121e+03
1.190114993363753456e+03,1.254387345118759413e+03
1.020940214461642199e+03,1.244241500656960170e+03
1.062210792957911508e+03,1.093063231779633497e+03
9.416567637481277870e+02,1.164328152130026183e+03
1.018501914564542858e+03,1.149253362148928545e+03
9.337909309668717697e+02,1.048828864739635037e+03
9.821231357525908834e+02,1.100870609298109230e+03
1.140029176389255326e+03,1.304469199145671382e+03
1.015742724083132657e+03,1.080092762682725606e+03
9.754113132124025469e+02,1.027202607635875211e+03
6.843999754946951271e+02,1.025828581638735614e+03
7.663028131888831922e+02,1.025268369794446244e+03
6.848979468846988539e+02,1.024479287965301182e+03
-2.292522709700564576e+01,1.955939771034285741e+03
5.159890302369199162e+02,1.511340943364341456e+03
6.432736772080659193e+01,1.790401757150663570e+03
1.192072228901951121e+03,1.368636493775794406e+03
5.168100250488757865e+02,1.084762666865055735e+03
1.945936019832551267e+01,1.900988261808642392e+03
6.035352623157980361e+02,1.056838671643493399e+03
7.661001454466024825e+02,1.020882515604305354e+03
5.245628762070383573e+02,1.100412255601791230e+03
6.035781507921255979e+02,1.483142370529824348e+03
5.604216368414895442e+02,1.055683398580571975e+03
6.026721506716078238e+02,1.055483145821146536e+03
-6.435924580879169810e+01,1.955266673323933674e+03
1.023220189273924063e+01,1.730157089967899537e+03
9.780806173723934762e+02,1.073303804604293646e+03
6.863319422671808070e+02,1.025354045215066890e+03
5.609354572895101683e+02,1.056271689305131758e+03
6.825471265515755022e+02,1.019523904924741487e+03
4.752484485147938358e+02,1.085870475263905291e+03
5.986598113422120377e+02,1.049341135747783710e+03
1.074984984891446231e+02,1.757228573264758325e+03
-1.465954411600863523e+02,1.057145006403395655e+03
8.926631742995348304e+02,1.056174524689693271e+03
1.492154903685529348e+02,1.881112245522664580e+03
-6.406255830183556554e+01,1.956057241361675324e+03
-3.100371402706207391e+02,1.036358669660849046e+03
2.629042871566103656e+01,1.135314199798428263e+03
5.579834671469130853e+02,1.050328010828402512e+03
6.007943209106329050e+02,1.054699549003273432e+03
5.585499510084086978e+02,1.055753247838660627e+03
6.119570599675016354e+01,1.874520866014506737e+03
6.847489982088686702e+02,1.024675422820202357e+03
6.857545761666713133e+02,1.025110864438741146e+03
5.588054755892760568e+02,1.056679111646839146e+03
1.147656909993854015e+03,1.313178454126996030e+03
6.559020502381909523e+01,1.792344973702884090e+03
5.609769514890128903e+02,1.054858963181283116e+03
6.844465217191824422e+02,1.019930622430927201e+03
6.852618089291306660e+02,1.026414391474484319e+03
6.340668955633474013e+01,1.783153301056534247e+03
5.588244306610974945e+02,1.053305680451369426e+03
5.594546474564045866e+02,1.053936795972437267e+03
5.580970523712070417e+02,1.050808275438140754e+03
6.442321343865615972e+02,1.054503071626612609e+03
5.581859878599544800e+02,1.053723341692895247e+03
3.164984956090252695e+02,1.882610551311682684e+03
6.861844731246972060e+02,1.026067889355528905e+03
7.249034231914962447e+02,1.024520524732941340e+03
1.079766393000342362e+02,1.130566857185112895e+03
5.178010657470942988e+02,1.084466395201794285e+03
3.526898844133057764e+02,1.932148291884333503e+03
3.916737841164483598e+02,1.952700571939343263e+03
3.535775332037674161e+02,1.174854828454039307e+03
8.523144998621028208e+02,1.054259827750890054e+03
3.940050518840129712e+02,1.954609338514040473e+03
3.915916823909535651e+02,1.956833035528939490e+03
1.049722103602528023e+02,1.131175454821162930e+03
4.789004003650865116e+02,1.090350043769753029e+03
1.049146966095900780e+03,1.156467801692469038e+03
5.084870525144972362e+02,1.092101250617003188e+03
1.017991278470742373e+03,1.019833721402195806e+03
1.017684862733648970e+03,1.022826017705304025e+03
1.010171580458586732e+03,1.028012835381168543e+03
