-7.009707628560148862e+01,4.415275817696457494e+01
-7.009321940795094008e+01,4.413248751392299596e+01
-7.008911000000000513e+01,4.415471999999999753e+01
-7.009070127926108285e+01,4.415439020952091198e+01
-7.009069925917036414e+01,4.415463764535482483e+01
-7.008766804433068387e+01,4.415490105758501471e+01
-7.009070691612275539e+01,4.415464210633632547e+01
-7.009929127965060047e+01,4.412576132558189101e+01
-7.009070040763606357e+01,4.415437135817033010e+01
-7.009023999999999432e+01,4.415498999999999796e+01
-7.008993481694150773e+01,4.415495816732104828e+01
-7.008579369048538865e+01,4.415545419654517900e+01
-7.008991820089235603e+01,4.415497308330058956e+01
-7.009105773019925323e+01,4.415436501174225015e+01
-7.008882626827909235e+01,4.415517531664015394e+01
-7.009594220766963701e+01,4.414411809897708139e+01
-7.009113571843978718e+01,4.415467103863598197e+01
-7.008804681077816667e+01,4.415437800325966577e+01
-7.009929758123182353e+01,4.412764788195069343e+01
-7.009060999999999808e+01,4.415444999999999709e+01
-7.009511000000000536e+01,4.413906000000000063e+01
-7.009967061644194075e+01,4.412850515534572082e+01
-7.008880877281721666e+01,4.415437853786516342e+01
-7.010035999999999490e+01,4.412879999999999825e+01
-7.008847747319708787e+01,4.415467461454599629e+01
-7.009074839705623106e+01,4.415494593714981164e+01
-7.009407344692596098e+01,4.411928363299117706e+01
-7.009105988453454472e+01,4.415436625620233002e+01
-7.009103548440272391e+01,4.415438455444212451e+01
-7.009066679738280925e+01,4.415464713801281960e+01
-7.009069760521011005e+01,4.415461831839981244e+01
-7.009068457221053450e+01,4.415437448228193063e+01
-7.009023999999999432e+01,4.415525999999999840e+01
-7.009072104695609085e+01,4.415466571386807004e+01
-7.009071466355914026e+01,4.415439309833784876e+01
-7.008918350406716513e+01,4.415497174790965573e+01
-7.009923999999999467e+01,4.412718000000000274e+01
-7.009068268522506173e+01,4.415466599917847645e+01
-7.008815116352123198e+01,4.415442035656733566e+01
-7.008992128032610935e+01,4.415497351203296006e+01
-7.009106534376876141e+01,4.415437187773542149e+01
-7.008804599364310661e+01,4.415462761408598880e+01
-7.008993246415738554e+01,4.415464215921518587e+01
-7.009023999999999432e+01,4.415498999999999796e+01
-7.009069338963274731e+01,4.415466137096409938e+01
-7.008807714069976669e+01,4.415517908296843075e+01
-7.009705031024560640e+01,4.415249546645894441e+01
-7.008874000000000137e+01,4.415471999999999753e+01
-7.008986000000000161e+01,4.415498999999999796e+01
-7.009069264391398235e+01,4.415465640199731467e+01
-7.008577429109739398e+01,4.415573380351831645e+01
-7.009069756042563881e+01,4.415435876308775676e+01
-7.009068620844946906e+01,4.415465815447014108e+01
-7.009068692472337148e+01,4.415466392641760507e+01
-7.009023999999999432e+01,4.415471999999999753e+01
-7.009068203489523796e+01,4.415437365895085975e+01
-7.008686000000000149e+01,4.415471999999999753e+01
-7.009067125243275598e+01,4.415437931209392985e+01
-7.008806274701241534e+01,4.415466259969043250e+01
-7.008955848255926924e+01,4.415463977234100668e+01
-7.009104137288812808e+01,4.415438189394021151e+01
-7.009069262745003925e+01,4.415437214718761538e+01
-7.009060999999999808e+01,4.415444999999999709e+01
-7.008955779169299660e+01,4.415467846248496642e+01
-7.008955166447019280e+01,4.415496039837375264e+01
-7.008986000000000161e+01,4.415471999999999753e+01
-7.009067095008430215e+01,4.415463704137882672e+01
-7.009067998416378487e+01,4.415466404928615418e+01
-7.009068745684230350e+01,4.415437558246868832e+01
-7.009066897837395516e+01,4.415464055839829172e+01
-7.009030380471679678e+01,4.415464421143819607e+01
-7.008806703201376820e+01,4.415436597644995231e+01
-7.008993505431223525e+01,4.415492594283173844e+01
-7.009069864983365505e+01,4.415461977369216129e+01
-7.008917277114241529e+01,4.415496158523905024e+01
-7.009070402016216406e+01,4.415439305246179202e+01
-7.009067477399800339e+01,4.415464470668254648e+01
-7.008879084703026763e+01,4.415489449364688568e+01
-7.009066915116125074e+01,4.415467375723479648e+01
-7.008992078411004911e+01,4.415496430261883631e+01
-7.009069682474468266e+01,4.415466102510715984e+01
-7.009068950012331811e+01,4.415465507620258023e+01
-7.008955334557717265e+01,4.415493956633105199e+01
-7.008955714542931048e+01,4.415496731639680661e+01
-7.009060999999999808e+01,4.415444999999999709e+01
-7.009069095218340806e+01,4.415463144054171352e+01
-7.008805703019339717e+01,4.415465327191300560e+01
-7.008991603301035411e+01,4.415495772102848093e+01
-7.009065806245200747e+01,4.415436349063192267e+01
-7.009069110266815983e+01,4.415465317648907728e+01
-7.008955832350788739e+01,4.415463676626533385e+01
-7.009105435311859367e+01,4.415436770609031214e+01
-7.009068763077937092e+01,4.415436958957823066e+01
-7.009060999999999808e+01,4.415471999999999753e+01
-7.009072058032651853e+01,4.415436827849786994e+01
-7.008991824738116350e+01,4.415464086822941425e+01
-7.009106242495603567e+01,4.415436135977319765e+01
-7.008992941865064097e+01,4.415492830643864153e+01
-7.009070267393143183e+01,4.415463181359464784e+01
-7.008695093722582214e+01,4.415466106963113191e+01
-7.009060999999999808e+01,4.415444999999999709e+01
-7.008948999999999785e+01,4.415525999999999840e+01
-7.009069844172701380e+01,4.415467287614416136e+01
-7.008992225883848448e+01,4.415496946099512598e+01
-7.009068610256677800e+01,4.415465894083438059e+01
-7.009070467442057861e+01,4.415464446709983548e+01
-7.008683769035175715e+01,4.415518956091850811e+01
-7.009066204616794948e+01,4.415462376341044148e+01
-7.009066676980870625e+01,4.415439363260460937e+01
-7.009106467390290618e+01,4.415437735687549292e+01
-7.009061669739365641e+01,4.415465388756033605e+01
-7.008469881809077151e+01,4.415626406963394146e+01
-7.009704868594715776e+01,4.415247607811271280e+01
-7.009702877869423787e+01,4.415273538614713544e+01
-7.009742671378198509e+01,4.415250675929149793e+01
-7.008991362437770078e+01,4.415519789127814221e+01
-7.008986000000000161e+01,4.415498999999999796e+01
-7.009031752752473210e+01,4.415493444937638401e+01
-7.009108010806482980e+01,4.415437875580533245e+01
-7.008992372888101841e+01,4.415465868184866594e+01
-7.009060296785720823e+01,4.415438309016357010e+01
-7.008917437763015812e+01,4.415496901930232809e+01
-7.009060999999999808e+01,4.415444999999999709e+01
-7.008986000000000161e+01,4.415498999999999796e+01
-7.008843020431282866e+01,4.415438878480618001e+01
-7.008693872296997540e+01,4.415466476230336923e+01
-7.008805824046513067e+01,4.415466079974589775e+01
-7.008808150510985513e+01,4.415466474218253268e+01
-7.008542776963282961e+01,4.415599386729365960e+01
-7.008572914255066166e+01,4.415572048747378631e+01
-7.008544545010545335e+01,4.415600746459573855e+01
-7.008992772233816027e+01,4.415496019214927514e+01
-7.009290511129444212e+01,4.414059803453882580e+01
-7.008911000000000513e+01,4.415525999999999840e+01
-7.008945667257937373e+01,4.415465325140809227e+01
-7.008768511028466719e+01,4.415463143516691247e+01
-7.008799000000000490e+01,4.415444999999999709e+01
-7.009293380881662472e+01,4.414032575462347552e+01
-7.008692341966772688e+01,4.415492195697646594e+01
-7.008845123948465528e+01,4.415491764853541667e+01
-7.008911000000000513e+01,4.415471999999999753e+01
-7.008919436016678617e+01,4.415490921820794767e+01
-7.008880987081413139e+01,4.415492952458701126e+01
-7.008881873334782142e+01,4.415518696198967774e+01
-7.009107402465718906e+01,4.415437305401581369e+01
-7.008848280318203194e+01,4.415521338712821375e+01
-7.008955023285821540e+01,4.415491886830895396e+01
-7.009070646360289913e+01,4.415435290761693210e+01
-7.009067380333613073e+01,4.415438615710908010e+01
-7.009105133031043522e+01,4.415437930142301326e+01
-7.008695228049685966e+01,4.415495464352910204e+01
-7.008692401083619927e+01,4.415464992067418137e+01
-7.008920034214898465e+01,4.415519590239197356e+01
-7.008879035799778023e+01,4.415465905381968525e+01
-7.008992428916209860e+01,4.415522989362725070e+01
-7.008992773057723014e+01,4.415518717133939219e+01
-7.009060999999999808e+01,4.415471999999999753e+01
-7.009068316933097265e+01,4.415439852768218998e+01
-7.008957071436871900e+01,4.415465880133395871e+01
-7.009070632170728743e+01,4.415466183546979551e+01
-7.008918954995269246e+01,4.415492403590874915e+01
-7.008886775541334657e+01,4.415520645844785719e+01
-7.009067731038547322e+01,4.415462238606730949e+01
-7.009059924390984975e+01,4.415464794501560419e+01
-7.009067898283183240e+01,4.415465060266236463e+01
-7.008767807671726757e+01,4.415492904446562505e+01
-7.008768486849641022e+01,4.415522863998057090e+01
-7.008948999999999785e+01,4.415471999999999753e+01
-7.009006776755919077e+01,4.415497264176251946e+01
-7.009069691755287579e+01,4.415463263844864628e+01
-7.009067987857673643e+01,4.415462783665589797e+01
-7.009069173461065816e+01,4.415465455225947977e+01
-7.009106450501957397e+01,4.415437075019536195e+01
-7.008941287163604272e+01,4.415491266244396229e+01
-7.008952488628098365e+01,4.415520023609748534e+01
-7.008992179606806872e+01,4.415497122771629535e+01
-7.008919664651789105e+01,4.415463933351863801e+01
-7.010040791719994502e+01,4.412818235079748774e+01
-7.008885593952386728e+01,4.415439968716308528e+01
-7.008917762094600334e+01,4.415523111177667914e+01
-7.008873200082179267e+01,4.415465519568385133e+01
-7.009067319060937962e+01,4.415463737509912789e+01
-7.009033000654767420e+01,4.415461565546055311e+01
-7.009068379612860156e+01,4.415439234481341657e+01
-7.009060999999999808e+01,4.415471999999999753e+01
-7.009104259537561177e+01,4.415438602138046775e+01
-7.008948999999999785e+01,4.415498999999999796e+01
-7.008954122778580142e+01,4.415462942381971345e+01
-7.009106643394738967e+01,4.415436444987326325e+01
-7.009032748756945352e+01,4.415464269706670564e+01
-7.009069379293299562e+01,4.415438011354545722e+01
-7.008917465009508874e+01,4.415491426284929588e+01
-7.008956638611341816e+01,4.415463288902469685e+01
-7.008807333451848365e+01,4.415463336458205390e+01
-7.008806370666246721e+01,4.415437514370361782e+01
-7.008807248174318261e+01,4.415464033215169337e+01
-7.009060999999999808e+01,4.415444999999999709e+01
-7.009060999999999808e+01,4.415444999999999709e+01
-7.008955353088454387e+01,4.415493920442731479e+01
-7.008995053397013919e+01,4.415467156831874718e+01
-7.009023999999999432e+01,4.415525999999999840e+01
-7.008990448848585686e+01,4.415488156592617486e+01
-7.008954531441141000e+01,4.415464835103416164e+01
-7.008879083171696323e+01,4.415465869456164683e+01
-7.008880326415287243e+01,4.415466486885300412e+01
-7.008835999999999444e+01,4.415471999999999753e+01
-7.008829876830370154e+01,4.415492872619248033e+01
-7.008993837918011138e+01,4.415465932511452252e+01
-7.008980789864196481e+01,4.415492443563545066e+01
-7.008908833659612014e+01,4.415465380251595207e+01
-7.008993883962953930e+01,4.415464705139481794e+01
-7.008806393835463666e+01,4.415519200709513115e+01
-7.008843254106912468e+01,4.415519949345677020e+01
-7.008805061263123548e+01,4.415497338793362303e+01
-7.008957142739261315e+01,4.415463184488946524e+01
-7.008932935819875354e+01,4.415495180453598323e+01
-7.009108560829291434e+01,4.415436093172946386e+01
-7.009103924425822640e+01,4.415436885185898319e+01
-7.009072255539400942e+01,4.415463618512777089e+01
-7.009033186575075547e+01,4.415465053912229365e+01
-7.009104566892041532e+01,4.415464498303927598e+01
-7.009067115864736763e+01,4.415441724228366382e+01
-7.009099000000000501e+01,4.415444999999999709e+01
-7.009099000000000501e+01,4.415444999999999709e+01
-7.008842523741068931e+01,4.415443127623166930e+01
-7.008835999999999444e+01,4.415444999999999709e+01
-7.009060999999999808e+01,4.415444999999999709e+01
-7.009104762959782420e+01,4.415443203434887209e+01
-7.008722115133035402e+01,4.415462082036395941e+01
-7.008695879641541637e+01,4.415464612499753372e+01
-7.008956235572470916e+01,4.415496282272635398e+01
-7.008986000000000161e+01,4.415471999999999753e+01
-7.008844882995508385e+01,4.415491632274306966e+01
-7.008844457106263803e+01,4.415491581467416182e+01
-7.008908778063057810e+01,4.415471904844894624e+01
-7.009099000000000501e+01,4.415444999999999709e+01
-7.008991570860550269e+01,4.415491095682188671e+01
-7.008985705762161444e+01,4.415505130073348283e+01
-7.008993045064325145e+01,4.415549327520187006e+01
-7.008867061045742730e+01,4.415475990054481770e+01
-7.008867968838828233e+01,4.415438873924382079e+01
-7.009102264966489315e+01,4.415435893189925309e+01
-7.009090495539525989e+01,4.415417696012602278e+01
