date:2016-09-19, time:2100, wind_speed:1.6, wind_dir:184.0, temp:19.0
-1071.030756 1030.573449
-450.349105 -2810.485610
-694.766784 882.738535
474.882712 1514.335980
-448.190981 -2811.515189
-778.628612 1244.857160
-409.571908 1089.618978
469.447273 1090.486173
-776.757111 1002.041321
-441.390955 1305.925013
-533.065866 1271.774700
-1488.817696 398.774353
-1573.814319 369.352233
-607.395898 885.563445
-988.178394 -1188.782438
-1317.331417 -406.732968
-154.446696 -2986.072823
-1242.509194 188.415776
-1237.429441 130.030910
-695.028516 730.635372
380.193679 1270.625596
-949.054660 37.504573
-531.684932 1359.449204
-563.964793 1303.196215
-1117.910069 339.244312
-1361.747935 -375.561839
-779.595525 1180.495940
761.142987 1481.864626
-76.254810 1391.083059
-980.702393 45.406830
-943.452592 853.820850
-655.692470 -2567.342534
-276.553080 972.087987
-1608.382834 585.767641
-616.796629 1300.843986
-528.577082 1271.182779
-575.787505 -1879.142092
760.867314 1481.650195
-1070.385654 -18.776020
-1279.135102 161.388922
-823.595370 1537.760164
-402.826211 1181.385364
-322.615828 1537.780510
-611.813141 523.261711
-569.107486 1303.232837
-569.606312 1333.007385
-1567.698148 971.008597
966.631476 2081.355158
848.418393 2084.992200
-1193.806992 971.156875
-992.555842 1360.546068
-1733.773181 792.491837
-1445.548348 611.984498
-282.142072 1601.358806
-651.923861 489.574108
-1192.275654 942.923777
432.378292 1122.398066
-1074.493619 430.177470
-736.819681 1695.316288
-116.929589 1479.020110
139.092460 1421.565846
-575.948682 1059.945804
-1154.779747 879.389188
-982.954161 166.575160
-1235.109844 1545.627984
-822.599815 1479.737930
-531.143953 461.403680
-689.600423 1091.854613
-569.539934 1120.338265
-697.593808 1149.984777
-828.106792 880.983394
-861.480200 880.353189
1265.101984 2354.099411
805.566014 1570.500659
-783.091100 1301.478528
-779.654412 853.320626
1431.337936 2170.183582
-1362.566394 1422.044177
-363.717920 1302.429606
-1441.876315 823.243196
-944.105984 312.955385
510.630013 1905.253094
-1443.699909 582.963482
-731.935714 403.093432
-1074.726042 1661.901721
-1242.858617 850.007600
-1155.067941 312.645093
1052.647932 1571.325837
-76.824649 1450.131644
-1157.579254 1421.737318
-1410.022753 850.880709
-320.372493 701.156461
-698.826819 1720.076034
1224.534375 1484.062106
-1072.062493 822.384127
968.767777 1660.395753
-237.007151 1544.275136
1183.095732 1724.135492
1176.103879 1691.951756
1223.691851 1752.831260
-693.147534 910.619212
-1279.868475 399.600643
-1286.548528 340.553940
-1067.206870 309.597062
-1073.658464 309.116236
-1070.120962 342.991135
-1404.195718 912.523446
-1282.846754 1392.583481
54.181346 1394.297343
-1731.819974 766.746308
-735.446024 464.051742
-1153.478034 161.076368
-444.387177 1300.849512
-1402.843165 1390.422023
-533.193211 611.152395
-947.277420 580.674125
1308.746799 1783.581859
1427.570987 1869.677049
1225.510163 1752.371742
-937.837005 1515.138538
-442.999607 1483.531289
-824.977340 340.706462
-1072.069458 130.626300
767.154346 1483.504425
676.082740 1481.604253
388.150836 1332.842571
-408.789773 970.644588
-613.598613 911.190473
-446.761602 1364.245401
-567.587894 372.843447
-487.248243 731.010762
1304.553319 1904.262320
52.515715 1389.764200
-1448.652322 851.738419
-785.394873 192.449921
-568.136454 1333.519356
-569.251036 1333.338825
1552.822139 1903.756663
-733.412761 1515.220934
887.844998 1484.354634
1466.233303 1871.310534
424.256741 1118.460578
1308.766425 1842.214085
-1116.132087 851.128379
-862.104349 459.794528
-693.442828 431.304585
-864.434207 607.664264
-865.925617 611.396931
-1236.037285 880.931319
352.625331 1185.680457
-1402.658272 614.106614
-1485.881277 614.480712
-1029.965535 582.642708
-231.395938 1065.391701
631.076097 2171.116813
682.596034 2171.729393
-1607.676612 1304.599959
-401.031714 1030.213248
-1733.391475 973.318081
-1192.135186 825.516815
-1150.434585 673.043566
-616.804629 1481.913486
1348.401980 1452.128900
-566.384375 1153.618047
-1732.632786 763.685562
1393.264910 2177.913507
-1153.409850 882.628980
1100.551144 1061.699192
-1360.079487 642.485899
474.389450 1425.584323
-734.323428 1185.036186
-647.385510 1067.665300
-1232.527037 885.827220
-823.627659 791.728120
-1196.493357 643.030667
-1116.560679 191.634512
1137.289037 1723.606677
803.619747 1481.583594
-579.364656 850.706305
-995.786297 1480.703373
-1158.464001 1447.862499
-991.288744 1511.373102
-980.915818 1696.035167
839.977109 1630.484792
-1190.883699 1213.550272
-1154.096582 10.657804
-1857.672681 285.020109
1348.898346 1272.280671
-946.619560 -81.218339
-775.813920 404.155046
-905.321193 432.664159
-111.603323 1453.077459
1057.283179 1454.269011
305.209837 1302.222561
-1079.622196 790.285897
-949.649430 493.481121
-1156.755228 -169.293420
927.676964 1899.892603
889.191087 1753.612307
-653.002573 1153.168530
-732.120322 464.381639
-863.209593 370.368141
-1035.352858 -198.072951
-1112.320745 821.659056
-1067.595799 854.505997
1469.003694 1870.102943
-1740.639379 762.568664
-1199.179680 428.118689
-906.722062 1784.633851
-1199.344980 1389.283659
847.161152 1481.236637
933.789687 1480.888268
640.389002 1483.148734
-1195.559688 1269.289235
-1148.639559 1306.038557
-1741.096420 819.832586
-533.807809 311.076559
-819.296846 1035.606995
-401.717860 1094.586401
-315.782884 1064.481704
-1361.046565 250.568162
-1152.041597 -18.214554
-902.811588 521.464619
-489.762720 1177.898791
-775.347132 944.133727
-700.148291 1000.812020
1347.542584 1425.087329
-1030.456583 1511.388059
-740.475031 791.689391
-652.770407 1272.549938
-653.632399 1301.190602
-983.124876 1423.301062
-1567.143526 731.859938
1353.408958 1214.791817
-1202.702702 249.456020
-1616.488832 883.309036
-937.837005 1365.100888
-988.326447 1392.778894
930.634986 2021.156585
-652.580641 1330.679114
387.435345 1331.827844
-1483.468607 978.654378
-1191.837326 820.860953
-1200.291566 370.930434
1469.010240 1899.263679
847.215204 1630.470816
-736.799023 1601.550197
-822.930399 339.945333
-1275.917977 -438.068503
1427.458424 1962.145806
-1489.548401 1420.894331
-1067.477246 1579.431724
-313.699611 1576.844908
1308.358064 1450.392154
-1069.674488 1424.201195
216.243374 1300.210379
-945.447030 -169.978760
-823.743867 -260.311204
-403.015352 1273.486194
-1772.667701 614.294857
-1783.395497 609.333253
1095.627272 2261.882307
808.209225 1576.812997
389.116970 1333.687401
-280.145901 1093.127794
-71.487150 1151.554434
1349.599795 1182.513029
-494.327937 1270.458275
1220.532014 1751.638947
-774.220747 1397.242854
-72.332348 1032.806192
-1033.328606 883.556654
-650.777959 703.016792
-653.118792 551.159365
-1156.506933 -142.194648
-1072.309814 -167.311053
-1862.149153 283.109735
-1858.182404 281.405605
-904.290737 74.652742
-191.530891 1181.576223
-1739.962135 640.618212
-280.458023 1271.036377
-1319.271878 1481.414926
-778.396169 820.113030
-1024.980262 1036.419322
-992.465714 1090.846970
-1196.553520 101.193654
-944.187258 1510.617821
431.239611 1124.498102
431.629292 1122.033634
10.569661 1449.485180
15.472124 1429.051275
1171.940108 2110.998571
-451.146138 1509.595419
-452.856721 1510.691417
-986.097460 -107.146143
-1236.859091 909.211190
1096.136854 1063.963098
-946.260226 1421.153550
-570.339165 1331.321294
682.584133 1483.256792
-406.726386 1120.348772
-404.334477 1481.605132
-449.706527 1510.464572
-487.081468 1513.318264
-1243.333410 250.830546
-1154.502284 283.546885
-1155.443312 282.102224
1435.587620 1875.431920
-1278.713695 191.792311
-863.886322 340.224390
-819.571997 311.047846
-1733.411546 551.907886
-779.701648 1330.910211
386.238517 1273.644641
385.745807 1301.602354
340.314230 1300.838460
-1325.021023 852.473683
-1485.582494 582.456002
-900.694764 1123.534374
-780.894327 1150.746097
-698.982741 400.410598
-654.678549 404.803542
-817.098201 372.497030
-742.576814 373.093428
-1113.419300 881.536189
-1239.848506 852.326606
-407.509014 1270.648427
-319.569232 1210.679707
-1239.860161 1628.078442
-1114.155994 1629.353179
723.917894 1485.210892
-1570.267871 1329.691837
1178.442392 2322.019262
1516.992430 2026.893349
-365.754647 1843.431320
-1196.016743 1600.072775
-773.466952 1574.317048
-446.761961 942.297111
-1197.791890 731.571609
-605.626466 1574.833699
-527.752440 1573.308567
-570.468055 1543.520691
-1147.692770 1395.629979
-1315.871570 1421.250462
-1195.398230 1393.629661
-1273.549708 1544.151782
-1446.367788 403.723137
-901.813843 1152.405332
-530.560199 1242.241903
-1241.246891 700.444776
-655.490258 1393.232248
-656.652070 1451.077788
758.375092 1481.048965
1007.714246 1688.739087
965.211403 1900.328183
1141.029355 1994.828808
-1202.595135 131.944200
-1697.302251 730.534300
1102.452418 2146.624181
1140.917021 2113.993110
-736.325333 1636.400203
-738.162186 1660.917213
-944.411410 1305.678232
1184.759340 1995.495235
1264.289322 2022.682343
-363.123954 913.868756
1477.324920 1874.952484
1471.088120 1870.336348
-736.852326 281.790221
-905.239668 1633.730911
-1573.304944 882.726617
-1572.405561 822.797140
763.885045 1482.545115
1052.733507 1447.674452
1051.037224 1451.246582
1096.680019 1451.716415
-567.534828 853.365553
-531.891711 820.501902
-1065.695928 -166.000803
-1197.888846 1452.626963
-1159.516986 1419.604995
-1200.739106 1420.821401
1387.723805 1809.066992
1349.068310 1845.551316
1346.453416 1844.121604
1352.540434 1848.409923
-909.426871 577.690688
-906.624698 580.271897
-317.776111 1875.502728
-731.287923 975.075230
-737.764067 941.982058
-1489.498285 881.097090
-1195.196149 824.268790
1184.051892 1994.432909
-1069.919998 1872.641603
-655.456285 1691.966885
-779.612159 1635.779464
-984.987568 1455.272800
-1151.925152 1335.984948
185.286590 1338.056560
-1316.176953 1303.353102
-859.413245 1275.660551
-1034.168253 1118.451764
-939.662623 255.900527
1224.614846 2237.651163
-868.069577 1539.935588
434.236461 1155.377783
-480.629484 1062.165180
-1402.780858 911.249492
-1314.312479 916.616943
-1025.602907 315.480940
-947.657654 1302.820649
-943.835944 1303.370549
1383.521432 2260.456803
1260.768497 1630.574585
101.578125 1335.766783
-855.824437 1156.358555
-825.963537 972.240748
-1617.631110 941.509607
-1648.012012 857.840978
-1066.462076 315.017239
467.688054 1871.091991
-1446.098308 608.369861
-1399.358662 586.962339
852.258080 2060.037748
840.330034 1751.708901
-1229.021185 1485.131008
-775.124349 1485.607597
343.882104 1479.899091
-1571.913350 1210.388890
-1358.498080 1184.188150
-1036.191181 878.913201
-1524.540955 798.137084
-244.109798 789.908813
-1155.809295 699.312083
-650.767790 1273.548386
-612.584134 1302.463169
-656.749667 1301.929784
-650.554150 1303.084090
1549.901982 2348.744719
1387.674909 1782.161599
1180.867074 1451.051795
-824.959954 1329.722714
104.646815 1305.085828
1347.678072 1268.591109
-783.217004 520.985340
-1369.024014 1180.385328
-1316.261838 1184.080135
-1282.687021 1179.376788
-1402.858227 1182.682606
-487.593739 1208.746660
-486.796390 1210.011685
1311.187375 2207.040467
1300.927952 2172.447710
1309.379222 2203.992540
-867.416747 1479.850509
-782.648905 1479.133282
-857.398999 1487.101713
-523.987509 1125.902534
185.715962 1425.794038
260.137565 1419.919648
-1614.152511 730.519211
-735.767503 1631.268147
1341.285904 2321.256943
-617.996707 790.487523
1517.855683 1908.167661
1465.163903 1901.115663
-1149.738280 314.609432
-781.079997 339.807643
1342.373577 1418.751376
1352.704099 1426.370879
1340.793534 1419.851573
-565.761380 853.193689
-481.736235 1125.848175
-484.547142 1156.305354
-442.218736 1304.308959
-450.313904 1329.289302
1088.827368 2232.468582
1338.171701 1391.181319
-1238.239514 1091.406784
-738.850250 70.412814
-1237.048977 1543.684201
1093.095433 1060.353631
1089.763318 1058.255018
-731.717575 1124.274844
-739.596359 1151.781267
881.805258 1605.137057
885.956773 1602.300469
1018.682240 1575.367178
1013.445687 1540.844669
-1109.599545 1427.019191
-1115.967059 1420.808410
-611.659166 1279.214605
-605.848192 1299.902855
-1450.855364 609.382342
-729.583710 1207.947993
-740.478767 1178.687620
-739.989623 1162.460625
973.871987 2265.427992
1599.071191 2264.433841
1640.624652 2054.589638
1182.387801 2021.183718
1222.982028 1755.262126
763.954117 1723.048055
766.619602 1570.907847
-650.949587 1540.342101
-983.642733 1482.645179
-1029.656285 1207.395482
-1237.267132 970.153155
-984.067481 944.052494
-149.028766 850.538969
-694.645805 674.557331
-1067.553366 401.117354
-858.601046 373.134159
-733.321382 284.999985
1391.677116 2295.844162
977.110116 1844.596604
-650.554792 1753.630409
1473.596618 1754.276578
1518.753986 1485.392385
225.103017 1423.789266
-607.273902 1392.208813
1387.296954 1304.743860
-1444.217745 1245.925324
-899.531277 1245.940106
-815.405962 1095.944115
-815.905312 1063.543178
-1649.634112 1005.081117
-1524.341819 855.428520
-1026.685176 795.281971
-399.748389 704.546971
-943.562378 524.462840
-815.718350 42.513414
-857.420403 -74.390695
-1108.577265 -1066.724136
1394.337519 2445.457449
1559.142441 2415.269787
1518.235700 2207.070853
1644.258983 1963.731191
-355.519639 1905.892604
1601.064104 1877.162775
726.088314 1574.526576
-1440.167139 1095.201817
-857.614108 945.499298
-943.675853 554.618332
-690.380146 404.157548
809.088834 2176.635779
-645.956665 1875.951867
-856.767661 1813.864707
-940.954484 1783.839410
1432.709929 1757.922130
-982.007051 1695.485122
143.322513 1699.218274
185.095113 1608.240378
807.362479 1577.778362
393.041060 1546.981339
515.590946 1396.625975
518.536147 1365.526175
-357.314133 1067.172025
-771.761532 977.369387
-438.416452 976.256923
-64.185485 797.735215
-1148.973273 766.889673
-276.439333 646.983475
-901.313942 107.344326
1351.701357 2418.463865
1686.224813 1968.691856
102.520889 1876.988339
978.052490 1848.117692
1311.123449 1786.354675
-396.144017 1727.019161
-1273.418025 1547.911993
21.671862 1545.078616
-1399.982649 1400.131114
268.816954 1365.949708
-1275.000573 1278.119983
519.761135 1097.061044
-1148.479539 648.120574
-733.080849 526.278171
-940.109747 405.969899
-1064.327095 257.744334
-734.381941 225.847374
-647.061272 105.627642
393.909583 1337.625392
394.176534 1335.087320
402.071228 1342.004079
382.155911 1337.795783
392.535090 1338.732274
-1141.844378 769.777124
-1149.128450 777.339612
-1144.130977 765.589514
-1146.871550 778.581800
-1161.587646 763.234624
-1193.025464 143.301425
-1155.696832 175.841186
-1147.045457 150.947545
1445.342594 1873.300243
1475.179499 1845.345814
1431.786009 1846.702072
1430.672914 1878.970940
1556.108454 2057.646377
1101.389677 1879.209743
-569.053546 1818.319318
974.809947 1607.950818
-734.208776 1549.915604
475.697503 1548.598818
-276.819112 1486.465081
640.768722 1488.599444
-106.505432 1458.381403
-528.697284 1369.044116
-983.576824 1336.049747
474.369340 1340.212448
432.920296 1190.223946
-27.238362 1008.146328
-1235.892631 886.735449
-817.381569 890.258074
-67.674826 859.867911
-941.679469 288.031060
-900.285377 196.320166
-777.790118 -12.205945
-1107.901436 816.332268
-1108.385435 845.229211
-1105.942072 807.745966
-1108.444964 821.275910
-1108.200809 795.877508
-1403.387639 586.783233
-1395.729685 554.897578
-1393.336313 593.624002
-1412.402960 581.905609
-1354.608255 1155.048178
-1361.160100 1158.139519
-1356.270171 1188.962114
-1360.591355 1187.762211
1266.942019 2421.554562
1349.645753 2179.625544
1264.942142 1997.855616
-608.899482 1637.613323
-109.943832 1547.576321
-485.175257 1278.819564
140.104323 1278.292013
-149.586462 1158.217351
-695.065079 1127.629570
514.659048 1099.577871
1138.759661 1069.388284
-110.894683 950.258392
-1153.335251 708.192878
-690.869877 408.421726
-819.326336 48.080787
1390.911357 2058.527586
1390.314988 1818.181320
-359.321047 1667.300859
-1277.627693 1577.854022
516.985399 1579.275949
1389.036734 1548.493250
-151.303362 1213.623639
-357.849196 1034.775307
-651.146940 735.359786
-484.633240 678.450589
-817.462344 -100.391741
519.436287 1577.956150
510.749290 1580.900461
513.395454 1575.515907
1365.911700 1844.194840
1340.969590 1853.143334
1351.759598 1850.090391
1347.750412 1848.716336
761.336984 1485.382336
764.015353 1487.365674
762.712559 1486.990845
1359.551330 1851.007850
1353.484485 1844.710063
1354.960565 1875.228898
1387.418500 1817.462257
-611.950966 1367.991402
-613.992179 1365.705013
-653.663922 1396.422810
-612.910758 1396.204099
-109.355981 1546.260287
-100.240594 1545.364968
-97.079832 1550.496687
-99.805651 1538.576835
-567.305692 1877.099723
56.464593 1696.348952
-444.058033 1666.316750
-984.916088 1636.731724
-1151.320239 1576.870120
1182.522099 1577.365718
-26.861014 1306.706386
-609.491584 1276.470836
-275.986459 1065.553103
-1483.563840 976.904566
-1234.914962 855.855949
-984.087653 135.670891
-1062.312685 854.972878
-1065.649829 847.337524
-1069.238132 853.315949
-1062.312685 854.972878
-290.250797 643.818955
-265.953592 636.686881
-258.510584 616.359812
