date:2016-07-08, time:0000, wind_speed:2.36, wind_dir:36.0, temp:17.2
57.154442 113.098542
56.921560 113.117863
36.395141 124.559868
60.666069 112.731429
36.380318 124.707893
-51.318835 11.709572
-164.132958 7.848043
-105.497969 -250.310175
6.895426 -283.964243
-105.313694 -250.645990
-39.056599 77.354152
69.173374 109.998807
57.127282 112.429479
-34.897496 41.122699
110.971416 136.661972
69.400995 109.775998
56.986417 112.966761
-34.839838 92.939351
36.082852 124.779301
98.418766 130.947696
-10.429450 100.501053
69.079066 106.612111
-18.338871 104.162619
-13.984543 92.047328
-105.421605 -250.398302
23.617598 -284.841757
2.907618 -72.355712
-76.376788 -150.385598
-14.098507 95.123746
32.065534 -284.949350
82.047389 109.399673
-1.561479 171.426606
15.317820 125.104184
36.183166 125.147385
36.151255 124.991013
-105.351123 -251.883593
-105.700130 -250.087673
44.697904 118.651506
102.907677 110.074656
-59.841218 53.035627
-13.761380 147.314063
-72.338397 8.195025
-72.900483 9.884841
81.794638 110.097292
82.087499 109.730743
36.041183 124.914202
36.273013 125.010757
44.529328 120.017526
43.929595 118.418101
-59.824995 80.535517
-72.022125 113.294585
-97.065037 12.289135
56.938133 112.873949
56.923108 112.812123
-64.021714 152.201509
81.978038 109.586375
81.951034 109.737174
82.065352 109.910078
6.887898 189.224959
-51.476631 51.778440
-10.255661 149.122602
-105.332803 -249.959227
-105.936970 -249.316498
-105.973008 -245.610767
56.945007 115.629229
-105.571712 -243.730203
-110.422636 -246.258510
-105.121601 -247.194813
