date:2016-06-11, time:2200, wind_speed:1.93, wind_dir:159.0, temp:13.2
94.969369 142.928934
88.062872 106.863510
78.207961 103.791081
56.001455 106.591508
99.612117 163.867294
118.834566 143.121583
77.295677 146.097075
72.872577 116.248768
-47.365817 -94.331394
-6.442296 -121.499707
102.441865 155.054861
92.293247 119.039956
67.677299 112.816984
68.998559 115.813180
75.716503 103.861563
60.316482 106.625937
26.957728 121.612911
47.918525 109.503312
46.356175 109.856137
64.589375 106.502559
-32.785514 -100.155686
82.972827 133.744977
39.349334 -286.468948
35.272783 118.566188
43.647343 112.538434
93.584445 154.639760
-39.758360 13.590565
-31.108180 25.671551
104.779245 154.957282
101.909599 154.603232
72.924800 136.510089
90.669969 118.831795
59.037466 106.785340
83.739670 106.909244
4.780831 55.864352
10.464682 103.501806
29.777621 -67.200410
68.453091 103.662094
76.981947 103.529698
102.406955 179.127726
85.289129 -232.520505
85.067300 133.678190
62.809932 106.927507
18.549186 118.592870
-52.550500 -73.306714
-61.107547 -82.400397
69.011671 152.155952
43.658939 -286.520900
73.994551 115.518375
-30.487579 37.732465
89.154649 169.653253
17.140731 121.767736
50.525875 109.933648
85.299419 106.575361
61.137865 166.646990
68.812657 154.514607
50.705472 145.775519
100.643122 196.854787
10.048623 -79.378779
79.790383 103.832648
76.716664 103.732043
80.867902 145.617527
77.148082 181.521384
81.260225 157.515360
-1.480806 64.767780
-39.244876 -57.904256
43.316095 -286.447265
50.660100 109.858317
84.019618 106.941115
93.818932 106.502559
58.873446 106.748926
53.879373 151.802626
72.756004 166.594659
97.931075 103.501806
-6.590733 46.651485
47.271344 145.687408
79.718510 139.902094
84.226492 106.879114
2.129257 82.496535
42.216292 112.951094
102.404258 184.820372
105.670552 190.764312
58.633281 172.754724
53.474985 133.744036
64.405907 127.604334
2.576552 -88.047576
96.258560 154.760301
85.267855 154.615914
-13.726603 43.657772
97.312737 181.670724
31.090065 -67.463961
63.050071 145.726669
-2.532976 49.618256
0.377865 55.750261
35.470957 -67.541115
53.647318 -280.199162
13.021093 -94.115961
19.067757 -85.354005
120.011309 154.867193
31.247675 -67.541115
27.694796 -67.502662
-2.094025 49.488252
-14.715336 40.521037
102.154357 148.513101
70.188107 103.917514
103.362330 133.803981
105.792378 130.695551
71.315369 169.892440
68.655171 136.580532
12.727716 -94.179753
57.302016 -277.375633
68.665911 109.582443
85.773727 158.179548
43.570434 -286.562893
68.943345 121.634942
69.553368 130.480882
57.600300 142.905730
57.501605 139.808654
100.610694 133.813365
64.589375 112.504065
67.063468 169.874030
-14.219731 34.741860
75.618197 103.835899
36.150409 118.643344
-174.383679 22.801851
21.384095 -106.192300
61.220967 106.879189
68.812657 103.501806
68.812657 103.501806
75.646858 103.926385
41.969280 112.790243
-47.762032 -70.165189
-45.339636 -67.176306
80.821274 145.651494
72.394745 145.694345
10.249732 106.545644
97.498818 103.621291
34.627823 118.754839
-110.454550 -253.587801
75.704812 103.756779
63.259884 -277.240995
67.570954 103.926443
17.294011 121.780681
63.026150 106.834460
62.959971 106.868424
60.280870 106.567059
-2.263969 82.588521
30.635693 -67.350224
60.477232 -277.593825
35.227999 118.535574
69.440118 103.563838
5.521877 82.737376
43.806382 112.504065
43.656913 112.554804
85.692708 121.826679
85.717968 148.527867
58.750059 106.970876
90.182134 148.798096
98.000346 152.067314
33.998752 196.808524
77.976537 103.751774
57.470334 106.703302
34.230525 118.971796
67.512412 103.756087
72.924800 103.501806
63.048278 160.903790
39.583100 196.525149
126.711875 112.602307
64.589375 124.507077
59.471755 130.853190
59.512773 127.805763
77.647371 164.284856
