date:2016-07-26, time:2300, wind_speed:2.97, wind_dir:315.0, temp:22.2
-13.889103 -125.280884
35.692461 -289.875073
77.827281 102.765335
86.284912 105.663637
73.592516 102.624457
-97.381481 -4.978351
-122.624902 118.248625
77.383408 103.307181
-84.802766 45.638281
-76.608951 63.890946
-134.908899 69.703354
-114.144235 -35.086227
-38.847541 135.686502
44.469888 195.683531
-72.889568 100.501053
-97.895843 82.496535
-68.777425 127.507830
-72.889568 28.482981
-156.021730 91.254035
-76.329583 -5.740888
-172.338001 75.543922
-84.659944 15.343298
-118.093607 -8.317626
6.241400 151.513854
-147.158672 30.676193
-114.158190 111.994953
-38.887294 99.622598
-101.612188 127.094114
-101.499318 12.698672
-76.285463 -38.693674
-97.895843 118.505571
-85.234043 100.307531
-130.783408 100.014349
27.360114 -70.823889
-68.111890 132.637719
-64.368825 37.243037
-72.232654 21.608344
-38.876998 138.638351
-168.344166 18.974495
-122.902118 115.504818
27.135532 154.514607
-131.237543 112.504065
27.840599 132.764572
-26.876759 142.225302
-122.627523 16.252761
-93.543767 97.232867
-80.797355 19.042984
-89.282751 1.187357
-5.512918 138.647932
-155.682733 93.608016
27.323549 151.272747
-97.173413 -14.342479
-76.214719 96.322143
-164.579243 43.486746
-131.019998 112.324313
-39.547868 115.504818
-92.938001 57.396115
-80.589916 120.644314
-81.224993 1.476204
-122.706310 85.276184
-151.229135 66.304858
-109.833318 54.638264
-101.909307 43.248020
-72.337684 -17.102134
-126.865025 82.225095
-126.845212 28.201803
-101.687184 136.070668
85.667130 121.263515
-114.566693 112.504065
-51.633938 64.039019
-143.796250 22.481475
-80.259178 -50.768174
31.675360 141.959529
10.655419 124.224825
-93.508050 76.295243
11.061732 105.736016
-84.779729 123.614187
10.740055 121.278983
19.035895 121.294185
77.877436 102.619798
-93.053316 57.548678
48.698565 153.672253
-126.454020 114.676070
-151.911487 79.295085
-131.032917 25.302727
19.405805 126.711187
19.385255 126.623294
-35.435725 61.491264
-151.340015 36.397034
-56.030274 130.285629
-64.277038 76.246508
-97.357908 66.974181
-114.566693 31.483734
-85.194771 67.299697
-147.423587 19.052765
-60.442000 -13.527561
-89.378791 -19.724738
-68.777425 46.487499
-155.303187 69.274750
27.135532 124.507077
22.912250 130.508583
77.356805 103.301316
81.965951 102.635174
81.965066 102.701700
-88.784708 75.326949
-85.269823 79.263818
-97.108487 48.289137
-109.788936 48.711164
-93.363133 106.054455
-101.667726 99.995841
-76.870888 22.301279
-76.494854 -11.419635
69.593794 102.767329
72.924800 103.501806
48.817724 156.364574
-81.002584 67.231944
-151.325407 45.369892
-60.442000 -4.525302
31.660349 184.089786
-101.654760 72.905632
-55.653507 3.976538
-84.908927 72.918986
-80.256653 72.291986
-76.654305 69.969585
-80.992263 -25.764553
48.621718 192.724047
-76.461922 147.788034
85.483507 133.509336
-97.895843 115.504818
-152.131675 61.491264
-106.231268 55.489758
-93.783700 10.478463
-97.445313 106.044343
-93.386087 108.927882
-93.783700 106.502559
-89.302317 109.316422
-156.243818 106.502559
-22.097502 138.290081
89.811581 106.274331
85.969680 105.967601
-68.135509 78.625963
-76.460449 177.746176
-22.203637 165.703524
56.969312 156.649044
-26.833667 148.325594
-101.453836 144.637993
-114.092157 136.015930
-101.616734 60.997910
40.260434 177.633189
82.067710 165.725761
-55.388536 159.589777
-105.501939 138.674817
-126.917384 130.238151
-97.459313 99.979293
-110.454550 61.491264
-105.495063 57.585653
-72.376699 36.904674
-113.805673 0.275879
-118.391886 6.904023
-114.566693 4.476957
52.337092 184.306482
-101.926372 172.247874
-110.195074 157.236876
-85.195494 157.285992
-97.263363 147.612455
-30.764668 136.013091
-105.746030 94.039728
-155.835347 88.051963
-143.154684 63.739910
-143.246902 42.993105
-172.510463 21.937729
36.166634 177.735570
-34.829066 156.754801
-96.990198 141.349157
-85.217566 115.308340
15.280538 117.674539
-155.771710 73.069017
-59.803583 48.663682
-134.669767 42.412099
-84.806303 27.664021
31.845421 186.639040
-55.259983 168.448732
2.777606 156.668483
-134.537315 138.233559
-72.221694 135.819241
-109.919775 102.919733
-76.376017 90.733174
-39.365847 88.245398
-93.061958 57.710215
-130.592934 42.653585
-76.892091 37.226911
-114.116825 -2.005318
-93.317578 171.932009
65.095472 172.005202
-56.003596 157.239114
-97.665989 145.287096
-93.100911 45.639928
-110.269623 37.211750
-72.131510 39.619197
-118.100030 30.609638
-80.305874 30.311550
-105.557725 3.650265
-63.689831 0.316388
6.968030 183.638494
-1.619857 172.006472
-22.411155 159.955576
-118.332690 153.982771
-92.969275 144.308025
-10.206801 136.224173
-135.251189 130.231788
-109.517718 114.375108
-72.703815 94.312690
-147.200348 87.624538
-88.687191 69.394562
-51.559278 67.048791
-118.192996 48.667929
-80.701001 4.047340
94.702144 -212.815391
-77.112850 148.513101
-76.552255 147.717089
-84.520779 144.521004
-76.901460 145.300958
2.129257 151.513854
6.906559 153.736386
-80.451568 147.779359
-76.881739 145.284105
2.559313 180.949899
44.031131 157.258255
-126.869208 154.241882
-60.008607 147.935725
-147.664326 133.246567
-18.270184 130.001556
123.449854 106.011958
-72.692988 100.242621
-43.529119 100.307826
-110.205263 79.308377
-56.040758 46.229466
-110.172210 7.197188
52.686129 196.021440
-72.459377 150.913104
-97.222780 144.725851
-47.389098 142.070074
-109.964334 103.067367
-97.618337 76.262500
-106.031640 52.281360
-89.289172 40.253113
-122.706551 148.325416
-5.790731 150.929692
-80.802115 142.013898
81.877971 105.750021
-93.517724 58.312593
-114.278888 43.300334
-118.533309 19.203039
-93.504564 10.286277
-68.777425 76.495029
-72.356898 75.890076
-68.005518 78.339378
-67.946523 78.297941
-93.080133 180.725884
-88.783976 177.808158
19.430648 174.615667
65.012773 174.972873
69.408655 102.660109
-88.876997 81.685640
-55.984536 70.241468
-105.509309 48.597100
-68.036491 15.643743
-101.836100 -4.782922
-106.231268 100.501053
-105.623060 102.695480
-106.231268 103.501806
-105.691818 102.955838
-64.078107 177.971395
-122.214537 117.705017
77.810497 102.673029
-59.792223 81.671986
-101.657310 22.004461
-109.802288 12.689303
-55.737570 3.994330
-113.936831 177.586038
-68.054271 174.633412
86.101251 162.727708
23.294037 160.006592
65.240175 159.767133
-9.700818 153.691858
-118.120610 150.787145
-84.745553 147.734095
-130.624970 141.644845
-59.753867 138.675056
-168.086760 90.649056
-63.956454 165.637719
90.257652 162.702008
-159.944497 93.995015
-84.726327 90.673671
-163.895436 72.664774
-118.515239 64.249716
-105.820236 54.992422
-60.168695 178.254061
56.956847 177.801679
-84.808203 165.719087
-18.306157 130.003261
-109.953894 111.965284
106.920687 102.713787
-146.526962 65.131784
-134.814018 66.784537
-47.396129 -8.086377
6.880026 150.721409
6.900100 150.694122
7.187905 147.397034
11.345228 150.317352
-22.353163 171.933167
-68.082187 138.666854
-159.990917 105.926933
-63.845273 102.659507
-151.408776 96.694063
-84.738285 90.695408
-76.696190 84.915375
-101.427339 57.678542
11.227450 180.687454
-101.377955 165.810997
-43.146155 153.761175
-63.888625 114.738501
-68.227663 111.559277
-89.110349 91.049894
-47.224133 72.734784
-97.163682 24.727830
-67.907653 21.379349
56.873054 -53.397267
-102.119125 25.482228
-72.095951 -53.678290
15.604317 120.321897
