date:2016-06-28, time:0300, wind_speed:4.11, wind_dir:198.0, temp:18.5
-1159.374926 -1100.709555
-1320.688882 -408.998801
549.580695 1059.461511
-978.958435 -1455.606932
558.036104 1063.304941
475.246549 1274.078817
722.365978 1085.462418
-728.895685 -855.456332
-942.297018 -1606.794525
758.858611 1237.534440
553.671303 1061.656214
571.667379 1868.889751
-819.649826 -1014.178777
425.354197 -2750.522170
341.498125 1180.344939
757.547768 1690.819200
979.310745 1035.018058
979.310745 1035.018058
438.063815 -2775.938252
966.018269 1031.083007
1232.424065 1328.427603
974.567095 1033.277256
562.539495 1065.025588
479.185245 1095.033118
979.310745 1035.018058
979.310745 1035.018058
966.206336 1030.786221
-104.294505 1065.025588
-275.133372 703.793202
-993.309586 -1459.610494
636.536394 -2238.855593
549.238127 1061.126835
548.903781 1059.909684
425.128043 1120.979716
590.887050 1060.402624
965.257414 1031.151622
966.059871 1030.058431
979.310745 1035.018058
-145.415935 1065.025588
49.458490 1210.662266
347.553393 -564.865201
979.310745 1035.018058
979.310745 1035.018058
554.143852 1062.077415
562.539495 1065.025588
438.063815 1155.048178
135.691216 -681.431400
-1010.908738 1869.943566
975.357127 1033.737491
974.774671 1033.086451
-145.415935 1065.025588
722.141721 1084.856686
720.952331 1062.810350
755.498854 1120.127751
592.755530 1056.291114
-117.855998 1090.457092
-62.061685 1035.018058
-70.925063 1033.093281
-1108.489763 -2506.891715
350.651722 -496.673611
299.063837 -559.913673
387.218919 -2778.726669
424.726643 -2750.727220
434.171245 -2747.713115
438.063815 -2745.930722
969.938596 1032.451192
766.607676 1063.123595
975.123401 1033.736118
654.372792 1059.182921
-156.844194 847.700098
-280.456543 342.022993
-1104.545505 -2505.870482
179.458833 1212.326750
840.645430 1060.744464
799.108513 1060.883456
979.310745 1035.018058
895.956495 1065.025588
966.373218 1030.948743
