1.352897895041471941e+02,1.216848161849519784e+03
4.684091872565279004e+02,1.098040594133410195e+03
8.456286155789887289e+02,1.518320342924303304e+03
6.985348054578429355e+02,1.636547623570229689e+03
4.746307468054400260e+02,1.157445505914903379e+03
8.859692180538517050e+02,1.486725068556253973e+03
3.275155636193189821e+02,1.216725446362639786e+03
8.959564953142206605e+02,1.185055707674683845e+03
4.735564890076481674e+02,1.157046728230864346e+03
3.679181010773878029e+02,1.217786896056021533e+03
-6.968403625601482645e+02,-1.181813651321474481e+03
7.195163237082458636e+02,1.458509737493518060e+03
7.410895722313094893e+02,2.061094604912578689e+03
4.508456554657418565e+02,1.638895821352036592e+03
3.285179363229633509e+01,1.247713181752385481e+03
1.457682453145870909e+02,-6.153960923250684800e+02
5.123410884392274056e+02,1.940249386033257224e+03
4.260440044093232927e+02,1.608861456915113877e+03
3.659288473807147852e+02,1.551116227617930690e+03
3.249788190523104277e+02,1.607598962447367967e+03
-2.390030435012370731e+02,6.194944809688627174e+02
5.568167664170878197e+02,1.156261284217311641e+03
-1.031515998509727979e+03,-1.182561267710050515e+03
-9.896456511979135939e+02,-1.303703769896180347e+03
4.741902917667064230e+02,1.127241380038088892e+03
2.605438322505945052e+02,-2.832659167679053553e+03
8.192377782373207538e+02,1.126781408726373684e+03
7.194369554823663293e+02,1.699359784594173107e+03
-6.551532063505991346e+02,-4.027831701534938134e+02
3.711464853704810594e+02,-2.802522971029950895e+03
4.380638153141822499e+02,1.125040647674586808e+03
3.625547131889114780e+02,1.190172432939773671e+03
-6.877742546862341442e+02,-1.155531632325152032e+03
-8.415006899853544837e+02,-1.151507686938650295e+03
8.733074101549104853e+02,2.087260080071986067e+03
1.044368393628295166e+01,1.248527704077987892e+03
5.101903130127801091e+02,1.128003952968254225e+03
5.214180653137905210e+02,1.845221367674961584e+03
5.941382511115723446e+02,1.669566661594487414e+03
8.489603477103936484e+02,2.056315036750007494e+03
5.511127885721950861e+02,1.848494134887077735e+03
4.267609434905554053e+02,1.519651500720408649e+03
-1.559288457177400460e+02,1.157786166831291894e+03
8.294880426957197415e+02,1.068006120283345808e+03
-6.161911032469183738e+02,-4.327613722165065155e+02
5.049677489330667868e+02,-2.561144524774806996e+03
2.812940303747043913e+02,-2.744703337757819099e+03
9.756182573871242312e+02,2.056665161406420793e+03
6.592641981805423939e+02,1.906618211576597560e+03
-4.124862598481833516e+02,4.396838817765806198e+02
1.058113807632103999e+03,2.117563704199538734e+03
-3.162150121720949869e+02,5.273048738621848770e+02
2.291224953141954188e+02,-5.853885623250199615e+02
1.152887159645513009e+02,-6.108961834659343140e+02
4.693542544893234663e+02,-2.711662579042269954e+03
-6.324123407492254501e+02,-4.043158996644187937e+02
2.380219039231662919e+02,-6.136960437822539234e+02
6.772632664616553484e+02,1.939195174849307932e+03
5.727422472438398700e+02,1.817069999745436689e+03
2.870172557073416897e+01,-7.036063912997549323e+02
1.011493810629742143e+03,2.120025727942664162e+03
4.280285038415574945e+02,1.699301599620199795e+03
1.052846556280489267e+03,2.028918119080498627e+03
5.583622540687307492e+02,1.096338552099298568e+03
5.518224684556936381e+02,1.699633046459454818e+03
-5.246610207141645787e+02,-3.746090888314267886e+02
7.543346181056799651e+02,1.789604268053377837e+03
-5.093546290869944642e+02,-3.139577406127344830e+02
9.330219279053808350e+02,2.025699525226958940e+03
9.037540199089144153e+02,2.059561138177782595e+03
7.292479953134246671e+02,1.815213837674913066e+03
4.539655878802319648e+02,1.247726903807781127e+03
6.012038555864681939e+02,1.907495771295931718e+03
1.053071774051333250e+03,2.119919664690219633e+03
3.857011612804308243e+02,1.607924659223768913e+03
2.658590751332951641e+02,1.276234880139474171e+03
6.047723153133988490e+02,1.725191247674767510e+03
5.304984785358408317e+02,1.821312033825444132e+03
6.790208489168683172e+02,1.670408450649903443e+03
8.083244667805009840e+02,2.177430333059841814e+03
4.935343557271145301e+02,1.819624371137378830e+03
7.809876328181898089e+02,2.117781780258792423e+03
3.804592211577435705e+02,1.549857224325854759e+03
5.946365437238143841e+02,1.638825345116341623e+03
3.446106523599502793e+02,1.578129675277529941e+03
4.338121434069695397e+02,1.487074268884364301e+03
3.840501630551680137e+02,1.458990366391243697e+03
4.519041793628639425e+02,1.518306234506713054e+03
1.100663825029313557e+03,1.996010627692405933e+03
4.514189196711142813e+02,1.129955445636885088e+03
4.884987110471597589e+02,1.126219269402561395e+03
5.935113852840389654e+02,1.128664464251260370e+03
9.092621833464581869e+02,2.121345045323755585e+03
8.918130602956425719e+02,2.086725968174606805e+03
-8.956041846858682902e+02,-1.215546692325249069e+03
4.481476726297966593e+02,1.514488278329023387e+03
2.603844564973252318e+02,-2.801238056329474148e+03
9.381893153134114982e+02,2.025266547674463027e+03
3.442364599451071854e+02,1.608487753334231002e+03
9.927859869016212997e+02,2.059991900050988079e+03
5.174031786368452686e+02,1.635641944416880278e+03
8.234501512708490054e+02,1.576531039624615460e+03
7.869745060178017866e+02,-2.085173541322659275e+03
7.127113986584312215e+02,1.219472385304529553e+03
8.025506899847271143e+02,1.158812896809547283e+03
1.099285444609149636e+03,2.026497967878977988e+03
4.465651219129601941e+02,1.155947330400270175e+03
5.159177737850457106e+02,1.156621845011278538e+03
5.214180653137905210e+02,1.125040647674586808e+03
3.856376052940574937e+02,1.188101830239144874e+03
3.713656440924806930e+02,1.187876024970460776e+03
4.278794132284097600e+02,1.158501236337816863e+03
6.770977652623988661e+02,1.039201280201662257e+03
5.894393368156187307e+02,1.131927536707412628e+03
6.881265653145866281e+02,1.035018057674441252e+03
5.754640269689857632e+02,1.068708840624912909e+03
4.336215265518540036e+02,1.517401463534083859e+03
3.948466714379786708e+02,1.466623301881894804e+03
4.490378272553791703e+02,1.159422223406151261e+03
4.495757225208693626e+02,1.190114314395320434e+03
4.511527568228281098e+02,1.158918858517322406e+03
4.326220501898185944e+02,1.156344557882386198e+03
4.330907351741677758e+02,1.126188322111231173e+03
4.285291612407937691e+02,1.129646114982302606e+03
4.266683149323897624e+02,1.127834684961477706e+03
6.829740415671658411e+02,1.037488379346006923e+03
6.353030071777080821e+02,1.069239348798410674e+03
6.774728691944027332e+02,1.038125225836012078e+03
3.495573489334892656e+02,1.545708238101022516e+03
3.445780810330423947e+02,1.518108220735070745e+03
5.280791437633178020e+02,1.851317174248546962e+03
5.534958429903347223e+02,1.847394593122039623e+03
3.452207854883660048e+02,1.186953400998548659e+03
4.323793891551335946e+02,1.186534401380780309e+03
3.913660899026850188e+02,1.216768669726003054e+03
3.846348255320206135e+02,1.186826315831832062e+03
3.910262992437294542e+02,-2.803519517565148362e+03
6.842118207985208755e+02,1.037501884370085236e+03
6.725595388213885144e+02,1.040034317055464498e+03
8.508875790209615388e+02,1.127078288967462413e+03
-6.375016741036180292e+02,-4.055712213012571965e+02
4.325140181562699127e+02,1.159262647810748831e+03
3.958309953134120178e+02,1.185055707674683845e+03
4.380638153141822499e+02,1.155048177674635326e+03
4.477090147330260379e+02,1.155640362798522574e+03
3.503975299232304224e+02,1.217840779427761618e+03
3.563215829365290688e+02,1.180263976398929572e+03
