date:2016-07-14, time:2100, wind_speed:3.4, wind_dir:194.0, temp:22.0
441.697678 1151.940388
-981.659154 -1189.648282
894.626195 1091.119011
763.115023 1093.344759
427.139787 1148.831393
367.035822 1242.515058
865.930483 1090.682852
-154.336712 972.959242
483.964375 1120.874865
775.895153 1092.352779
-1116.666951 -2415.895375
597.170240 1124.016097
865.536587 1121.528019
-20.362964 1061.683871
850.826905 1121.506524
823.672199 1150.388552
-98.669515 910.440802
438.063815 1125.040648
394.144231 1181.209439
491.326787 1212.320929
-800.452211 1512.176692
526.655500 1453.442908
-224.191892 1451.444592
902.394554 1122.557155
-884.357401 761.744677
-932.847134 280.618061
-862.962380 1183.865790
-1065.579814 103.556430
-648.046019 -77.943997
-956.340246 1753.139271
645.893745 1575.153598
388.042941 1424.127257
-940.870527 1542.091406
-918.523585 -197.254051
-1771.379505 614.912638
-731.050528 849.949702
608.232427 1091.592124
-794.120577 1662.449237
-835.713030 1212.937585
-1134.373316 432.266897
-924.706705 461.617072
-598.332429 40.267645
344.340548 1779.260616
-322.075905 1659.405225
-673.989660 492.076913
-1051.805294 1721.419498
-488.212698 1600.230653
-1558.804438 1271.621605
24.207739 1782.054594
-1566.171615 1331.193085
-1645.792435 584.905108
-808.491396 1122.369672
-683.489314 1482.473756
-43.168322 943.586287
-1502.609363 763.536669
-1189.044879 580.190036
-857.717324 613.750792
-1093.135179 372.220995
-779.508358 72.687020
-1732.268994 462.726500
-717.998760 1691.603964
727.707696 1690.486973
109.014289 1692.438258
-925.268830 1451.892407
-1127.970921 1302.571684
-1211.692622 912.734249
-834.986219 462.254187
-1097.703320 190.994039
-1064.682863 10.617350
-1134.864189 1692.167890
-1424.644568 1542.571562
-945.589734 1723.730837
-986.479835 1213.825360
-669.219407 1033.165573
-1405.311679 607.754386
-689.796223 1721.392073
-1029.493364 1453.726440
-223.834318 1302.519517
-848.757089 791.022689
-925.017578 -48.702791
560.878732 1812.155641
-308.142665 1750.267193
-765.620792 1332.151368
-1319.888120 673.788358
-1349.421926 251.562006
901.534016 -2119.707748
-974.504141 -1188.255696
-1058.142059 -1219.053174
-382.933368 1870.768867
-1217.012523 1542.330084
471.252509 1093.740447
-1133.172061 -48.203979
-738.805886 -51.114471
-1399.767132 1574.674215
317.212404 1210.380743
700.298463 1060.791447
-1239.793180 188.468044
-1057.883281 -18.295249
866.528220 -2118.586859
-759.045299 1721.633351
259.757332 1749.883645
-432.940368 1541.864410
-1683.733559 401.578701
-883.420486 102.877455
-329.433317 1663.350872
-265.502472 1693.257338
-307.035174 1661.257978
865.313223 1092.409485
-662.897951 1692.740757
-1270.985243 1690.963247
-1029.641502 1634.044207
-1736.557158 344.418608
-1246.518910 313.291377
-946.322766 73.428638
-862.811786 43.211108
-1162.114251 -17.184329
-968.879316 1722.130548
-683.108133 1600.832903
-1316.729008 1119.257628
-890.365765 850.066401
-823.258936 188.429870
-1112.322034 -2538.047789
-1080.211741 1454.212657
-1057.490587 1451.225738
-1051.048466 1480.809829
-98.680498 1751.735545
-1105.110626 1720.845318
-467.703348 1781.715521
60.500603 1569.742069
117.666914 1572.105000
-807.952393 1571.064711
-1086.204897 1302.937384
-1696.163932 614.453053
-877.690805 432.264301
-15.265876 1661.677874
1479.436245 1665.176188
-1217.043908 1211.311343
-719.550774 1091.857659
-1779.024518 793.877250
-1349.236189 699.866969
-1745.651781 582.552445
-1654.523676 431.258338
-1141.024900 431.146258
-883.837588 41.117870
-1168.513133 -17.906679
-966.705251 -108.095729
241.103982 1812.034423
-733.243770 521.520654
-766.845936 522.111462
-1099.706198 671.818559
-1111.911269 673.113403
-1073.887389 698.502471
-1064.875341 670.266929
-1001.752683 1333.484723
-903.277327 1363.909664
-1058.335414 1332.142040
54.114474 1694.086297
104.646815 1695.183718
205.328271 1692.886771
651.338873 1690.333869
-653.837415 1573.109563
-239.968867 1418.567377
-1643.671225 1152.905422
-641.753152 1721.754826
-597.824140 1720.658730
-675.750652 1723.320714
-600.037900 1723.023362
-967.675169 1002.562479
-1820.543662 943.787743
-1309.174613 940.577020
-1092.222439 731.453211
-823.253497 641.163012
-841.887383 312.204218
-1182.845450 132.623007
511.360264 -2782.064335
781.530229 1092.384616
775.368166 1092.225187
804.209217 1094.044764
802.629108 1087.417447
-688.701625 1750.240288
-809.244499 1721.524124
-765.380709 1752.135840
-765.844699 1750.802076
-766.168823 1781.396747
-808.266260 791.151593
-654.014444 763.102006
-765.960628 732.064671
-801.017941 762.167779
170.093843 1903.735370
-1176.210650 1782.321504
-717.563982 1571.981562
-1683.589704 970.628635
-947.702862 669.764651
-823.657426 457.624456
419.516829 -497.732081
198.787205 1992.324401
-175.845682 1871.221612
93.885284 1809.383859
565.900450 1782.867384
-988.625320 909.438543
-995.861692 884.423656
-1196.259052 733.736987
-1320.541485 493.218394
-717.829778 161.977001
-598.565188 40.946073
108.835090 -889.446853
-225.753374 1452.340049
688.126565 1035.018058
-723.432506 581.571576
-843.191388 550.945909
-738.194748 68.374588
-982.732916 1874.677833
-181.809486 1811.122515
75.945373 1753.671160
-1570.755132 1363.847791
-800.124565 1181.992917
-1223.947938 1002.124488
-1239.774854 458.431350
-1406.341733 309.215773
-661.988389 -18.034003
136.770845 -676.790860
-15.033983 1901.913089
-1134.778323 1781.400310
-571.790008 1627.879041
866.784998 1091.496938
-1155.251602 1057.962378
-1635.580437 611.672615
-1155.838573 339.763940
-1016.074203 161.649948
-392.080049 1662.670301
-474.617546 1661.578200
-455.074590 1662.512872
158.314036 1902.345615
-870.814240 1212.870021
-883.945751 1211.754935
-1154.015443 1183.551020
-1683.768401 1090.959042
-801.095592 1031.581035
492.731681 1692.129079
-1134.348882 1242.082443
-51.056666 1243.166338
-1653.805630 1183.637726
-1523.229477 640.250268
-862.847186 434.122667
-891.223223 431.273882
-646.835889 10.015684
-801.478153 521.223176
-1349.683333 1571.931114
-1514.840084 821.899162
-774.805335 -140.012728
-1098.797889 1120.532732
268.388168 1991.656598
268.398135 1961.919473
727.398565 1751.971007
-1021.191255 1455.123478
