date:2016-08-01, time:0800, wind_speed:1.03, wind_dir:29.0, temp:19.3
5.333839975242439095e+02 1.095626040269469513e+03
1.834748394629914969e+01 6.165663894725622640e+02
5.242674121874722459e+02 1.160561998088734299e+03
1.968593744909020415e+02 1.193089062317360231e+03
-1.023170775553627436e+02 1.324741556257627622e+02
8.176197090669976433e+02 1.037762222371076177e+03
4.539728099656900326e+02 1.217487532061915999e+03
5.266891318730312150e+02 1.093410748529533294e+03
8.100770501183859551e+02 1.065073108790347078e+03
-4.756213494293980659e+01 4.929019480614206259e+02
-4.419450856980404296e+00 6.153764487453576066e+02
8.171658084757464167e+02 1.041498834784403925e+03
7.907469203012311709e+02 1.063896782299781080e+03
-1.042945046858172304e+02 6.149126376745517746e+02
7.018861334440380233e+02 1.096416904822415745e+03
4.846665051873781067e+02 1.158586397067654616e+03
-2.349859610215007422e+01 6.146220187961705506e+02
-1.292559261630282435e+03 -1.935613345440914372e+02
6.115708518919889229e+02 1.074479795561857372e+03
5.274678467912251563e+02 1.100235599857845500e+03
6.542217660036980078e+02 1.102308500151528278e+03
6.075898341686061030e+02 1.097883496019305767e+03
6.644199787836305404e+02 1.064459253970195959e+03
-1.145762043479385738e+03 -1.340293277989862730e+01
-9.707069612320939314e+02 1.349944780203294386e+02
4.957736949351833573e+02 1.217774901329246404e+03
5.990193567368659160e+02 1.093986103550768121e+03
-4.718352023989588417e+01 6.738361502669654328e+02
6.907234539629691028e+01 8.313507823706140698e+02
-1.418925918226150884e+02 4.375627022795571861e+02
6.121753245060378958e+02 1.071699623629105645e+03
6.151574059964550543e+02 1.131988701538249870e+03
1.085552272090527026e+02 8.285227503996529776e+02
-6.800835069916583961e+02 5.010661583661864711e+02
3.731635309716762094e+02 1.216229832261522915e+03
-1.221976161666922280e+03 -3.716451075819940115e+02
-1.108921080959959227e+03 5.252359603086611060e+02
-4.386187479633385067e+01 5.247194696373127272e+02
1.102343784735925283e+02 8.313646159089290677e+02
-8.894598479754395157e+02 3.169853368020646940e+02
6.505017410449481758e+02 1.069521194887957790e+03
5.282510940946330038e+02 1.133322632603553075e+03
2.654501392068044652e+01 7.718747088139812149e+02
5.817290843348935141e+02 1.097419341336178377e+03
5.648536021384567221e+02 1.097561204756942288e+03
5.240099236963092153e+02 1.130859398657994006e+03
6.451640102301747959e+01 6.790114536169146504e+02
-3.766658400432950202e+02 4.979952610850870087e+02
-5.143647897901554416e+02 -1.602283123360493846e+02
-3.907017132746291281e+02 4.635318924339687783e+02
-7.228846701129098165e+02 -1.886321472801241725e+02
5.318213030277587450e+02 1.103591372501002979e+03
5.657427706811812413e+02 1.102448460655289864e+03
6.231514593584715840e+02 1.066828462578236440e+03
-1.102070306133880564e+02 4.649920662593456768e+02
-1.502745895391125828e+02 5.824122374313525370e+02
-4.572330566966901699e+01 5.547259445734944165e+02
5.815559668210916016e+02 1.092901095532772615e+03
-2.725002742592977256e+00 6.176554734277920033e+02
3.673899012335704697e+02 1.192888823717078139e+03
-1.184859244462694278e+03 -3.698276550765552884e+02
5.159067978571995354e+02 1.093692328371907251e+03
4.001854130292191769e+01 5.882951710336451470e+02
-1.251567717736520535e+03 2.248055259352142912e+02
6.211455437394450882e+02 1.096199209780734236e+03
7.497435766480703023e+02 1.033603136971031518e+03
2.488224031691078153e+01 8.592764316343979090e+02
6.155661794078838511e+02 1.102866168042356094e+03
6.409660901031144249e+02 1.062812742716649382e+03
1.089418446946550034e+02 8.601954248576543023e+02
-1.062312684686664397e+03 5.548975776744547375e+02
2.519005091993790302e+01 1.251079359574875753e+03
-1.822736534659721883e+02 8.048961054237970529e+02
-8.502074782291147130e+02 5.561294905231845860e+02
-1.337230377236976153e+01 8.010872696296702316e+02
-6.422744774918426174e+02 5.558435168633066041e+02
-1.122048013969279964e+03 -4.034252291927368788e+02
-1.101654380630385276e+03 7.697690101780214036e+02
6.629503480766873054e+02 1.063285989518751876e+03
6.960921092486086081e+02 1.102900990540386147e+03
-8.504358975062477839e+02 5.298763664626064838e+02
-1.220257726081106966e+03 5.020128126004632918e+02
6.252034686400705823e+02 1.094107615347788624e+03
-1.275937681585365226e+03 5.587384522711352020e+02
-9.796774868494626389e+02 4.676993041612885236e+02
-9.411695002098750820e+02 4.926052850901356237e+02
6.234852042622258068e+02 1.092370136381478005e+03
-8.894864731333839245e+02 4.721279961438673922e+02
-1.061999814585025433e+03 6.155582368289288979e+02
6.937164735550771866e+01 8.317177131309977085e+02
5.214180653137905210e+02 1.125040647674586808e+03
4.442958519058049660e+02 1.192608052372844213e+03
7.055976640112983489e+01 8.919551622699375457e+02
-3.567726033811356388e+02 5.268725522444415219e+02
-4.726595363696628738e+02 4.323280837835536090e+02
-1.088199758067246648e+03 6.134124338796143547e+02
-1.295985532764970912e+03 7.041678756111725761e+02
-5.417985466011250537e+02 7.063820498685579423e+02
1.966324419775179422e+02 1.222300762025755375e+03
-6.773062729429525461e+02 7.400605290573032562e+02
-6.206168468662637849e+01 9.149879376750369602e+02
-7.703486154179347523e+02 7.722661457363559521e+02
6.480794831824333642e+02 1.097012305265061286e+03
2.390267661753630080e+01 8.869193156749131504e+02
-6.206168468662637849e+01 7.949578176748428859e+02
-6.206168468662637849e+01 7.349427576747458488e+02
4.323436820652162282e+02 1.217440721944321922e+03
8.351837452265273498e+01 8.546956778597118500e+02
8.138918961972044031e+01 8.247208117951075792e+02
4.175396734396406373e+02 1.184959798099492673e+03
-1.142501440909292342e+03 -4.300995597658613860e+02
-1.043638306473961620e+03 -5.232990852189935822e+02
4.326537578074037356e+02 1.156098102281784577e+03
4.794381291338972346e+02 1.126945164145110766e+03
2.448265020112750676e+02 1.214346746232487249e+03
4.415968030529913335e+02 1.189541907708100325e+03
-6.715351168916839697e+02 8.572894127851631083e+02
-6.007806350269917175e+02 8.895965991052297568e+02
-1.254028084108090752e+03 -3.740700605225423487e+02
3.974279245415922901e+02 1.551798713098541384e+03
2.791164707340932978e+02 1.398564745064493991e+03
4.578326069686613096e+02 1.216356101019773860e+03
5.395592487791343501e+02 1.121129856186810002e+03
5.246756473271823324e+02 1.187230183487833756e+03
8.200743299203804781e+02 1.069366069715834556e+03
1.087348111854520027e+02 1.223234955655588010e+03
7.676691953026066813e+02 1.064639220203980585e+03
-8.562452934030898177e+02 -1.677802057594895189e+02
3.497697244481958592e+02 1.783063845815880086e+03
4.844573229456516401e+02 1.221487587779317892e+03
4.404195064463112317e+02 1.215382437035053499e+03
8.058919189702313588e+02 1.068972986312521016e+03
-1.145666934686272498e+03 -3.753358523254700003e+02
-8.441762400585561466e+01 1.397403070784750071e+03
9.691979274408029710e+01 8.563556407108536632e+02
1.133571331409672638e+02 8.353678064409227773e+02
1.362507363766561411e+03 1.163603537415888013e+03
-6.406774870800534245e+02 8.043965076101929981e+02
5.275918599158153484e+02 1.100860932397038141e+03
-8.132409821710751885e+02 5.534182443343886462e+02
-6.922879578416135473e+02 1.636011421900168443e+03
5.300132702750274802e+02 1.551972879863301387e+03
3.642203216979804097e+02 1.820133559490755943e+03
3.180822735390096909e+02 1.786396505873416118e+03
3.168998856897556493e+02 1.971405269849811475e+03
4.175745466341950305e+02 1.996586504018078131e+03
-9.378370046866384655e+02 3.748523976749532949e+02
-8.128986262354462724e+02 2.552366016567414704e+02
-9.322583457267985523e+02 2.599236342969060161e+02
-7.302041364035346760e+02 3.435079816832538313e+02
3.167456454206579792e+02 1.795738137071816482e+03
3.124767453138036899e+02 1.935243957675107140e+03
3.200537269497928037e+02 1.731134793737841619e+03
-1.938574461553342303e+02 1.604620967912730521e+03
6.090225383509314270e+02 1.102076235330034933e+03
6.407408968458302070e+02 1.064888771172574479e+03
6.394176575628744104e+02 1.066634990131889708e+03
3.465895942944694070e+02 1.967701289503984299e+03
-7.647392431235095955e+02 1.547961771766576021e+03
-9.351555174343053523e+02 3.501072379852335530e+02
-8.163259006650778247e+02 3.152038249318600265e+02
-8.865196872514214874e+02 3.210946527572244236e+02
6.994469893050560927e+01 8.357558920235796904e+02
5.681869778407925651e+02 1.101185836690214273e+03
-7.126849888237045434e+02 1.606865469448116755e+03
-8.469098283986854767e+02 1.582353693077193157e+03
3.581472489857042660e+02 1.691926990968347354e+03
-8.500536260026722175e+02 1.636334468182069486e+03
-1.431539838269259519e+02 1.578935405303424886e+03
3.619907680357556501e+02 1.853742391025344432e+03
3.135678636915471316e+02 1.936422284242985597e+03
4.457758542539429527e+02 2.002653174010751172e+03
-5.883443364730080702e+02 1.605076869543136581e+03
-7.264964455843094129e+02 1.573961839017555349e+03
-5.572115250389524022e+01 1.582415566784396333e+03
3.168674436967115184e+02 1.936867479649191637e+03
-5.006458933332222614e+02 1.633683091534938967e+03
-4.837603514974076688e+02 1.661748023335378321e+03
2.825032817798651195e+02 1.729373644178256200e+03
-1.042945046858172304e+02 1.635168657674621954e+03
-6.469702905516168130e+02 1.601645918378826309e+03
-6.924134529396925473e+02 1.637756369676391614e+03
-9.750468621791955570e+01 1.550486340988102029e+03
-7.621827785039914716e+02 1.641893900227171116e+03
-5.558703950205830324e+01 7.989638437873209114e+02
-9.913031306513991581e+01 7.703022884564290962e+02
3.611007851440772924e+02 1.972005876423093923e+03
-5.017009301531658139e+02 1.637205798497453998e+03
4.829289361308528896e+02 1.582568117670271704e+03
4.854552089855589543e+02 1.793446884881710503e+03
-3.778433088087325586e+00 1.608552539169737884e+03
4.442642449958177622e+02 1.610471514707101960e+03
4.413089327328257809e+02 2.004494710440365452e+03
4.343702649937072806e+02 1.970302772542467437e+03
4.012134426517873180e+02 1.581674483149742173e+03
-3.918663966953146769e+02 5.640180341841888776e+02
1.482897024495920277e+02 1.218533658486368040e+03
-6.064216252191520198e+02 3.156120740948866796e+02
7.365465699420507235e+02 1.071597183027045048e+03
1.914981871986355486e+02 1.218321027979941391e+03
-1.178453372481595579e+03 -3.972782588050481536e+02
-4.749603442963202156e+02 1.785598062073187748e+03
-6.433095723468846927e+02 1.785750000961088062e+03
-4.758214504498726001e+02 1.820734925293413426e+03
5.613759713465224195e+02 1.059200799420311569e+03
-9.147686757318558648e+02 4.967367985380391247e+02
-1.343041447599004812e+01 5.019761829108742859e+02
2.670206627777186270e+01 8.325564383997074174e+02
4.851757023552759165e+02 1.222661820837778350e+03
4.742285102480041132e+02 1.185273003602255358e+03
3.620750136040128950e+02 1.942840566755859072e+03
3.211519450947373002e+02 1.908352867847007474e+03
-5.846976115703726862e+01 1.730260757405636241e+03
-1.293344532696177566e+03 6.176889803866270086e+02
-1.335229422612198732e+03 6.154924179121583165e+02
-1.273751327420489815e+03 5.552683465876993978e+02
-1.307647081783751219e+03 6.801752647680368682e+02
2.713553153133862565e+02 1.905236427675058621e+03
-5.583889924350672800e+02 1.825187035658835384e+03
-1.289043424387189418e+01 1.821293106128229738e+03
6.153159909430114567e+02 1.131263123373771577e+03
6.097938457786483468e+02 1.101380936285096823e+03
6.932087093272309630e+02 1.099190457376980930e+03
7.713823233813337765e+02 1.065017751481004552e+03
7.786970363251396066e+02 1.072670663965630411e+03
5.625394953142080112e+02 1.125040647674586808e+03
-5.552308259207889023e+02 1.608047752128813499e+03
-5.995408956332101980e+02 1.639588221896353161e+03
-1.044876401466058269e+03 7.095642366019226301e+02
-1.010727535675862555e+03 7.122211538102848181e+02
1.404261450507245172e+03 1.220775310734618870e+03
3.297482924374537561e+02 1.965889910282343635e+03
-1.840408468254862271e+02 1.730785039406596525e+03
-5.980522277282553887e+02 1.760136662499370459e+03
2.770306962563130071e+01 1.431330390204423566e+03
-1.908316695675428321e+01 1.428714604210565312e+03
2.671442508247677949e+01 1.397922056113945700e+03
-5.183047467496564877e+02 1.847366010707728265e+03
-3.957648487360597755e+02 1.754047478495109317e+03
-5.237939453974526316e+01 1.852178353018051666e+03
-6.306407384267411942e+01 1.814282784682057354e+03
-4.608770427313969549e+02 1.789386353398092297e+03
2.811338925025839330e+01 1.762484788207742440e+03
-5.604787494747562278e+02 1.728111622884126291e+03
6.108253054280239667e+02 1.973146447623428458e+03
5.621540974370381036e+02 1.907191630304578666e+03
-5.602653572056285611e+02 1.786627281323603938e+03
6.882635947982885227e+02 1.068040957135572626e+03
8.187345498614280359e+02 1.072335895626676802e+03
8.088075668483213576e+02 1.031795580118716089e+03
4.429131882239602760e+02 1.970613044149908774e+03
5.626928501385528989e+02 1.941398698411921259e+03
-5.557324158682125699e+02 1.734789575237256258e+03
5.214180653137905210e+02 2.025266547674463027e+03
4.747888779502679881e+02 1.963154715857872134e+03
5.173179645926602461e+02 1.904843768548540311e+03
3.595376859930163391e+02 2.002075845486065418e+03
6.153673495452313773e+02 1.096442932391070372e+03
6.152112169923086640e+02 1.131972595966780091e+03
-8.866103679378970810e+02 5.585682536564397651e+02
-8.055367755150440416e+02 5.927860207978540075e+02
-8.922831169511480311e+02 6.120904111324066434e+02
7.778290672513969639e+02 1.097919430175132675e+03
8.548350653138031703e+02 1.095033117674538289e+03
-5.626485887291443078e+01 7.731913059196077711e+02
-6.212830684062156479e+02 1.576091122617534666e+03
-5.840013676809828667e+02 1.546787811743464545e+03
8.126022453146123325e+02 1.095033117674538289e+03
7.750674298425881261e+02 1.098613186048758507e+03
5.270374056988214306e+02 1.223929673614179819e+03
5.395152056432257268e+02 1.152661561691799307e+03
4.431462683451943576e+02 1.186936441939504675e+03
4.426508436773056019e+02 1.999590244081974561e+03
4.998977615123443456e+02 2.026456941903313918e+03
3.555113571662506047e+02 1.963288398150888042e+03
3.644312853778926637e+02 1.940915421012873367e+03
3.104827070743943409e+02 1.930917280134382963e+03
3.317525229052072859e+02 1.966623924837943377e+03
2.970114557416715684e+01 1.432386974827211816e+03
6.453653062144333035e+02 1.064657805323367711e+03
6.085118588841924065e+02 1.131506662453023409e+03
5.799253375066780336e+01 6.147913009115503655e+02
6.091783677133993251e+02 1.130217831369826399e+03
6.054756061570958536e+02 1.069818424206813233e+03
5.284531341296335540e+02 1.097527260163704113e+03
-5.536879974526060550e+02 1.791548411640959330e+03
7.358867749427034823e+02 1.071269782900962809e+03
4.550164868804568528e+02 1.153765185013506198e+03
4.843266459580525520e+02 1.164061905306095696e+03
-8.057560844234639035e+02 1.790309145794317146e+03
-6.010089873968421443e+02 1.760147101350299181e+03
-3.495270240727298869e+02 1.732373364436879910e+03
-8.057984775666817541e+02 1.796315896941023993e+03
-6.371111996452603989e+02 1.789290502623225166e+03
-3.881415947290512918e+02 1.791554480594096731e+03
-3.886271955369120974e+02 1.793077418770749318e+03
-7.196911265849577148e+02 1.765892893152847364e+03
-5.971001351581292056e+02 1.763559938019718857e+03
-5.195843897254685828e+01 6.798865777859151649e+02
-2.512041616615853457e+01 7.090795804363528987e+02
-4.997294885356144789e+01 6.725557275282565115e+02
6.952321002288729233e+02 1.790574375042548809e+03
6.547681547683280314e+02 1.762269326975056401e+03
7.385890296608953349e+02 1.763098055909894356e+03
7.802862449554598925e+02 1.762945067271951984e+03
-7.624411695382771086e+02 1.790208985858303322e+03
-7.214130633454990402e+02 1.760366323489151227e+03
-5.975376563291806633e+02 1.758957369353189733e+03
6.128877661189931132e+02 1.759217961012114074e+03
-6.377122751420466784e+02 1.789642647954437507e+03
6.955505422321739388e+02 1.788881942668186866e+03
-4.715517151746748823e+02 1.729807366313745206e+03
-3.059966230614563756e+02 1.728010466320522710e+03
-5.565111688763182656e+02 1.818031811846474284e+03
-7.236840924694599835e+02 1.788046065942724226e+03
7.336502805110600320e+02 1.786442129495073232e+03
-3.500655208309480599e+02 1.758706971605439094e+03
-5.196773032780499761e+02 1.785710780014811462e+03
-8.531262679887331615e+02 1.756233982919056643e+03
-3.530370950098335356e+02 1.755497997753430354e+03
-6.847499322353559137e+02 1.726079553129655324e+03
-8.544827546854508000e+02 1.785206307674864547e+03
-6.044200046866258162e+02 1.785206307674864547e+03
-6.877742546862341442e+02 1.755198777674816029e+03
-6.044200046866258162e+02 1.755198777674816029e+03
