date:2016-07-17, time:0700, wind_speed:0.67, wind_dir:27.0, temp:20.5
5.461861102776286003e+01 1.098167945241689551e+02
5.233682667870027672e+01 1.095204893772580306e+02
5.554953565744195743e+01 1.096000513859787020e+02
2.987226674778611724e+01 1.215769994784115227e+02
4.427199445642576592e+01 1.185110459989812597e+02
8.249883628174936234e+01 1.039483720264507980e+02
5.012414736704292295e+01 1.096740344659008599e+02
1.153032662255929708e+01 1.157537667062611320e+02
8.793922440075810698e+01 1.125838094833800653e+02
-1.252947056123416125e+01 -2.984970759027902432e+02
3.090113484355070383e+01 1.216786169410042078e+02
1.937054963633932303e+01 1.216114126944395935e+02
3.036288590777220264e+01 1.215783578347611353e+02
5.168437198252329523e+01 1.095369258910247083e+02
2.915000337980080047e+01 1.215409533368697907e+02
7.213539601214671393e+01 1.035779867504170682e+02
3.020957258906471665e+01 1.215564554404388673e+02
4.380638153141822499e+01 1.185055707674683845e+02
-1.407496733474536939e+02 -1.549787106235147816e+00
3.732036781825760841e+01 1.187479765511779988e+02
-1.579820233853132265e+02 4.679785873495498905e+00
-4.524020396703213009e+01 8.268277247541040254e+01
2.160543889083646718e+01 1.247794793487813791e+02
3.821391137580707920e+01 1.186734409100160264e+02
3.908909779607748192e+01 1.185119730223387791e+02
3.867957605457618087e+01 1.190801918955080652e+02
-9.521304143464828940e+01 3.456314245055195045e+01
-1.480967704474014157e+00 1.964936549778699941e+02
8.194544405057177983e+01 1.036739614751986807e+02
3.843859377230539565e+01 1.189027897545721828e+02
-1.240758546175594290e+02 2.567323218866857459e+01
-1.262552132352153222e+02 1.096658528666289811e+02
-8.073247139906078473e+01 1.162278582672563658e+02
4.106663288522226196e+01 1.187058598185235212e+02
2.808416127456340661e+01 1.218516910388293724e+02
3.549556933414596216e+01 1.184830089848419021e+02
3.849752298417727303e+01 1.190504086581490242e+02
3.287094677608165938e+01 1.216478904067490987e+02
-8.206549678854072738e+01 1.067114001490028556e+02
-4.682799759858574618e+01 1.308433169194146899e+02
-1.039269932083463459e+02 4.965117597212356770e+01
-8.572139979950524946e+01 3.419971948534018225e+01
-9.732465226963088867e+01 7.057295080637202034e+01
-3.562479958959797699e+01 8.552833306520838619e+01
3.931921505821100737e+01 1.185061715664536024e+02
4.719533148107265674e+01 1.125468033946425663e+02
-5.163183227305343337e+01 1.365787191258215501e+02
-1.203058008789091815e+02 4.661914649468333494e+01
3.799440837798836412e+01 1.189102146387631365e+02
-8.706829398933183484e+01 6.754647189079872760e+01
-8.628887060398939468e+01 7.075840141454362708e+01
5.581760608332336204e+01 1.151478935250319324e+02
-5.374280847201494282e+01 1.424683772831498061e+02
5.276880596689479574e+01 1.156130304896861105e+02
-3.129353657974428327e+00 1.966179733146795456e+02
-8.608238726476564295e+01 7.038776567518864624e+01
-6.241701145368013215e+01 7.065663900575614775e+01
1.067565409739593640e+01 1.186342748627576356e+02
3.848575462806852698e+01 1.187451106023715539e+02
1.106114845100431587e+01 1.154783372576058866e+02
1.556991245701578563e+01 1.217321762147704902e+02
-1.402095567516506236e+01 1.514655931857051883e+02
-3.543572546862215233e+01 7.649502876747942537e+01
3.137128865920830023e+01 1.216128167346768407e+02
-3.714415135095456577e+01 1.428612126450427127e+02
-1.286693924532772542e+02 1.395073113046712479e+02
-1.038371877166040775e+02 1.246179282567501616e+02
-1.043352146461436405e+02 4.353217754872157741e+01
-1.011658077031667062e+02 4.094038078287781701e+01
-4.139939108084176311e+00 1.426098089485952869e+02
-1.037390839003130196e+02 2.870253082664355659e+01
-1.129741997756991339e+02 4.656783708336471506e+01
-1.129599901948596568e+02 1.216416549947582695e+02
4.519121605442395406e+01 1.125904175629178638e+02
4.710575855464159645e+01 1.125847441323799529e+02
-1.140068598836804057e+02 1.188841933055804816e+02
3.070368013537755658e+01 1.215204761133911973e+02
-1.041436564692259452e+02 1.216294386772321587e+02
2.634540225930999924e+01 1.215667296091590401e+02
-1.196278637459920304e+02 1.249120464367914565e+02
1.026614508822591088e+00 1.966977571629037129e+02
1.360632151286510982e+01 1.996650782466645637e+02
1.113462836661813427e+01 1.966236137766827596e+02
-2.878966822161460382e+00 1.964797925710122684e+02
4.703704887400109946e+00 1.876392915532251777e+02
1.784191317270567367e+01 1.967303477510636185e+02
-8.518783408369657195e+01 1.610833246495389517e+02
-8.230942079559414992e+01 1.637780358754838801e+02
-4.777114726215327778e+01 7.966741122505140993e+01
5.493787830538018113e+01 1.098356284587149361e+02
-1.079725284853475671e+02 1.335730117599893561e+02
8.137229370429604813e+00 1.817847165823133366e+02
2.296198551713513059e+00 1.786027924530443158e+02
2.608538109604017308e+01 1.214627809702828074e+02
3.749112011468410088e+01 1.187008736949933052e+02
3.031128952797055476e+01 1.216939864163593938e+02
4.757403353947651681e+01 1.782508363695620233e+02
1.745372634798862421e+01 1.666662092396349237e+02
4.647059116767297127e+01 1.758053734898591074e+02
1.232398000380945113e+01 1.755487035100274511e+02
-9.444782643202751160e+01 1.606639254072046583e+02
4.897392577047956941e+00 1.938031208715187859e+02
9.292381902320444809e+00 1.876456212324964099e+02
1.658968896810952609e+00 1.786222737645503003e+02
-3.543442128138022440e+01 1.573369463172455482e+02
2.736112749045304682e+01 1.669247428162197764e+02
1.090004714607498260e+00 1.757435841415367861e+02
-9.989366746709169576e+00 1.426622641475637465e+02
1.050358780688214821e+01 1.816352936517025398e+02
-9.473740500774495388e+01 1.485161103452360862e+02
2.661064409709698353e+01 1.214485357914775250e+02
1.920872341628036750e+01 1.214949775978500668e+02
2.955511743636629873e+01 1.698105111660894977e+02
-1.098350526457611096e+02 1.487749311233415028e+02
1.235774582479362849e+01 1.757132486134857459e+02
-9.136607177720203765e+01 1.215201453666216906e+02
-1.032174212895397147e+02 1.276778655667182392e+02
-9.729460361451037897e+01 1.219643512152545526e+02
4.134799115571871297e+00 1.725596638931981204e+02
-3.281223226341443677e+01 1.546463121214657974e+02
-1.653685846616134256e+02 1.955893869887101744e+01
-1.891943181252059847e-01 1.968323657169892726e+02
8.807298424386795332e+00 1.848002248269283427e+02
-2.562292306428464528e+01 1.427926780862347300e+02
-1.993720290373274295e+01 1.516245693287019378e+02
-2.377374332125253531e+01 1.459355706227755434e+02
-1.159673465537139094e+02 1.548029279670144263e+02
-5.797275636428854995e+01 1.578197482321232599e+02
1.289229129219897096e+01 1.817558640944644992e+02
-1.035043590166635425e+02 1.609105595544456264e+02
3.409092336479560004e-01 1.696249779065049381e+02
-1.067190240088000905e+02 1.547076863564777511e+02
2.205166417927189482e+00 1.786557631258523315e+02
-1.106524104076503505e+02 1.605846203366322129e+02
-1.052333849802477914e+02 1.667519207638599710e+02
-1.138337175764525995e+02 1.580960363772275059e+02
4.741135896877742795e+01 1.127116928280927226e+02
2.615861970557904215e+01 1.756408373138472996e+02
1.464445887578217231e+01 1.755098633269637105e+02
7.198808267994030174e+00 1.755613273509155761e+02
-1.007244971309298478e+02 1.604729899049511914e+02
-9.409333956956248812e+01 6.751241448543501633e+01
-1.284975711244717900e+02 3.771108156463716199e+01
-9.888374680652947291e+01 6.181042622563722233e+01
3.897875634449733440e+01 1.186125809728371365e+02
1.792378708445456681e+01 1.694614082492529121e+02
3.383411176944505172e+01 1.215483646489730205e+02
3.310114672129473234e+01 1.908446632101925786e+02
4.677405637446548070e+01 1.968352655665595705e+02
2.735404899955622327e+01 1.214752217696944143e+02
3.001899114080999809e+01 1.217867726949046556e+02
2.929049503906779606e+01 1.216138942568560566e+02
2.944738371219795070e+01 1.216672911228002505e+02
-1.004402271495599877e+02 3.159936517791173216e+01
-1.054587501881270839e+02 2.882426550516353458e+01
-1.030372095911719441e+02 1.609291507330456454e+02
-1.014675567036495778e+02 1.579100896310151541e+02
3.233325533197306356e+01 1.217596884858459418e+02
2.731193757448781767e+01 1.215130069515927147e+02
2.937863895715618057e+01 1.218354825504455761e+02
4.957308210965513950e+01 1.966706929032330038e+02
-6.085097195458222785e+01 1.845156941308753176e+02
3.243762866910214626e+01 1.907416517800966744e+02
-6.942905169524006226e+01 1.846393542624943507e+02
-6.455414346854639973e+01 1.815213837674913009e+02
-7.288956846850722116e+01 1.785206307674864661e+02
