-1.235594539051792253e+03,1.578313818018740733e+01
-8.964078007990450487e+02,-4.682418992349785754e+02
-4.309368806765625664e+02,-2.749704219544762509e+03
-1.279782511007669427e+03,2.863081074905938408e+02
-2.726257430512204110e+02,-2.752359504127298351e+03
-9.376826843919263865e+02,2.223329158704841859e+02
-1.180507233608569550e+03,1.122538309491049802e+01
-7.674536397295939878e+02,4.977871142478925890e+02
-2.645188228096600369e+01,-2.840421904413893571e+03
-6.961616182774079107e+02,-4.347997848328611212e+02
-6.006662098946344486e+02,3.089435383491284597e+02
-1.975122654003558864e+02,7.607176051348540113e+02
2.410861623696945344e+01,-2.947429976150569019e+03
5.672992432615582175e+02,1.088742213814334491e+03
-5.097340918477034961e+02,-2.598162747933681658e+03
2.318336802301474222e+02,-9.212616442622322666e+02
-9.833742485362971593e+02,1.036657173535563174e+02
-1.146260569009140681e+03,-5.495323285930417967e+00
-7.777722935373235487e+02,1.342013874692121362e+02
-3.441485263267020400e+02,2.534626774021647861e+02
-6.930031703381130228e+02,3.426325536328196790e+02
-1.446149043162873113e+03,1.942069688815312816e+02
-8.958177401018100454e+02,4.307306582564727933e+02
-1.052618201449964488e+02,6.707763990429660907e+02
-1.068026034418778863e+03,-1.291775006398030001e+01
-1.753918679601394217e+02,-2.837482205536176934e+03
-1.014676209206160365e+03,2.332266062829792475e+02
-1.237792358929261127e+03,-1.630522497165067080e+02
-6.131783883590850337e+02,-4.427407623191608366e+01
-8.101851304951826478e+02,-6.919927348338839579e+01
-4.295866893418697146e+02,1.301873560053138590e+02
5.692485140123465044e+02,1.091078131161860711e+03
-9.327487746714474497e+02,-1.674504253613801552e+02
-7.264913151051936211e+02,8.027799143461697895e+02
-8.074052403633399990e+02,-1.900088131164755367e+01
-1.058558191529082023e+03,3.452880261505415547e+02
5.667659815390032918e+02,1.091944890251124207e+03
-5.161057015716693286e+02,4.626511665872513959e+02
-5.700033624917540465e+02,1.654804759864475727e+02
-1.050823688881781891e+03,-3.785650184259678781e+02
-6.470530304414679676e+02,1.936071865670237742e+02
-8.178836834613488236e+02,1.930096692724334844e+02
-1.138141532950516421e+03,1.913168215092383093e+02
-6.532077404640757550e+02,8.589071168746497733e+02
-5.209023161503821484e+02,8.537665631485496078e+02
-3.895076601691514497e+02,1.447104913653038238e+02
-6.332128942341713582e+02,-3.795277739958169150e+02
-1.104336626119453285e+03,-7.948700953419699999e+01
-1.017255335222655845e+03,2.496739596864648263e+02
-7.608883200260299873e+02,1.930288510769150889e+02
-1.432747617508882286e+03,1.156504738963189709e+02
-9.387915254527144953e+02,4.115649396593499176e+01
-2.608119939134784886e+02,-2.748442610379624966e+03
-4.318799877895747841e+02,-2.720342213812779846e+03
-1.148043404019307445e+01,-2.987793897625777390e+03
-8.622151104844280098e+02,7.309972814930187042e+02
-7.775190444373981791e+02,-1.343335897542778525e+02
-4.020985106797529625e+02,1.301882653579341422e+02
-6.805191762383659579e+02,1.002506531634431042e+02
-9.283940515177274619e+02,-4.636935224744771489e+01
-1.262698214081798369e+03,-1.567082667002134713e+02
-3.516523434047611545e+02,5.959228933314609549e+02
-5.543075486587964633e+02,-1.065368111125498274e+02
-3.592503722258950347e+02,7.983608806027058336e+02
-1.102232050982693181e+03,2.321057007176100342e+02
-8.919722299003135504e+02,-1.991659563630108494e+02
-1.604270791860127474e+03,2.922595856076331984e+02
-9.015680888552516308e+02,-2.604205406650508507e+02
5.643821078584579709e+02,1.093607363395187349e+03
-8.908646168786891621e+02,7.313729967462334116e+02
-5.569108848535399829e+02,2.803328016714361866e+02
-6.920800987919687941e+02,2.531483804608303103e+02
-8.932742970217707352e+02,-1.376277450117902958e+02
-1.145165717284625771e+03,-1.385606310767184937e+02
-2.739058684976698714e+02,4.937953045762918123e+02
-1.391160392527671945e+02,-2.798639259425784530e+03
-5.290416744349568035e+02,4.731446116482442932e+01
-7.287397422721502380e+02,1.440933647043258929e+02
-9.324512612813239230e+02,1.396541133246259392e+01
-8.429514571787249224e+02,1.012376133781817060e+02
-5.985836991444048181e+02,1.730395618037880467e+02
-1.221442810215041163e+03,-2.198861644952342544e+02
-5.284299307872990994e+02,4.339914347779200057e+02
-7.620723303377988032e+02,-2.559512623659763335e+02
-6.074681317119687947e+02,3.111823360043163689e+02
-7.390106523582827549e+02,1.331706481490777776e+02
-8.527535123028748103e+02,1.159126538328638105e+02
-7.641088249177446414e+02,8.380242464514083167e+01
-1.517427055203284453e+03,2.205002939672301352e+02
-7.776631116834146269e+02,7.941360013538130715e+02
-5.186097412925487333e+02,5.238796309111023675e+02
-7.394236742313294144e+02,8.547487543687600464e+02
-1.013410415448749745e+03,7.409312833142982413e+01
-8.984717258486757601e+02,1.034471891098594796e+02
-6.398005095234132114e+02,7.157354581804142413e+01
-6.336962840771914216e+02,1.039054290181530007e+02
-5.180676280285255189e+02,8.821060952829071766e+02
-4.856955808271233082e+02,9.119188388839014578e+02
-3.167663855095407257e+02,4.963405988565292546e+02
-3.437957900759224685e+02,4.634973333536522091e+02
-8.879850623611071114e+02,-5.263893272429104400e+02
-5.562663285986435540e+02,7.338778146758997991e+02
-4.857690813918695198e+02,7.921298562326832098e+02
-9.699059750380420155e+02,-4.845089186128369363e+01
-1.557013999896618088e+03,2.955813663037862398e+02
-1.053781110684978103e+03,-1.379001230772436770e+02
-7.756930764897010704e+02,8.804559033730809006e+02
-6.453036382207091037e+02,-7.639393156495896164e+01
-6.111541414633926479e+02,5.555009806106320411e+02
-4.324283770208342048e+02,6.125563853230997893e+02
-8.051378967293517235e+02,2.611727071105257210e+02
-7.199863643820033303e+02,8.195939453977813400e+02
-6.862901226348121781e+02,7.728377269226186854e+02
2.342035116683423155e+02,-1.036007815340267825e+03
-1.197727302029192288e+03,-1.378673925053805078e+02
-9.409443399616367287e+02,-7.602114653658591692e+01
-8.991822675683522448e+02,-2.846502076045243825e+02
-1.260089737434153221e+03,1.440304044617366230e+02
-1.939590143559534567e+02,7.340767959347776923e+02
-3.457971627531578633e+02,7.945664977758531222e+02
-6.787824957411312425e+02,1.019788302359233114e+02
-8.482533701874507415e+02,-1.863572111383777496e+01
-8.857858404283661002e+02,1.403922844527149749e+01
-5.642339291399429158e+02,5.842497492054176291e+02
-3.468385772895208561e+02,8.532788188288066067e+02
-6.408213766963395983e+02,8.484313563799402118e+02
-1.807781458561364616e+02,7.140354088992394281e+02
-1.640413691063146644e+03,2.518724387703721277e+02
-6.921948417856433480e+02,1.391392763038128351e+02
-9.373801838372243083e+02,1.894726747069083217e+02
-5.221902143584602527e+02,1.273761577239353073e+03
-3.074602334427985966e+02,1.238274979617291137e+03
-2.670087581316819865e+02,1.133662160010630032e+03
-7.597607898405111655e+02,7.006378231480630348e+02
-7.249529417431524507e+02,5.202564707090386946e+02
-4.452008151221692174e+02,4.933501265637995630e+02
-1.144723151265293154e+03,3.401516918025629934e+02
-2.375488252768820416e+02,-2.773385635909921348e+03
-7.697187650514648567e+02,-1.589846121939685730e+01
6.941416111599012595e+01,-2.831138389422463661e+03
7.513695246338218681e+01,-2.837198230418453932e+03
-6.929898152240634772e+02,1.065986461691612419e+02
4.058011090592341361e+02,1.513352975778300333e+03
-1.561284490881542411e+02,1.336408247936493126e+03
5.287678596428877427e+02,1.273011441169230011e+03
-8.602847354255043228e+02,7.652595601205305229e+02
-7.246191461791995607e+02,7.409389419878200442e+02
-8.601770369933758502e+02,6.732244896544311814e+02
-5.218701326047489601e+02,3.832936846325114857e+02
-1.145462045157237981e+03,3.386476745009921956e+02
-6.826220474229112369e+02,3.403542270798587879e+02
-5.291143794801196236e+02,1.424533232561348996e+03
5.294154678715162845e+02,1.331073964745191688e+03
6.916196788904798041e+02,1.469180041254337993e+03
-9.329557552524617847e+01,1.270100688674777530e+03
1.025662880313846927e+03,1.510419675483790115e+03
-9.885349498215346387e+01,1.012914699063813487e+03
-4.805383875821775064e+02,7.339261523202555964e+02
6.981599228917653477e+01,6.089043039067745440e+02
-1.430930597800205305e+03,5.504901682631048061e+02
-1.020994468944292066e+03,5.351128789584317929e+02
-1.141643621802838879e+03,3.422529780490873463e+02
-1.021915389331985011e+03,2.518633886036830631e+02
-6.467887746394734449e+02,2.629337753738851688e+02
-1.943002863977096695e+01,-2.973390858298515468e+03
-7.621040430694170027e+02,6.404737127300439852e+02
6.834044007308020809e+02,1.453057936073805422e+03
6.087023304173785618e+02,1.423416736182432487e+03
-3.910075983257669350e+02,1.273148305808284249e+03
-3.026201585936952370e+02,1.279710334844809950e+03
7.279294134836406727e+01,1.094133616731899110e+03
-7.668946630443142567e+02,7.322884734471369939e+02
-4.353368537926997419e+02,7.012969548535357944e+02
-6.856371581562500523e+02,6.411124884108304514e+02
-7.216049488788097506e+02,4.924319084529551560e+02
-1.228869874809829071e+03,3.834352498118082622e+02
-1.176804285931787717e+03,2.229897908730557674e+02
-6.423527180071050680e+02,1.011795428115868958e+03
-1.136161493899553761e+03,1.328120983806866207e+02
-6.008408533692424953e+02,6.995729108713203459e+02
-3.858793538323658936e+02,5.823577397059916620e+02
-3.107988660741657441e+02,5.202866716350454226e+02
-3.200953861866276497e+02,-2.752003215167407234e+03
-8.057104289851931753e+02,-1.661365005378033857e+02
-1.226208457878624813e+03,-2.867160833805748439e+02
-8.139076695713230265e+02,2.906430748709626641e+02
-1.438641561674828608e+02,-2.805725188333025017e+03
-2.393849597453520062e+01,1.126706720526957270e+03
-1.099367187865883352e+03,-1.070435131171988132e+02
-1.474674678410925480e+03,1.898614211282931592e+02
-7.653787300007713839e+02,5.973671096459426053e+02
1.782179946284445293e+02,-2.868503359307589108e+03
-5.288091285690775294e+02,1.356916432214063093e+02
-8.901435499009839987e+02,-7.869779740460759854e+01
-2.671822082487357761e+02,5.367777987764031877e+02
-7.711844733598288713e+02,-6.600215656276168374e+01
-6.519499202059355412e+02,1.350948588492452416e+02
6.977381785694689142e+01,1.181693097415375860e+03
-1.426536723411680896e+03,5.520299019002845853e+02
-4.017215615373502828e+02,8.207170750107870845e+02
-8.122469104685551429e+02,1.889376837794289656e+02
-2.305459126873505511e+02,7.689743127070696573e+02
5.233577745917187940e+02,1.378279507877352216e+03
-9.266277789605503585e+02,2.542912567333738139e+02
-6.102072072310692192e+02,7.964839440286052650e+02
-6.827771735679325502e+02,7.899067257130266171e+02
-6.065947929840931465e+02,1.543585313978006525e+03
-6.856038707889077841e+02,3.724747375563846958e+02
-1.374134886021690818e+02,-2.719555002089803565e+03
-5.232999409824545864e+02,-1.316143319984110178e+02
-4.830429095683749665e+02,7.972018031074801456e+02
-1.276011405769813337e+03,-7.130544518635610984e+01
-7.259012072524045607e+02,-7.907834119419365493e+01
-7.240425561892703854e+02,2.349755353118048617e+01
-7.768699357960169891e+02,-1.212388585506013783e+01
-1.138558707914308798e+03,-1.398664897095709989e+02
9.434288669331317578e+01,1.124804172676440885e+03
6.626596936046045982e+01,1.152038601410858746e+03
5.688848234459592277e+02,1.101464449090442258e+03
-5.953714980366822829e+02,9.775595968625817704e+02
-6.352220103644774554e+02,-1.742062275084887091e+01
-6.316599502686717926e+01,1.090819356781207034e+03
-4.713956338805359110e+02,-2.905159582785288990e+02
-9.837527927847705769e+02,2.223892320641786000e+02
5.688317004091604758e+02,1.100500101101837799e+03
-4.342467207318148894e+02,5.219962547515066262e+02
-4.373375258679420199e+02,4.292143146530515310e+02
-9.297141282150601000e+02,4.047909869861609877e+02
9.007845539972527149e+02,-2.389821022448842541e+03
-3.101390147098985608e+02,7.711002725156698716e+02
-8.083215355282724204e+02,-1.056937329575529105e+02
1.093573393163870691e+02,8.905750435744689639e+02
-8.068057399271311851e+02,1.016561043470861989e+02
-8.076041143712478743e+02,7.017272527443282115e+01
-5.712641735573906772e+02,-1.968692620054792144e+02
-5.977719969821670247e+02,2.198223631442526766e+02
-1.097155984178606559e+03,2.808932141665013660e+02
-2.369289603505091009e+02,8.542509930331618762e+02
-6.546700430807219391e+02,2.866679534057603860e+02
-5.545334842374013533e+02,2.851658567473652965e+02
-1.017196253339208965e+03,1.291479996769301124e+02
-1.885278728850039158e+02,-2.811336140269809221e+03
-9.406022478677847687e+01,-2.809225566565778990e+03
-2.316908295017162800e+01,8.522192022509301523e+02
-9.033917072869813865e+02,1.034608345250422161e+02
-8.893797313697368736e+02,7.001394742238102253e+01
-1.795217235595150953e+02,4.944191673024334364e+02
1.741486394138738092e+01,-2.958184094492064560e+03
-6.009712174184522837e+02,5.206940978596591094e+02
-2.207608831488967098e+02,-2.627845006176432889e+03
6.543654745124587180e+01,-2.839162490295023872e+03
-5.152571135996553267e+02,-1.401750825890786416e+02
-3.515467246467576388e+02,7.013493273143833449e+02
-6.104140021875307411e+02,7.350168842149819284e+02
-5.258704784811397985e+02,7.617813855045665150e+02
-9.697960705482070125e+02,-1.580799122002642321e+02
1.024550124838246347e+03,1.480609205877540944e+03
-1.379273845161336567e+02,-2.809731737529901693e+03
-5.682594476120071931e+02,7.992599401441201508e+02
-1.143900541685562757e+03,8.544126301785119892e+01
-6.034866356338131936e+02,2.228812143055459956e+02
6.811683302142757839e+02,1.454193458696152447e+03
6.092649101016040731e+02,1.430629175543631845e+03
1.058196114547513389e+03,1.484059815798615773e+03
-5.154986777184780067e+02,8.014139681137373827e+02
-4.468513426368594423e+02,7.186383171569880801e+01
-7.712352245766533088e+02,1.948456432553449957e+01
-1.100533937286420269e+03,3.417358410321932070e+02
-6.773413197319209758e+02,2.852256629700997905e+02
-7.215133679535272222e+02,3.409903819371708664e+02
-6.844651285771581115e+02,4.148945869315247137e+02
-8.870477543214850584e+02,2.199823980557893890e+02
-8.961423142666228614e+02,2.361438389751089915e+02
5.688592377333909553e+02,1.091309458871547804e+03
5.610127374531766691e+02,1.102814257065342190e+03
-5.993592432768335811e+02,5.484604992818057099e+02
-6.090883257330075367e+02,5.838692648092130639e+02
-6.108189557669085161e+02,4.910517424929552703e+02
-8.523575341294355212e+02,1.905527683831763852e+02
-9.368174850219310201e+02,3.390039518753401353e+02
-9.285699278186007177e+02,3.724488322475500581e+02
1.021126196646144990e+01,1.064716463895020524e+03
5.247376847331930776e+02,1.373707513108249486e+03
-5.123358968333603798e+02,-1.658792512058637953e+02
-4.420415318376402638e+02,-1.658307812986836609e+02
-5.583170644275809309e+02,5.933426585529621207e+02
-5.587579964501851464e+02,5.598717949310848780e+02
-8.038478866325310719e+02,-1.073961217295792494e+02
-6.406475585394807695e+02,2.479814089675664945e+02
-5.576717160377127129e+02,1.043970837594037448e+03
-6.418581485641086601e+02,7.614612781941148114e+02
-6.057539834594765580e+02,7.628436966305944225e+02
-7.609254758403245660e+02,3.103707681533589948e+02
-8.072146366581439452e+02,3.231158545313256241e+02
-7.296915911597080822e+02,2.822967082888308710e+02
-8.497763653694618142e+02,-5.046162423371568906e+01
-1.023567341671871532e+03,4.020761796148787539e+02
-1.069191099785711913e+03,4.078758711665499277e+02
-1.235611688001295079e+03,-1.954855084794470201e+02
-7.649380305545339525e+02,4.007774873769596979e+02
-8.452988404410050407e+02,3.738105991478350347e+02
-6.838570323753633602e+02,7.310290625280916288e+01
-7.650709530764472674e+02,1.638529780641088678e+02
-7.791861328746585968e+02,1.629807609772922490e+02
-1.056453562368043322e+03,8.557306663442883519e+02
-1.267398569751693685e+03,1.911202805396242184e+02
-2.660692570215966271e+02,7.596254477231628925e+02
-4.301613826620350665e+02,4.920957832969160677e+02
-8.020035258597224583e+02,3.728147235333389631e+02
-2.352041948300367835e+02,7.312720482122699650e+02
-6.787699900098466514e+02,2.302443432791358191e+02
-6.385165495693121329e+02,2.539353757550227897e+02
5.183238849806183168e+01,1.154822993003651618e+03
-4.337128511247803999e+02,4.902655319303897841e+02
5.298452980928326497e+02,1.282955887483773949e+03
-2.790043395866960054e+02,7.957444628520365768e+02
-6.846142760764212198e+02,6.414076875943997038e+02
-7.648282284827656667e+02,6.103202314895306699e+02
-3.633485515725965911e+02,5.230095893683671875e+02
-4.289333057242361065e+02,8.045190377726023598e+02
-1.015306155289386766e+03,7.720836348399679991e+02
-6.873259509587491038e+02,8.261992366330494519e+01
-5.299866811664356874e+02,1.054744230414884782e+02
-5.691953467497439760e+02,1.362525640407728815e+02
-6.804459540030510425e+02,8.531799035004443112e+02
4.430607649459250297e+02,1.484836045973521550e+03
-3.458885851497340127e+02,1.607215417326085571e+02
-3.490430627246734616e+02,1.542667603159338569e+03
-1.231372531909709323e+03,1.291253217090957861e+01
-4.721207314475217345e+02,-1.691459076231129472e+02
-3.913794726858960189e+02,3.713241647983784333e+02
-1.102932297095695503e+03,-4.906071102708209963e+01
2.996759615867310345e+01,1.092666099129031409e+03
-6.947074798907210607e+02,3.448325665475847472e+02
-8.501674663031831187e+02,7.598947098476177189e+02
-6.838619416022681889e+02,2.083454799471336116e+02
-6.372965346850510286e+02,8.225765518228413384e+02
-6.829065075832926368e+02,9.129962166564288282e+02
-5.711797639641840760e+02,5.868042218853798886e+02
-9.033304506823101292e+02,5.232049533593890374e+02
-3.606242415508896784e+02,8.254680020053145881e+02
-7.179351496297164203e+02,-4.696331719460439302e+01
-8.579817187467178883e+02,4.055917520914678676e+02
-5.978224459214185345e+02,1.430825411251433934e+03
-8.862088734317078433e+02,1.619423708876442163e+02
-8.154314566166524401e+02,3.417344189211617049e+02
-2.254330029457627234e+02,5.486009409532160817e+02
-7.348116849726524151e+02,1.871487994533481469e+02
-8.472209973909938299e+02,7.933259435403510906e+02
-6.039577096375868450e+02,1.439175559322214326e+01
-6.411663391525759153e+02,-1.687806078396826592e+02
-8.229592534287559147e+02,4.438055061597452777e+01
-6.940907640257388493e+02,1.382690121213811949e+02
5.223888430791495239e+02,1.379234385173500186e+03
-6.784769820322824216e+02,6.894954253178779879e+01
-3.601148313735660054e+02,8.191435586968460711e+02
-6.914651884933633710e+02,8.496093809000453803e+02
-5.978409249759499744e+02,1.154968655869826932e+01
-1.105260961654612970e+02,7.353440295799334763e+02
-1.490068775976212407e+02,7.318335863363291764e+02
-9.862205195639153033e+01,7.630951128313896561e+02
-4.787792139804000726e+02,5.165052902666421915e+02
-4.738908455706005043e+02,6.110269238261632836e+02
-7.181892317089643711e+02,-1.373384565345715487e+02
-6.926890773871538158e+02,-1.670166095891782163e+02
1.483648211398750618e+02,1.276351424976926637e+03
6.831667740336230565e+01,1.303201375157422035e+03
1.105573717909790048e+02,1.273556447130442621e+03
-1.230307634717626797e+03,1.759666310225748589e+02
-1.181695563371936714e+03,1.635787040696209260e+02
-5.156753561028386912e+02,9.420997661138788999e+02
-2.656820897079508654e+02,7.602038421581090688e+02
-5.601945922995103047e+02,3.848306618185231400e+02
-2.641805539119388868e+02,1.339855004744028292e+03
-5.600225698063145501e+02,7.596661663072210331e+02
-1.026384132988756392e+03,1.391726586629761755e+02
-5.286828834217706117e+02,4.366821236326521785e+02
-4.735014686282696061e+02,5.174622239797522525e+02
-8.547026278985129011e+02,1.352061680208617531e+02
-6.037674571075741596e+02,2.796063720046645358e+02
-6.940615693252152596e+02,8.588829954228217503e+02
-8.578750672051637594e+02,2.819367243374157965e+02
-6.968406392075396525e+02,1.662089145292584362e+02
-5.596678949042665181e+02,5.022992474275091013e+02
-1.271630214731248088e+03,2.308868276596763991e+01
5.696153866444323057e+02,1.091782941464055739e+03
-6.015842641747931339e+02,5.785632415646433628e+02
-5.695889866824111323e+02,5.560248325337335018e+02
-2.619138264383823298e+02,7.613393659278759742e+02
-2.697788407500815993e+02,7.608369354264224285e+02
-2.338687782968661395e+02,7.589645310156329288e+02
-8.053680010487805703e+02,8.904505597535206789e+02
-7.612046135321351130e+02,9.139748760129770062e+02
-7.777104690396583919e+02,8.832587514660663146e+02
-6.407971036919274184e+02,5.606576941654392385e+02
-6.471975155709487808e+02,5.630244240318363609e+02
-6.002001019154357664e+02,5.781818783460271334e+02
-8.520004556318633604e+02,2.329342329027412575e+02
-8.105314708769208210e+02,2.182601642596378042e+02
-8.483754614432662038e+02,1.997477322532961352e+02
-9.705146422426303161e+02,-4.687281406836638808e+01
-9.855875716949208254e+01,1.089342279803685642e+03
-6.783880698709802459e+01,1.094644337532596865e+03
5.692013159697611400e+02,1.091358513455005323e+03
-8.608502984546548760e+02,4.661915487842819061e+00
-8.970907141384852821e+02,2.309707998530178941e+01
-9.393436691928604887e+01,7.611846643273549944e+02
-9.446756976728592292e+01,7.025262304571858749e+02
6.126630855348336127e+02,1.421798679460783887e+03
5.969728159943932724e+02,1.429955309582484915e+03
-1.964757927319479336e+01,1.149735135503439324e+03
-1.524073645500895680e+01,1.123950236916812401e+03
-6.055127399232432026e+02,5.514904092078245412e+02
-5.663621389051219239e+02,6.068839584031153436e+02
-6.502824308777622946e+02,-1.719086171902100943e+02
-5.799315226437599335e+01,7.268230506409315694e+02
-5.281624219959597895e+02,4.963807829427976230e+02
-4.742269396491757334e+02,5.188492578484145952e+02
-5.192912018643984311e+02,-1.403628694468188201e+02
-5.072101484729477079e+02,-1.409335259478384046e+02
-1.103474335095935658e+03,2.894014719593969289e+02
-1.109801358914199227e+03,2.859142361676743462e+02
-1.103823485809396743e+03,2.927917762719382040e+02
-1.735708534161902890e+02,1.336992244133653003e+03
-1.396789722664507565e+02,1.338251817412191485e+03
-1.905767831920958599e+02,1.335223697148190922e+03
-5.999612245070904919e+02,5.826520456987381067e+02
-6.051648362552069784e+02,5.529257282538330855e+02
-5.999370881332783938e+02,5.507272901335198867e+02
-5.993435153446415598e+02,1.450392441567549668e+03
-6.097932752875739197e+02,1.459674424106920696e+03
-6.044200046866258162e+02,1.455123477675120512e+03
-9.319083636828878525e+02,4.201700283422824356e+01
-8.922979970404707046e+02,2.959139891179373194e+01
-8.935922552309137927e+02,4.401761506201727769e+01
1.068473768866574119e+03,1.512230242477584397e+03
1.064877886570018291e+03,1.512681472727844039e+03
1.068021088471284656e+03,1.482197529562982254e+03
-6.812328993509247539e+02,7.143153583632451387e+01
-6.837640837289543470e+02,7.270612251887700950e+01
-6.927782424072231606e+02,6.892488118305881528e+01
-7.668734304888969291e+02,1.912603861134040244e+02
-7.591632501779490667e+02,2.014536799895693662e+02
-7.633274136453779875e+02,1.905879692620031562e+02
-8.058658639337863860e+02,1.615318988654645693e+02
-2.616990319497268160e+02,8.259370858479144317e+02
-3.121244346854513196e+02,7.949578176748428859e+02
-2.897135554515256217e+02,7.929953503387113187e+02
-2.652018232092740391e+02,8.196009141474994522e+02
-2.552988536278674019e+02,1.119947283900697130e+03
-3.121244346854513196e+02,1.155048177674635326e+03
-3.051409736616953410e+02,1.151467152063356934e+03
-2.627493071642724658e+02,1.122120663429736624e+03
-4.631537946920666968e+02,6.135888243461264437e+02
-4.788329346862473130e+02,6.149126376745517746e+02
-5.144996436365926229e+02,6.149493050070880145e+02
-4.767229406739708111e+02,6.258023695475106933e+02
-5.534255596072258641e+02,4.033140408018507514e+02
-5.541945676753520047e+02,4.014497584989511552e+02
-5.682811674757034552e+02,3.780820852109770840e+02
-5.568155878172618714e+02,3.984105956675267635e+02
5.744062994964318705e+02,1.093526445993192283e+03
5.248570091692095048e+02,1.094231135385147809e+03
5.663097025954614310e+02,1.092387090628940314e+03
-1.021399529262920737e+03,2.041976536909690196e+02
-1.007556765069660628e+03,2.285861575702656978e+02
-1.020078955436723163e+03,2.615425918638434268e+02
-1.014009988844426061e+03,2.540136751124630337e+02
-6.812506613858059836e+02,1.200275162908833977e+02
-6.859766217871657545e+02,1.075191920897613613e+02
-6.976617196471714806e+02,1.026208423075585472e+02
-7.029142000019910483e+02,1.016611138038264386e+02
-8.032760504995605970e+02,-7.819029414880459683e+01
-8.482713663243800966e+02,-7.668724984650637566e+01
-8.021632907738479616e+02,-5.685633253025211076e+01
-8.072494664876566048e+02,-4.714024193226519088e+01
-6.422547222823301354e+02,1.424860279537232827e+03
-6.237456281325377176e+02,1.424059472033464999e+03
-5.720188962249523001e+02,1.420933304780377966e+03
-5.967564274467962377e+02,1.454058233880949729e+03
1.364303599321648790e+03,2.413493411466197813e+03
1.487831933368628370e+03,2.412530774574923726e+03
1.446957235822312896e+03,2.385380781235257018e+03
1.487677670872913495e+03,2.353038991518255443e+03
1.656427877420891491e+03,2.204051113776570219e+03
1.114881002289463140e+03,2.174532445551176806e+03
1.073282016761705108e+03,2.143864263976518487e+03
1.530031102700391784e+03,2.113657962614849112e+03
1.613363202835834727e+03,2.053503657830021439e+03
1.407242615909775168e+03,2.022191370344931556e+03
1.487759543368747927e+03,2.023939628615732090e+03
-7.193337089281264980e+02,1.932385726799745953e+03
-6.761695313257622502e+02,1.903790756730107660e+03
-5.519432182602132571e+02,1.900406200792852815e+03
1.486137561193998863e+03,1.875469631977219251e+03
1.531957397887055549e+03,1.812256696136678784e+03
1.198300600338121058e+03,1.784255788116859776e+03
-7.627211734774743945e+02,1.753835014504314813e+03
-1.800340503371573391e+02,1.753308297730865661e+03
9.887293097650386926e+02,1.752623431603914696e+03
1.531079071531842828e+03,1.752176665764714926e+03
-5.551873094513133537e+02,1.724472519858613168e+03
8.646953149734940780e+02,1.724390552098514490e+03
1.615258249704464333e+03,1.722541654492957377e+03
-9.705221894845627730e+02,1.696355243705555267e+03
-6.343036150076920876e+02,1.694250431476190670e+03
7.204646634625810009e+01,1.694126389027248706e+03
8.220214968356858662e+02,1.694498502061731642e+03
1.029092176493835495e+03,1.692623837067503700e+03
1.032193360545782298e+03,1.662384052355574340e+03
1.616013568602259056e+03,1.663178866042058189e+03
-9.734249012913325316e+01,1.633168981137197079e+03
-5.256235566688302185e+01,1.631395967373184249e+03
6.942266487273034272e+02,1.572710697705504799e+03
-5.953007819950075827e+02,1.542507143557998688e+03
6.547610142452213040e+02,1.544969723756246822e+03
1.031492154780849432e+03,1.543908271289473305e+03
-5.382639695667849367e+01,1.483533529978791648e+03
4.049389834742112271e+02,1.455313031927987595e+03
6.137582272761932245e+02,1.451947307291267407e+03
-1.176679449411554060e+03,1.421470488130774811e+03
-7.633353462939799101e+02,1.423244760144335714e+03
1.549282526738993795e+02,1.422163756050155371e+03
2.778004533549668054e+02,1.422618919039196498e+03
3.236582264630763461e+02,1.423028396258760040e+03
-4.299678565870445937e+02,1.393155279231436907e+03
1.448162447741544383e+03,1.394472447313797147e+03
-5.531047980772285655e+02,1.333081939696716063e+03
4.481278095170301867e+02,1.332751460557123437e+03
-1.781837411495066590e+02,1.305329861821903705e+03
-9.583941892920084626e+01,1.303267461156068066e+03
1.363942659667543239e+03,1.270882720014962615e+03
-9.692615619808084375e+02,1.242117220106175864e+03
-1.785559584136051967e+02,1.244616833796512992e+03
5.297826679991385390e+02,1.241651621875089631e+03
-2.597978496629035590e+02,1.212455696576886567e+03
-9.701688182234489659e+02,1.182444021487232476e+03
-1.372047652935772248e+02,1.181769669700054919e+03
-9.536705398902714137e+01,1.183094473997940440e+03
-9.690844573470067189e+02,1.152172366803752766e+03
-3.447381355328418522e+02,1.154111896314259411e+03
-4.706319670124295271e+02,1.122066761123597189e+03
-1.300161768396974821e+03,1.061385003611270804e+03
-1.096366217083249921e+03,1.064377466298922400e+03
-5.517550687001833012e+02,1.034602144013928410e+03
-1.344822885926950676e+03,9.745933279030663243e+02
-8.469349057656306741e+02,9.716161032704658282e+02
-1.219671732191498904e+03,9.415762714544715664e+02
-1.261025844727880440e+03,8.854886002007317529e+02
-8.011291841685733743e+02,8.828955966183295914e+02
-1.554419924498653245e+03,8.541943953591726313e+02
-1.512632761934388327e+03,8.525058113144079925e+02
-1.262481769502530597e+03,8.226412161424162832e+02
-1.052714321973490314e+03,8.230511133815558651e+02
-9.309254332693191145e+02,8.224795727103432910e+02
-5.539886089248866483e+02,8.219291797186571102e+02
-1.219586781570555104e+03,7.609826541813347376e+02
-5.519570114974841317e+02,5.836533571362897419e+02
-6.788251908760543074e+02,5.208730263980210111e+02
-6.784774549808366828e+02,4.328555961610828149e+02
-7.680157437266199167e+02,6.649576305766100859e+01
-7.231878017294957317e+02,1.035116161765228640e+02
-7.567701034588493485e+02,7.656002790072788855e+01
-7.706275170082018349e+02,9.423537591997917673e+01
6.403251771371520817e+01,-2.853309710642583468e+03
1.485952115992440440e+03,2.325987885604830808e+03
8.210848171793187475e+02,2.265439932544259591e+03
9.865152715341406520e+02,2.262864831422589305e+03
1.280365515395928469e+03,2.264634055654170425e+03
1.446891978769252546e+03,2.263965811104306340e+03
1.652501769286526269e+03,2.266119841089212514e+03
1.528502041728741688e+03,2.233095350291201612e+03
8.181664642936318614e+02,2.202899197828370689e+03
8.635733454460302028e+02,2.171883338478106452e+03
1.319634479852503546e+03,2.173221776924665846e+03
1.152947435469305447e+03,2.143474843538847381e+03
1.486283252706182338e+03,2.143474481082940656e+03
1.237662969657705844e+03,2.114960959184960302e+03
1.071760898829399139e+03,2.054894525568265635e+03
1.194252541072129361e+03,2.054265499123373047e+03
1.364576989502093966e+03,2.023104608651108947e+03
1.570667559121676504e+03,1.994574657722228267e+03
1.613136087194897982e+03,1.992173219602266727e+03
-8.888711487497236021e+02,1.904243198819828649e+03
1.196523597205070928e+03,1.903499142596617958e+03
1.447521086168435204e+03,1.873831912693289496e+03
1.029799197715069340e+03,1.843902085675144917e+03
1.194559154923514143e+03,1.842870061505541571e+03
-8.447078813228297349e+02,1.812350485190235304e+03
1.530684395014057145e+03,1.813205393822785709e+03
-9.692706841617059581e+02,1.785776481023744282e+03
-4.295339181736024443e+02,1.784559915434728964e+03
1.527891630357760505e+03,1.782712263506853333e+03
8.607180770890972781e+02,1.722707711889107941e+03
1.029771261583128307e+03,1.724130667674190363e+03
-5.135337691296607545e+02,1.695292440231446335e+03
-9.610691675806234002e+01,1.691117590154929758e+03
1.237133814726366609e+03,1.692258184028056576e+03
-7.620865455080647735e+02,1.663589674001561207e+03
-3.903998232593446573e+02,1.664685214450340709e+03
-9.681143709711163581e+01,1.664461437132659967e+03
1.070231708754474766e+03,1.662341646725776855e+03
1.072018227184046964e+03,1.634282847802308424e+03
-8.877214906834323074e+02,1.602743869778303406e+03
9.037345822195732126e+02,1.603172676497296834e+03
1.113115199673700317e+03,1.602726354230969719e+03
-5.129976565658605523e+02,1.573358734239137902e+03
-2.617401833905630042e+02,1.573261311806468257e+03
8.195040464034156003e+02,1.573359879738314021e+03
9.018293109948479014e+02,1.574830374997969102e+03
1.071677079922801340e+03,1.573822545050135886e+03
-8.467560169328866095e+02,1.545197407479703088e+03
-5.548887561341026640e+02,1.542952131223591323e+03
-9.582286723652840976e+01,1.515580789420794872e+03
1.951410825923575771e+02,1.512961207295854365e+03
6.937936841802135177e+02,1.514240556476154552e+03
1.113653003491498566e+03,1.516687074058125290e+03
6.521814001544473740e+02,1.482241643200842645e+03
1.239127053115532135e+03,1.485272980272957057e+03
-1.181157040092766465e+03,1.454190242689574006e+03
-8.043167898319430833e+02,1.423154020570669900e+03
2.822581690733233017e+01,1.422794426598230075e+03
1.361179122117492625e+03,1.424149835880482215e+03
-3.468652257591168109e+02,1.392991157554435404e+03
-2.623427924970937966e+02,1.394297702718583196e+03
-2.230851003911755583e+02,1.393355347082558410e+03
-1.390398225979134565e+02,1.391471891705201188e+03
1.486529518109135779e+03,1.395407948418509477e+03
-5.143121208204210006e+02,1.364556788197438891e+03
-9.722706011739849146e+02,1.332310819824344435e+03
-5.125293410759255721e+02,1.335981905403575638e+03
-5.468166444020019412e+01,1.333230914163034868e+03
-9.327320863860799136e+02,1.302335872571701884e+03
-8.867141995908987155e+02,1.303313244578622061e+03
1.403201366580506829e+03,1.271530417499103351e+03
-4.288918670083592133e+02,1.243392196911427163e+03
-2.211923584620870429e+02,1.241286113115181024e+03
-9.551498063530630134e+01,1.244456292625714696e+03
-8.885456854159795057e+02,1.214157984393352308e+03
-8.063684958472770177e+02,1.212968798669891157e+03
-2.218468361432223332e+02,1.212199470202383736e+03
-8.047514003948444952e+02,1.183348245586048733e+03
-1.772196152154383810e+02,1.184640791574384821e+03
-1.137827996322012041e+03,1.152556832748693523e+03
4.854876170819455865e+02,1.153709801908936925e+03
-1.097360085547969220e+03,1.123128042117064297e+03
-7.624323994470241814e+02,1.123181743996699652e+03
-7.203635684979632288e+02,1.124157192223795391e+03
-9.847452263794356497e+01,1.121934344448727416e+03
-1.182841646643853437e+03,1.094823353375936449e+03
-1.784021924292175072e+02,1.095248800103367330e+03
-9.295365428052959942e+02,1.062923937326344912e+03
-8.052852190795031220e+02,1.065128134774945920e+03
-1.346925372429762092e+03,1.032483752047116241e+03
-7.216110176092547590e+02,1.033172657395450415e+03
-6.788643064042316837e+02,1.033175793288758769e+03
-9.295517703961637608e+02,9.736154816864565191e+02
-9.310770159627655858e+02,9.440735429508481502e+02
-8.903914844845179459e+02,9.430205610024431735e+02
-5.967252598256128522e+02,9.440106062386545318e+02
-5.144280352609087004e+02,9.143857196412021722e+02
-3.887867852503939616e+02,8.821724725350525205e+02
-4.685352013957924555e+02,7.936837028787115287e+02
-1.303117979578411905e+03,7.625978677762203688e+02
-1.138166315827812241e+03,7.643868771062941505e+02
-5.546421282460242992e+02,5.529901163026987660e+02
-7.239663988085549136e+02,4.635304316225949606e+02
-7.231118590686747893e+02,1.377289613896801512e+01
-7.288956846866516344e+02,4.476956767441957652e+01
-7.201653928398524158e+02,2.821730543168735039e+01
-7.239706960603854213e+02,4.340754616067601290e+01
-4.491809389132101842e+02,-1.630294088016499359e+02
-4.230265059263817875e+02,-1.592685759164637886e+02
-4.402945311554171894e+02,-1.717738313968959289e+02
-2.263505718918677303e+02,1.335224386661355766e+03
-2.538142236389378468e+02,1.330088929910190018e+03
-2.676010945483452019e+02,1.334052572057228417e+03
-2.344647401444118486e+02,1.338872789784154293e+03
1.181782705397097743e+03,1.777297568826934139e+03
1.190217303699326521e+03,1.755603266617127701e+03
1.234026846884691622e+03,1.783117951861273241e+03
1.181112382720111327e+03,1.790553135329380439e+03
1.401378080008140842e+03,2.416422508017660675e+03
1.235434022204238317e+03,2.234164839189228132e+03
9.418804580014666499e+02,2.145263414102102161e+03
1.151994349300050999e+03,2.114659531597189016e+03
1.151692897103167525e+03,2.054233533916777105e+03
1.567868070217928334e+03,2.025273569104406988e+03
1.233290923364642822e+03,1.965288074997871263e+03
-6.403028952131128335e+02,1.933608160845902148e+03
1.276470785954272742e+03,1.844271340155479265e+03
-5.164346095225350837e+02,1.813525654321269712e+03
-4.735726254623181717e+02,1.812722131141191994e+03
1.193743432937051239e+03,1.813827042086549227e+03
-7.664816955114221173e+02,1.782192824026096787e+03
-7.234863541733091097e+02,1.783882131834464872e+03
9.831873988946024383e+02,1.785117684053686617e+03
-4.336550250696916464e+02,1.754332977474642576e+03
1.192217590108880813e+03,1.754979363970572649e+03
-3.901542408877799062e+02,1.724091894601438526e+03
-1.830564113842161760e+02,1.725853596624263218e+03
-9.885474920744064775e+01,1.723964705310135059e+03
1.528252023859040264e+03,1.724513038155152799e+03
1.483905755746273144e+03,1.692434558205631220e+03
1.567203937987899963e+03,1.694252718723515045e+03
-7.230946982280186148e+02,1.663479297127010568e+03
-4.725240163611968001e+02,1.665529219573574892e+03
-2.250993752951933402e+02,1.664771793522019152e+03
1.110083550018557389e+03,1.663053252615236488e+03
-4.328426113808880018e+02,1.634188493459366100e+03
-3.913998502343754353e+02,1.632936946474039587e+03
-1.417127872289156585e+02,1.634357727653192569e+03
-8.497343763422511529e+02,1.603865495038003019e+03
9.000657791076720287e+02,1.605222154912968108e+03
-3.485191910143073528e+02,1.574457297175411213e+03
6.092120253158851710e+02,1.572964278758767250e+03
-1.055745061097005873e+03,1.543942747905612350e+03
-5.997046515526108124e+02,1.544610759821462580e+03
-2.658185079825780122e+02,1.543446324723564203e+03
6.925222369256223374e+02,1.544656619683648387e+03
7.332855213913196621e+02,1.544190681315667007e+03
1.232642336566267886e+03,1.544108471406578019e+03
-3.085932242989715064e+02,1.513676327691588085e+03
-5.625960130107539214e+01,1.514257387539069896e+03
1.103751963786324239e+02,1.515791671308556033e+03
8.608703950203442901e+02,1.514813714661683889e+03
-5.156480894354106113e+02,1.482856274379536899e+03
-2.232537650320792864e+02,1.485615198971503787e+03
6.728425579774028620e+01,1.482311839776478564e+03
-4.333251826011513685e+02,1.454366785653929355e+03
2.327751169322419287e+02,1.424443159470326464e+03
4.833112469752094285e+02,1.425528911459305391e+03
-1.098958551865268646e+03,1.395300910391569005e+03
-9.336940842917196051e+02,1.391930405007363106e+03
-4.329759606197389417e+02,1.393033323909714909e+03
4.414586169481180491e+02,1.394133394598120276e+03
-8.074842748819808094e+02,1.364906786861167120e+03
3.182683324024203557e+02,1.363261064938402569e+03
-9.323819953965243030e+02,1.334275529802944902e+03
-5.569448593381274577e+02,1.333707730686542845e+03
-3.063919150194766416e+02,1.334707081747661732e+03
-1.016742666558164956e+03,1.305771464526722866e+03
-8.898402063063076639e+02,1.305146187660681562e+03
-8.073103104887314885e+02,1.304319158026783725e+03
-7.240506302492563009e+02,1.303598760552286194e+03
-5.170132105261945981e+02,1.304880250747468608e+03
-1.100362782432045151e+03,1.273836958202298774e+03
1.401334501026797625e+03,1.274567793539032891e+03
-9.729523239276830964e+02,1.214877115276805398e+03
-1.413602063038594849e+02,1.183705915727334059e+03
4.828625020810374053e+02,1.184178011594823602e+03
-1.098287782061014468e+03,1.153142699602436096e+03
-3.917685932284893511e+02,1.153867241502409797e+03
-9.784703610452233136e+01,1.153199816856969164e+03
-9.322848556689586985e+02,1.124256072699185552e+03
-5.572674601116253825e+02,1.093285776225247218e+03
-1.351618378547163047e+03,1.063103036148739875e+03
-1.309708001373975549e+03,1.063222512034680676e+03
-5.571693384028520768e+02,1.064098608723611960e+03
-3.496102763877431130e+02,9.752292715632913769e+02
-1.391862290097450568e+03,9.442227038835293342e+02
-1.182831522987458811e+03,9.438415600889915140e+02
-1.100116419859305324e+03,9.439593078803121671e+02
-1.100483449908213970e+03,9.144519691704515481e+02
-9.316022235902794364e+02,9.124543063869816706e+02
-1.140773357957604958e+03,8.841632254938996311e+02
-1.517068389862958838e+03,8.538789065275279881e+02
-6.420056901653963450e+02,8.542457216662265864e+02
-1.099983052793990282e+03,7.931774177862080251e+02
-4.734091152597275141e+02,7.625421876241954351e+02
-5.166039074190816791e+02,6.731164112984514531e+02
-5.984799508447716789e+02,5.835161322287705161e+02
-7.240795822543242366e+02,5.539032611072003647e+02
-7.673281834052984323e+02,4.329096334386834997e+02
-2.125042431291404910e+02,-2.805044038877749244e+03
1.189371671581546252e+03,1.793453688376931723e+03
1.177639362312660523e+03,1.775625441574625029e+03
1.178097822075413660e+03,1.791133612456647143e+03
1.199781988942991347e+03,1.778400397658023849e+03
1.358104217220776718e+03,2.446934923026006800e+03
1.524793808709879158e+03,2.414868959357239419e+03
1.357289453231054040e+03,2.356904448729983415e+03
1.606854225854024435e+03,2.355183926207263539e+03
1.106243310022361811e+03,2.265548673293867068e+03
1.274007410187480446e+03,2.236605827604405476e+03
1.398319349531235730e+03,2.235092174086596970e+03
7.310497459756628587e+02,2.206780489216405840e+03
1.273354730940241097e+03,2.205707893779430833e+03
1.106584886121652517e+03,2.176030325845697462e+03
1.398847764985718186e+03,2.146035653722645748e+03
1.523100541547014700e+03,2.146127729200034537e+03
9.816086609736781838e+02,2.115470530049213266e+03
1.649222544285768663e+03,1.995198960828525514e+03
1.106293115863273215e+03,1.935630947877848939e+03
1.358220875116580146e+03,1.905612965125167420e+03
-2.273217815276818499e+02,1.876217499262972069e+03
1.231387007203891244e+03,1.876198865353372639e+03
1.314270568260511254e+03,1.876256965294306610e+03
1.441461119909434046e+03,1.875522916248992260e+03
-3.096685597599812354e+02,1.814810142901814743e+03
-3.525890197033660343e+02,1.755245211110236824e+03
-1.016043172898207132e+02,1.755127730182047117e+03
1.480822802075447953e+03,1.755656171014010397e+03
-8.509632752005525163e+02,1.726084305468829825e+03
-4.362833221773620380e+02,1.695147251094038893e+03
-3.521975641877381236e+02,1.695365588414362492e+03
-2.270632944070646317e+02,1.694814486817173929e+03
-1.941330429083639331e+01,1.695719963388955193e+03
9.395984843208880193e+02,1.694272528140513941e+03
1.191125329363872424e+03,1.695943015873002423e+03
1.647742132200609376e+03,1.694808206875427686e+03
-6.026905829606920406e+02,1.664686706183609431e+03
-3.092031110377613459e+02,1.664647598993769861e+03
-2.688146250314086956e+02,1.665590448592002076e+03
8.583505731487305184e+02,1.665366446522203887e+03
-1.018505325953084935e+03,1.636084495874327558e+03
-9.757128605495688589e+02,1.604050790118685427e+03
-3.932823027179520068e+02,1.605602520005162660e+03
1.148920386641019832e+03,1.606141397369524384e+03
-5.588707330577134371e+02,1.575294006723047914e+03
-3.518453388538124500e+02,1.575734942394810105e+03
9.813021466327212465e+02,1.574365221296070331e+03
1.898355362447927064e+02,1.544487600009135349e+03
1.189620394784351447e+03,1.545756665639749826e+03
-1.186224940114615492e+03,1.515945720988319181e+03
-1.862176846640840040e+02,1.516029820118814996e+03
-6.844974599993751099e+02,1.484538679577101220e+03
6.061469643625956678e+02,1.484208131458868820e+03
-9.346273783318704318e+02,1.425613438905861130e+03
-8.518238067345307627e+02,1.395837788846569993e+03
-4.764317794688123513e+02,1.396201338315080420e+03
-1.011897942617128479e+02,1.395402236575866027e+03
-5.950314343802828887e+01,1.395619937624720251e+03
1.071003173251550891e+02,1.395348048267666400e+03
-8.529657377496146182e+02,1.364550691967615876e+03
6.442951411513735138e+01,1.365173078591614285e+03
-6.015190794320749319e+02,1.334673020576424051e+03
-3.920919849682175027e+02,1.334781652381176173e+03
4.809013713411870299e+02,1.335000721410175174e+03
-1.143279631798618084e+03,1.275319391853817024e+03
-1.017758635847294954e+03,1.245887989324580531e+03
-1.419991675349678530e+02,1.244042885632655725e+03
-6.015398744549590901e+02,1.215495750028692555e+03
-8.527534779639909175e+02,1.185295863168012829e+03
1.440192806985354537e+03,1.184457448358065449e+03
-1.018002412957303250e+03,1.155944762824019335e+03
-9.775680357333300208e+02,1.124245249550312110e+03
-9.343429123751639054e+02,1.095007507285734164e+03
-2.262306977051974286e+02,1.094375003378139809e+03
1.148142683777011598e+03,1.094562079317375492e+03
-1.268919929656099157e+03,1.065911459886518514e+03
-8.098809383074312791e+02,1.035519173180796315e+03
-9.347036525030123357e+02,1.004898005436926383e+03
-8.531188984981433805e+02,1.005647508452777402e+03
-1.102979728300597799e+03,9.755636440519238022e+02
-6.439833871598043515e+02,9.751675587420195370e+02
-1.435995818401995621e+03,8.544812554319634046e+02
-1.309552740435173291e+03,7.952909144617763104e+02
-1.059424319678863640e+03,7.650091791228963984e+02
-7.264023298043746308e+02,6.454850147691348639e+02
-5.603520180805138580e+02,6.455117076595880690e+02
-6.430631393969641749e+02,4.953932228123421737e+02
-5.210657546854381508e+02,4.648749876750988506e+02
-5.187578634424037318e+02,4.720956726951512792e+02
-5.210657546854381508e+02,4.648749876750988506e+02
-5.100863294707863815e+02,4.700658543834559850e+02
-1.104545504685855121e+03,2.248147476747107021e+02
-1.104545504685855121e+03,2.248147476747107021e+02
-1.104545504685855121e+03,2.548222776747592206e+02
-1.094550048630482706e+03,2.275998594901365379e+02
1.527561812377509796e+03,2.142361878022265955e+03
1.520876978503829378e+03,2.122708468390528651e+03
1.524476298490345471e+03,2.116618474829942897e+03
1.508154565526129545e+03,2.114615040661196872e+03
1.550658083197383576e+03,2.232462206110777970e+03
1.532782414265293028e+03,2.242563285952900515e+03
1.520913476871114881e+03,2.230028657205642048e+03
1.502520118118534583e+03,2.232796440751108094e+03
-2.379456356225805962e+02,1.333047431624062028e+03
-2.378006040465093633e+02,1.345030067704416751e+03
-2.817653395797747180e+02,1.326505675338612946e+03
-2.287701846858429917e+02,1.335093357674926438e+03
-1.355940552216803098e+03,7.941770084669396965e+02
-1.312375434685489154e+03,7.649502876747943674e+02
-1.312375434685489154e+03,8.249653476748914045e+02
-1.307488372138811883e+03,7.715457289444594835e+02
1.354608254684680105e+03,2.445855422324869323e+03
1.437962504684288433e+03,2.445855422324869323e+03
1.312931129684086272e+03,2.355832832324723768e+03
1.062868379683681951e+03,2.295817772324626731e+03
1.021191254684667456e+03,2.235802712324529693e+03
1.229576879684477944e+03,2.235802712324529693e+03
1.396285379683694600e+03,2.205795182324481175e+03
8.544827546838714625e+02,2.175787652324432656e+03
9.378370046834797904e+02,2.175787652324432656e+03
1.104545504684275784e+03,2.145780122324384138e+03
1.521316754683896761e+03,2.145780122324384138e+03
1.521316754683896761e+03,2.115772592325125515e+03
1.396081995313449852e+03,2.025266547674463027e+03
1.688377565314624462e+03,2.025266547674463027e+03
1.354960565314611813e+03,1.995259017674414508e+03
1.104897815314207492e+03,1.935243957675107140e+03
1.479436245314637745e+03,1.905236427675058621e+03
-5.621871846858556410e+02,1.875228897675010103e+03
-4.788329346862473130e+02,1.845221367674961584e+03
-8.122499346862599623e+02,1.815213837674913066e+03
1.104897815314207492e+03,1.815213837674913066e+03
1.229373495314233423e+03,1.815213837674913066e+03
1.396081995313449852e+03,1.815213837674913066e+03
-4.377115046858298797e+02,1.785206307674864547e+03
1.438314815314220141e+03,1.785206307674864547e+03
-5.621871846858556410e+02,1.755198777674816029e+03
1.062664995313437203e+03,1.725191247674767510e+03
1.229373495314233423e+03,1.725191247674767510e+03
-9.378370046866384655e+02,1.695183717674718991e+03
-1.454159346862346922e+02,1.695183717674718991e+03
-5.621871846858556410e+02,1.665176187674670473e+03
8.126022453146123325e+02,1.665176187674670473e+03
1.021543565314599164e+03,1.665176187674670473e+03
1.521669065313828469e+03,1.665176187674670473e+03
-2.710030046866132238e+02,1.635168657674621954e+03
-4.788329346862473130e+02,1.605161127674573436e+03
-1.104545504685855121e+03,1.575153597674524917e+03
9.793107453138289884e+02,1.575153597674524917e+03
5.625394953142080112e+02,1.545146067674476399e+03
9.381893153134114982e+02,1.545146067674476399e+03
1.146019245314625095e+03,1.545146067674476399e+03
1.188252065313815820e+03,1.545146067674476399e+03
-9.789584346854766181e+02,1.515138537674427880e+03
-8.956041846858682902e+02,1.515138537674427880e+03
7.292479953134246671e+02,1.515138537674427880e+03
1.229373495314233423e+03,1.515138537674427880e+03
-1.271254004686651115e+03,1.485131007674379362e+03
-9.789584346854766181e+02,1.485131007674379362e+03
6.881265653145866281e+02,1.485131007674379362e+03
-1.229021184685880826e+03,1.455123477675120512e+03
-9.378370046866384655e+02,1.455123477675120512e+03
6.458937453138163391e+02,1.455123477675120512e+03
-9.789584346854766181e+02,1.425115947675071993e+03
-2.287701846858429917e+02,1.425115947675071993e+03
1.046468153141696291e+02,1.395108417675023475e+03
2.713553153133862565e+02,1.365100887674974956e+03
1.438314815314220141e+03,1.335093357674926438e+03
-1.145666934686272498e+03,1.305085827674877919e+03
-1.062312684686664397e+03,1.305085827674877919e+03
-9.378370046866384655e+02,1.305085827674877919e+03
4.791852453145997401e+02,1.305085827674877919e+03
-1.145666934686272498e+03,1.275078297674829400e+03
-1.062312684686664397e+03,1.275078297674829400e+03
-1.145666934686272498e+03,1.215063237674732363e+03
-1.062312684686664397e+03,1.215063237674732363e+03
-7.288956846866516344e+02,1.215063237674732363e+03
-1.876487546854255584e+02,1.215063237674732363e+03
-1.187899754685463449e+03,1.155048177674635326e+03
-7.288956846866516344e+02,1.125040647674586808e+03
-6.044200046866258162e+02,1.065025587674489771e+03
-1.354608254686259443e+03,1.035018057674441252e+03
-8.956041846858682902e+02,1.005010527674392733e+03
-1.521316754685476099e+03,9.750029976751339973e+02
-9.378370046866384655e+02,9.750029976751339973e+02
-5.210657546854381508e+02,9.750029976751339973e+02
-4.788329346862473130e+02,9.449954676750854787e+02
-1.271254004686651115e+03,9.149879376750369602e+02
-3.954786846866389851e+02,8.849804076749884416e+02
-1.479083934686285147e+03,8.549728776749399231e+02
-1.354608254686259443e+03,8.549728776749399231e+02
-6.455414346854639689e+02,8.549728776749399231e+02
-1.354608254686259443e+03,8.249653476748914045e+02
-6.044200046866258162e+02,6.749276976746488117e+02
-7.288956846866516344e+02,5.248900476744062189e+02
-8.122499346862599623e+02,4.648749876750988506e+02
-6.877742546862341442e+02,4.648749876750988506e+02
-7.711285046858424721e+02,4.348674576750503320e+02
-6.877742546862341442e+02,4.348674576750503320e+02
-8.122499346862599623e+02,4.048599276750018134e+02
-6.455414346854639689e+02,4.048599276750018134e+02
-8.082466583773388038e+02,-1.071368037847038011e+02
-8.174402085561027889e+02,-1.056420104369204296e+02
-8.082144869447549809e+02,-9.954613809241641320e+01
-8.069622973349023596e+02,-1.055445188653038144e+02
-3.465591039241432725e+01,1.149017013681246453e+03
-3.895175313474096868e+01,1.119377463566978804e+03
-4.259343196033746892e+01,1.145342110258403864e+03
-2.094520232048100183e+01,1.128148157227870570e+03
