-6.455414346854639689e+02,-4.053433823255185189e+02
-6.714342899478831441e+02,-4.011427420209146817e+02
-3.543572546862215518e+02,4.476956767441957652e+01
4.921193169721433947e+02,1.219842868969867823e+03
-1.093043113524316141e+03,-3.119627822990824484e+02
-9.625880819522228649e+02,-3.412111231609976016e+02
-5.715390316469441814e+02,-1.332674634785873650e+03
-8.017333746800517247e+02,-9.752887359939400369e+00
-1.266756397264782436e+03,-1.031044923921583916e+02
-9.866523188190366227e+02,-3.398163597267545697e+02
-1.092557549335964268e+03,-3.107483633080582877e+02
-1.556523292028690776e+03,2.871076089425034752e+02
-1.437962504685867771e+03,2.848298076748077392e+02
-2.233936462667495846e+02,7.715601941614062298e+01
-7.659421408069682684e+02,3.186279861014908761e+02
-1.104545504685855121e+03,-3.453283223254214818e+02
-1.051248111341679987e+03,-3.417436724551605494e+02
-1.140479438382331409e+03,-2.230289810198394491e+02
-3.223106505898621208e+02,4.935609302943529286e+01
5.214180653137905210e+02,1.155048177674635326e+03
-5.210657546854381508e+02,-1.952906723251788890e+02
-5.068697492914429859e+01,8.598463488149192244e+02
-4.788329346862473130e+02,8.549728776749399231e+02
-1.479083934686285147e+03,5.548975776744547375e+02
6.261737968364400331e+01,2.025750002324979732e+03
-5.210657546854381508e+02,3.748523976749532949e+02
-7.288956846866516344e+02,5.849051076745032560e+02
-2.544354059294795150e+02,7.991240843357367112e+02
-2.343221272343103578e+02,7.674641350796899815e+02
-1.229021184685880826e+03,4.048599276750018134e+02
-1.479083934686285147e+03,5.548975776744547375e+02
-1.187899754685463449e+03,3.448448676749047763e+02
-8.544827546854508000e+02,-4.353509123255670374e+02
-1.826566860997070307e+02,8.881923851740647251e+02
-9.789584346854766181e+02,-1.065509042325006476e+03
-1.282325841697435408e+03,7.979814832670311944e+02
-1.145666934686272498e+03,5.849051076745032560e+02
-1.197684579468332231e+03,5.597123890163923079e+02
-1.301668655242021259e+03,4.394424782925678414e+02
-1.145666934686272498e+03,-2.553057323252759261e+02
-1.187899754685463449e+03,4.348674576750503320e+02
-9.789584346854766181e+02,5.248900476744062189e+02
-1.343906821482613395e+03,4.396436467158168853e+02
-5.192796243443233095e+01,5.900845179088514669e+02
-1.229021184685880826e+03,4.048599276750018134e+02
5.214180653137905210e+02,1.155048177674635326e+03
-1.050956328441941650e+03,3.497187728538282272e+02
-1.140422621573290371e+03,4.371579300975212163e+02
-9.248295539092083573e+01,3.790502542216953543e+02
-1.129837828503738365e+03,-2.494748049682099236e+02
-9.887549945805545804e+01,9.175490297624044160e+02
-1.212012884293488924e+03,4.693016259146062339e+02
-8.072505037645438506e+02,5.287697253362680385e+02
6.241399531339939699e+01,7.049352276746973303e+02
5.214180653137905210e+02,1.155048177674635326e+03
-1.183402445499533997e+03,-1.029893813492023469e+02
-3.594371466985693360e+02,3.767815379381247567e+02
-1.384951863056367984e+03,7.823743214098638532e+01
5.316763794023230503e+02,1.159531794991072729e+03
-1.187899754685463449e+03,4.048599276750018134e+02
-8.007059257166076804e+02,-3.407917985818082229e+02
-1.312375434685489154e+03,3.148373376748562578e+02
-7.131677986725195524e+02,3.810660014270777651e+02
-2.094025468620891672e+01,7.049352276746973303e+02
-1.312375434685489154e+03,9.750029976751339973e+02
-8.186970575412329936e+02,9.189824192685887283e+02
-1.104545504685855121e+03,4.948825176751473691e+02
-6.351956369628928769e+02,1.100528341567704729e+03
-5.500338467607948587e+02,9.794300855791833555e+02
5.332510957980294961e+02,1.160889678684307910e+03
-1.145666934686272498e+03,6.149126376745517746e+02
-1.437962504685867771e+03,2.848298076748077392e+02
-4.377115046858298797e+02,-3.453283223254214818e+02
-1.876487546854255584e+02,8.249653476748914045e+02
-6.044200046866258162e+02,8.549728776749399231e+02
-5.621871846858556410e+02,9.449954676750854787e+02
5.327701128324855517e+02,1.160544351779777116e+03
-5.210657546854381508e+02,-6.454036223251169986e+02
1.636666485557411193e+02,1.279270046780518214e+03
-5.102729701810148981e+02,4.685519801512155595e+02
5.321998536664043513e+02,1.159477004105111064e+03
-9.378370046866384655e+02,1.035018057674441252e+03
-7.121778855032894171e+02,1.129736585588312892e+03
-5.621871846858556410e+02,8.849804076749884416e+02
-9.378370046866384655e+02,9.449954676750854787e+02
-1.028571745869096958e+03,1.128252942400069514e+03
-8.786524006143819179e+02,9.199485002692134685e+02
-7.796139662903486851e+02,1.036863793634896183e+03
-9.261066209317370976e+02,9.497739439900256002e+02
-8.544827546854508000e+02,1.095033117674538289e+03
-3.121244346854513196e+02,9.449954676750854787e+02
-4.663547353371268400e+02,9.787958670609272076e+02
5.214180653137905210e+02,1.155048177674635326e+03
-9.695337137818878546e+02,-3.399650598926408520e+02
-7.183486082740349730e+02,1.038329034878686798e+03
-1.187899754685463449e+03,3.748523976749532949e+02
-7.184818743474636449e+02,8.294127441685226358e+02
-4.788329346862473130e+02,5.248900476744062189e+02
-3.543572546862215518e+02,6.149126376745517746e+02
-1.062312684686664397e+03,4.648749876750988506e+02
-1.045262275736410629e+03,-3.701903361860476593e+02
-7.605586613673347074e+02,8.915812413363333917e+02
-1.187899754685463449e+03,9.750029976751339973e+02
-1.562438184685893475e+03,3.448448676749047763e+02
-6.206168468662637849e+01,5.849051076745032560e+02
1.046468153141696291e+02,1.035018057674441252e+03
-7.711285046858424721e+02,1.155048177674635326e+03
-8.544827546854508000e+02,1.155048177674635326e+03
-8.069472305738977411e+02,9.482056985218243881e+02
-5.938354840538376038e+02,8.595593022094319622e+02
-1.021191254686246793e+03,1.065025587674489771e+03
-8.544827546854508000e+02,1.155048177674635326e+03
1.457682453145870909e+02,1.275078297674829400e+03
-9.378370046866384655e+02,1.185055707674683845e+03
-5.210657546854381508e+02,1.155048177674635326e+03
4.791852453145997401e+02,1.245070767674780882e+03
-1.104545504685855121e+03,1.065025587674489771e+03
-9.677630089042869486e+02,9.790101317299170205e+02
4.791852453145997401e+02,1.215063237674732363e+03
-7.229365877004195227e+02,1.098073464513586487e+03
4.791852453145997401e+02,1.155048177674635326e+03
-7.288956846866516344e+02,9.449954676750854787e+02
-8.956041846858682902e+02,9.449954676750854787e+02
-2.558384657412114507e+02,8.295192761928504979e+02
-1.474567316505229201e+03,2.583358722256327837e+02
-1.479083934686285147e+03,2.548222776747592206e+02
-1.521316754685476099e+03,3.448448676749047763e+02
-8.393117217867601312e+02,1.039801479374616292e+03
5.313787106927936748e+02,1.279260645935360799e+03
-1.070756166737082140e+03,5.305327324317350985e+02
-9.789584346854766181e+02,4.048599276750018134e+02
-1.155403076084249278e+03,4.363849926420584211e+02
-7.186370581066945533e+02,1.041418938217948380e+03
1.011997730715717552e+02,9.210883810198106403e+02
-5.717636140299821363e+02,1.036680028247095379e+03
-2.710030046866132238e+02,8.249653476748914045e+02
-3.011019984930069313e+02,8.899785857920697936e+02
-5.621871846858556410e+02,1.005010527674392733e+03
-1.088822289017375397e+03,5.612095217436809662e+02
-1.104545504685855121e+03,9.750029976751339973e+02
-6.877742546862341442e+02,1.125040647674586808e+03
5.338501576103535626e+02,1.221228008219591629e+03
5.214180653137905210e+02,1.305085827674877919e+03
-1.229021184685880826e+03,5.548975776744547375e+02
-8.060803272816959861e+02,1.396937293191353547e+03
-8.122499346862599623e+02,1.305085827674877919e+03
-1.010881960917228980e+03,9.204322515431222200e+02
4.900642184102730994e+02,1.279423287768667478e+03
-8.487030711199315647e+02,1.187430740046565006e+03
-1.029845854758346377e+03,1.190162054472497630e+03
-6.582520596164483777e+02,1.279420815912331818e+03
-1.344240847861924294e+03,5.003773061624161187e+02
-1.145666934686272498e+03,6.149126376745517746e+02
-1.354608254686259443e+03,6.749276976746488117e+02
-1.271254004686651115e+03,6.449201676746002931e+02
-1.104545504685855121e+03,5.849051076745032560e+02
-9.378370046866384655e+02,1.035018057674441252e+03
-9.789584346854766181e+02,1.095033117674538289e+03
-1.876487546854255584e+02,7.049352276746973303e+02
1.993736667455991665e+02,1.279463661219460846e+03
-9.080847793671957788e+02,1.095214911862414056e+03
-6.341017275803017128e+02,1.249723045374902767e+03
-5.925642558118962597e+02,1.220430805734006981e+03
-7.288956846866516344e+02,1.155048177674635326e+03
-6.044200046866258162e+02,8.249653476748914045e+02
-4.377115046858298797e+02,9.149879376750369602e+02
-5.086974809424657451e+02,9.197734912983920594e+02
-7.597938187675567860e+02,1.338931154950402288e+03
5.308851511054857610e+02,1.340581426085886960e+03
-6.392204113147223552e+02,1.277970181352150348e+03
-9.789584346854766181e+02,9.149879376750369602e+02
-7.603978523660346127e+02,1.100102159776994995e+03
-9.378370046866384655e+02,1.095033117674538289e+03
-4.788329346862473130e+02,5.248900476744062189e+02
-5.496878616085092517e+02,5.304471235883065674e+02
-1.876487546854255584e+02,7.349427576747458488e+02
-2.175858229003179645e+02,7.089561692190779922e+02
-1.437962504685867771e+03,4.648749876750988506e+02
-1.279635098129025209e+03,5.643736490859399737e+02
-2.855385267265786524e+02,-4.633578000667020547e+02
-4.226281771724729879e+02,9.520711513247126732e+02
-8.008759762320336222e+02,1.190206157765418084e+03
-6.945882626219674876e+02,1.160168194585979109e+03
-9.789584346854766181e+02,1.065025587674489771e+03
-1.285547779687140064e+02,1.069709809294321531e+03
-6.044200046866258162e+02,1.515138537674427880e+03
-4.857143260609143454e+02,1.458299312458847908e+03
5.366330664841899534e+02,1.461483680693715996e+03
-2.094025468620891672e+01,7.949578176748428859e+02
-2.710030046866132238e+02,7.349427576747458488e+02
-1.876487546854255584e+02,8.249653476748914045e+02
-1.303007009457077174e+03,2.887956254622697543e+02
-1.192743627395860130e+03,5.570737613124593963e+02
-7.605248976541912498e+02,1.010778710942051589e+03
-8.956041846858682902e+02,1.005010527674392733e+03
-1.092913905510327595e+03,5.587403383314126586e+02
-1.782911677529326084e+02,7.710317335366506768e+02
-2.228868472234028388e+02,9.171921577308859241e+02
-1.454159346862346922e+02,8.849804076749884416e+02
-7.231771940846791722e+02,1.547889320140860264e+03
8.464627527924918695e+02,1.640628284010255811e+03
-9.624470530104030104e+02,9.801262382601573790e+02
-8.122499346862599623e+02,1.005010527674392733e+03
-9.378370046866384655e+02,9.750029976751339973e+02
-5.951454316332788039e+02,1.641784357229820444e+03
-4.788329346862473130e+02,1.605161127674573436e+03
6.935507281678507070e+02,1.547784261634809354e+03
9.381893153134114982e+02,1.635168657674621954e+03
-4.377115046858298797e+02,1.605161127674573436e+03
8.661141975228723595e+02,1.669411211396978615e+03
-8.062734335195289077e+02,1.547114493947280835e+03
-2.233596166523174702e+02,1.668652828004125467e+03
7.224023115482910953e+02,1.607042107674367116e+03
-2.189655506928738760e+02,1.518967093305478784e+03
6.881265653145866281e+02,1.545146067674476399e+03
6.754568849224756377e+02,1.579215580779893571e+03
-5.051165484964550956e+02,4.707946292386931191e+02
-4.277276751918667514e+02,4.991056972922199293e+02
-4.377115046858298797e+02,6.449201676746002931e+02
-2.795131275166567093e+02,6.506509535665036310e+02
-1.998847657967949090e+02,6.767118707736110537e+02
8.658405532691165263e+02,1.579037080649985455e+03
-2.241033673231101204e+02,6.172554737220277730e+02
-8.773438604064067192e+01,1.070331910376649148e+03
-7.005945709317929868e+02,1.156131852891600374e+03
-8.956041846858682902e+02,9.449954676750854787e+02
-9.685561040442934200e+02,9.185885303774336990e+02
-8.122499346862599623e+02,1.185055707674683845e+03
-8.251686809719293478e+02,1.185749653940221833e+03
-2.710030046866132238e+02,6.449201676746002931e+02
-1.996430094753009143e+02,6.468259227274402292e+02
-2.287701846858429917e+02,6.749276976746488117e+02
-3.023127882271000999e+02,6.513769214580460130e+02
-2.117583067225261289e+02,7.999750008076955510e+02
-1.056503115414942187e+02,7.377210085110397131e+02
-1.042945046858172304e+02,4.348674576750503320e+02
-5.210657546854381508e+02,9.449954676750854787e+02
8.069712956086864324e+02,1.578532619273306182e+03
-4.429040025567175007e+02,5.289720752606643828e+02
-4.255191263100082324e+02,4.685464167063444734e+02
-9.678978351399997564e+02,1.008342125045183593e+03
-9.789584346854766181e+02,1.035018057674441252e+03
-5.930842445197422421e+02,8.299543326661071205e+02
-5.449387025208278601e+02,7.996614468612873452e+02
-7.342888156285539480e+02,1.159565554501485622e+03
-3.216903894206921564e+02,7.103139396762819615e+02
3.681221825813067028e+01,9.510110162750172549e+02
-8.425044984972049633e+02,1.310766042315590539e+03
-8.022705102573568183e+02,9.791816306625308926e+02
-9.265803252052578500e+02,9.810567385749781124e+02
-8.956041846858682902e+02,1.005010527674392733e+03
-7.166065814058898695e+02,9.480871739605321409e+02
-7.578464836498413888e+02,9.195870545777490861e+02
-6.765264358372340894e+02,9.488387552922412169e+02
-9.879463745913774346e+02,-4.014083056618360388e+02
-8.544827546854508000e+02,1.125040647674586808e+03
-8.122499346862599623e+02,1.125040647674586808e+03
-8.361241866111279251e+02,1.098772897755145095e+03
-7.187512890526791125e+02,9.204891706699393126e+02
-7.288956846866516344e+02,9.750029976751339973e+02
-6.784185704235704861e+02,9.814138564054343306e+02
-5.210657546854381508e+02,1.485131007674379362e+03
-4.906985548466330442e+02,1.486894883015938603e+03
-5.210657546854381508e+02,1.485131007674379362e+03
1.312931129684086272e+03,2.475862952324917842e+03
1.187899754683884112e+03,2.385840362324772286e+03
1.282616258136392844e+03,2.390403434845135052e+03
-8.436107144338664057e+02,9.213014444943617036e+02
-8.899602611045780804e+02,9.777376892446977763e+02
-9.378370046866384655e+02,9.750029976751339973e+02
-8.841817956455005287e+02,9.796520922182057802e+02
1.388934967398410436e+03,2.482066999708738877e+03
1.194466132235762188e+03,2.449247007566068078e+03
1.396285379683694600e+03,2.415847892324820805e+03
1.312931129684086272e+03,2.475862952324917842e+03
1.552086457016172744e+03,2.418425824888999159e+03
1.609312472766883047e+03,2.447657801552780711e+03
1.229576879684477944e+03,2.535878012325014879e+03
1.539214107357679268e+03,2.509419051275497168e+03
1.021191254684667456e+03,2.385840362324772286e+03
-8.827608643383643994e+02,1.189342751153815925e+03
-9.732738607959438468e+02,1.187908065008089579e+03
-9.255599492574732494e+02,1.219793182651710595e+03
-9.018811328577040740e+02,1.192845522641892330e+03
1.271254004683492440e+03,2.505870482324966360e+03
1.396285379683694600e+03,2.475862952324917842e+03
1.490569743276689906e+03,2.450307948516612669e+03
1.312931129684086272e+03,2.535878012325014879e+03
1.361151776926440789e+03,2.479574683170220396e+03
1.396285379683694600e+03,2.505870482324966360e+03
-1.778543946474075028e+02,7.413181681005200971e+02
-1.757606732402695968e+02,7.399400389210485400e+02
-1.749545880078231619e+02,7.680459020851719742e+02
1.401251418332477897e+03,2.537855664461077140e+03
1.192908577261923710e+03,2.478085024437159973e+03
1.490822613920797949e+03,2.450429298528244999e+03
1.396285379683694600e+03,2.535878012325014879e+03
1.271254004683492440e+03,2.475862952324917842e+03
1.239867050836286580e+03,2.452542892926382592e+03
1.104545504684275784e+03,2.415847892324820805e+03
1.323564886238447116e+03,2.571215226103045552e+03
1.187899754683884112e+03,2.475862952324917842e+03
1.312931129684086272e+03,2.475862952324917842e+03
1.396285379683694600e+03,2.475862952324917842e+03
1.479639629683302928e+03,2.475862952324917842e+03
1.234165461344319738e+03,2.477888194482036397e+03
1.324820445179526814e+03,2.451660937086808190e+03
1.062868379683681951e+03,2.385840362324772286e+03
-4.634140403893415510e+02,1.610082713226154965e+03
-5.087682038039041004e+02,1.640522496251465554e+03
-4.453876385224622254e+02,1.551258331805727039e+03
-1.194346185508160261e+03,6.466941936041451982e+02
-1.271254004686651115e+03,6.449201676746002931e+02
-1.073109577864924375e+02,5.321589492532636996e+02
-8.544827546854508000e+02,1.095033117674538289e+03
-8.122499346862599623e+02,1.065025587674489771e+03
-8.544827546854508000e+02,1.125040647674586808e+03
1.317482680558106722e+03,2.478525033976966370e+03
1.396285379683694600e+03,2.445855422324869323e+03
1.604008498340087726e+03,2.395897876461821397e+03
8.128056296832776297e+02,2.355832832324723768e+03
1.489888922157970910e+03,2.510301825566465141e+03
1.365931894988127851e+03,2.481270048904493706e+03
1.437962504684288433e+03,2.505870482324966360e+03
1.366917356620615465e+03,2.481512458923547911e+03
1.360413007906610574e+03,2.418674842316117974e+03
1.572979960317988116e+03,2.422045334982365148e+03
1.604671004683505089e+03,2.445855422324869323e+03
1.533102997769135754e+03,2.418821768504020838e+03
-8.956041846858682902e+02,1.005010527674392733e+03
-8.429851723875235621e+02,1.009305535699289067e+03
-8.843619306139464697e+02,1.010721150684012400e+03
-8.956041846858682902e+02,1.005010527674392733e+03
1.521316754683896761e+03,2.505870482324966360e+03
1.317491692215558487e+03,2.478546690742055489e+03
1.437962504684288433e+03,2.445855422324869323e+03
1.562993879684490594e+03,2.445855422324869323e+03
-8.544827546854508000e+02,1.095033117674538289e+03
-8.122499346862599623e+02,1.065025587674489771e+03
-8.544827546854508000e+02,1.095033117674538289e+03
-8.122499346862599623e+02,1.095033117674538289e+03
1.521316754683896761e+03,2.475862952324917842e+03
1.396285379683694600e+03,2.445855422324869323e+03
1.245844798775209711e+03,2.391717852202370523e+03
1.312931129684086272e+03,2.385840362324772286e+03
1.187899754683884112e+03,2.355832832324723768e+03
1.229576879684477944e+03,2.355832832324723768e+03
1.312931129684086272e+03,2.325825302324675249e+03
1.312931129684086272e+03,2.505870482324966360e+03
1.354608254684680105e+03,2.505870482324966360e+03
1.408279745241819683e+03,2.509751354226466447e+03
1.324130725272181280e+03,2.480383725962631161e+03
-1.454159346862346922e+02,3.748523976749532949e+02
-1.042945046858172304e+02,4.048599276750018134e+02
-6.206168468662637849e+01,3.748523976749532949e+02
1.412693707128811639e+03,2.451506806012897869e+03
1.574783413408339129e+03,2.421607871914341558e+03
1.411867455986409595e+03,2.361255345766508981e+03
-3.890844850010614095e+02,3.782019655698651377e+02
-5.269511641951764886e+02,5.323485159319044442e+02
-5.927190145836108286e+02,5.298894927031460611e+02
-2.188377209123663079e+02,1.671693976210412075e+03
-2.118375678190479050e+02,1.670422574857347172e+03
-8.021818353726569057e+02,5.286413726656254539e+02
-8.014813976176632195e+02,5.299188384745428948e+02
-1.479083934686285147e+03,5.548975776744547375e+02
-1.145666934686272498e+03,1.035018057674441252e+03
-1.056836685125949543e+03,9.172430664900939519e+02
8.548350653138031703e+02,1.575153597674524917e+03
4.843989007029728668e+02,1.158845050861052187e+03
-7.308848176097014857e+02,1.046394588401995179e+03
