date:2016-07-16, time:1500, wind_speed:3.4, wind_dir:268.0, temp:28.6
35.571381 116.853722
65.004704 109.017322
52.087912 108.312724
60.430655 104.483549
35.470957 118.505571
43.834421 111.793844
-56.168595 12.119534
64.608320 105.150291
60.751218 105.620242
-98.210275 -125.713871
-89.032273 -11.206784
19.161832 121.108913
48.534022 148.280355
64.570302 104.847581
44.256853 112.544951
43.990392 110.714294
-55.740704 31.640552
43.825284 111.078917
-1.365440 118.460313
47.959781 108.108560
-60.649909 15.324612
-26.445992 -104.494873
-47.239407 -145.836934
-30.766100 -137.386423
-5.673588 -298.357162
19.467390 118.210980
64.709586 105.617037
56.216834 105.668867
-84.698224 -104.057974
-76.457054 -127.566433
31.313654 120.566467
89.503918 105.482868
-55.700185 73.383200
64.600931 105.407497
-51.477390 25.603079
52.110077 108.087823
35.470957 118.505571
56.290755 105.097775
43.709950 111.096162
56.918645 111.775041
-27.169877 150.301727
65.001742 106.192402
89.721970 104.946859
56.225846 105.381990
-35.703249 21.144526
56.195656 105.831307
5.837430 120.315382
-60.407813 18.272329
48.092152 -248.620808
56.235140 104.991733
52.249121 107.766699
-5.671223 -295.129606
89.566709 104.700962
60.648033 104.748407
15.265347 118.501690
-43.351448 97.001926
43.778485 112.116299
48.359516 109.365440
60.573275 104.846489
-34.868234 28.480461
73.315680 105.440450
48.438058 -242.420022
22.851024 120.121815
-110.094251 -254.394481
115.164487 138.820487
44.001470 110.604377
81.753586 103.218233
43.799526 110.746455
27.141891 120.785363
-1.422588 94.575243
14.638477 117.023662
85.568040 104.838462
85.488536 106.160049
27.227519 119.867371
31.422183 119.975381
-10.670884 156.410427
64.622992 104.777851
-5.658026 -296.113569
35.644960 116.852138
-51.573383 9.901929
39.738547 116.864258
61.022514 108.806144
56.202633 105.855148
48.461321 109.110541
-26.530583 -109.559576
-14.190617 -94.470678
-9.982836 -92.207297
85.988944 106.078113
94.455000 105.792758
35.415318 116.675057
-80.744677 153.870108
148.344868 145.625091
-18.167673 151.009756
-106.387679 117.541609
-97.466971 93.560622
43.806382 112.504065
43.794499 111.190080
60.482567 106.115219
60.634624 104.903880
-110.732383 107.956743
-114.580649 108.318492
-98.120283 108.369431
-102.364947 84.219884
56.413465 147.689493
86.161357 109.047312
86.225364 106.108394
-90.039925 144.470054
-159.820552 127.380331
51.839984 111.113129
-1.916528 93.595421
-173.201261 54.465054
-105.836583 51.855785
-109.835371 121.399957
-109.913311 124.558847
-118.298020 121.448964
-106.301475 114.402810
-101.243614 102.992969
-98.056994 102.412952
82.097617 106.181448
-101.673574 91.371719
-101.549980 82.181992
-110.134352 57.468013
-105.559268 42.813195
40.042461 201.771133
-72.662496 171.518370
43.937679 110.537951
52.061584 108.677379
52.031436 107.790559
89.745161 104.655582
89.599908 105.134707
-55.823908 9.714131
18.833642 117.450140
31.560684 121.501792
27.355026 198.783379
-22.505896 172.268573
-97.505194 63.494614
23.553971 -64.503794
-168.312396 91.757235
-97.422759 82.689069
-106.394002 51.322123
-51.772144 15.883596
-47.396932 21.932071
-84.933185 -16.676158
-97.354639 108.631126
-68.499811 9.590653
-93.343256 118.555428
90.014778 105.666025
-164.599078 90.414004
-101.546831 40.226205
-114.202915 36.775176
85.500460 105.737304
-18.451584 96.628889
-167.999599 85.414751
-172.422618 85.398986
14.454865 180.339968
-118.367680 79.128049
-76.410470 73.159832
-105.797437 64.163341
-105.716290 49.220448
-160.084267 48.652041
-93.620042 19.677199
-159.801261 49.526117
-101.636152 31.623292
-105.870389 24.761875
-72.589059 174.538903
-101.540219 97.353956
-97.750052 114.345535
102.170492 101.858213
-101.444801 39.972103
-97.281788 31.654964
-93.319304 138.969118
-89.499033 126.534299
-101.939167 123.683414
-80.840553 31.480074
-34.989515 157.729047
-93.243094 127.442979
-93.087759 112.552164
102.182168 102.348711
-1.768267 75.785270
60.448116 104.716112
65.042232 105.903086
52.214073 108.452351
-114.016856 129.620493
-118.931912 120.287241
-105.822763 70.790782
-92.969019 43.507085
43.758991 -62.800270
81.809763 -223.277793
-84.964991 145.858791
-106.356326 120.113460
-93.394579 21.788683
19.478846 184.793997
-114.327762 148.676097
-97.363443 130.485727
-93.459472 57.622689
-110.455991 -254.931693
43.954094 110.806316
48.438834 109.099898
-93.200934 96.969341
-97.370332 97.025237
-122.326533 132.841548
-80.879928 51.796396
-143.315431 43.424690
-93.165055 31.450243
56.252251 105.039325
60.931640 105.955748
64.935240 105.411606
-101.544966 163.182130
-97.261727 109.007039
68.837200 101.843145
-85.731271 72.336022
-109.907582 60.920530
-105.586982 54.687901
-109.802961 25.517418
-113.882585 85.193992
-101.676119 118.458476
-101.567049 118.342137
-109.732699 46.138827
-105.846987 55.534243
-101.933206 96.759500
-97.597933 -124.421525
56.764197 106.041543
65.096531 109.161344
60.621714 108.478494
60.356202 105.818701
-97.143018 117.985732
-159.858209 103.539589
-102.170515 87.587868
-89.121644 31.074577
27.086526 -70.932614
60.465534 104.727028
56.325387 104.841714
56.222785 105.784792
56.412910 104.514414
-34.785178 166.070437
-31.137601 168.240309
-109.934025 163.047637
-126.691924 126.863115
-102.387388 66.074389
-114.055034 67.188734
-76.709514 175.524605
-93.576597 156.281616
-117.975822 130.234371
-109.822087 79.399653
-88.933531 31.623456
-80.778199 157.507506
-130.637498 145.170989
-105.640460 106.815321
93.834160 105.428666
-172.440657 90.806920
-181.252741 81.405176
-130.844850 40.680206
-89.231625 160.494479
-84.895377 160.152839
-127.062110 147.359161
64.610796 105.439942
102.237576 101.807997
-85.001456 82.151794
-5.745964 81.671155
-101.570679 142.618419
-102.070469 117.532539
-106.334243 105.302187
-155.869687 103.204729
-110.758238 33.313156
-109.805701 124.687211
2.350032 114.537540
-101.462776 109.098888
77.228922 102.107142
-126.647760 67.094108
-101.642952 64.109084
23.416159 121.049344
18.711181 117.752411
14.508284 117.149128
27.045852 120.144562
10.949124 175.391541
11.015379 175.283418
10.991948 181.715152
22.515061 174.327358
-110.545202 87.012141
-180.747640 82.795941
-98.205557 -131.870151
-106.267542 -122.297227
56.399128 104.667475
-97.976100 24.132396
-105.754582 31.588072
-176.455137 49.360866
-118.474468 82.500679
85.449193 105.790789
-84.903788 58.226148
60.470437 104.990282
-85.504312 72.303270
-101.516128 121.304260
-101.415510 117.657258
-114.418969 120.109927
-172.459457 49.518673
-176.655104 46.571765
89.432310 106.418137
-101.615726 96.854084
-114.333799 86.220654
-114.230251 83.292102
-60.106780 179.398393
-89.236440 155.299493
-147.663848 134.361874
-98.859803 143.764220
