date:2016-10-15, time:0200, wind_speed:2.61, wind_dir:356.0, temp:5.5
6.251827626136802252e+01 1.214860297471997086e+02
-1.084400903136962597e+02 -4.364142662002448247e+01
-1.042544622145149447e+02 -2.567638491951220914e+01
-1.226017933910016495e+02 -2.893847431005422521e+01
-1.048403947711047124e+02 -5.279188763678079255e+01
-1.219672271680919664e+02 -3.149858950845162653e+01
-2.230127280313924132e+01 7.460228419853592641e+00
-1.302710455106084737e+02 -1.048533341665464569e+01
-1.368378317004172686e+02 -4.795023771083242181e+00
-9.693585192804866324e+01 3.742641957123495899e+01
-1.505548561143879454e+02 2.539958725617419333e+01
-1.200690399243469102e+02 3.129574996569590439e+01
-1.141159827196265866e+02 -3.213835503346893319e+01
-1.208137657411056551e+02 2.232598552531503699e+01
-6.730010574447449301e+01 2.537623118872379280e+01
-6.900122499002050347e+01 3.379693077374968624e+01
-8.068979934267261456e+01 -2.264522212852633842e+01
-7.268832760161622275e+01 2.812653728237498285e+01
-1.297634708845103013e+01 1.034178486826113925e+02
-1.285479418357593318e+02 8.838934800972718620e+01
-1.643122703469006467e+02 7.899763029615735377e+01
-9.563166222844581910e+01 8.845167278830528801e+01
-1.562438184685893532e+02 6.149126376745517319e+01
-1.337583856194445104e+02 -1.662918510029815522e+01
5.214180653137905352e+01 1.755198777674816029e+02
1.107043221132323794e+02 1.628268802972101525e+02
7.302422987899863926e+01 1.840555783585458300e+02
7.396425651583635386e+01 1.544304708921191036e+02
-1.105418906467325826e+02 -1.070939390101346511e+01
9.226208912345870772e+01 1.721868030951664252e+02
-9.031147709368481458e+01 3.142423673061209399e+01
-1.504890749350115584e+02 1.615440540485795040e+01
7.559550807129538441e+01 1.843758999578002715e+02
1.077659811016256839e+02 1.512935910810440703e+02
8.379446946936546681e+01 1.694805651741533836e+02
1.049429112518014193e+02 1.872898357103831870e+02
8.707394533271170189e+01 1.843688496379918718e+02
6.652153498325908743e+01 1.212537663622315733e+02
-1.393720374355783633e+02 1.090539097712093763e+02
1.026898571603021679e+02 1.630960748211133762e+02
8.381327041500273367e+01 1.481786129697588592e+02
1.251738517170338127e+02 1.513178667902238601e+02
6.252587202375489994e+01 1.514931625731696840e+02
1.023727265000987927e+02 1.569825782550471160e+02
1.084227463096354427e+02 1.514425911498263417e+02
-1.477512511345640007e+02 3.116129655199345905e+01
-1.232856355416577685e+02 4.648877435186083318e+01
-5.554891572781943410e+01 4.051043676650868974e+01
8.442035254811239042e+01 1.575577932594117669e+02
-1.188210931754721997e+02 1.059921092459873790e+02
1.147884722687916650e+02 1.629606748464888142e+02
4.992586914777352547e+01 1.543424948954690024e+02
7.502628820070721360e+01 1.694920969135248754e+02
1.110606830683795323e+02 1.515055297795454123e+02
-1.373543124132997661e+02 2.230897453301285083e+01
9.895128445472272460e+01 1.754556850790999363e+02
1.178064994832058545e+02 1.903909595189262518e+02
-1.164502082715853106e+02 9.142444058739602042e+01
-1.325722791375564213e+02 7.607526976374023775e+01
1.038525272968983870e+02 1.664919836312758150e+02
8.844632555442156274e+01 1.633079596673307208e+02
-9.875869228034281377e+01 8.217504150638900740e+01
1.318069085723052467e+02 1.544751690332360852e+02
1.031543110893823609e+02 1.635527744231693816e+02
7.292479953134245818e+01 1.605161127674573436e+02
-1.453240817991078302e+02 2.226981160052909559e+01
1.229373495314233224e+02 1.755198777674816029e+02
1.248519782811189032e+02 1.722220908444044483e+02
1.085509273259747403e+02 1.663154890569971087e+02
-1.352024283001855736e+02 3.709822745240437314e+01
-1.082952883960870167e+02 5.249435969282686898e+01
1.000377578192823194e+02 1.814213925528718505e+02
1.240750959671849927e+02 1.964784263582728556e+02
1.251734861527492058e+02 2.083488823923563871e+02
1.017105766843844208e+02 1.510826625598720057e+02
1.152132113356634591e+02 2.054670609821070570e+02
7.582511322066832804e+01 1.991964966126901686e+02
-9.571121363036506580e+01 4.048106232059601695e+01
-1.422624051862112253e+02 1.005158060892330383e+02
9.115592277459680304e+01 1.543258558221665453e+02
1.427387344646153622e+02 1.933713256933304478e+02
1.366194752978644544e+02 1.935204258990805783e+02
1.610700456061778993e+02 1.994354768456346108e+02
9.308437659002238718e+01 1.543758730222883173e+02
1.443380877392398531e+02 2.085544782303954037e+02
-1.670003344628750312e+02 4.622004706831609155e+01
-1.505865948967766315e+02 4.650602260805130328e+01
1.555348060542147266e+02 2.055274528678367858e+02
1.062664995313437259e+02 1.965251487675155602e+02
1.354608254684680162e+02 2.085765062325076826e+02
4.519900248195550319e+01 1.181650080375922016e+02
1.523553630458464454e+02 2.082575947635804710e+02
1.088195237367866639e+02 1.963518700413245313e+02
1.229373495314233224e+02 1.875228897674220434e+02
1.437962504684288376e+02 2.115772592325125174e+02
1.401094281587523938e+02 2.115696898545402576e+02
1.711020006097318458e+02 2.114838169868374393e+02
1.485825293572200678e+02 2.050894378317885014e+02
1.416801203716180737e+02 1.845226385089408723e+02
1.041080266218971673e+02 1.785288818455088347e+02
1.251578261397487069e+02 1.873259091301107730e+02
1.421058132890412367e+02 1.993783553768413412e+02
1.437962504684288376e+02 2.115772592325125174e+02
1.544024391293398821e+02 1.962567991850024214e+02
1.525834619348118224e+02 1.990813970469319827e+02
1.464083063815158141e+02 1.844885922806138012e+02
1.393627822504954565e+02 2.110358115140071504e+02
-1.124566628095185905e+02 -3.162217742243801410e+01
-4.217730743219620848e+01 4.956108042744774167e+01
1.082709491426777504e+02 1.543143116716307475e+02
1.459353552220102017e+02 1.905161013671479395e+02
-1.130946548007530481e+02 3.122729643730406934e+01
9.793107453138289031e+01 1.485131007674379475e+02
-8.706771372142031851e+01 5.840255492084845912e+01
1.518703500643369182e+02 1.990279114320617282e+02
1.118830745792976558e+02 1.779688973859267946e+02
1.566407346035415742e+02 1.988952763373624464e+02
1.214229943692308495e+02 1.573865152499450630e+02
8.350849997273367364e+01 1.574544928488604114e+02
-4.754405399945422062e+01 4.000686265134319086e+01
-8.748031903720830371e+01 4.650474622871933406e+01
1.141486981679768888e+02 1.572476449124855264e+02
7.976241567767621632e+01 2.234582648198353070e+02
1.522051522429321722e+02 2.112305710381702966e+02
1.312931129684086216e+02 2.115772592325125174e+02
-1.265959318888472040e+02 1.125266517111118816e+02
-8.747801035106165557e+01 6.436453861865579995e+01
1.488957567036003695e+02 2.085800362508222179e+02
8.765161288793721894e+01 1.574406866973136516e+02
8.548350653138031419e+01 1.515138537675217663e+02
1.121073251432459443e+02 2.235576580488194907e+02
1.366572216223511020e+02 2.415960046192391530e+02
1.143482896966722677e+02 1.931984686847859791e+02
1.069368033382116181e+02 1.845534710463767283e+02
1.568065532312072889e+02 2.414451296357073886e+02
1.602559889747207933e+02 2.262361193871934688e+02
1.146222629683290251e+02 2.325825302324675192e+02
-8.075382474642208308e+01 -1.249263874831051311e+02
7.234604285876019958e+01 1.842944972275161888e+02
1.244849276775249649e+02 1.544242427644665838e+02
1.125711027441428769e+02 1.995390527273340524e+02
6.746698101965156980e+01 1.845470892387149604e+02
9.059100752033107540e+01 1.723802423945084854e+02
1.189824748339665490e+02 1.959716169826209580e+02
8.600402041014426402e+01 1.935609391463418092e+02
1.542683722420875938e+02 1.993373960844247392e+02
-8.151318982766565568e+01 7.641392443446821403e+01
1.240172080386140294e+02 2.146081390429503415e+02
9.408884041924569885e+01 1.932004062554425730e+02
1.063595835521139179e+02 1.900116802524230764e+02
7.081306296948459078e+01 1.844714070758072069e+02
8.148063298714870939e+01 1.989576665630072512e+02
9.526445193372165932e+01 1.904246401421417545e+02
1.608375357271078201e+02 2.021395930059892692e+02
1.036161060802801046e+02 1.872540890313272826e+02
7.529302785743060156e+01 1.936146460635683297e+02
6.853072020370913719e+01 1.901778277162031543e+02
1.031592054753254217e+02 1.996206890383918449e+02
6.265295331072405816e+01 1.933735281799794166e+02
7.041651574347038434e+01 1.753595447841822761e+02
9.381893153149908926e+01 1.845221367674961641e+02
8.768697859830288621e+01 1.815438072251585311e+02
-1.104545504685855093e+02 8.849804076749883563e+01
9.294458941597061141e+01 1.873302024664999408e+02
-6.393276685280444127e+01 4.350057764573352159e+01
-4.134905186902845742e+01 5.523061089368722776e+01
8.253455896046503426e+01 1.814287691304564021e+02
7.455655621901753705e+01 1.963611232392312616e+02
8.483505536670061531e+01 1.902487841173513345e+02
9.252123865302368699e+01 1.842781116733987119e+02
7.824907372609162337e+01 1.844105215163436355e+02
1.328900643625579789e+02 1.873589160957959336e+02
8.561695355423850629e+01 1.873129190390132237e+02
6.769884040998783803e+01 1.811715165668680925e+02
6.376091268757942032e+01 1.843941127102752375e+02
9.257119582319484152e+01 1.694786664365859679e+02
1.036164221671637904e+02 1.663331609134553162e+02
6.685456907337952259e+01 1.843944218171671992e+02
1.120745631513513558e+02 1.903805436634571606e+02
1.370420097782223365e+02 1.844475029406905264e+02
7.381938830327013079e+01 1.846265392713549431e+02
1.158077249373841084e+02 1.876384232629892210e+02
6.677881992753681573e+01 1.814703334812096784e+02
1.374770416279942822e+02 1.873330392060913425e+02
7.756440190033427484e+01 1.690990841712857673e+02
-1.390395677112221335e+02 2.543844232434335950e+01
6.924963739386487305e+01 1.868171288147367477e+02
4.486877151179228207e+01 1.754633790620347895e+02
8.315859845352156299e+01 1.813368378643768892e+02
9.416872215626902687e+01 1.930549481382977035e+02
8.923336377379833095e+01 1.722835129117349027e+02
1.293665531943424298e+02 1.963690186554458990e+02
7.582574393145584679e+01 1.843637503960942468e+02
1.229373495314233224e+02 1.815213837674913009e+02
7.936419945697447531e+01 1.512806601412089833e+02
8.612026580927538078e+01 1.635494331481307313e+02
9.793107453138289031e+01 1.485131007674379475e+02
7.359517965101787240e+01 1.903876382638738960e+02
7.087002097416630875e+01 1.935531959124101888e+02
-1.143754297437696863e+02 4.907705519030415786e+01
8.296385598761200697e+01 1.753501947534499550e+02
7.931802734769401297e+01 1.665778566753953953e+02
6.458937453138163676e+01 1.905236427674268782e+02
7.084352999609784263e+01 1.934425724910853148e+02
8.959564953142206889e+01 1.845221367674961641e+02
8.175448776517552574e+01 1.784481144733384497e+02
8.287996836502526321e+01 1.843816556172669436e+02
7.133563622007302740e+01 1.903544654871972170e+02
8.145822734378435825e+01 1.900133924748251957e+02
1.372418904075640000e+02 1.904882941953104307e+02
-1.217637302834349384e+02 1.947239408358231572e+01
9.018149409742518685e+01 1.875913102106419501e+02
7.578867429240827391e+01 1.844046762181281167e+02
8.774611044796884585e+01 1.816236486578210645e+02
7.818281097316575767e+01 1.782799807796988034e+02
6.426337023133834236e+01 1.604586436053031377e+02
-3.539113332768506837e+01 4.315041331094672472e+01
7.230513197063461917e+01 1.750825509879643676e+02
7.781203502946809181e+01 1.720796773343676875e+02
-6.162765297745954740e+01 4.323789604094821470e+01
9.608438380149324587e+01 1.844966186561902646e+02
1.340472937841265377e+02 1.843068341769950393e+02
-3.749952608789084962e+01 4.050443095320030551e+01
-6.102569674357902585e+01 4.039245824953876962e+01
-1.437962504685867771e+02 -1.352756123250818376e+01
1.204035195529188940e+02 1.905487774511845203e+02
1.252015853487446861e+02 1.992848843741277562e+02
1.226261837542591735e+02 1.840926077276631077e+02
8.039439556366752981e+01 1.814052028582435412e+02
6.934234539169490574e+01 1.754257134556418407e+02
7.889969152588503221e+01 1.783954062673779788e+02
1.414710595213683177e+02 2.083268429086240019e+02
-6.339859455203020389e+01 4.036621679079600966e+01
1.194750964288056849e+02 1.905352834167493654e+02
7.714808153141949276e+01 1.875228897674220434e+02
1.207764919336866711e+02 1.575225394654262345e+02
9.836631821852260771e+01 1.573624511492018598e+02
8.059046094447745645e+01 1.752426991203702755e+02
1.012000923448549656e+02 1.543008987945148931e+02
1.569622681634746471e+02 2.081222832628328945e+02
9.448620156304299655e+01 1.844205963184819836e+02
1.004929103645140316e+02 1.695591157575975387e+02
9.612279130680164485e+01 1.964663684711367466e+02
7.769257631202151515e+01 1.811503954267725192e+02
8.959564953142206889e+01 1.665176187674670416e+02
8.126022453130329382e+01 1.635168657674622068e+02
8.943338215746918252e+01 1.720254522809404421e+02
9.443414610606730264e+01 1.544033971708555271e+02
1.062664995313437259e+02 1.845221367674961641e+02
1.449135446676119443e+02 2.143952284493211096e+02
1.083516716846944519e+02 1.844089653725554570e+02
7.555311362872140535e+01 1.873288960685206064e+02
-8.122499346862599623e+01 7.949578176748428859e+01
1.340243545506422720e+02 2.054844876291311664e+02
1.234623908124567606e+02 1.845291423138505991e+02
1.204976602733199798e+02 1.844966019209988701e+02
8.763953353386567358e+01 1.874076396226096506e+02
8.548350653138031419e+01 1.485131007674379475e+02
1.216651560438605344e+02 1.903490599194592221e+02
1.050047208022125744e+02 1.455187487244478177e+02
1.037210785851315791e+02 1.543566222452475358e+02
7.492626710579408211e+01 2.145331947752292763e+02
1.324369811766771932e+02 1.874385596685263238e+02
1.327460604730616183e+02 1.843460403875755844e+02
