date:2016-08-21, time:2300, wind_speed:2.0, wind_dir:143.0, temp:18.2
4.300722374189643915e+02 1.129875742970934425e+03
5.180370820987633351e+02 1.158808855745817255e+03
5.594449927337797135e+02 1.127705972810480716e+03
4.380638153141822499e+02 1.155048177674635326e+03
-6.908284500519151834e+02 7.692188449163739961e+01
-1.358271687648102215e+03 -3.427344734192612350e+02
4.707399504895139444e+02 1.191663654273681232e+03
4.653641448364910502e+02 1.103118939727240104e+03
-5.652741694971651896e+02 1.820478178779266187e+01
-3.568475994988814932e+02 2.884732799947886406e+02
-1.525764155416584344e+03 -4.234285340277449450e+01
3.447520983007814834e+02 1.189629698180172454e+03
-3.989548269806649614e+02 1.365078934750042094e+02
-1.117413096546836414e+03 -8.471158884055832914e+02
-5.621871846858556410e+02 -4.525302232493628907e+01
-7.794723033963794023e+02 3.515132126354854449e+02
5.625394953142080112e+02 1.065025587674489771e+03
-8.249256973520009524e+02 1.123686880577359517e+02
-1.354608254686259443e+03 -1.652831423251303704e+02
-1.530123779323834469e+03 -1.608286612397724866e+02
4.706414733206987080e+02 1.130780317911684961e+03
-1.104545504685855121e+03 1.476203767437105796e+01
-1.399170047716269892e+03 1.375984395303819383e+02
-8.253572872744935012e+02 1.132652464547886382e+02
-8.122499346862599623e+02 1.476203767437105796e+01
-1.526373997037220533e+02 7.105546247421034423e+02
-1.314960133458091832e+03 -4.025718937255075502e+02
-1.062312684686664397e+03 -6.153960923250684800e+02
-1.491915113057451094e+02 5.566080688492340869e+02
-3.121244346854513196e+02 6.449201676746002931e+02
-9.500433335017580703e+02 3.245055545611498360e+02
-3.151632423569159869e+02 9.782486601465649301e+02
-3.568898156378036219e+02 6.766376249104124554e+02
-9.928916866565580222e+02 -8.174610608939041185e+02
-1.081385355813980738e+02 9.486348460829063924e+02
-5.331401691823012925e+02 7.449357023695357611e+02
-1.362184757972214129e+03 1.090454230853578110e+02
-6.591973946584239741e+01 1.067730695695390978e+03
-1.446425972348937648e+03 -1.277885569348738386e+02
-1.354608254686259443e+03 -3.753358523254700003e+02
-1.454159346862346922e+02 1.065025587674489771e+03
-3.633572662197082082e+02 1.191439313269685726e+03
-2.411076684421718141e+02 1.283838008557313515e+03
-2.534309657429457729e+01 8.884032045673312723e+02
-2.287701846858429917e+02 1.215063237674732363e+03
-9.898574420892518901e+02 1.015464362991510257e+03
-7.394234849157651297e+02 8.331471374760944855e+02
-1.320091229801962072e+03 9.804442097131928904e+02
-1.398338894337299735e+03 1.097889466730257936e+03
-2.287701846858429917e+02 1.305085827674877919e+03
7.926705452819405195e+00 1.013482885246813794e+03
-1.042945046858172304e+02 1.005010527674392733e+03
9.659838852796103481e+01 1.340563633765601026e+03
-1.062312684686664397e+03 -1.352756123250818518e+02
-1.326428673593612757e+03 1.133150601276094221e+03
-1.191881193544254302e+03 1.158728720430777003e+03
-1.359050622705044134e+03 -1.315649398792971283e+02
-4.822564312684913261e+02 -1.036917729372565589e+02
-3.990811940292724671e+02 1.679569610399227599e+02
-2.374835162669517388e+02 5.609167843297357194e+02
-1.771379504685880420e+03 2.548222776747592206e+02
-1.074296817374254971e+02 1.247877272791780342e+03
-1.075405650852438839e+03 1.103178013081244217e+03
-5.621871846858556410e+02 1.095033117674538289e+03
4.266479765556976531e+02 1.134332701927697144e+03
-1.069132381917809425e+03 1.219913623291769909e+03
-6.156493104801979825e+02 1.166005209038522935e+03
-4.788329346862473130e+02 1.095033117674538289e+03
-9.457516580819719820e+02 1.009549998574593019e+03
-1.148979149857665561e+03 9.776536388214971112e+02
5.816527096867432078e+01 1.397270165342254131e+03
-6.206168468662637849e+01 1.875228897675010103e+03
4.349905833932975270e+02 1.127439693215201260e+03
-1.535180859561679426e+03 -6.822359117556624142e+01
4.674159376040195752e+02 1.104078682638867804e+03
-4.377115046858298797e+02 1.948072176746621835e+02
-6.206168468662637849e+01 9.149879376750369602e+02
2.713553153133862565e+02 1.395108417675023475e+03
-2.454676102154773787e+01 1.907443808963791753e+03
4.380638153141822499e+02 1.125040647674586808e+03
4.754141330390256144e+02 1.097336578581640197e+03
-1.971690044230249157e+02 5.896675298915530448e+02
-8.983140747074934325e+02 1.218685524707775812e+03
-1.187899754685463449e+03 1.125040647674586808e+03
-1.483628184131525586e+03 1.158423372847453265e+03
-9.865480727556277998e+02 1.189173615656246966e+03
-1.367795807004554035e+03 1.222643420293446070e+03
-1.315975188355588898e+03 1.068596994986809250e+03
-1.145666934686272498e+03 1.125040647674586808e+03
-3.982249080855990542e+02 2.582574197385973207e+02
-4.830556359990873716e+02 3.473013464732287616e+02
-9.823341481579611809e+02 1.128270759801702525e+03
-9.080369188441165988e+02 1.163510803633886781e+03
-1.996389246801130639e+02 1.073897789154716975e+03
-1.316497519745424142e+03 1.217142488506876361e+03
-1.021191254686246793e+03 1.005010527674392733e+03
1.666385825505990681e+01 1.218760160070607526e+03
-1.237076483566899242e+03 1.221746428929058538e+03
5.122537516164735507e+02 1.131458907813960877e+03
-1.322366700961114248e+03 1.249874750941758521e+03
-9.789584346854766181e+02 1.215063237674732363e+03
-1.240360361465896176e+03 1.194078287272465786e+03
1.779215002559939762e+01 1.248730935298105123e+03
-1.025151399812329146e+03 1.038049147692800261e+03
-1.368291894413534237e+03 1.073528207791645855e+03
4.355084018021836414e+02 1.127211782484272362e+03
-1.324620898409360279e+03 1.223802660927588931e+03
-1.025346133059712429e+03 1.098110919783101735e+03
-1.274407296916231871e+03 1.126655955271811990e+03
-1.229021184685880826e+03 1.365100887674974956e+03
-1.158667673530678712e+03 1.193866504353048867e+03
-1.064959077956569899e+03 1.097277804518601215e+03
-1.528780969675705137e+03 2.219024175563467338e+01
4.350234753533349021e+02 1.158422479074628882e+03
-9.412068120337647770e+02 1.066629714348217931e+03
-1.033564895513700776e+03 1.042248659453664004e+03
-1.437962504685867771e+03 1.125040647674586808e+03
-1.322008490768148931e+03 1.009889216817999454e+03
-1.326426980098474360e+03 1.103177807920548275e+03
-1.112837911826190066e+03 9.512112575705117479e+02
-7.000515192127005548e+01 1.012233839326879888e+03
-2.970137371721385477e+01 1.190573267976557418e+03
-1.285443702419988085e+03 1.162874593499057937e+03
-2.710030046866132238e+02 1.335093357674926438e+03
-1.114715484653597031e+02 1.099318747651050671e+03
-1.229021184685880826e+03 1.215063237674732363e+03
-8.122499346862599623e+02 1.155048177674635326e+03
-1.152838256985793805e+03 1.130032389969836004e+03
-9.868233417935872467e+02 1.251126857697326614e+03
-1.075357759673590408e+03 1.221775632110064180e+03
-8.122499346862599623e+02 -2.252982023252274075e+02
-4.926602880584271134e+02 -1.569227162909319873e+02
-9.917860643315174229e+02 1.074180749250599320e+03
-4.377115046858298797e+02 1.948072176746621835e+02
-9.450420082572370575e+02 1.250025085883007478e+03
-7.363806468129579343e+02 -1.304234490722164139e+02
-1.145666934686272498e+03 -4.353509123255670374e+02
-1.187899754685463449e+03 1.005010527674392733e+03
2.575825028681431377e+02 1.253403773122265875e+03
-1.442181474318182381e+03 1.158763815670391295e+03
-1.074210599411271687e+03 8.939596434943032364e+02
-8.993357390251853758e+02 1.548020252303387451e+03
-1.062312684686664397e+03 1.065025587674489771e+03
-1.145666934686272498e+03 9.750029976751339973e+02
4.266311940113415062e+02 1.134029572162144859e+03
-1.957809335925616665e+02 5.903946831679386378e+02
-4.377115046858298797e+02 1.605161127674573436e+03
-9.018054335951629810e+02 1.579840153761199872e+03
-8.956041846858682902e+02 1.605161127674573436e+03
5.186594057362905232e+02 1.727969609303001789e+03
-7.334073013639361989e+02 1.577363390834734219e+03
-4.406019575378892341e+02 4.737181106442746170e+01
6.805468885800319185e+02 1.550896226993900200e+03
-9.459305836684723090e+02 1.581974240776718943e+03
-1.571976088820455857e+02 1.103589583728175512e+03
-9.378370046866384655e+02 9.750029976751339973e+02
-7.317934889169689541e+02 1.098062187101805648e+03
-1.402618512018569390e+03 1.040178484591333017e+03
-1.274457596962575508e+03 1.038142947417439018e+03
-8.990886251697218086e+02 1.607512710191302631e+03
-6.044200046866258162e+02 1.665176187674670473e+03
-8.160368077798802915e+02 1.608168367436475364e+03
-4.788329346862473130e+02 1.665176187674670473e+03
-8.206763584609706186e+02 1.640515701351231428e+03
4.750418819682942626e+02 1.637570665997421202e+03
-6.962020618526814815e+02 1.640995480288928320e+03
7.292479953134246671e+02 1.545146067674476399e+03
-1.062312684686664397e+03 1.635168657674621954e+03
-8.239430984329592320e+02 1.671703668967670637e+03
-8.122499346862599623e+02 1.605161127674573436e+03
-5.280323422304446694e+02 1.582089237500978697e+03
6.458937453138163391e+02 1.545146067674476399e+03
4.706470155694980804e+02 1.550853243649733031e+03
-5.695807920951853021e+02 1.610775839633860869e+03
-8.667551666879196546e+02 1.673465946564804653e+03
4.380638153141822499e+02 1.575153597674524917e+03
-9.915363346197302690e+02 1.104150402865466503e+03
-1.312375434685489154e+03 1.125040647674586808e+03
-1.145666934686272498e+03 3.148373376748562578e+02
-7.791843036728573679e+02 -1.096532962557698454e+01
-5.335150733716729974e+02 2.384233383039313736e+01
-5.712722470566967559e+02 1.190741494906458229e+03
-3.151316153272046563e+02 1.668891919392425791e+02
-9.457864638985884085e+02 -3.413022448309520200e+02
-6.951893619642357862e+02 1.579108172547817730e+03
-8.591014022524567508e+02 8.872048511705058900e+02
-5.698836448437712079e+02 8.018020537311406315e+02
-7.752643709923939923e+02 1.758117619349450706e+03
5.953021208387467595e+02 1.701384333464197653e+03
-9.915373252922670417e+02 1.643201873710103882e+03
-3.614258979928270037e+02 1.069420082272187074e+03
-3.655338131664846060e+02 1.044185415401208274e+03
-4.015407532396481542e+02 1.070880414642064125e+03
5.146977394838846749e+02 1.700748302342636180e+03
-6.455414346854639689e+02 1.695183717674718991e+03
-1.108798439136950492e+03 3.184872064040266650e+02
-1.069454785237197029e+03 2.909721095228654804e+02
-6.918819381300727400e+02 1.728035686612687641e+03
-7.416934668601251133e+02 1.702530980356885038e+03
4.751858800327206609e+02 1.637889476705446214e+03
5.178153555035893305e+02 1.727454058508954631e+03
-9.829777063425041206e+02 1.698155981890333805e+03
-6.912033843426936528e+02 1.636967278527324197e+03
-8.569860696745666928e+02 1.668101131542867734e+03
-4.411806778953091452e+02 1.697415127745148084e+03
-7.757666557249535799e+02 1.667073174279602654e+03
-7.711285046858424721e+02 1.785206307674864547e+03
-6.084160481166047703e+02 1.727820779113852495e+03
5.214180653137905210e+02 1.635168657674621954e+03
-9.028062194134105312e+02 1.670991167397495246e+03
-7.405387456515921940e+02 1.643243405442786980e+03
5.914853688286790430e+02 1.732210546634561297e+03
-6.952296527092066754e+02 1.761055444088051445e+03
-5.694947023810315159e+02 1.671175390791334394e+03
-6.170237999456624038e+02 1.734126012095022816e+03
-7.365059990718932568e+02 1.985473852948913986e+02
-8.255420010777246489e+02 8.258711744781763286e+01
-8.206757206582923345e+02 1.700373173477747059e+03
-9.879830397885916682e+02 1.670249682725835328e+03
-7.012219879945974981e+02 1.643860839983399501e+03
-4.501113794666540002e+02 1.674409318057372730e+03
-9.459124598876159098e+02 1.701034781001430474e+03
-9.032846940057697793e+02 1.668866351458940244e+03
2.678228204770207412e+02 1.667678580525293910e+03
4.302698646894265266e+02 1.609692463493065361e+03
-1.998355767070034403e+02 5.282356725227118233e+01
-4.377115046858298797e+02 -1.524549232488777051e+01
-1.145666934686272498e+03 -2.853132623253244446e+02
-6.455414346854639689e+02 1.095033117674538289e+03
-6.082992899554299129e+02 1.217925637936094290e+03
-5.210657546854381508e+02 -1.652831423251303704e+02
-1.192054662346955183e+03 2.278120476737700244e+02
4.349513542808356874e+02 1.128206726011760111e+03
-4.401745124428251756e+02 1.067385968317259767e+03
-1.395729684686676819e+03 -1.052680823250333333e+02
-8.609378265403488513e+02 1.130233603132187454e+03
-7.325626068341454129e+02 -1.315478940783243900e+01
-6.940709475868155778e+02 -4.029429477705740936e+01
-8.157819282636813796e+02 -1.335826333746202863e+02
-7.410289742044835748e+02 1.584387553595300005e+03
6.783785432329293599e+02 1.731285618997668053e+03
-6.877742546862341442e+02 1.725191247674767510e+03
-4.875099242539703823e+02 3.197142516409401196e+02
-6.519621967122980095e+02 1.581177865853182993e+03
-1.242598119840753270e+03 1.013417721474315954e+03
-9.059866784541073912e+02 1.615383493347845160e+03
-1.062312684686664397e+03 1.605161127674573436e+03
-8.956041846858682902e+02 1.665176187674670473e+03
-5.283273624015362202e+02 1.101140040869525592e+03
-3.543572546862215518e+02 1.035018057674441252e+03
-1.400247667452210180e+03 1.128267396874072347e+03
-1.362613760058166918e+03 1.129555614258301830e+03
-2.710030046866132238e+02 1.245070767674780882e+03
-3.159346627403241428e+02 1.276804036354881418e+03
-2.319217437888983397e+02 1.217872189380353575e+03
-9.872242973204954524e+02 1.580067927534596947e+03
-9.520629534121018196e+02 1.673009445279279589e+03
-9.868762366636485694e+02 1.640588007387312928e+03
-2.425394202866761475e+02 1.313200908542252137e+03
-1.525749954914022055e+02 1.340956576269249808e+03
-1.910984401881726171e+02 1.277277387595077926e+03
-6.954308042054485668e+02 1.820423011335901947e+03
5.180405160692831714e+02 1.817797558721158111e+03
-7.791415370899335358e+02 1.791099548185875619e+03
-1.312375434685489154e+03 1.125040647674586808e+03
-5.657748148394131249e+02 1.608302326958884350e+03
-1.072042514570294998e+03 1.820495254213359658e+03
4.350759808256329393e+02 1.757574266215916623e+03
-6.111231216327098537e+02 1.760780063970704532e+03
-8.996187542374874511e+02 1.818508858591493208e+03
-9.025900409707591052e+02 1.790655897405590849e+03
-1.154282068587262529e+03 1.190032010495737495e+03
-9.910139871976068662e+02 1.075157598090992906e+03
-6.961671259172493365e+02 5.083682581405812329e+01
4.444020374717682103e+02 1.738899466059163160e+03
4.224417203794872648e+02 1.778637393825570371e+03
