date:2016-05-18, time:0300, wind_speed:1.84, wind_dir:338.0, temp:7.2
66.135842 120.950505
79.489297 172.243723
-38.820339 -109.783065
-63.586117 -52.960190
52.288731 -283.674505
115.607983 121.130988
-10.265924 -64.613744
99.285590 166.129512
95.209877 172.234028
-51.912428 -151.646417
60.721845 124.437829
66.216666 114.992096
81.401156 124.413225
81.406547 139.400773
93.818932 127.507830
16.044076 -97.939350
-78.841922 46.143159
-75.575925 -53.080693
94.649966 187.270261
46.131895 142.337886
60.694434 124.393375
-37.208682 -73.853878
81.472887 196.393356
114.614645 172.203985
23.112524 166.406203
61.911829 148.158776
70.328913 118.066025
53.104407 109.240447
90.960901 -238.980712
45.296831 -287.055161
-97.533515 -55.708193
114.601925 196.525149
-34.601757 -97.934089
98.368287 187.473978
107.822819 160.163727
86.367704 157.254705
-42.781969 -55.833873
93.965251 145.386447
-55.320013 -115.801751
72.924800 112.504065
110.730664 109.388215
48.676790 142.216299
60.911806 142.376126
-105.349852 -70.863044
-31.005623 -73.664148
-51.958709 -130.681558
64.812034 106.428667
61.419198 172.135835
107.432097 133.150463
121.094084 166.211118
114.744066 172.418832
114.842436 175.457151
114.814990 175.451330
114.738968 166.475998
104.550552 187.204911
-10.227803 -46.641531
85.883553 115.273945
106.452750 142.408069
53.031181 136.174941
39.753679 118.456917
61.147808 106.238410
3.616617 55.068630
-6.054660 46.414732
-39.353987 -70.643102
65.304228 175.259949
-1.282306 -61.746927
2.999154 55.255400
99.398042 151.147688
-17.885010 -46.726117
120.923265 172.318982
107.212905 124.164666
-5.800587 46.371409
-60.276367 -133.583549
124.855196 166.225493
115.000601 115.313278
12.008350 -121.951727
-27.100300 -109.551657
81.497506 154.457646
81.441493 160.482336
102.383516 178.421352
-35.241734 -94.589793
73.914068 103.195161
72.924800 103.501806
91.235733 184.786658
61.289059 145.242372
