-1.023069033237398799e+03,-1.010131016498217491e+03
-8.512448999960349738e+02,-3.188643884513073203e+02
-1.728116958748209981e+03,4.303202093335179939e+02
-1.345936733109617762e+03,1.619941021627810187e+02
3.941729113948049417e+02,1.239792561977550122e+03
-1.190078692976511775e+03,3.704434809694914748e+02
-1.805111639422353846e+03,4.939765815771743291e+02
-3.977381405406368913e+02,8.495286166821340430e+02
-1.385673267353354277e+03,4.944739349604508902e+02
-1.605105268442947136e+03,2.198295640778616189e+02
-8.974855752463299723e+02,1.903528792104935121e+02
-9.323560584345416373e+02,1.063124759408893169e+03
-1.738755259882179303e+02,8.522995667063956944e+02
6.888518132306687676e+02,1.661953472224805409e+03
4.812089097917386766e+02,1.630966319361800743e+03
4.033694460967116697e+02,1.875862956074123986e+03
8.544463184936248581e+02,1.631616673533981157e+03
-9.676711951215078216e+02,5.525502353497088279e+02
-1.686482510670706461e+03,5.510459950072790889e+02
-1.035335591060323623e+03,7.562427239024553671e+01
1.065372353381731500e+03,1.573339016549381085e+03
6.070318009450306818e+02,1.782784048205330464e+03
6.821444160031943511e+02,1.576589218603261543e+03
-1.478161983623514288e+03,4.020801100327610129e+02
6.446645412545091176e+02,1.509943840898846474e+03
-5.067586547212674759e+02,-1.045537058236828614e+02
-1.561653005814737298e+03,2.207200379404015962e+02
8.979497173204756564e+02,1.571599460592312425e+03
6.040317699457252729e+02,1.689902460319631928e+03
-1.023674464593655443e+03,7.146993994849252374e+01
1.231380098178434764e+03,1.362604820038241314e+03
1.062561889265596619e+03,1.509437733738524685e+03
-1.226254954545320743e+03,-1.085508801735794009e+02
1.075563739530892462e+03,1.606032063779033479e+03
9.779916357373158462e+02,1.721421500533295102e+03
1.202730190910634064e+03,1.664740140324347294e+03
-1.437468234110562662e+03,8.794101222224581988e+02
1.062647840614990628e+03,1.721078511567874784e+03
7.057713786034605619e+02,1.542708138228895677e+03
7.347863077872290205e+02,1.513315555308847934e+03
8.667592075510683571e+02,1.665093711584742550e+03
8.079338363630885169e+02,1.879419758121117866e+03
7.214351448382961962e+02,1.821860711216197160e+03
1.156992236085453669e+03,2.206441124544714512e+03
1.187346485308426509e+03,1.990691651965176561e+03
9.568167053452499431e+02,2.055677861553081129e+03
-1.547474574918441022e+03,1.337034804808044441e+02
7.367482135478873317e+01,1.602950790271798724e+03
6.037222825005442246e+02,2.110531570195057611e+03
8.958227168645908023e+02,1.840172615830221275e+03
8.229084499549792326e+02,1.903746700833596833e+03
-1.427200702078574068e+03,-1.438402298101711096e+01
1.230821079682223626e+03,1.903420640485457170e+03
5.219640241142772084e+02,1.539807050967053556e+03
1.240813330112283211e+03,2.056026681110002301e+03
1.232387588838289503e+03,1.992689399522667372e+03
1.318868048058275008e+03,1.995329329041771189e+03
1.157826610531336428e+03,2.083998255202196560e+03
-1.689166481045093860e+03,3.989445588488886187e+02
1.284907486277276803e+03,1.845448736097275969e+03
7.755030389717683192e+02,1.573823458911096850e+03
1.234885960590127752e+03,1.872940218673482605e+03
1.060820563432194831e+03,2.049484430135830735e+03
1.188460236333689863e+03,1.961423683931731148e+03
1.044060702803881668e+03,1.995426255556960541e+03
1.539090114434940915e+03,2.054408301907349596e+03
1.186882661591523629e+03,1.959955807214135802e+03
9.094661399908973181e+02,1.546288538505123142e+03
1.020812580326854686e+03,2.019763931493143446e+03
-8.928624571647493440e+02,1.130119147682837877e+01
8.646404278969616826e+02,1.840649941517471007e+03
1.107374300309245655e+03,1.932133457794458536e+03
-1.064066057940491874e+03,-4.919496061608626292e+01
1.443611487252471079e+03,2.087203382554319887e+03
-8.038116844179821783e+02,7.600244732435400863e+01
-1.646450012930000639e+03,5.203139729043242596e+02
1.229646173232121555e+03,1.480278814571228622e+03
1.283004658006229647e+03,1.994020092888605177e+03
1.409774623486026030e+03,2.056058047625690961e+03
-1.273816507034960523e+03,1.301454393658350739e+02
1.406904485822198922e+03,1.966112074023102650e+03
1.069259989269467951e+03,1.875409943063737273e+03
-1.312741631205450858e+03,-2.290117688951713149e+02
1.332013822003928681e+03,1.844034256843262256e+03
1.411951683342834031e+03,2.086433138096057519e+03
-1.465118788901330163e+03,4.670504426257822388e+02
1.241080472901217945e+03,2.086040752048320883e+03
-1.007026070342144635e+03,7.040597594440415605e+02
8.544367424257123957e+02,1.600586255893895895e+03
1.565635208684476993e+03,2.021512871644754114e+03
-1.561888714086190475e+03,2.213763118632531075e+02
1.234806343945118670e+03,2.054860932733002301e+03
1.037402196965669418e+03,2.084074307773663804e+03
9.383511318802987944e+02,1.840882902855890507e+03
-1.604677085928958604e+03,2.192397493477683952e+02
1.561931423587155678e+03,2.080142092514910928e+03
-1.338952389142847096e+03,1.350563275859169039e+02
-1.020547774360408766e+03,-4.795570692119525802e+01
-9.118939145099350299e+02,-1.383473479103840873e+02
1.075155740925476039e+03,2.295746298771152851e+03
-6.053315070391872723e+02,1.314274992687192878e+02
7.298140034450775602e+02,1.601417807259298797e+03
1.061247704360747093e+03,1.720436730467956295e+03
-6.100328763900300828e+02,-1.896217013425235791e+02
7.292052192463228266e+02,1.629569921873182011e+03
6.856496417335688420e+02,2.051708104218129847e+03
7.800425851033744493e+02,1.873748408431601092e+03
2.584606022869556341e+02,1.786254437267476078e+03
1.229576989304518293e+03,2.051646253790200717e+03
8.520248125629591414e+02,1.809528503928991313e+03
7.758397468954040050e+02,1.874334065805832552e+03
-1.182057348153957264e+03,1.027925243337684407e+02
3.113836518563878712e+02,1.661114864260610148e+03
5.622288790544232597e+02,1.571609279988222397e+03
-1.299748650980903449e+03,4.523823550354123313e+01
6.510842327284949533e+02,1.842894481487073790e+03
8.950223221689490174e+02,1.839985845544483709e+03
6.483884093364295040e+02,1.961285994229207972e+03
1.026883650006008565e+03,1.782596530474763085e+03
-1.795486488391786395e+01,1.542456049154495531e+03
-2.310306868997435004e+02,1.752081540433912096e+03
9.076555040895352704e+02,1.818364395981604730e+03
9.032686162503435980e+02,1.964761612781812801e+03
8.957412128034063699e+02,1.720989754455904631e+03
8.665143688748851218e+02,2.022673181073894966e+03
5.657355529121692825e+02,1.843561485637545047e+03
8.119810699528115947e+02,1.928709688562234305e+03
8.962108168938382278e+02,1.991326654275328565e+03
5.668284420641234647e+02,1.875997099927573572e+03
1.318027511322623923e+03,1.962332158915724449e+03
-1.105826276100378436e+03,1.018096500324188582e+02
-8.904496297907786584e+02,-1.386602654652900810e+02
-1.063873398071824113e+03,8.840201201914943852e+00
6.913555655185695059e+02,1.602660134786543722e+03
3.631748417501625568e+02,1.396699413802032041e+03
7.703904261789248267e+02,1.750529695908124268e+03
-1.604852139247985860e+03,2.205970322005596245e+02
1.061438565814471303e+03,1.929434883604616516e+03
5.262145713511797567e+02,1.723608320935938536e+03
5.614616019553892556e+02,1.901540428989949078e+03
5.345498704788043369e+02,1.575670144966652742e+03
1.259547522132693757e+03,1.816271644433931442e+03
-3.822077335942482250e+02,5.866571077630808304e+02
9.371642349590616732e+02,1.450092882754529455e+03
6.027049741876256803e+02,1.780230899889349985e+03
9.793880420862574283e+02,1.901647787899560853e+03
3.992770465060012270e+02,1.633650451572116708e+03
5.617345585327992694e+02,1.931154766539958473e+03
5.204932234814639287e+02,1.870155039735188666e+03
9.908987300256582103e+02,1.909621641854547534e+03
6.997868600196343323e+02,1.667720648908461726e+03
-8.810484341119436067e+02,-1.941580382762591910e+02
1.156321541063271980e+03,1.785262551679828903e+03
4.783721901194712700e+02,1.869950866255275059e+03
1.353300340901528443e+03,1.780309208709646555e+03
6.539069074276635547e+02,1.846189571287530725e+03
6.128276302519755063e+02,1.932253225244247005e+03
8.124073244637129392e+02,1.749968927453933020e+03
4.406597720824552766e+02,1.843799029913189770e+03
8.957186040945518926e+02,1.840351702616949524e+03
1.027707753376150322e+03,1.844055362110902934e+03
1.284443061227163071e+03,1.934120561170541350e+03
-5.186520981968883461e+02,-4.687995681760942546e+01
-9.340102271012647179e+02,1.324080981562507020e+01
-1.303689498990377615e+03,-4.340966314134028181e+01
4.049825718149613749e+02,1.782403500837658612e+03
1.152908522141276080e+03,2.024906238255435710e+03
1.398751930089939378e+03,1.961745132155699821e+03
9.412128275043512531e+02,1.872871040526410752e+03
1.030056682859525608e+03,2.024430289133051701e+03
6.961175578472863208e+02,1.692901568341794018e+03
1.238347204222899336e+03,1.905011347785683938e+03
6.503351465608244553e+02,1.963461888353400354e+03
-9.378318834121504324e+02,-1.684420679898149729e+02
-9.703203541293369199e+02,-1.039826482130062288e+02
-1.013627158203940326e+03,-1.439484311801248140e+01
-1.520906878299682603e+03,2.181697176799484623e+02
-5.197052780747971212e+01,1.604899716064633594e+03
3.996599401605975572e+02,1.422846124618727572e+03
9.035625291874822551e+02,1.604482690094039754e+03
-2.722057668245059858e+02,1.029096000934517861e+03
-1.300354116642876988e+03,1.582418972127860712e+01
8.986853912952967676e+02,1.842310186688348040e+03
8.123209349768829952e+02,1.841974217357906355e+03
6.499239719955933197e+02,1.785639031336468406e+03
7.325762906029965507e+02,1.750909002456287908e+03
6.420105560841171837e+02,1.910263519779947728e+03
8.922229457691895504e+02,1.728248538328682116e+03
1.108198483376490685e+03,2.022663022724835173e+03
8.533945696226064683e+02,1.991617130312986546e+03
9.046884828278061832e+02,1.936570755811753315e+03
7.320180551840114731e+02,1.691597233851091460e+03
7.004410659826236270e+02,1.602802747962770582e+03
7.015715371556703985e+02,1.846448899781875980e+03
8.165535906555148813e+02,1.723287083294678041e+03
9.854277756401562556e+02,1.662422610632621399e+03
1.080300595861333477e+03,1.664325010839519564e+03
6.460116827128867953e+02,1.901136854943092430e+03
-1.144923521484802222e+03,-5.056332988858187605e+01
5.773064952684436548e+02,1.993405968742279356e+03
1.228979467034090703e+03,1.992567774060813917e+03
3.685473371486739325e+02,1.399085788704328479e+03
7.284780891433930492e+02,1.812285356421540428e+03
7.267121751434223142e+02,1.960477125823270399e+03
1.229436782793340626e+03,1.959779398483671230e+03
5.245156656826113704e+02,1.962086492181567110e+03
8.492492994226936389e+02,1.876685960291211586e+03
7.413536540171955949e+02,1.877014975562540030e+03
8.941586170173770824e+02,1.661602265588728187e+03
8.659015014919102669e+02,1.513497681895446021e+03
1.034216674379988945e+03,1.543899745529914071e+03
6.456318858090301092e+02,1.781356551688799527e+03
1.028901722701826884e+03,1.783644696914314181e+03
5.199642424430414849e+02,1.539555047696430165e+03
6.452375354458869197e+02,1.809311265839901353e+03
7.315386012590652172e+02,1.872289989889084382e+03
-1.639910746899876415e+01,1.783706250903638647e+03
4.370604092536722760e+02,1.870495329174251083e+03
1.075209487444712977e+03,1.787751030364779126e+03
6.866296688452000581e+02,1.900462209673909911e+03
7.277196840593326215e+02,1.809938048227200170e+03
9.510777062120613436e+02,1.515153096577048245e+03
1.202013992745074120e+03,2.298496885730640770e+03
5.741115610583359512e+02,1.785437966923301246e+03
7.423851399063935332e+02,1.752970042696154223e+03
1.245145206116543250e+03,2.025752155098347430e+03
7.284459299036241191e+02,2.021298429020681624e+03
7.401816712540909293e+02,2.024079695869010493e+03
6.120757294029689319e+02,1.932072826086560553e+03
6.867761575400542142e+02,1.841765242309538053e+03
6.292885704124638551e+02,2.085025036375270702e+03
6.898494377394323465e+02,1.903565352636624766e+03
7.774496936340642606e+02,1.872903406953220383e+03
7.782203028320169551e+02,1.931803519024791058e+03
8.624505719887833948e+02,1.874931861292448048e+03
7.718691735073474547e+02,1.960679249126352943e+03
1.062083711097627429e+03,1.960316575426522604e+03
1.028676189336076050e+03,2.029245818717079828e+03
8.532967785665506426e+02,1.420972114554766449e+03
1.270444787036322396e+03,2.081415799477963901e+03
1.175834779390585027e+03,1.967100852876747695e+03
7.390120983677054483e+02,1.785233591954750864e+03
6.516075816340124902e+02,1.783801781285441848e+03
5.718763642312356978e+02,1.754629832091077787e+03
1.477766684074993009e+03,2.080689726469983725e+03
1.353181934352312965e+03,2.080852254298100888e+03
6.839511185814043301e+02,1.905609447994753054e+03
8.623855987124364901e+02,1.541638503425358977e+03
1.071817210558975603e+03,1.664745546778828384e+03
6.448701146346305677e+02,2.171273644427647014e+03
8.299431517528761333e+02,1.724866484232295534e+03
8.283495409556585400e+02,1.903383997532233479e+03
7.032734672362073525e+02,1.848521701424313960e+03
-6.157813004728765236e+02,-1.659985419758123157e+02
8.116392710156121666e+02,1.990008250357983798e+03
1.197510722408180754e+03,2.294002752061509909e+03
-1.178383034262406909e+03,-4.394355110866938929e+01
7.712430706309987727e+02,1.870299390247779002e+03
4.865599810370640625e+02,1.723540720048731146e+03
1.187090400432963406e+03,2.112240961477632936e+03
6.954905861507405689e+02,2.055535704445782812e+03
1.453449957425284538e+03,2.024624468956142891e+03
1.163474442483151279e+03,2.264723895636575435e+03
8.605938153384788620e+02,1.633289715574347611e+03
7.376113019562362751e+02,1.905315241664055065e+03
7.770624666482764269e+02,1.841933204908053995e+03
1.400286057408393617e+03,1.904544235314371917e+03
5.741652311813741107e+02,1.993833507379293451e+03
1.191939916952622525e+03,1.870202467462295772e+03
1.017229176728912080e+03,1.608086912640107357e+03
9.903196787738756939e+02,1.634146828765772852e+03
3.574395801033009548e+02,1.572265050989042493e+03
9.379973534802442146e+02,1.720345671320135352e+03
4.828218435963436832e+02,1.811970720006650026e+03
1.269435749822123171e+03,2.201873213816645602e+03
1.022931307682945317e+03,2.141017032680221746e+03
8.545603027341073812e+02,2.112783076975689255e+03
6.546363007381718262e+02,2.054323547405150293e+03
1.021136067415343746e+03,1.690415982743350469e+03
9.776585062674786286e+02,1.721062156094237480e+03
9.838423010768049153e+02,1.754859450537094517e+03
9.895883631934301548e+02,1.754702286783160162e+03
8.261624414875926732e+02,2.263818871987597504e+03
9.070208650644643740e+02,2.262850703597575375e+03
1.233943557498466816e+03,2.263759148626254500e+03
6.561980232525052088e+02,2.173265863594609982e+03
7.319817522065864068e+02,2.233495921797346455e+03
1.315370586830950288e+03,2.292127624134367124e+03
1.359525835362449016e+03,2.231715868582661187e+03
1.408278615356396131e+03,2.086838731979851673e+03
1.396121990005185125e+03,2.080263171944761325e+03
8.954347691776176816e+02,1.751662951217294221e+03
8.943980837556434835e+02,1.749802571149816913e+03
6.134904341916829935e+02,1.753400414715155421e+03
1.190800705203779671e+03,1.992341414957988491e+03
1.409543157532401892e+03,2.084384512296931916e+03
1.155369218505382833e+03,1.784845460046504058e+03
-6.180291446684965422e+02,-1.983999610368131528e+02
-6.127131500513693254e+02,-1.780625743704561046e+02
