date:2016-08-28, time:0000, wind_speed:0.98, wind_dir:114.0, temp:19.5
-77.137781 29.305290
-147.770197 32.411785
-6.262115 77.299778
-176.595874 26.166772
-101.671693 92.384656
-118.841932 71.377291
-135.713417 -12.713585
-127.034907 47.358731
-127.409355 59.516091
-43.388470 95.217679
-159.988120 83.120128
-77.455170 86.393475
-160.430388 83.363471
-104.836141 23.135357
-110.693659 116.374103
-114.654629 17.357893
-77.496041 62.359999
-155.901598 47.190742
72.759120 104.556740
-152.314956 53.412642
-106.500431 38.326481
-123.007404 65.272355
-81.452163 83.620760
-64.909784 -270.793768
-172.325829 77.270065
-148.042141 44.486034
-72.650917 110.192722
-39.829226 83.238523
-47.711483 -276.866003
-43.640642 71.362845
-135.503674 -36.652721
-89.851261 50.572068
-61.004270 101.323665
-81.013177 41.255192
-100.771981 94.919848
-23.164463 -282.833889
85.782071 152.203066
-52.294817 11.282851
-110.069969 29.292133
-81.467775 62.411811
-93.612022 23.306168
18.832344 119.383405
-51.648840 14.247227
-68.322946 86.320561
-139.760631 23.333982
-60.466503 29.304896
-56.387328 -252.565339
-102.252331 35.402547
-64.372331 2.371387
-52.142654 134.294462
-73.144422 95.414486
-77.361541 68.396008
-60.964485 92.313364
-76.956999 149.444138
77.760997 176.188821
43.772517 -279.854348
-122.676421 56.310209
-135.443645 56.194435
47.696608 143.440278
-51.994080 134.221423
11.161057 -288.985455
99.282652 104.232185
60.397195 107.404550
-73.065205 68.336339
-68.937034 -189.702495
-51.961115 149.286155
-168.901128 59.455107
-76.796688 -255.792050
-172.583400 77.205717
-173.198827 56.399868
-47.996172 107.369838
-97.730076 74.189438
-77.153911 -96.725560
-94.081479 29.211804
-97.906440 20.206512
6.010191 116.390507
-30.967315 110.399009
-81.120089 59.560704
43.825230 -57.522286
-2.104174 -297.695901
2.688355 119.052215
-52.411030 65.407877
-119.041729 14.659316
78.510010 103.883199
73.488481 104.117895
-80.489867 44.122019
69.192792 119.223941
-151.115946 82.983857
-60.748939 125.448016
-68.684611 65.324155
-147.464428 53.356675
-105.705339 44.130322
-122.678016 -27.722194
-60.588073 -186.546985
89.588784 -222.789841
-69.021832 -252.853806
-18.812884 -267.721911
-64.357806 -267.679090
-64.516030 101.433184
-168.734926 20.500401
68.995290 -198.615565
73.281315 -222.868774
68.749809 104.173908
-85.317520 5.256158
-10.153094 -285.889631
-5.878122 134.213989
-14.505203 140.476894
-81.274406 44.286871
-64.789499 -168.475075
-72.484316 -21.645996
-48.159299 -276.612892
43.640889 152.349703
-97.841180 68.291030
-68.737816 -162.646778
-39.676616 104.413772
-159.195529 56.027160
-72.653269 -93.936435
-118.377661 65.311939
-21.555984 -283.114117
-102.425592 143.435560
-6.248147 113.202623
-152.332342 89.340654
-89.545609 -33.714488
60.631287 -249.748654
-14.369517 -285.790619
39.494042 155.251207
57.647483 -52.172511
22.777270 152.653396
39.688764 140.419628
-127.074204 59.167352
-89.664873 50.389513
-98.220111 74.358718
60.908539 146.299346
-114.482436 32.291578
-131.265792 17.393457
-60.477701 32.260507
-110.269639 38.235579
-106.414111 71.378452
-118.827465 65.272606
-94.041552 23.410446
-143.806082 67.870654
-64.265286 -267.779489
-118.435853 62.187634
-110.470757 53.401994
-97.923211 155.476750
19.117621 137.378185
81.456951 110.307112
-114.633025 74.619724
-156.107381 68.260090
-31.167220 110.455582
-81.398037 161.276778
3.399423 118.961695
-52.160123 80.636249
-173.111928 26.522994
-179.854372 29.174292
-81.274407 23.205548
98.205464 104.399359
-51.641631 23.322241
-43.677350 38.392613
-60.627654 35.250150
-64.432131 11.405341
-93.680764 50.305516
-102.014304 59.401517
-114.628329 62.202033
-89.692095 50.501454
-67.403570 -99.944311
-68.368464 -90.640918
27.011781 146.517503
27.080306 152.452823
39.401882 149.487304
-135.885300 -36.752882
-152.377551 83.386573
-68.779873 11.434929
-114.504058 -30.627552
68.693649 176.410306
14.930011 137.300901
56.307064 119.475186
-43.805185 86.202487
-52.316261 77.353058
72.679518 155.295475
-60.616469 -99.743465
-72.823128 83.444222
-56.347803 154.897240
-60.932174 155.499321
-43.352743 98.200863
-64.302413 71.290483
-152.041946 68.272945
-77.034880 -18.729678
-31.097642 -255.669595
27.263295 -282.813584
-118.567909 68.428737
-105.751264 59.247680
2.379798 56.213408
-64.343356 35.462413
-50.635060 -160.116681
-64.094979 -222.908931
-110.666308 98.306782
-44.129414 50.274263
-68.804010 -228.857711
89.770931 185.368842
85.915976 188.176926
-106.012397 23.359364
-60.611662 -30.891886
-84.115325 128.054354
-106.022990 32.232023
-127.447595 71.212840
-117.448172 77.021441
-102.003274 50.325443
-97.894451 41.222234
-68.691051 86.250437
-30.932622 149.157569
-31.243540 149.528897
-39.529705 113.312855
-172.521717 80.282974
-101.278315 53.150761
74.320640 152.072930
6.001273 113.274526
-64.190582 32.272422
-48.088941 134.353789
-60.291078 134.214751
114.348370 194.306076
89.399013 140.195470
-68.492591 92.336458
-131.016059 65.172251
-123.099064 68.479883
-118.610790 -18.694990
53.437453 -54.878993
-55.005860 -162.904819
68.894008 -195.712830
47.820487 -213.707860
60.422849 -243.639553
14.328870 -288.675936
-43.846341 131.207623
-64.615727 104.381465
-101.952871 56.249573
-73.107487 -9.536342
-89.372234 -30.675363
-51.684003 128.511843
-94.213987 14.277667
-98.044148 -3.686599
-76.855828 -12.672481
-73.250035 -255.535078
-18.487509 -282.684704
-14.856644 -285.773109
-88.982352 -12.878418
-22.096742 -283.067705
-56.544234 80.409115
-60.609308 80.465633
-98.192972 32.339698
-27.470254 89.427972
52.350364 143.195225
47.939684 140.279340
-156.337718 92.562048
-72.725394 -228.656234
-85.446645 -30.797214
-81.412523 68.320631
-77.358308 65.495314
-42.308146 46.934236
-47.803837 56.569497
-60.382119 32.165407
-64.515725 29.375002
-81.151551 14.282791
-39.470481 161.288326
-80.970002 83.278245
52.569114 158.120405
-14.704944 110.400135
77.662013 104.254554
-72.957281 83.503620
-130.893348 44.348347
-64.718545 -90.757228
-68.655496 26.463505
-72.938228 29.423743
-64.087132 29.276077
65.131426 176.203250
64.697483 179.329010
-93.931194 83.458341
-94.224477 83.535537
-64.161806 158.120915
-60.621482 92.445213
-60.257814 89.462145
-60.442461 91.564626
-30.643675 146.345059
-34.990880 149.197865
-97.474300 83.239075
-97.779818 83.269955
-93.659088 83.392089
-25.858316 86.094630
-38.572587 113.082178
-43.966557 35.431390
-46.540136 37.912483
64.642178 167.460015
-18.589390 146.256448
89.961853 119.167342
85.539197 110.251367
-156.383233 107.456285
-89.091189 62.323396
-155.885967 59.366557
-126.724118 59.210576
-72.936934 8.368709
-56.426229 2.283546
-102.024741 -9.615017
-47.608216 -105.740117
48.022398 -192.783416
31.287422 -276.698679
44.942880 113.065617
43.492636 113.484140
89.969953 170.344145
52.484960 167.204451
-52.209509 161.318536
-135.406409 113.443340
-18.474608 110.216532
-80.845567 80.193662
-51.792116 26.470275
-114.423169 5.277009
-81.051940 5.331109
-81.209517 -15.699367
-39.516033 -198.828694
94.273884 -201.999405
73.011452 -222.715664
-30.902428 -249.969061
-39.099469 -270.854283
-35.016817 146.466658
-35.088451 149.151962
-35.256973 149.213437
-35.073300 149.144041
-155.946627 59.175491
-156.112626 59.511110
-155.558426 59.113864
14.358881 137.434468
10.151142 134.403741
14.796450 137.215329
-77.729897 86.209281
-80.674647 86.239342
-77.236069 83.267184
-75.770282 86.184102
-151.575304 35.360981
103.052841 188.385869
-52.542311 26.334838
-52.289447 23.488249
-52.557268 26.172502
-56.287291 30.523525
-56.571341 28.722885
-118.555380 53.464457
-118.388962 56.145755
-122.272446 59.243743
-110.810755 39.456866
-110.029738 40.246959
-44.687224 98.589192
-43.894959 98.470563
-47.483746 98.400872
-98.510253 86.901612
-98.286143 82.689283
-96.213492 85.647184
-99.902275 82.444836
-115.297195 6.971635
-114.454032 6.052186
-118.965151 4.691078
-113.167029 2.154921
-114.642793 4.922777
-114.609563 4.537572
85.410179 196.597209
-43.860064 142.557402
-131.305724 106.655933
-106.329091 94.551908
-97.942690 37.596317
-106.271971 -7.398796
-43.845200 -247.496358
-35.450074 -262.507049
-68.208827 64.540082
-68.721079 62.433301
-72.535213 67.391086
-68.162841 68.986588
-69.751356 67.733698
35.470957 166.517619
-143.796250 103.501806
-156.243818 82.496535
-27.100300 70.493523
-64.554143 40.485993
-81.224993 28.482981
-68.777425 -7.526055
-102.119125 -10.526808
89.595650 -205.575753
-72.889568 -244.585542
-43.771150 -250.587048
-10.429450 -280.594578
