-9.716410308000338318e+02,-1.031511759642844709e+03
-1.790969251455377105e+02,6.795724329562654020e+02
-1.062312684686664397e+03,-6.454036223251169986e+02
-6.809323998330082759e+02,-6.113437586924650304e+02
-1.187899754685463449e+03,-3.753358523254700003e+02
4.871546410062637165e+02,1.189049982058294063e+03
2.833564197961428022e+01,1.639376531711822963e+03
-1.021191254686246793e+03,-3.753358523254700003e+02
-1.312375434685489154e+03,-2.252982023252274075e+02
-8.467810995370565479e+02,1.928541958738297524e+01
-1.507283744548218692e+03,1.129182424301330343e+02
-1.645792434685501803e+03,2.848298076748077392e+02
-1.347257136956602608e+03,4.821919929740142408e+01
-1.229021184685880826e+03,-3.153207923253729632e+02
-1.395729684686676819e+03,-2.252982023252274075e+02
-3.868525679211650754e+02,-1.021681802236029881e+02
-1.513538335857584570e+03,7.782043920154967509e+01
-1.229021184685880826e+03,-1.952906723251788890e+02
-3.877499675474326750e+02,-1.018340532701518839e+02
-1.354608254686259443e+03,2.248147476747107021e+02
-1.479083934686285147e+03,2.548222776747592206e+02
-1.263688264293846942e+03,1.979029243698032872e+02
5.214180653137905210e+02,1.215063237674732363e+03
-1.562438184685893475e+03,2.548222776747592206e+02
-1.220291460586772700e+03,5.296395896354314345e+02
-1.180238151986737648e+03,1.979423950381980148e+02
-1.312375434685489154e+03,4.348674576750503320e+02
-1.638538731587166239e+03,7.792423613503673607e+01
-1.062312684686664397e+03,1.347921576745651464e+02
-1.138001489230792458e+03,-3.711030709218580910e+02
-1.688025254686272092e+03,3.448448676749047763e+02
-1.596669379575472476e+03,3.185218351263226282e+02
-1.342527286049087479e+03,1.866436063735211519e+02
-3.543572546862215518e+02,6.449201676746002931e+02
-1.312375434685489154e+03,3.148373376748562578e+02
-6.206168468662637849e+01,7.349427576747458488e+02
-1.562438184685893475e+03,3.748523976749532949e+02
-3.046336093297525167e+02,7.686802531481718006e+02
-1.187899754685463449e+03,3.148373376748562578e+02
-1.521316754685476099e+03,2.848298076748077392e+02
-1.437962504685867771e+03,-7.526055232498481473e+01
-3.543572546862215518e+02,-1.524549232488777051e+01
-1.681116233490974082e+03,2.591639974226538925e+02
-1.263951558036935467e+03,3.189280246899361941e+02
-2.206210067897730482e+02,8.886090802337124614e+02
-1.312375434685489154e+03,7.049352276746973303e+02
-1.513271997107409788e+03,2.592824069640050197e+02
-1.347716009212395193e+03,4.387146481325310106e+02
-1.521316754685476099e+03,5.548975776744547375e+02
-1.305658553218424913e+03,5.889544022684981428e+02
-1.174815957900363173e+03,4.429190393102882695e+02
-1.220344023049425232e+03,4.684879424436206818e+02
-6.044200046866258162e+02,-7.526055232498481473e+01
-1.512563481651958909e+03,4.864814015157423910e+01
-1.007888463047737787e+03,2.921059670560164250e+02
-1.145666934686272498e+03,7.949578176748428859e+02
-1.096331461876291996e+03,7.390363943331467453e+02
-7.629254461953725013e+02,-2.820514900741650877e+02
-1.514197170521129465e+03,1.692933633084877556e+02
-7.711285046858424721e+02,-1.052680823250333333e+02
-8.040804607724743391e+02,2.582260301600097705e+02
-8.870211546531573958e+02,3.178856102843055851e+02
-1.304112593518474114e+03,7.993913860253218218e+02
-1.437962504685867771e+03,3.748523976749532949e+02
3.012936723625237789e+01,1.068381471759502574e+03
-1.303514424254954974e+03,9.493433911762163007e+02
-7.711285046858424721e+02,9.750029976751339973e+02
-9.309496585511798230e+02,8.597495994090543263e+02
6.241399531339939699e+01,8.849804076749884416e+02
-7.641632846313730170e+02,-1.013296091671536203e+02
-1.464518238063584704e+03,5.621042457719901222e+02
-8.880250356159149305e+02,-1.319971436049965519e+02
-7.288956846866516344e+02,-2.853132623253244446e+02
-1.013396532703265734e+03,-1.319083461746089654e+02
-1.521316754685476099e+03,6.449201676746002931e+02
-1.479083934686285147e+03,2.548222776747592206e+02
-9.378370046866384655e+02,3.148373376748562578e+02
-1.145666934686272498e+03,-3.753358523254700003e+02
-1.388751409740957342e+03,2.888700887018802632e+02
-1.521316754685476099e+03,3.748523976749532949e+02
9.927714538668792557e+02,1.732653964208306661e+03
8.959564953142206605e+02,1.635168657674621954e+03
-1.271254004686651115e+03,5.548975776744547375e+02
-1.271254004686651115e+03,4.048599276750018134e+02
-7.989179679457560042e+02,1.722178685030497149e+02
7.372537189493557435e+02,1.668333151787863699e+03
6.047723153133988490e+02,1.785206307674864547e+03
8.625829636510092087e+02,1.639876240087567567e+03
-1.387334110845564055e+03,2.598200207863158084e+02
-1.386918974480956194e+03,1.676821893274610602e+02
5.286801558574660476e+02,1.548151465736151977e+03
8.548350653138031703e+02,1.665176187674670473e+03
5.288552081183084965e+02,1.729211684179168060e+03
-7.288956846866516344e+02,-4.353509123255670374e+02
1.021543565314599164e+03,1.755198777674816029e+03
-1.174762558712098325e+03,-3.366881812135539462e+02
-7.288956846866516344e+02,6.749276976746488117e+02
-1.312375434685489154e+03,-1.352756123250818518e+02
-1.645792434685501803e+03,5.548975776744547375e+02
-1.012900148885689305e+03,4.904742133727717857e+01
-1.521316754685476099e+03,1.948072176746621835e+02
-1.007255338621412193e+03,-3.074326200287690654e+02
-1.136811944371281925e+03,-1.318363322512097398e+02
8.206698535846884397e+02,1.639116127668260106e+03
9.449508847172965034e+02,1.608216957486316460e+03
-8.122499346862599623e+02,-2.025750002324979732e+03
-1.562438184685893475e+03,1.647996876746136650e+02
-1.514035317994914294e+03,1.094483361023814041e+02
4.791852453145997401e+02,1.215063237674732363e+03
5.291403027014946474e+02,1.668499848627668598e+03
-1.512427645794305818e+03,1.692915381751698192e+02
-1.479083934686285147e+03,1.948072176746621835e+02
9.095434915567624330e+02,1.643297679328912182e+03
7.785781019391704376e+02,1.729578109036440082e+03
1.188252065313815820e+03,1.605161127674573436e+03
7.292479953134246671e+02,1.575153597674524917e+03
-1.507126764180855389e+03,5.222515338224626902e+01
-1.553544669120274875e+03,3.494840118338022421e+02
1.021543565314599164e+03,1.725191247674767510e+03
6.956385797927476915e+02,1.639376811798314748e+03
9.036798754245503460e+02,1.639619991469864090e+03
-8.544827546854508000e+02,-7.526055232498481473e+01
-5.961072484803537463e+02,-4.056077010413329020e+01
-7.711285046858424721e+02,2.848298076748077392e+02
-1.430006660482067673e+03,2.297462746498530635e+02
-1.096605447182983653e+03,1.977312816606836350e+02
-1.104545504685855121e+03,4.476956767441957652e+01
-1.271254004686651115e+03,-1.352756123250818518e+02
8.959564953142206605e+02,1.605161127674573436e+03
1.146019245314625095e+03,1.725191247674767510e+03
7.714808153141948424e+02,1.605161127674573436e+03
9.867624182091243483e+02,1.699238080725569944e+03
1.075867293097846414e+03,1.613487320231104604e+03
1.195544142873035753e+03,1.638892590002569477e+03
-1.347823273193361501e+03,4.392263580864018309e+02
-1.354608254686259443e+03,2.548222776747592206e+02
1.062664995313437203e+03,1.605161127674573436e+03
5.291408393401341073e+02,1.489681772133943241e+03
7.854096570745957706e+02,1.642260608719802349e+03
4.791852453145997401e+02,1.485131007674379362e+03
4.864790039613475301e+02,1.698972477613568799e+03
-1.021191254686246793e+03,7.477709767446809508e+01
-8.956041846858682902e+02,7.477709767446809508e+01
-1.013178672980402098e+03,-1.303741525300839612e+02
5.214180653137905210e+02,1.605161127674573436e+03
1.062664995313437203e+03,1.545146067674476399e+03
1.362473999428126035e+03,1.518531283756901985e+03
-1.187899754685463449e+03,3.748523976749532949e+02
-1.297493268484222199e+03,2.911960932994927589e+02
9.467343769344065549e+02,1.668452931773982300e+03
9.793107453138289884e+02,1.575153597674524917e+03
-9.789584346854766181e+02,-7.526055232498481473e+01
4.791852453145997401e+02,1.215063237674732363e+03
-1.437962504685867771e+03,6.149126376745517746e+02
-1.346348239256241868e+03,3.780008737520827253e+02
-1.395729684686676819e+03,1.047846276745166136e+02
4.863414346628724161e+02,1.218187628608404793e+03
-1.479083934686285147e+03,3.748523976749532949e+02
1.062664995313437203e+03,1.605161127674573436e+03
9.874307710831475333e+02,1.759472562352081468e+03
9.532274800761455253e+02,1.822097396745721426e+03
1.280152356003249679e+03,1.519017042986861043e+03
9.926360528962975422e+02,1.733411864712776151e+03
1.154745692493620027e+03,1.668503325456249058e+03
9.793107453138289884e+02,1.695183717674718991e+03
1.271606315313424147e+03,1.665176187674670473e+03
1.203557786768910773e+03,1.642034011829445035e+03
-1.096596274243965809e+03,8.284205793969995284e+02
9.865324778546284961e+02,1.638351070696841134e+03
8.548350653138031703e+02,1.695183717674718991e+03
1.271606315313424147e+03,1.755198777674816029e+03
8.207392868743111194e+02,1.668963911319797262e+03
8.959564953142206605e+02,1.755198777674816029e+03
-1.688025254686272092e+03,3.448448676749047763e+02
-1.428995538726093855e+03,5.171167071176390664e+02
-1.715346463635121381e+03,4.430287879453075561e+02
-6.044200046866258162e+02,4.476956767441957652e+01
-9.378370046866384655e+02,1.476203767437105796e+01
-1.220540768839378870e+03,1.995284560459429315e+02
-1.513529012277284892e+03,1.994167024580647762e+02
-1.187899754685463449e+03,3.148373376748562578e+02
-1.180562172236071092e+03,4.383033280819047945e+02
-8.956041846858682902e+02,7.649502876747943674e+02
-9.378370046866384655e+02,-2.252982023252274075e+02
1.238049453210289357e+03,1.758689170465894222e+03
6.881265653145866281e+02,1.695183717674718991e+03
-1.471740436125113547e+03,1.679217282741997792e+02
-1.271254004686651115e+03,7.477709767446809508e+01
-1.145666934686272498e+03,3.748523976749532949e+02
4.867404081197715868e+02,1.219592046038757871e+03
-1.145666934686272498e+03,4.476956767441957652e+01
5.283508609726700342e+02,1.219443211782704338e+03
8.959564953142206605e+02,1.635168657674621954e+03
8.685820107620263570e+02,1.612943957105621621e+03
-1.347145871281116342e+03,1.985945885596973710e+02
-8.043094682865975074e+02,2.279573888928537997e+02
1.146019245314625095e+03,1.635168657674621954e+03
1.062664995313437203e+03,1.755198777674816029e+03
1.159582920400967623e+03,1.612126282906542201e+03
1.071034387695039186e+03,1.638966792043495843e+03
1.112718551904659762e+03,1.549901856186781970e+03
8.636193432797099376e+02,1.850086116214070671e+03
7.788517049142457154e+02,1.789137290595380819e+03
8.630351064173876239e+02,1.760272310032520181e+03
1.076812493312874039e+03,1.642977522594916309e+03
-1.096697092185299653e+03,1.679302715151286804e+02
-1.062312684686664397e+03,1.948072176746621835e+02
-1.048230718620352945e+03,1.729297641684986218e+02
7.797908735948110461e+02,1.699351934251810462e+03
-1.271254004686651115e+03,3.748523976749532949e+02
1.202465867230037929e+03,2.212494232267094958e+03
1.312931129684086272e+03,2.115772592325125515e+03
1.278545884028920227e+03,2.059084458080345030e+03
1.325938787979437166e+03,1.882629717241813978e+03
1.062664995313437203e+03,1.905236427675058621e+03
1.146222629683290279e+03,2.055757532325028478e+03
-1.688025254686272092e+03,3.448448676749047763e+02
-1.271254004686651115e+03,2.248147476747107021e+02
-1.180602661840800693e+03,1.085511420284960877e+02
-1.271254004686651115e+03,1.347921576745651464e+02
1.062868379683681951e+03,2.055757532325028478e+03
9.793107453138289884e+02,1.905236427675058621e+03
9.452573158722992730e+02,2.060314126447417948e+03
1.146019245314625095e+03,1.905236427675058621e+03
7.710760223814723702e+01,1.642434663001895160e+03
2.129256531456131540e+01,1.515138537674427880e+03
-1.521316754685476099e+03,7.477709767446809508e+01
9.378370046834797904e+02,2.145780122324384138e+03
9.793107453138289884e+02,1.935243957675107140e+03
7.791848087949653063e+02,1.908211290782874585e+03
-1.304507469412476212e+03,1.693521552137847266e+02
-1.096492731764419887e+03,-1.184397481816397146e+01
-1.229021184685880826e+03,-2.553057323252759261e+02
-8.374301826350521196e+02,1.604223861242932685e+02
-1.437962504685867771e+03,3.748523976749532949e+02
8.548350653138031703e+02,1.575153597674524917e+03
-1.137960399126764969e+03,6.794935380951068282e+02
1.236894159166881764e+03,1.908510521585480546e+03
1.021543565314599164e+03,1.785206307674864547e+03
-1.437962504685867771e+03,3.748523976749532949e+02
-7.639045869335755015e+02,-1.002918589957636755e+02
-1.471215990036818539e+03,2.886118826880344841e+02
1.362338684690122818e+03,2.090347414996345833e+03
1.070032994442435211e+03,1.998876777179627652e+03
-5.131035409519199675e+02,1.977737561151314480e+02
-4.242236139290242818e+02,5.331430414446800370e+01
-4.307217700781224039e+02,1.394869941095995216e+02
1.320031616575537328e+03,2.028451507155830313e+03
1.479639629683302928e+03,2.085765062325076997e+03
1.612150367804405732e+03,2.029855742058794931e+03
-1.263156299869435543e+03,3.190163591510831225e+02
1.438314815314220141e+03,2.025266547674463027e+03
1.279886905510704082e+03,2.088666562177090782e+03
6.547240714782575424e+02,1.578599744339856443e+03
7.714808153141948424e+02,1.635168657674621954e+03
7.788572899832006442e+02,1.638689422532553635e+03
1.570306679616685869e+03,2.058931117599930985e+03
1.354960565314611813e+03,1.995259017674414508e+03
1.271606315313424147e+03,2.025266547674463027e+03
1.312727745313841524e+03,2.025266547674463027e+03
1.363105797413585151e+03,2.178922619069724533e+03
1.570766033281772479e+03,2.210744428024741410e+03
1.271254004683492440e+03,2.085765062325076997e+03
-3.954786846866389851e+02,4.476956767441957652e+01
-6.800933476910379341e+02,2.592280972038383879e+02
1.479639629683302928e+03,2.055757532325028478e+03
1.521669065313828469e+03,1.995259017674414508e+03
1.320455631269480818e+03,2.150395209842898566e+03
1.280775996280010077e+03,1.983795521186055794e+03
1.612711687880816271e+03,1.968893162298811149e+03
1.154703764891663241e+03,1.879617186332819301e+03
-1.430252978380459581e+03,2.598171376349004049e+02
-1.479083934686285147e+03,2.248147476747107021e+02
-1.470436325410471682e+03,2.281101202789830609e+02
-1.513794712793610415e+03,4.089027998103002233e+02
1.062664995313437203e+03,1.635168657674621954e+03
1.271254004683492440e+03,2.085765062325076997e+03
1.479436245314637745e+03,1.935243957675107140e+03
1.153611806815914179e+03,1.880172645197495740e+03
1.362197312869603593e+03,1.939518550337214037e+03
1.198369913877558929e+03,2.105580000808803106e+03
1.188252065313815820e+03,1.995259017674414508e+03
1.396081995313449852e+03,1.995259017674414508e+03
1.487076360013733620e+03,2.120221303370838996e+03
-1.521316754685476099e+03,-1.524549232488777051e+01
1.028291615991703338e+03,1.610208531028720472e+03
1.396285379683694600e+03,2.085765062325076997e+03
1.362286134115465075e+03,1.969922645296241626e+03
1.229576879684477944e+03,2.085765062325076997e+03
1.271254004683492440e+03,2.085765062325076997e+03
1.446548178800005644e+03,2.029694746941754829e+03
1.146019245314625095e+03,1.965251487675155659e+03
1.237568710599559836e+03,2.088699837329506408e+03
1.646144745313854173e+03,2.025266547674463027e+03
1.354960565314611813e+03,1.965251487675155659e+03
1.076180129727681106e+03,1.912170372154550705e+03
6.598497641718363411e+02,1.912382948743306997e+03
1.613578898793634380e+03,2.150196640768291672e+03
1.479639629683302928e+03,2.085765062325076997e+03
1.396285379683694600e+03,2.145780122324384138e+03
1.479436245314637745e+03,1.995259017674414508e+03
1.237937909341198520e+03,2.059152932907310515e+03
1.229373495314233423e+03,1.935243957675107140e+03
1.146019245314625095e+03,1.935243957675107140e+03
1.445844379312182809e+03,2.000296372553822266e+03
9.035874969170139366e+02,1.580048933881676248e+03
1.479436245314637745e+03,1.995259017674414508e+03
7.785978427478943331e+02,1.788469827724201650e+03
1.113523993298036658e+03,1.909252498219062772e+03
-8.544827546854508000e+02,7.477709767446809508e+01
-8.473240166503142063e+02,-4.041373490109284461e+01
1.492757141413445197e+03,2.003137435357335107e+03
1.070105121300204246e+03,1.879137680481011557e+03
1.195851508073478499e+03,1.998966495813514712e+03
1.530575659306620764e+03,1.968907078682723977e+03
1.146019245314625095e+03,1.875228897675010103e+03
1.354960565314611813e+03,1.995259017674414508e+03
9.094821610655275208e+02,2.003259903816519454e+03
7.714808153141948424e+02,1.905236427675058621e+03
1.237945402601495516e+03,1.998557607840954915e+03
1.195134000868662724e+03,1.909263471908927386e+03
1.070380237703704097e+03,1.939958810207200258e+03
1.521316754683896761e+03,2.085765062325076997e+03
1.521669065313828469e+03,2.025266547674463027e+03
1.479436245314637745e+03,1.995259017674414508e+03
1.312727745313841524e+03,1.965251487675155659e+03
1.445118717099408741e+03,2.059117376622930351e+03
-1.013204077381704792e+03,-1.614574746839259660e+02
1.615640216812518020e+03,2.044824023913956125e+03
-1.256832478260284915e+03,2.324181051603237051e+02
1.486913904214829017e+03,2.060650434671782932e+03
-8.544827546854508000e+02,4.476956767441957652e+01
1.688377565314624462e+03,2.025266547674463027e+03
-1.263766609098741583e+03,1.079026090909336233e+02
1.438314815314220141e+03,1.995259017674414508e+03
1.479436245314637745e+03,1.995259017674414508e+03
1.570313242467276268e+03,2.000014850677859840e+03
-1.562438184685893475e+03,5.548975776744547375e+02
1.118887568684210692e+03,1.552901521934677930e+03
9.876363090472477779e+02,1.639693618490843392e+03
-1.229021184685880826e+03,2.248147476747107021e+02
-1.137336863837722831e+03,6.189674415825311371e+02
1.437962504684288433e+03,2.085765062325076997e+03
1.362021563037598526e+03,1.968739382767289953e+03
4.862407306911919704e+02,1.219900655841324124e+03
1.653558811484971784e+03,2.090298281549697549e+03
1.312727745313841524e+03,1.965251487675155659e+03
1.319584091123962708e+03,1.970320202296290290e+03
1.405058371563074843e+03,2.059646529439479764e+03
1.438314815314220141e+03,1.995259017674414508e+03
1.486493183998968334e+03,1.939934770805752123e+03
-5.511800257605239040e+02,2.136750117350434266e+02
8.548350653138031703e+02,1.575153597674524917e+03
1.479436245314637745e+03,2.025266547674463027e+03
9.793107453138289884e+02,1.635168657674621954e+03
-1.013892961144649917e+03,1.387189347230293208e+02
7.785681300406791934e+02,1.638783266384285071e+03
9.469344328398861990e+02,1.652879499250010667e+03
1.369747418199349795e+03,1.960958113565649683e+03
-9.714302091190349984e+02,1.989623321551989932e+02
1.146019245314625095e+03,1.815213837674913066e+03
1.195725787381472401e+03,1.879474473969937435e+03
1.396081995313449852e+03,1.995259017674414508e+03
1.280092844092484484e+03,1.969060111060021200e+03
1.312727745313841524e+03,1.965251487675155659e+03
-1.354608254686259443e+03,-1.952906723251788890e+02
-1.312375434685489154e+03,-2.252982023252274075e+02
1.188252065313815820e+03,1.725191247674767510e+03
1.236286669774008715e+03,1.698826048097300372e+03
1.021543565314599164e+03,1.635168657674621954e+03
1.069538497709364492e+03,1.728103278322906590e+03
1.034939579235030578e+03,1.763815345129446996e+03
1.438314815314220141e+03,1.905236427675058621e+03
1.479639629683302928e+03,2.085765062325076997e+03
-1.437962504685867771e+03,4.648749876750988506e+02
-1.395729684686676819e+03,3.148373376748562578e+02
5.214180653137905210e+02,1.185055707674683845e+03
4.921576969498028689e+02,1.193748966776440739e+03
5.294836293889380840e+02,1.159147792758471041e+03
-1.688025254686272092e+03,4.348674576750503320e+02
1.396285379683694600e+03,2.055757532325028478e+03
1.271606315313424147e+03,1.725191247674767510e+03
-8.818711217399045381e+02,8.626414600274246141e+02
-8.544827546854508000e+02,7.349427576747458488e+02
8.627365246334286439e+02,1.608045183827627170e+03
1.570965066923952918e+03,1.969810698143476657e+03
1.562993879684490594e+03,2.085765062325076997e+03
1.030265935146763240e+03,1.790184445280038744e+03
-8.122499346862599623e+02,1.647996876746136650e+02
-8.473806028208879297e+02,1.681218293373175925e+02
