-8.512992255334198717e+02,-6.658210636254569863e+02
-3.121244346854513196e+02,1.476203767437105796e+01
-3.543572546862215518e+02,4.476956767441957652e+01
-9.378370046866384655e+02,-4.353509123255670374e+02
5.314066006326023626e+02,1.159310867938163483e+03
5.314020494227560221e+02,1.159559619739595519e+03
-6.044200046866258162e+02,-3.453283223254214818e+02
5.316080392791139957e+02,1.158186019779470371e+03
-1.217422628907680064e+03,-2.500371146139603127e+02
-4.788329346862473130e+02,7.477709767446809508e+01
-5.621871846858556410e+02,1.948072176746621835e+02
-6.324671686211124779e+02,-4.292132048312840880e+02
-3.065786458049157090e+02,4.070646025986608265e+02
-6.044200046866258162e+02,-3.753358523254700003e+02
5.312635954471069226e+02,1.157736009263203641e+03
-7.613962903187672282e+02,-4.899789556248363169e+02
-1.088862587090670331e+03,-3.399284720510988222e+02
-4.788329346862473130e+02,4.476956767441957652e+01
-6.362458105190536344e+02,-4.005740422969202541e+02
-1.479083934686285147e+03,1.347921576745651464e+02
-5.957376104909750438e+02,2.952503150250359454e+02
-1.271254004686651115e+03,-1.052680823250333333e+02
-1.145666934686272498e+03,5.548975776744547375e+02
-1.093882870775830725e+03,3.785039537278341299e+02
5.328516218118598999e+02,1.160621109854054339e+03
-1.454159346862346922e+02,1.275078297674829400e+03
-1.437962504685867771e+03,4.048599276750018134e+02
-6.206168468662637849e+01,1.305085827674877919e+03
-1.134412528105126512e+03,4.394722356583370129e+02
2.129256531456131540e+01,7.649502876747943674e+02
-3.004252451532336181e+02,6.794798494822966859e+02
-3.121244346854513196e+02,4.948825176751473691e+02
-1.137037087993385285e+03,6.328992269253815266e+02
-7.243746045717934976e+02,5.258954017124247002e+02
-6.772590868831246098e+02,5.896801537509988975e+02
-5.511620822137958839e+02,-4.596828064107109526e+02
-8.449991203898517824e+02,6.792748878032269886e+02
-2.710030046866132238e+02,4.476956767441957652e+01
-1.729826715369850092e+02,5.014909284934647644e+02
1.143353654718089416e+02,6.855421605625575694e+02
-1.056084853908656441e+03,5.574331792708748026e+02
-1.134957649673019887e+03,5.602982718771529562e+02
-1.395729684686676819e+03,1.347921576745651464e+02
-1.434236920959581312e+03,3.276128040292124410e+02
-1.261454294616719380e+03,4.093378072982907838e+02
2.129256531456131540e+01,8.849804076749884416e+02
-8.858710287476067151e+02,5.575933495779364648e+02
-9.268072501644664953e+02,6.191040627822416127e+02
-1.395946149981095346e+02,4.658862505052590564e+02
1.136531313321810188e+02,1.068625784819540741e+03
-1.051961423433181380e+03,6.213032298441562489e+02
-1.307520895833192753e+03,4.369372909395593751e+02
-1.354608254686259443e+03,4.048599276750018134e+02
5.264585305116033851e+02,1.155737752225305258e+03
-1.145666934686272498e+03,6.149126376745517746e+02
-1.271254004686651115e+03,4.948825176751473691e+02
-1.261874163699861583e+03,3.793618940769865731e+02
-1.217993891574024019e+03,3.798792146755052386e+02
-1.259844284142172000e+03,4.090088989202026255e+02
5.214180653137905210e+02,1.155048177674635326e+03
-9.258299857836188949e+02,5.897210366514020734e+02
-9.789584346854766181e+02,1.948072176746621835e+02
-1.098301463740345525e+03,4.960064256872552164e+02
-1.135031097404340244e+03,5.595628582126147421e+02
5.214180653137905210e+02,1.155048177674635326e+03
-1.006160407413010148e+03,5.917544570712727818e+02
4.791852453145997401e+02,1.215063237674732363e+03
-1.056824962978872463e+03,5.859048958140834884e+02
5.314423946168586781e+02,1.160636476459596679e+03
5.214180653137905210e+02,1.155048177674635326e+03
-8.480702866109674005e+02,9.461306402680894507e+02
-4.377115046858298797e+02,-3.153207923253729632e+02
-4.377115046858298797e+02,-1.524549232488777051e+01
-1.379528970582291549e+03,3.494734084059307406e+02
-1.268515414301023156e+03,5.958793262389021947e+02
-8.791818851465714033e+02,1.039896210395783555e+03
4.482643864214441010e+02,1.310374919068385907e+03
-6.877742546862341442e+02,8.549728776749399231e+02
5.214180653137905210e+02,1.155048177674635326e+03
-8.839513321086843689e+02,8.282982554976936171e+02
-5.985009040362635915e+02,9.158586377356009507e+02
-8.868323928937812184e+00,3.501834036537465522e+02
7.293289399155052877e+01,9.801801078123207844e+02
6.241399531339939699e+01,1.065025587674489771e+03
5.241410834862156207e+02,1.198685262620550475e+03
-1.187899754685463449e+03,4.348674576750503320e+02
-7.133436161320047404e+02,1.100972782417132066e+03
-1.062312684686664397e+03,1.155048177674635326e+03
-8.437576257834923581e+02,1.099436021306912835e+03
-6.044200046866258162e+02,1.005010527674392733e+03
-9.262112099859813270e+02,9.490646697884897094e+02
-7.711285046858424721e+02,1.095033117674538289e+03
-1.345440052348035124e+03,5.077860823393884857e+02
-1.295882843814063108e+03,5.895572870566294341e+02
-8.956041846858682902e+02,1.155048177674635326e+03
-5.192090762507783666e+02,1.251754287429129363e+03
-8.544827546854508000e+02,1.065025587674489771e+03
-1.312375434685489154e+03,5.849051076745032560e+02
-1.010942238113502867e+03,1.009545367069847885e+03
-8.005708218100650129e+02,1.070894967090547425e+03
5.362831888088803680e+02,1.192009459876499932e+03
-5.961063687450603084e+02,9.271496652897367312e+02
-4.313066227218251925e+02,9.167477709507495547e+02
-5.936907659389305536e+02,1.040223227830940232e+03
-1.145666934686272498e+03,6.449201676746002931e+02
1.134410736930061887e+02,1.129056906109554347e+03
-1.134247581705802304e+03,5.898925119612265462e+02
2.559309881129092901e+01,1.006518327576495835e+03
-5.515572611561084386e+02,1.100303086450837100e+03
-9.759540642490958362e+02,1.017675079040417700e+03
4.791852453145997401e+02,1.215063237674732363e+03
-7.711285046858424721e+02,1.095033117674538289e+03
5.328555177052810450e+02,1.131027932724430912e+03
-7.550089162894837500e+02,1.010523573089005367e+03
4.911565594493907270e+02,1.249448058136273175e+03
-8.434558336029132306e+02,1.219438324190939056e+03
7.345963324984548137e+01,1.039506073049808265e+03
-8.956041846858682902e+02,1.005010527674392733e+03
-3.848382142724101413e+02,1.128573117803128753e+03
4.791852453145997401e+02,1.305085827674877919e+03
-9.789584346854766181e+02,1.185055707674683845e+03
-8.544827546854508000e+02,1.005010527674392733e+03
-5.586994338969503815e+02,1.013346985095752302e+03
-6.333730664356994566e+02,9.184296329615640389e+02
-6.353142243005988803e+02,1.069461480731242546e+03
4.941648456556922042e+02,1.191933729220618943e+03
-1.426017740906416975e+03,4.404675201582123236e+02
-6.727566263118238794e+02,1.280544552926526876e+03
5.276997344567309938e+02,1.157289822978351594e+03
6.844492034182864870e+01,1.097866139207577135e+03
-8.061563489636455415e+02,1.066011375126001894e+03
5.357141740964611927e+02,1.160427825883831247e+03
-6.768693116590169438e+02,1.158488200335164038e+03
-1.454159346862346922e+02,7.349427576747458488e+02
-1.876487546854255584e+02,1.647996876746136650e+02
4.431523500770970259e+02,1.277761988147512511e+03
-1.062312684686664397e+03,1.305085827674877919e+03
1.992891314021423739e+02,1.280204673492980419e+03
-7.636593464362243822e+02,1.228305569957574789e+03
4.479389260111327076e+02,1.310609770021478198e+03
4.019728463005473031e+02,1.307165094897829476e+03
-8.544827546854508000e+02,1.215063237674732363e+03
-7.662103530605583046e+02,1.307364519963328348e+03
-8.956041846858682902e+02,1.185055707674683845e+03
-1.062312684686664397e+03,1.155048177674635326e+03
-7.609656609263406608e+02,9.480939434714401841e+02
-6.767862276743435359e+02,8.911237719491937241e+02
4.950036554022891551e+02,1.281290921949063886e+03
-7.228908373145503674e+02,-5.231907690154655484e+02
-6.772867486956804441e+02,-4.920705246005423987e+02
5.259585935703279347e+02,1.187288275587934777e+03
-8.837463446059589387e+02,1.070037915044036254e+03
5.214180653137905210e+02,1.275078297674829400e+03
-7.137086435110484217e+02,1.192076762643063148e+03
-7.146541626187284919e+02,-4.295437316436779156e+02
-6.736765950139797496e+02,-4.886504581280234447e+02
-1.011784627686379508e+03,5.674269313700840485e+02
-1.049978423439222070e+03,4.695668164972419731e+02
-6.455414346854639689e+02,-3.153207923253729632e+02
4.899018110019977712e+02,1.279284841899976755e+03
5.321992866483869875e+02,1.159492575677085597e+03
-5.103434637875229214e+02,1.189132009750342831e+03
-5.578145625018173632e+02,1.126098101992548663e+03
5.258842021024910309e+02,1.187238622817391843e+03
-1.454159346862346922e+02,7.049352276746973303e+02
-1.042945046858172304e+02,7.649502876747943674e+02
-1.011874480453866681e+03,-3.706952628576049165e+02
-7.552991184570905716e+02,-5.194580251383250697e+02
4.891785894101573717e+02,1.251581720763650537e+03
-1.305702458453911731e+03,3.858098884260472232e+02
-1.183260246764512203e+03,3.456241380105685721e+02
-6.455414346854639689e+02,1.245070767674780882e+03
-6.342745839262172467e+02,1.218207803536621213e+03
5.214180653137905210e+02,1.155048177674635326e+03
-5.950465420882979970e+02,1.225027477054952442e+03
-1.217721069976761783e+03,4.692137948500944162e+02
5.346972595656653766e+02,1.312019520342731767e+03
-1.187899754685463449e+03,3.748523976749532949e+02
-1.307620363646115948e+03,2.868352081631940109e+02
-3.075686340878880287e+02,1.528152243099041243e+03
-8.075780731986021692e+02,1.486887237391255894e+03
-1.259955146436062932e+03,3.497947260925479327e+02
-1.261706985833762474e+03,4.976003936352412325e+02
-1.098672335230384761e+03,4.966253564386792618e+02
-1.010644648842058587e+03,1.009363777379328440e+03
-1.011262747103767879e+03,1.068247454655261208e+03
-1.177453770844703513e+03,9.198842948535544792e+02
-1.229021184685880826e+03,1.005010527674392733e+03
-1.139901284117412160e+03,3.877376227376155384e+02
-1.178029318527419719e+03,3.812804061491846710e+02
-1.138265036707624631e+03,3.851885185809501309e+02
-5.482104781633192943e+02,1.612605531534176180e+03
7.880718544138737798e+02,1.580204963823847947e+03
-3.806080128968824852e+02,1.732136881300977620e+03
-6.877742546862341442e+02,1.545146067674476399e+03
7.827931847168566719e+02,1.638030913575107434e+03
-7.176397588238980916e+02,1.578805323006163462e+03
-6.778090538551696227e+02,1.640139013626257110e+03
-3.429414942018187276e+02,1.517703160159793015e+03
-8.544827546854508000e+02,1.305085827674877919e+03
-8.001009159822081074e+02,1.310362453988768038e+03
-9.378370046866384655e+02,1.275078297674829400e+03
-5.097599722426054996e+02,1.611650653626807980e+03
-4.377115046858298797e+02,1.635168657674621954e+03
-6.044200046866258162e+02,1.725191247674767510e+03
-2.595728699457168887e+02,1.579048111685565118e+03
4.938218565797153019e+02,1.520359338524629493e+03
8.548350653138031703e+02,1.605161127674573436e+03
5.264803609003248539e+02,1.157657118771400519e+03
-6.003109824748584060e+02,1.616476318846829599e+03
-5.896492203621626231e+02,1.671870873961993311e+03
-4.788329346862473130e+02,1.605161127674573436e+03
-3.042759677973598400e+02,1.616703695771737102e+03
-9.284667690084061178e+02,4.991362444096760669e+02
-1.023256049104119484e+03,5.695411898367822232e+02
-5.621871846858556410e+02,1.515138537674427880e+03
-5.210657546854381508e+02,1.455123477675120512e+03
-2.970361638242601430e+02,1.611427281177709119e+03
-7.611205890644683905e+02,1.100870583576323725e+03
-1.307502707934239197e+03,4.364260686493280446e+02
-2.603937462046581004e+02,1.090224993928165986e+02
-1.062312684686664397e+03,9.750029976751339973e+02
-1.218420501295425083e+03,3.483935272510599361e+02
-1.021191254686246793e+03,4.048599276750018134e+02
-1.229021184685880826e+03,4.648749876750988506e+02
-7.194825956322370075e+02,1.040000022306532856e+03
-8.544827546854508000e+02,9.750029976751339973e+02
-7.664007416715468253e+02,1.007844474503105175e+03
-9.680302343406071941e+02,1.069803320865784144e+03
-1.016492662882353329e+03,1.101764122246639090e+03
-8.893130672389752363e+02,1.037473045696601048e+03
3.162252009131677255e+01,6.800531560537529003e+02
-9.674557969226746081e+02,1.008682986845306573e+03
-7.656176083441097262e+02,1.007395437195379031e+03
-6.757850725670011798e+02,1.039541699483938373e+03
-7.288956846866516344e+02,9.449954676750854787e+02
-4.329396694244899777e+02,1.527485558849656627e+03
-2.599300271832880185e+02,1.519178878053028257e+03
-1.021191254686246793e+03,1.005010527674392733e+03
-9.221143745038684756e+02,1.039921248026313151e+03
-9.674354448227480816e+02,1.070879771825643502e+03
-9.745492301837786044e+02,1.017883745672162036e+03
-8.956041846858682902e+02,1.005010527674392733e+03
-8.839648035993626536e+02,1.039509168810276606e+03
1.509305492821819712e+02,1.276330153839620607e+03
7.184134348117484592e+01,1.070498461722372440e+03
7.266670841440411266e+01,1.070277252867764446e+03
-8.910259814759291430e+02,1.126645950582229261e+03
-8.844729497323925216e+02,9.792437620858850096e+02
-1.016380852287537209e+03,5.558579959377350406e+02
-1.378151554108393100e+02,5.365550922255766864e+02
-1.219734663010235408e+03,1.009311552751624731e+03
-1.261488840115156108e+03,1.008610541263089090e+03
-1.009647724649420297e+03,9.791401859726483963e+02
-9.789584346854766181e+02,1.005010527674392733e+03
-1.006545884314467457e+03,1.072303839961080939e+03
1.229576879684477944e+03,2.535878012325014879e+03
1.489531994129528130e+03,2.511095460117713174e+03
1.490071488068908820e+03,2.450278614744557217e+03
1.275667416413929914e+03,2.536814133296963973e+03
1.479639629683302928e+03,2.535878012325014879e+03
1.354608254684680105e+03,2.475862952324917842e+03
1.530498714055260052e+03,2.541787844633899567e+03
1.229576879684477944e+03,2.505870482324966360e+03
1.401164651498555486e+03,2.476556307746698621e+03
1.242048527549806977e+03,2.420382403620626519e+03
1.568258455643466505e+03,2.386783955367264753e+03
-3.834202132698744663e+02,1.519255836354017674e+03
-3.439636664576535736e+02,1.490517176317541953e+03
-3.078401522984960366e+02,1.546145722572806335e+03
-3.435910161875254971e+02,1.549061764700515596e+03
1.324755933086931464e+03,2.572072849408999900e+03
1.400909408309537866e+03,2.507258697313355697e+03
1.187899754683884112e+03,2.475862952324917842e+03
1.234464134255356612e+03,2.478130225832846463e+03
1.573552419807046363e+03,2.449414341586275441e+03
1.234903769741078577e+03,2.538530486092537558e+03
1.400615137481691136e+03,2.518801920071501627e+03
1.271254004683492440e+03,2.415847892324820805e+03
1.359945796940412265e+03,2.417212133923535930e+03
1.323759506176357945e+03,2.481914164215395886e+03
1.479639629683302928e+03,2.445855422324869323e+03
1.110042436310693120e+03,2.387549512849001530e+03
1.364754745082175987e+03,2.390407636514456499e+03
1.324310373079230658e+03,2.479232137720025094e+03
1.365417666087121916e+03,2.420303849192497182e+03
1.278410128721235878e+03,2.398364474567716570e+03
1.318854177638273995e+03,2.387360563767239000e+03
1.276290510209353670e+03,2.537816323411624580e+03
1.439602467821282062e+03,2.518371799651712081e+03
1.453711863024281456e+03,2.481294792866651278e+03
1.490120192890728049e+03,2.449312483906590842e+03
1.396285379683694600e+03,2.415847892324820805e+03
1.446636435237402566e+03,2.396222893935750108e+03
-1.354608254686259443e+03,3.748523976749532949e+02
-3.494790177475899213e+02,1.547258341134308012e+03
-2.982366034567455131e+02,1.552789539510405348e+03
-7.228932715216211591e+02,1.066342166751491504e+03
-6.783387090220146547e+02,1.101144115579581467e+03
-7.288956846866516344e+02,1.095033117674538289e+03
1.437962504684288433e+03,2.505870482324966360e+03
1.282103170609221934e+03,2.479586633372688539e+03
1.479639629683302928e+03,2.505870482324966360e+03
1.530800648389531943e+03,2.450456676822315785e+03
1.317657344572554166e+03,2.460457311337584088e+03
1.437962504684288433e+03,2.475862952324917842e+03
1.533750501267485106e+03,2.450548746124327863e+03
1.284628168043358755e+03,2.364118492797515955e+03
-2.997337771421003936e+02,7.886250262862958493e+01
-3.493327093911030943e+02,1.649556133887490006e+01
-3.121244346854513196e+02,7.477709767446809508e+01
1.406932489208886182e+03,2.511181144753227727e+03
1.521316754683896761e+03,2.535878012325014879e+03
1.411051464011222151e+03,2.482420762340261717e+03
1.062868379683681951e+03,2.355832832324723768e+03
1.442055880001860942e+03,2.547375008242513559e+03
1.453188335288704593e+03,2.482142428823827686e+03
1.364462518900960504e+03,2.419518013628485733e+03
1.146222629683290279e+03,2.385840362324772286e+03
-1.145666934686272498e+03,-3.153207923253729632e+02
-1.170567360758918085e+03,-3.405960400252910176e+02
-1.145666934686272498e+03,4.948825176751473691e+02
-1.145666934686272498e+03,4.648749876750988506e+02
-1.097684024525557334e+03,4.749227017328472016e+02
1.359323441301483854e+03,2.513840456702318988e+03
1.359454558305980981e+03,2.356493013313531719e+03
1.454411569941627704e+03,2.361418407824711267e+03
9.842755460539018486e+02,2.328565454470920031e+03
1.360066783904660042e+03,2.507501535812725706e+03
1.317631527820356041e+03,2.447027861528846643e+03
1.521316754683896761e+03,2.415847892324820805e+03
1.146222629683290279e+03,2.385840362324772286e+03
1.408090383663858574e+03,2.450215346680770381e+03
1.615188885035751809e+03,2.450455832409070354e+03
1.451991955151315778e+03,2.422609580529683171e+03
1.368321964461832977e+03,2.423635713880491039e+03
1.196884147360332918e+03,2.390500268344308097e+03
1.277708930283047494e+03,2.387202581237348113e+03
1.396285379683694600e+03,2.385840362324772286e+03
-5.933476834426157893e+02,9.197019070114146189e+02
-6.392582331820686932e+02,9.168964740653385661e+02
-1.098755545724990043e+03,4.070018561149132665e+02
-1.100137949658811067e+03,4.358190313950959194e+02
-1.104545504685855121e+03,4.048599276750018134e+02
-1.071906383834465032e+03,5.282722870234015318e+02
1.407516378814467089e+03,2.451103312305162490e+03
-1.030428136836031626e+03,4.099529074052271085e+02
-4.300273999274755852e+02,6.537992927587526992e+02
5.214180653137905210e+02,1.155048177674635326e+03
