-1.059260307080175153e+03,-1.069127075101685932e+03
-5.039779553229163298e+02,-2.852019601440446195e+02
4.503426794558497477e+02,1.185851887221784182e+03
-7.069324093236854196e+02,-3.468167093636706682e+02
5.625394953142080112e+02,1.095033117674538289e+03
-9.701586540085711476e+02,-8.321787518202172578e+02
-1.206825237473037078e+03,-4.072405663837714087e+02
-6.750705828311988626e+02,-2.592002079976517734e+02
-1.516151450097695715e+03,4.564078908601266704e+01
-1.437962504685867771e+03,-1.652831423251303704e+02
-1.343633520533989667e+03,2.257850851538871950e+02
-1.271254004686651115e+03,7.477709767446809508e+01
-1.599177075324566658e+03,1.963846822898072446e+02
-1.813785159038117740e+02,3.761642800045939339e+02
-4.742543818031152227e+02,1.663729458372845045e+02
-1.289599726062040190e+03,2.533059778422803561e+02
-1.090179378092853312e+03,1.905261467156621791e+02
-5.094350554596909433e+02,-3.732993476343322072e+02
-9.873640844414801165e+01,3.159290394345750883e+02
-1.516385603567281123e+03,4.131555197397132417e+01
-1.668523317691242255e+03,2.254249426295430681e+02
-1.378901369529592557e+03,4.080652791403832680e+01
-1.349689053179054667e+02,4.970974653976511490e+02
-1.213476551766265857e+03,1.890518352762728398e+02
-1.472839872780821224e+03,7.612480473810745707e+01
-1.339740907452301826e+03,2.225402861825110392e+02
-1.509911010732848354e+03,4.619698138562701928e+01
5.677202674338728912e+02,1.095967751571600729e+03
5.625394953142080112e+02,1.095033117674538289e+03
5.625394953142080112e+02,1.095033117674538289e+03
-1.122002347574848955e+03,5.233090098355802411e+02
-7.260704918016091369e+02,-6.510175558031743321e+02
-1.415325446454525490e+03,1.630424536425142605e+02
-9.629676568505042269e+02,6.764869731573443232e+02
1.090473898282719318e+02,1.095378564442969264e+03
-8.544827546854508000e+02,3.448448676749047763e+02
-8.386511967868369766e+02,3.757219745498244379e+02
-1.454159346862346922e+02,6.149126376745517746e+02
-2.997050038660113955e+02,7.351807848632545301e+02
-1.266503538172261187e+03,8.249825725752076551e+02
-1.174085238436435475e+03,7.005823339225702284e+02
-8.067756188822255581e+02,7.952460345307626994e+02
-1.229021184685880826e+03,5.548975776744547375e+02
-9.746354065379910026e+02,7.649322989491064391e+02
-1.587103204859421794e+03,1.945217916419613857e+02
-1.000254960317956034e+03,7.950212985806410870e+02
-1.056837231054503263e+03,6.149996364104456461e+02
-1.504673525510983382e+03,1.940634354281112337e+02
-1.267020560860982641e+03,6.761102029326565344e+02
-1.134641224685093903e+03,6.460736250773259144e+02
4.132218683497990241e+02,1.184920464113817843e+03
-5.945568263775249989e+02,5.177733505033172605e+02
-1.437962504685867771e+03,1.647996876746136650e+02
-1.768482295566015807e+02,7.377825842326354859e+02
-1.460780810036219691e+03,1.056546841945140756e+02
-2.652669996981513805e+02,6.756397510175181651e+02
-7.927239936315722844e+02,7.043787499447582832e+02
-1.183133017530683674e+03,6.447244228389483851e+02
5.686855629368712925e+02,1.095500967161243352e+03
-9.321944347668323871e+02,5.174206305319988815e+02
-9.161352530080091583e+02,8.847260803606413901e+02
-1.127390661151335962e+03,6.745067568406983582e+02
-5.882793908152824542e+02,7.957707172773326647e+02
-1.087953336798421788e+03,5.553181775873473498e+02
-6.877742546862341442e+02,6.149126376745517746e+02
-8.544827546854508000e+02,7.649502876747943674e+02
2.005371494061754447e+02,1.185974182534308966e+03
-9.312670761242720801e+02,8.179104560441672902e+02
4.835493542493489940e+02,1.186272836898684091e+03
-1.220086692091959009e+02,7.927376980997800047e+02
-9.563480021364327968e+02,8.220142570619594835e+02
-5.168161869453782629e+02,-7.407683337806166435e+01
-1.224142266753261083e+03,8.846851761591377681e+02
1.046468153141696291e+02,1.155048177674635326e+03
6.241399531339939699e+01,1.035018057674441252e+03
-1.134336767829549672e+03,8.267893611640932932e+02
-8.873927513708854349e+02,9.368617696095334395e+02
-1.049845856587408434e+03,8.262616469109789250e+02
-1.395729684686676819e+03,7.049352276746973303e+02
2.044889497854610454e+02,1.184017641144756908e+03
-9.269632666755891250e+02,-9.544613555353412266e+02
-8.780821860105126007e+02,-7.670941071958328621e+02
-1.092727024372633196e+03,7.364296324651571695e+02
4.146895675221609281e+02,1.184251773225586021e+03
-1.004027333667009771e+03,8.251393782504878800e+02
-1.052951085768409939e+03,-5.332036763587198038e+02
-9.257203137548560790e+02,-9.427601328820190929e+02
-1.181035434501095324e+03,1.565327247762361651e+02
-9.789584346854766181e+02,-7.354262123252625543e+02
5.625394953142080112e+02,1.095033117674538289e+03
-7.711285046858424721e+02,6.749276976746488117e+02
1.151383961055933867e+02,1.064595643863361147e+03
-4.182371175505711562e+02,3.141264721775043540e+02
-1.183213915738471542e+03,-4.357452381775194681e+02
-9.734593078280038299e+02,-8.854580994175520345e+02
-1.340571873772641993e+03,-5.294797058642605947e+01
-7.945021309064755997e+02,8.260007689364872476e+02
-7.997188443018131920e+02,8.864242031225566052e+02
4.380638153141822499e+02,1.185055707674683845e+03
2.046976031685747159e+02,1.185612625976673144e+03
-4.678997749628348402e+02,1.155430320082043863e+03
-1.498791670077310300e+03,1.940855633499476482e+02
-1.430258283161551617e+03,-4.991099771803447993e+01
-1.448918992945923037e+03,-7.916785775428333238e+01
-8.816600362455575350e+02,1.177898126701365754e+03
6.239986084077416990e+02,1.423678063769346409e+03
-5.866634983640996097e+02,1.304727247711106884e+03
-9.319188965630053190e+02,1.125671126338235354e+03
5.268824298776265778e+02,1.365405721989747690e+03
-1.009184089884824175e+03,1.246378849452654094e+03
-8.010096711908888665e+02,1.275320490373539997e+03
-5.433013082014778092e+02,1.093623706320649035e+03
-1.104545504685855121e+03,8.849804076749884416e+02
-9.226456772295794053e+02,9.150226775067287690e+02
-1.133335234738624422e+03,8.556382453735363924e+02
-7.656285833954000282e+02,1.245830388997666205e+03
-5.866635326840309972e+02,1.276028674437123527e+03
-8.381660237556779975e+02,1.423826394939113015e+03
3.186853466232153096e+02,1.214554673343941658e+03
-1.004180437399913899e+03,1.245982726599303533e+03
-8.486140551601844209e+02,1.148228852442801326e+03
-7.597597432358046490e+02,1.306161115498622621e+03
-5.071556116997809340e+02,1.185857446384955665e+03
-1.080623801755395561e+03,1.336869789776754374e+02
-1.395729684686676819e+03,1.948072176746621835e+02
-6.822544162745405174e+02,1.066372473998213309e+03
-4.347624660873377707e+02,1.271430781756213264e+03
-8.777369027063510885e+02,7.963526362910500893e+02
-1.507931519215089793e+03,7.599053129019657149e+01
-1.306522800536467003e+03,5.842675963222990276e+02
-1.334831628311067334e+03,-1.543159919750752351e+01
-1.516115845539560269e+03,7.566910671507707775e+01
-1.009124076571391129e+03,6.158658841887997824e+02
-1.002093846816909036e+03,5.832366610429376124e+02
-1.293823220147921347e+03,7.944742406302589188e+02
-1.140258170652378794e+03,6.163620886290618728e+02
-3.543572546862215518e+02,2.548222776747592206e+02
-1.217864359867646499e+03,6.763566155520056782e+02
-1.043857498339254334e+03,7.056602893186808387e+02
-1.006570674420586442e+03,6.079325581724688163e+02
-6.826217533265275961e+02,1.066239253429886503e+03
-5.878256248646124504e+02,1.063831034428269277e+03
-1.224312697518680352e+03,5.851152511025281910e+02
-1.187899754685463449e+03,6.149126376745517746e+02
-1.392479227258866331e+03,6.397065350419367178e+02
-1.210934978132214383e+03,6.144754302165755462e+02
-9.944356684086818632e+01,8.556737176254144970e+02
-1.801039504473392299e+02,5.798127584983909628e+02
-1.104545504685855121e+03,7.349427576747458488e+02
-1.433313363626101136e+03,5.257054191221758401e+02
-1.217796240614438375e+03,6.746773229092488009e+02
-1.307482751446937073e+03,6.454847035901750587e+02
1.318075033116035456e+03,2.206050782731390882e+03
1.192857316593910127e+03,2.055620760934948976e+03
1.037614638629556111e+03,2.114397353068661687e+03
1.401618627892158429e+03,2.177080375080157410e+03
9.074838524948227132e+02,2.175763190332967042e+03
1.127521528318420224e+03,2.114073945505913343e+03
1.354960565314611813e+03,1.965251487675155659e+03
-5.572573247488646757e+02,1.152162137867454248e+03
-6.760391576360158297e+02,1.087102820115758277e+03
-5.377199224622852398e+02,1.091755903984434553e+03
1.074934814479048555e+03,2.058235483357609155e+03
1.396081995313449852e+03,1.935243957675107140e+03
1.021191254684667456e+03,2.205795182324481175e+03
1.044210249755242330e+03,2.084016762342845595e+03
1.072563177210720369e+03,1.996765049348267667e+03
8.366645386498728385e+02,2.055469578050539894e+03
1.030980611868544202e+03,2.108294842115437859e+03
9.982670131572211858e+02,2.055515169229358889e+03
1.026142546968668739e+03,1.960574515996310311e+03
1.157397998661266001e+03,2.049215156701434353e+03
1.271254004683492440e+03,2.145780122324384138e+03
1.229373495314233423e+03,1.965251487675155659e+03
1.188252065313815820e+03,1.965251487675155659e+03
-1.593640400579565949e+03,1.962018105018888718e+02
-6.825821036567108422e+02,1.155353258929447975e+03
-5.621871846858556410e+02,1.125040647674586808e+03
-1.057186035896339490e+03,5.847244027180155399e+02
-1.087455022245430428e+03,6.756736531309571774e+02
1.114991230517489157e+03,2.170515259526485806e+03
1.203610387138267015e+03,2.139322107340318780e+03
1.235134837248670237e+03,2.025524808296958099e+03
1.029914295080592865e+03,2.080211578323662707e+03
1.210308358662719229e+03,2.144930149806896225e+03
1.240392749584702869e+03,2.116815505521128671e+03
9.906585658567939845e+02,1.937169634652093464e+03
-6.044200046866258162e+02,-3.753358523254700003e+02
-5.088530370626858712e+02,-3.446985231442942563e+02
1.065726219697984106e+03,2.111074072024510770e+03
9.554094695496565919e+02,1.875890724232665207e+03
1.229576879684477944e+03,2.265810242324578212e+03
1.073135785741148311e+03,1.995378644350888635e+03
-1.380513439530112009e+03,7.423257770827999025e+01
-1.432229156044299316e+03,1.343655070251058987e+02
9.933579703844452524e+02,2.145437655808451836e+03
9.793107453138289884e+02,1.965251487675155659e+03
8.593154363974842909e+02,1.927539982615437566e+03
1.108998861201193449e+03,2.115331114655096826e+03
1.193072472329456559e+03,1.905531755946108433e+03
9.841972875463403625e+02,1.964939689936334844e+03
1.239292294479899283e+03,2.017996213899441955e+03
1.241245545155031323e+03,1.996154405359855673e+03
1.068411448871543826e+03,2.115334778764210569e+03
1.067218551332211518e+03,1.965216671923448303e+03
-9.161800557041731281e+02,5.838859459747346818e+02
-8.735010103628479783e+02,6.733056604719250799e+02
-1.304319871060867854e+03,7.068146291455946084e+01
1.152829747187450721e+03,2.077642978755259264e+03
-1.246276904471150146e+03,4.431973291552809968e+01
-1.265810497449088871e+03,5.260734087416769853e+02
8.959564953142206605e+02,1.965251487675155659e+03
1.360157308938480583e+03,1.906478958133704282e+03
-1.186179685767838919e+03,5.510554492520702752e+02
1.293300225257313059e+03,2.023993370046995778e+03
1.359342580762782745e+03,1.965788762033387002e+03
1.025523140612172938e+03,2.086770842376418841e+03
1.073962727317494000e+03,1.907999796463598386e+03
1.234407474615175488e+03,2.025833189657185130e+03
9.016899940490259269e+02,1.845303961489519224e+03
1.167876884707502541e+03,1.874680990518753333e+03
1.026307062277751811e+03,1.905114977908194987e+03
1.323622866521590140e+03,1.996564855714518444e+03
1.284724172419265869e+03,2.048382407882354528e+03
1.200047708723016967e+03,1.995102278478404969e+03
1.164962538365032970e+03,1.875865341250126676e+03
1.209466347957878270e+03,2.023885602182945377e+03
1.110485985042486391e+03,1.965678011966303529e+03
-5.996668080035333332e+02,-2.846671196391029071e+02
-4.304240593507626613e+02,-2.896311792439695978e+02
1.072959642815630332e+03,1.904665370051747004e+03
7.360342942463016698e+02,1.869927769532158663e+03
-1.677715910323389380e+03,2.263762789687472718e+02
-1.540388270590952061e+03,1.927910505034027437e+02
-1.629340888471438348e+03,1.952532154454854663e+02
-5.150447407019817092e+02,1.942392546162279814e+02
-1.429496526086279118e+03,1.553460238466033445e+02
-1.266685126396326041e+03,2.542375016775869767e+02
1.234454162854369997e+03,1.966733581626477189e+03
8.722552824885078735e+02,1.905402383413614189e+03
1.450866398876728226e+03,1.877052047720225346e+03
9.841404469676275539e+02,1.755889156880993824e+03
1.158961159949881448e+03,2.085664569240924720e+03
1.152251896090874880e+03,2.025508413015832957e+03
-3.782437966543194534e+02,7.060868893434774236e+02
-5.020951919020251353e+01,6.467010268714725498e+02
1.413401575352684631e+03,1.904340639706766069e+03
-1.004502155277778684e+03,5.540068167903646099e+02
-1.140586423019904032e+03,6.450566286777788036e+02
-2.655646815497032662e+02,3.450017941972492395e+02
-2.619154966155517741e+02,2.487625133742606636e+02
-9.378370046866384655e+02,5.248900476744062189e+02
-9.195521539169835705e+02,8.833359272295439268e+02
1.117182704281130327e+03,2.057751632501410768e+03
1.370580632121412918e+03,1.868947625460317795e+03
1.111001206226996828e+03,1.965594918165782246e+03
1.327327275511988319e+03,1.994089688696448775e+03
1.417086794714351981e+03,1.995088457757549804e+03
1.491995856050072234e+03,2.028292604280043179e+03
1.490947672768800658e+03,1.996227237160544064e+03
1.074792688615048974e+03,1.908083711011142668e+03
1.368701679691202344e+03,1.928922326640999245e+03
1.455931764391388469e+03,1.965192356594805915e+03
1.074802348432754343e+03,1.998543301658116206e+03
1.312727745313841524e+03,1.875228897675010103e+03
1.146019245314625095e+03,1.965251487675155659e+03
1.026098249159285160e+03,1.930689196089380175e+03
1.396081995313449852e+03,1.875228897675010103e+03
1.151760490999248532e+03,2.025576577136073183e+03
1.283029657909315119e+03,2.026292793850663429e+03
1.442628782037984365e+03,1.994679966632689684e+03
1.188252065313815820e+03,1.845221367674961584e+03
1.163422528574018088e+03,2.055773803848291209e+03
1.396081995313449852e+03,1.965251487675155659e+03
1.120141653095420452e+03,2.053593899046853949e+03
1.235009315511185605e+03,1.934621978663863501e+03
1.193940241212023011e+03,2.025803046645470204e+03
1.078860046016348861e+03,1.936917089987317013e+03
1.319108394855607912e+03,1.844615145657294988e+03
1.071785652526066769e+03,1.988121535936727923e+03
1.401340736522416591e+03,1.934892931660106342e+03
1.277514889707589418e+03,2.086092849521705375e+03
9.793107453138289884e+02,1.905236427675058621e+03
1.150799933556248561e+03,2.055167743417011479e+03
9.920613106074496272e+02,1.846538940793318034e+03
1.293740767220393536e+03,1.934241897034875365e+03
-1.092175115843260301e+03,6.160423901814444889e+02
-1.014919571618314080e+03,6.463007401812734543e+02
-9.193605776657969955e+02,5.839469429987966578e+02
-1.234541104689934173e+03,7.329108871109139045e+02
1.115660498996109027e+03,1.936126905176700120e+03
1.209412174367922489e+03,2.024581706139251082e+03
1.324161354618487394e+03,1.966115805262191316e+03
1.193607365875512642e+03,1.875108320589138202e+03
-8.022252170657245642e+02,7.979710680009867474e+02
-8.428705020042733622e+02,7.351610200424240702e+02
-1.010573699645963757e+03,7.058803266301334816e+02
1.235477107450804624e+03,1.966493312395663906e+03
1.109681909277556997e+03,2.057045961793956394e+03
1.081316074084839101e+03,1.966949673387216535e+03
1.241550211921257414e+03,1.936529536483629045e+03
1.323894219258957037e+03,1.875598256561850803e+03
-7.595476994414764249e+02,1.126834270464197516e+03
-6.378023515829346479e+02,1.149225255901948231e+03
-8.844767927481651668e+02,1.005186664232639600e+03
1.159510750738837032e+03,1.995131959464558804e+03
1.188252065313815820e+03,1.995259017674414508e+03
1.078554987592266571e+03,1.990331437104430279e+03
1.079080371761317792e+03,1.992868972085675750e+03
1.276685007655434902e+03,1.994689305845694207e+03
1.235357281650025698e+03,2.055207755007324522e+03
1.276403312997649664e+03,1.932245450696339503e+03
1.312727745313841524e+03,1.965251487675155659e+03
-4.331739130672074225e+02,-3.149340114292000976e+02
-5.477659961173393413e+02,-3.454795098208309128e+02
1.187899754683884112e+03,2.145780122324384138e+03
1.216174307923249671e+03,2.052899304106184445e+03
8.594684925010202505e+02,1.815572714064653837e+03
1.317525932550894595e+03,1.786090385182703585e+03
4.511275621205703601e+02,1.178135862664803881e+03
1.093150662960876929e+02,1.095087414068410453e+03
1.046468153141696291e+02,1.095033117674538289e+03
-7.189812612253680300e+02,1.338099463825647035e+03
-6.832189347840850360e+02,1.246124054958439046e+03
-6.767704963085789132e+02,1.327768140545971846e+03
-7.840715280633600059e+02,1.362002109827688173e+03
-1.187899754685463449e+03,6.449201676746002931e+02
-1.250055661783877667e+03,6.754566814303948377e+02
-5.044428824485135578e+02,1.365167405138175354e+03
-4.619101993126424759e+02,1.365400690068693393e+03
-5.946694034013208920e+02,1.297170015989757985e+03
1.246684537129440287e+03,1.936334628973753979e+03
1.362945440263478758e+03,2.019383244507473819e+03
-1.140313755210049067e+03,6.145146515877054298e+02
1.283701234727881456e+03,2.078125675672863508e+03
-1.354608254686259443e+03,3.148373376748562578e+02
-1.005046903773961617e+03,9.091897962392125692e+02
1.074036240686275278e+03,1.996278958711437099e+03
-1.260090005050648642e+03,7.042037315213464126e+02
-1.339146364241941001e+03,5.541042552403184800e+02
-1.625792063647893428e+03,1.929442295395745646e+02
-1.516768353447740537e+03,4.532081039001700873e+01
-5.088064746148053814e+02,1.274974658523002063e+03
-1.015670747966146564e+03,8.564839874525031291e+02
-9.331100676360586021e+02,8.555734445915652486e+02
-7.533845696925773154e+02,-3.748769971246141495e+02
-6.044200046866258162e+02,-4.053433823255185189e+02
5.625394953142080112e+02,1.095033117674538289e+03
5.686864055567303922e+02,1.088614853735175529e+03
5.676815515015167648e+02,1.094646233088108147e+03
-5.151867632208185341e+02,1.154513798668531308e+03
-5.127166015838984094e+02,1.148183631647587845e+03
-5.933732050734124641e+02,1.125921910854081489e+03
1.378732264437461254e+03,1.871674811313012924e+03
1.234718598835214607e+03,2.025623610556703397e+03
4.118755532136564739e+02,1.186720991062024723e+03
1.988131044384267625e+02,1.187350307994417562e+03
-7.993033658782043176e+02,-1.343894301731170913e+02
1.411640886128723650e+03,1.875841973671995675e+03
1.567621535805466237e+03,2.115167438240115189e+03
1.069050252998546739e+03,2.055535266312295335e+03
1.248943279316812095e+03,1.993523290370235145e+03
1.406848592233525778e+03,1.937170264910072774e+03
6.993339126269663666e+02,1.814845904765426667e+03
1.146222629683290279e+03,2.055757532325028478e+03
1.163987532076151410e+03,1.994861153480972007e+03
1.282573652640771343e+03,1.996598428791735842e+03
9.553036753019829348e+02,1.965608331456300903e+03
1.169426775031444549e+03,1.932928528807775820e+03
1.240369522921240787e+03,2.054790597631510082e+03
1.067100867884839317e+03,1.935257801622327179e+03
1.410014552306711039e+03,1.927015978937591171e+03
1.326690003653836357e+03,1.990499919148453046e+03
1.536655071500907070e+03,2.051903069576752387e+03
9.913614986344717863e+02,1.967254885425763860e+03
1.354960565314611813e+03,1.935243957675107140e+03
7.407182717231758033e+02,1.878132625121948422e+03
-6.814387136844454744e+02,1.246261149421000482e+03
-7.133220956587389310e+02,1.210028660907692029e+03
-7.544564350579041729e+02,1.123701750549172630e+03
-8.841769075127974702e+02,1.276253748623356614e+03
1.164368320554371167e+03,2.054815092002638266e+03
1.337115396052238111e+03,1.963268770292327417e+03
1.233968759459555713e+03,1.875617014102962003e+03
6.098509098443950052e+02,1.935962123100828194e+03
6.664373565679625244e+02,1.844775519964208115e+03
9.908967187007899611e+02,1.907580018480684657e+03
9.866054643690305284e+02,2.017070169234069454e+03
1.335795291583084236e+03,2.023258825235821405e+03
1.328331022364836599e+03,1.965146316808050187e+03
1.283312412154312142e+03,1.966664761374061982e+03
1.271254004683492440e+03,2.085765062325076997e+03
1.358903097153417775e+03,2.115682435921008619e+03
1.235617077929931611e+03,2.085333956755842792e+03
1.241152646156438550e+03,2.110237773701671358e+03
1.445803696377104416e+03,2.079973227951325498e+03
1.067799153123114593e+03,1.875350568765946718e+03
1.120644575118939429e+03,2.085212760800112392e+03
1.069280120155088525e+03,2.049438476360540335e+03
1.196947003908716169e+03,2.112932984159978787e+03
1.396081995313449852e+03,1.935243957675107140e+03
-2.945861856031455090e+02,1.094744672682679038e+03
1.413957517865426325e+03,1.787969912433859236e+03
-8.385220582197744079e+02,4.638752967416306205e+02
-1.301459717744206728e+03,5.576960496042478326e+02
-1.045608991881122847e+03,9.155518417185060116e+02
-1.876487546854255584e+02,6.749276976746488117e+02
-1.876487546854255584e+02,7.349427576747458488e+02
-1.876487546854255584e+02,7.049352276746973303e+02
-1.432193693316083682e+03,5.846093053793413219e+02
-1.420980362746155606e+03,5.229423486011628484e+02
-1.419380481346856413e+03,4.964384185570137333e+02
-9.253557798910553629e+02,5.568746113536666371e+02
-1.005865621778296259e+03,5.523129222179330782e+02
-9.669909106035231616e+02,6.758415516295386851e+02
-8.847475195029350061e+02,6.767467687865455446e+02
7.922746610989952387e+01,1.063924881332942505e+03
-1.004809369637937493e+03,1.095415560814096352e+03
-1.062312684686664397e+03,1.065025587674489771e+03
1.204542704707667781e+03,1.994839022187948558e+03
1.329905314317912826e+03,1.994572947017373735e+03
1.322697479686226416e+03,1.989190773918624927e+03
-4.329390648219624609e+02,1.065462426858912750e+03
-5.558767786352136682e+02,1.065853571478289723e+03
1.880010653137779286e+02,1.185055707674683845e+03
-1.093228950380572087e+03,2.497121325260442859e+02
5.377411057457790093e+02,1.094684410757432261e+03
5.677586668410673383e+02,1.094410766429445630e+03
1.031567072610298965e+03,2.057027176716351732e+03
1.133513824444658894e+03,1.991388733096635860e+03
1.412480988247377354e+03,1.964796702436738769e+03
1.191384356645146909e+03,2.259827318728368937e+03
-2.473122603338941303e+02,7.632824793979004880e+02
-1.010126915958188647e+03,6.461588993796028717e+02
1.330667546394934107e+03,2.056262928127777741e+03
-7.691845804717994497e+02,-1.364719914145517805e+02
