date:2016-09-25, time:1700, wind_speed:4.19, wind_dir:320.0, temp:13.2
39.947605 118.198541
-143.796250 13.479216
-89.207654 82.250718
-47.883293 64.492017
-84.575452 33.822699
31.247675 121.506324
-85.107854 19.165687
60.839551 151.245009
-10.097534 -286.935548
39.940162 118.244086
-122.060266 66.805129
48.292861 109.241167
39.583100 118.505571
-176.774306 82.143306
-51.773539 16.167844
-68.777425 61.491264
-130.885027 100.157071
6.631857 139.246118
119.222596 145.163728
135.903272 139.167557
-85.448275 22.481475
-97.054500 24.898178
-151.783278 19.187872
31.592872 121.170694
-51.297412 141.802683
-85.130748 97.206015
-76.763287 91.201452
-85.448275 19.480722
-2.094025 145.512348
-168.449068 46.222178
-72.045580 18.869225
-80.906468 28.141123
-131.237543 43.486746
-135.460825 49.488252
-68.471435 82.251399
-114.178620 19.222337
-80.306847 15.764542
39.887962 118.160225
94.178697 160.191889
86.403008 159.899625
-118.445880 28.227345
-114.158242 28.154354
-159.572328 108.904934
-13.645046 99.920432
-26.792131 106.243504
-5.340994 99.914482
-93.433727 163.272811
-18.361216 106.202377
-18.401251 106.222423
-85.070205 22.188147
-85.448275 13.479216
139.608200 124.507077
140.475037 126.902849
139.608200 118.505571
-72.555964 25.202175
-1.737586 142.252245
-21.969463 123.784000
-97.895843 154.514607
-68.384140 127.193351
161.431784 186.896049
-85.106769 175.267858
-68.404074 106.247063
-43.443136 163.203593
-102.119125 79.495782
-60.075235 115.187021
-122.071238 42.802427
-126.769872 52.213793
-30.351209 126.857500
102.481403 157.244157
-85.050467 73.243188
31.586307 148.245225
127.458829 226.321910
85.448275 211.577259
73.334622 214.242509
-126.802649 106.254554
-64.230822 70.240833
-93.476175 151.182644
-30.410046 75.895522
-114.174638 73.227550
156.279050 187.522890
-9.551667 144.791000
131.631833 160.268912
-68.422248 67.209511
-63.620601 66.839719
-105.336503 21.886259
131.646492 154.171068
135.820772 151.209827
-172.125951 75.864284
-84.575846 147.898627
-139.166864 91.160634
156.686789 148.215450
-77.112850 91.498794
-84.598700 96.887847
-89.240760 94.176250
-84.579134 90.789497
127.517846 196.235456
-127.125400 112.504065
-122.571237 106.243296
-81.224993 94.499547
-93.455890 97.204603
82.141609 204.877775
