-7.010715087014892788e+01,4.414259764778488915e+01
-7.011051121833773436e+01,4.414240953598493888e+01
-7.009251599500296948e+01,4.415461304385446084e+01
-7.009249785068323035e+01,4.415467588755677042e+01
-7.010413398231484905e+01,4.414471841915178629e+01
-7.010974000000000217e+01,4.414175999999999789e+01
-7.009550458156600428e+01,4.415596286132760184e+01
-7.009846517836459157e+01,4.414815671485709458e+01
-7.010258452291728304e+01,4.414720480240202249e+01
-7.010303321431888435e+01,4.414176536789717176e+01
-7.010828619298909814e+01,4.414848451342116675e+01
-7.011279957109654504e+01,4.414928224832610226e+01
-7.010302287798489829e+01,4.414416896622483222e+01
-7.011316331472994534e+01,4.414772830958773397e+01
-7.010154515016499488e+01,4.414415597237183420e+01
-7.010266068177290322e+01,4.414434321795409488e+01
-7.011276940499064381e+01,4.414676338916753195e+01
-7.009400286483760567e+01,4.415569641485448216e+01
-7.010041197373303135e+01,4.414768731042750716e+01
-7.009845856506510131e+01,4.415075775826165483e+01
-7.009998505423382653e+01,4.414647260237523341e+01
-7.009884343572495879e+01,4.414897602897830353e+01
-7.011125424372747261e+01,4.414360661841200084e+01
-7.010899857350358388e+01,4.414110863269525709e+01
-7.009589415900447307e+01,4.415569816077572085e+01
-7.009325611371802722e+01,4.415493648545646721e+01
-7.011276926627051864e+01,4.414676003658636461e+01
-7.010114433815455470e+01,4.414200936518152929e+01
-7.010828693307271919e+01,4.414823057577941512e+01
-7.009326703610236109e+01,4.415482479748310851e+01
-7.010368734170270955e+01,4.414212429056805576e+01
-7.011236284571538135e+01,4.414862619054336790e+01
-7.011051025713372553e+01,4.414481892249188633e+01
-7.009324623007010757e+01,4.415482667390421057e+01
-7.010108214238276503e+01,4.414832295339831347e+01
-7.010899239453780751e+01,4.414250498783282950e+01
-7.009325934281453385e+01,4.415487776950146781e+01
-7.009586000000000183e+01,4.415579999999999927e+01
-7.011202739357808866e+01,4.414542407786316858e+01
-7.010257707369341063e+01,4.415086541795329111e+01
-7.010265247207421169e+01,4.414880181509739288e+01
-7.010864389755830928e+01,4.415087894768038979e+01
-7.010482292832664086e+01,4.415076996660039299e+01
-7.011052802811828144e+01,4.414389272344707393e+01
-7.010825796456397541e+01,4.415303190049497317e+01
-7.010632613770420107e+01,4.414943338305551634e+01
-7.010340973265030584e+01,4.414093387140941616e+01
-7.010828260681034863e+01,4.414875327725754062e+01
-7.010002736969269677e+01,4.414847233275222749e+01
-7.011200994609259851e+01,4.414548620773575038e+01
-7.010819450891501958e+01,4.414140581527085772e+01
-7.010229664323807697e+01,4.414395857807575396e+01
-7.010335297048750647e+01,4.414909995779892427e+01
-7.011275183334912242e+01,4.414677275949298974e+01
-7.010154585634565194e+01,4.414147014312735706e+01
-7.011427453866529902e+01,4.414753664684853618e+01
-7.009324597433678150e+01,4.415488111620251743e+01
-7.008874446713343787e+01,4.415433773550818586e+01
-7.009513777505495113e+01,4.415595029751460032e+01
-7.011275782184512195e+01,4.414684561051171841e+01
-7.011427574700212517e+01,4.414760421195988727e+01
-7.009326815719610693e+01,4.415482222485130137e+01
-7.010074513359076320e+01,4.414275149217569805e+01
-7.010861215414851699e+01,4.414896351713584721e+01
-7.010937576851058850e+01,4.414714957028112252e+01
-7.011051097165474744e+01,4.414246443854755597e+01
-7.010932220896798128e+01,4.414167130155473018e+01
-7.011087233406087194e+01,4.414332244673152417e+01
-7.010303686043505422e+01,4.414119115701726770e+01
-7.010375484198860363e+01,4.414115341936135195e+01
-7.011085417225068284e+01,4.415029930516455892e+01
-7.011239795725275314e+01,4.414677983599462152e+01
-7.010857831896838377e+01,4.415401843278262817e+01
-7.011051785732315977e+01,4.414524928548329541e+01
-7.009511528285449344e+01,4.415601047463357531e+01
-7.010978719185580132e+01,4.414364313463362777e+01
-7.011274643692635777e+01,4.414683867483222457e+01
-7.010641699593811893e+01,4.415255921351819524e+01
-7.010895767779511800e+01,4.415031351279836258e+01
-7.010827420762790041e+01,4.415026473584320854e+01
-7.010074166211074953e+01,4.415058481205262808e+01
-7.010406707034955787e+01,4.415039483963769129e+01
-7.010603161062753941e+01,4.414769337695214091e+01
-7.009248999999999796e+01,4.415471999999999753e+01
-7.011010510414665475e+01,4.414300168370727562e+01
-7.009926727232100063e+01,4.414820571265553895e+01
-7.010596272031091303e+01,4.414304300537601478e+01
-7.011199000000000581e+01,4.414553999999999689e+01
-7.011350827288525522e+01,4.414731624323867720e+01
-7.009324429392763989e+01,4.415494643373529016e+01
-7.011163170285172441e+01,4.414542766299928189e+01
-7.009779487569156231e+01,4.415066031366612975e+01
-7.010974000000000217e+01,4.414175999999999789e+01
-7.010901236820147631e+01,4.414719935106396065e+01
-7.010781584491728324e+01,4.414374990676367361e+01
-7.010564516102714094e+01,4.415011156432120742e+01
-7.009847944050065394e+01,4.414812659499274616e+01
-7.010972868796417856e+01,4.414543948870608858e+01
-7.010939566477992457e+01,4.414133490960978889e+01
-7.009701896992092429e+01,4.415245169561281102e+01
-7.009925462452805789e+01,4.414810885533759688e+01
-7.010821681062699895e+01,4.414277503133708080e+01
-7.011048999999999864e+01,4.414256999999999920e+01
-7.010824439062507452e+01,4.414929553355652558e+01
-7.009959029401426278e+01,4.414859319978137364e+01
-7.009883618753782741e+01,4.415130740403627385e+01
-7.010974000000000217e+01,4.414175999999999789e+01
-7.009958595761558797e+01,4.414705607989781555e+01
-7.010483718707187961e+01,4.415078339883807246e+01
-7.009812757994025390e+01,4.414927617420980965e+01
-7.010447219989649170e+01,4.415083097175133275e+01
-7.011277066753123677e+01,4.414676345787583500e+01
-7.011051026906638128e+01,4.414245164804698618e+01
-7.009325833507342907e+01,4.415494500168454550e+01
-7.010454791865029733e+01,4.414467253799499957e+01
-7.010224012190666087e+01,4.414139954342944350e+01
-7.009851358191164650e+01,4.414848951200441718e+01
-7.010716791821712945e+01,4.415091824659126729e+01
-7.010410197228235063e+01,4.415132099401115795e+01
-7.010560018402100013e+01,4.415114701024111810e+01
-7.009695924472759998e+01,4.415406300830957065e+01
-7.010939757124131688e+01,4.414391018600545635e+01
-7.010975474791899842e+01,4.414271546996334905e+01
-7.010338797240264341e+01,4.414174339089456822e+01
-7.011124452666683737e+01,4.414359021281250506e+01
-7.010371230083022454e+01,4.414972269282626627e+01
-7.010899000000000569e+01,4.414121999999999701e+01
-7.009770824397169520e+01,4.415135856044877016e+01
-7.010078785824488534e+01,4.414796644325701180e+01
-7.010368078754895294e+01,4.414132007014730874e+01
-7.011053989103572803e+01,4.415012302927473087e+01
-7.009964041427480197e+01,4.411949683511660680e+01
-7.010678972404055287e+01,4.414822997241950020e+01
-7.011274000000000228e+01,4.414688999999999908e+01
-7.010895924094687359e+01,4.414810621872039320e+01
-7.011052641752723957e+01,4.414582066006832406e+01
-7.011313397907045442e+01,4.414704663957382280e+01
-7.009812396937968515e+01,4.414920401835153996e+01
-7.009925931579736869e+01,4.414870686605032546e+01
-7.010374466764130830e+01,4.414408874234205626e+01
-7.009437186306345779e+01,4.415575441958966252e+01
-7.011238532383403310e+01,4.414677933654412101e+01
-7.010183381054515905e+01,4.414197559776081192e+01
-7.011271084178618196e+01,4.415008278341566239e+01
-7.011125207623490496e+01,4.414360468414201932e+01
-7.010859430098993528e+01,4.414917486216932474e+01
-7.009699449322734210e+01,4.413175262335503390e+01
-7.009288313707426710e+01,4.415486581531164489e+01
-7.010079077438901152e+01,4.414464035583010570e+01
-7.011123999999999512e+01,4.414365000000000094e+01
-7.011199208319563070e+01,4.414541545185086591e+01
-7.011272672567980635e+01,4.414923497060542701e+01
-7.011274654031794284e+01,4.414684710191466621e+01
-7.011238226169319887e+01,4.414684599290028899e+01
-7.011007936467697732e+01,4.414682732832483936e+01
-7.011387755556388868e+01,4.414765069672265696e+01
-7.011303758478702264e+01,4.414780560894590877e+01
-7.011348999999999876e+01,4.414742999999999995e+01
-7.010978687416476873e+01,4.414707924137967154e+01
-7.011050511614750747e+01,4.414252689386199791e+01
-7.010228646921616757e+01,4.413985564659233773e+01
-7.009808025236281992e+01,4.415116752945757383e+01
-7.010940775020738158e+01,4.414607313987691839e+01
-7.010450284239898622e+01,4.414345424907800464e+01
-7.009812497851886803e+01,4.414920941902536100e+01
-7.010258054032838970e+01,4.414435117982574752e+01
-7.010335705562609121e+01,4.414593759154571018e+01
-7.010783613191054542e+01,4.414649610619400022e+01
-7.010676410302089323e+01,4.414714346674760748e+01
-7.009399000000000513e+01,4.415579999999999927e+01
-7.010377620302787705e+01,4.414253776894956616e+01
-7.011426191126629703e+01,4.414764888835096457e+01
-7.010753556381784790e+01,4.414931460018932796e+01
-7.011163192864009375e+01,4.414537646141973681e+01
-7.010932131781339649e+01,4.414911802066460922e+01
-7.010114751689998513e+01,4.414383360643018506e+01
-7.011274000000000228e+01,4.414688999999999908e+01
-7.010076623598084211e+01,4.414481101623991322e+01
-7.009324555003422574e+01,4.415492887041740033e+01
-7.010484163636439803e+01,4.414893829838548811e+01
-7.010637895508681083e+01,4.414869507017017014e+01
-7.010678023664797820e+01,4.415173940678612041e+01
-7.011048211610754777e+01,4.414307657604182111e+01
-7.011048999999999864e+01,4.414256999999999920e+01
-7.009930247458751751e+01,4.414876339013241591e+01
-7.010225423752044094e+01,4.414471308083411571e+01
-7.010076065842449111e+01,4.414813115917521458e+01
-7.010267711509207800e+01,4.414308402557702493e+01
-7.010785736186919337e+01,4.414873727285479532e+01
-7.010341694944374069e+01,4.415066070923841579e+01
-7.010483496587488617e+01,4.415105529696721476e+01
-7.010972965941563473e+01,4.414788396297441864e+01
-7.011201906568297204e+01,4.414543610734358481e+01
-7.009249933192751314e+01,4.415467024903687587e+01
-7.011012225065287851e+01,4.414217409033793871e+01
-7.011274000000000228e+01,4.414688999999999908e+01
-7.010338457906114229e+01,4.412060484414691786e+01
-7.010302468962041189e+01,4.414251622767603322e+01
-7.010900042450062131e+01,4.414116152535898152e+01
-7.011274000000000228e+01,4.414688999999999908e+01
-7.011274721126930842e+01,4.414683944088531575e+01
-7.010976337705744754e+01,4.414198896033587971e+01
-7.010937145914583368e+01,4.414136486560289541e+01
-7.009324904564090275e+01,4.415488370288070996e+01
-7.011086932342998068e+01,4.414333311983703823e+01
-7.011204705151764927e+01,4.414876610502544452e+01
-7.011165952680848079e+01,4.414930231788818560e+01
-7.010825000128504314e+01,4.414754070361213678e+01
-7.010755708006992393e+01,4.414850747241594320e+01
-7.010714568068156893e+01,4.414762543661479555e+01
-7.010975021774430616e+01,4.414249185747451776e+01
-7.010447890514352309e+01,4.414465891468991288e+01
-7.010262330718622081e+01,4.414120674768506092e+01
-7.010378944166777160e+01,4.414236952772307632e+01
-7.009964420566100785e+01,4.414791073192651538e+01
-7.010302565657917739e+01,4.414823106322059942e+01
-7.009324545354397173e+01,4.415493154538395260e+01
-7.011014865754926007e+01,4.414662077124468453e+01
-7.010296992148100514e+01,4.415654176250054519e+01
-7.009513493328792322e+01,4.415595344606391137e+01
-7.009099440989344032e+01,4.415439086861702833e+01
-7.010971135380476937e+01,4.414167895836007460e+01
-7.011275677166453590e+01,4.414683171259456884e+01
-7.009323999999999444e+01,4.415498999999999796e+01
-7.010267368821742195e+01,4.415085355309295778e+01
-7.011125123628401923e+01,4.414383680473021343e+01
-7.009549515376353668e+01,4.415602221513299241e+01
-7.011012811447966442e+01,4.414977199911808725e+01
-7.010972140859594504e+01,4.414787640289474524e+01
-7.011126191291972987e+01,4.414354554243339379e+01
-7.010376361883784568e+01,4.414169739884559363e+01
-7.010903732953252643e+01,4.414327721321462406e+01
-7.010415053024509291e+01,4.414981001396209592e+01
-7.010150928865235187e+01,4.411978437465369041e+01
-7.011385176034903566e+01,4.414756314831549133e+01
-7.010638035408359769e+01,4.415123554499254510e+01
-7.010860975531488748e+01,4.414811321336906502e+01
-7.010783875670496457e+01,4.414818132821785213e+01
-7.010932584229144027e+01,4.414942076488427602e+01
-7.010900157608325856e+01,4.414216994017615292e+01
-7.010971954381142268e+01,4.414926394843104873e+01
-7.010896421336943263e+01,4.414843114406666302e+01
-7.010226642340683156e+01,4.414394109517235876e+01
-7.009326826454713455e+01,4.415486400531766975e+01
-7.010557240284693137e+01,4.415136359099504659e+01
-7.010484467097566608e+01,4.415139285705313910e+01
-7.011275665051209671e+01,4.414678670185257658e+01
-7.009097023826645056e+01,4.415648844891785529e+01
-7.009131388234177962e+01,4.415588645897486231e+01
-7.009847353529623604e+01,4.415215034978669451e+01
-7.009326051990764483e+01,4.415494629514260794e+01
-7.011274395278874749e+01,4.414684504855355129e+01
-7.010113538606428563e+01,4.414661560806900553e+01
-7.009849727543753772e+01,4.411929906445274696e+01
-7.011046558045001120e+01,4.414302043929863828e+01
-7.010033683203596411e+01,4.414665203762582735e+01
-7.010452616279319216e+01,4.415146859958419157e+01
-7.011274000000000228e+01,4.414688999999999908e+01
-7.011016100418095220e+01,4.414228399619248222e+01
-7.011275437446737158e+01,4.414677867923864341e+01
-7.009325111272904962e+01,4.415493443646687410e+01
-7.010264981506934134e+01,4.415119888501774170e+01
-7.010302644334869626e+01,4.415119761775897445e+01
-7.010187320043127102e+01,4.415115492754539872e+01
-7.009846126633475194e+01,4.414235852790753967e+01
-7.011126363282156149e+01,4.414354116539364981e+01
-7.010338764841452530e+01,4.414930751194165737e+01
-7.010601335272647816e+01,4.415007318497687550e+01
-7.010979676297752405e+01,4.414202860501534786e+01
-7.010218867525172470e+01,4.415420092237766170e+01
-7.010481784274534789e+01,4.414943216054911090e+01
-7.010676709626496006e+01,4.414646128708947970e+01
-7.010526468080202278e+01,4.414108773727130597e+01
-7.010188845850197481e+01,4.411999071227291580e+01
-7.009963613168440588e+01,4.414740754778207332e+01
-7.011088302996127197e+01,4.414326258652753410e+01
-7.010821819893916995e+01,4.414612877947966751e+01
-7.010452309778699487e+01,4.414903572423889244e+01
-7.010257054829226320e+01,4.415626758581761635e+01
-7.009812942178263029e+01,4.411811900234949491e+01
-7.010000749847232271e+01,4.414744203373852827e+01
-7.009326726552311015e+01,4.415482389105942929e+01
-7.011199768736118187e+01,4.414549106283314472e+01
-7.011277688614920578e+01,4.414673851989792297e+01
-7.011048999999999864e+01,4.414256999999999920e+01
-7.010669780609873669e+01,4.415082176680780179e+01
-7.010075326015005714e+01,4.411982959739231092e+01
-7.010147849648703300e+01,4.415621304130121416e+01
-7.011126344814266531e+01,4.414359777499021931e+01
-7.011162569109868059e+01,4.414543080785824714e+01
-7.009627007885416106e+01,4.415563158939530553e+01
-7.011012909611389432e+01,4.414850481531390614e+01
-7.009289153958842178e+01,4.415487185132119663e+01
-7.010557814240758034e+01,4.415053553384564111e+01
-7.010368943648001050e+01,4.414943509525316756e+01
-7.010600062874030414e+01,4.414919793022784233e+01
-7.010143018648339819e+01,4.415610948533687008e+01
-7.010781859669086202e+01,4.414950188052126379e+01
-7.009177137854869954e+01,4.412626164030408660e+01
-7.009777940124607198e+01,4.411816830389098953e+01
-7.010304245308508087e+01,4.414550929221439191e+01
-7.010002706716653620e+01,4.414791399358526292e+01
-7.010229231441417141e+01,4.414607367562079077e+01
-7.011008626660851917e+01,4.414590174815366197e+01
-7.010790261633610498e+01,4.415193487911167125e+01
-7.010746100574428397e+01,4.415111108209272572e+01
-7.010596087051705183e+01,4.414831529198993820e+01
-7.009962742911905309e+01,4.411957702870694220e+01
-7.011127281100603170e+01,4.414823464139863063e+01
-7.010640026224821497e+01,4.414338354979763324e+01
-7.009923710769527361e+01,4.414787603728674981e+01
-7.010935460310804501e+01,4.414909397290338688e+01
-7.010786197682382692e+01,4.414892636917592483e+01
-7.010981177742550585e+01,4.414928717593317486e+01
-7.010938080587493459e+01,4.414131812383931930e+01
-7.009249853223118976e+01,4.415461692847182462e+01
-7.010857572418461814e+01,4.415239861055906800e+01
-7.010904562156943598e+01,4.415091296168429835e+01
-7.009960276905029275e+01,4.415212300273786639e+01
-7.010717262929925653e+01,4.415194939530031348e+01
-7.011238713230395092e+01,4.414892835463194842e+01
-7.010976022334189395e+01,4.414171436211705668e+01
-7.009957702228655307e+01,4.414915187474305469e+01
-7.011199000000000581e+01,4.414553999999999689e+01
-7.009212566596944782e+01,4.415466232157741899e+01
-7.011087671602435023e+01,4.414327259342400822e+01
-7.011275895871372654e+01,4.414683127237392313e+01
-7.011275852905382067e+01,4.414678097156348713e+01
-7.010603572820485851e+01,4.415710041477104397e+01
-7.010414385044995811e+01,4.414471060333627861e+01
-7.011089403948935228e+01,4.414849306271902663e+01
-7.011125813650939165e+01,4.414634898672057517e+01
-7.011045669675546321e+01,4.414886924823189673e+01
-7.011126600635255102e+01,4.414847581937533505e+01
-7.010453198636422201e+01,4.414904032094597852e+01
-7.010005041399091397e+01,4.415118314599109794e+01
-7.010934726608594758e+01,4.414921853673041596e+01
-7.010677174177466497e+01,4.414441101868011685e+01
-7.010715090199589383e+01,4.415053798935348084e+01
-7.010489455917809209e+01,4.414844703193155340e+01
-7.010822988881547246e+01,4.414680326661063958e+01
-7.010407946782783029e+01,4.415184148963221844e+01
-7.010150143994545147e+01,4.411977242433155055e+01
-7.010452485276044854e+01,4.415306239432894131e+01
-7.010414093433880112e+01,4.415246901169967231e+01
-7.010784728299576329e+01,4.414240620670265969e+01
-7.011274000000000228e+01,4.414688999999999908e+01
-7.010188963387624028e+01,4.414357269266140804e+01
-7.011119840843791451e+01,4.414355842956871356e+01
-7.010408983237304881e+01,4.415032141237066554e+01
-7.010080145303861343e+01,4.415179643067124715e+01
-7.011276680900668623e+01,4.414677850331246134e+01
-7.009699000000000524e+01,4.411907999999999674e+01
-7.010635415881858989e+01,4.414087006538429847e+01
-7.010337013323511712e+01,4.412064590634980021e+01
-7.010977599760700230e+01,4.414525246351330878e+01
-7.010190937978079262e+01,4.414984701749796159e+01
-7.009399000000000513e+01,4.415579999999999927e+01
-7.011123999999999512e+01,4.414365000000000094e+01
-7.010601415507238698e+01,4.414548823934660504e+01
-7.010564198625225174e+01,4.414990939127718406e+01
-7.010294615077471292e+01,4.415708823260656146e+01
-7.010788640015240958e+01,4.414945833627970018e+01
-7.010756050816112861e+01,4.415092739860124027e+01
-7.010906169856494330e+01,4.414822476011853070e+01
-7.010602131353479649e+01,4.415092487047493819e+01
-7.009813200365830710e+01,4.411815765256062605e+01
-7.010221297215063885e+01,4.414060341944816912e+01
-7.010676436779610299e+01,4.415146499910794375e+01
-7.011011562128888386e+01,4.414865137610840407e+01
-7.011201078870530523e+01,4.414549198455958390e+01
-7.010154333087984924e+01,4.414903969023959718e+01
-7.010260091811223049e+01,4.414764234899060824e+01
-7.009926693292179323e+01,4.414864244826539164e+01
-7.010190156358835623e+01,4.415222621167205119e+01
-7.009995458815134839e+01,4.414809882989329282e+01
-7.010149428149716755e+01,4.411977738856290898e+01
-7.010861811237619179e+01,4.414661617595507437e+01
-7.010714609543032338e+01,4.414466196411987653e+01
-7.010862462810074192e+01,4.414191505346943956e+01
-7.011126218717635084e+01,4.414358919416795146e+01
-7.010521033023348991e+01,4.415294693969367756e+01
-7.010454571411456470e+01,4.415172790110308654e+01
-7.010482647883478080e+01,4.414971962645166315e+01
-7.010411121552756697e+01,4.415119112133137946e+01
-7.010901823983878955e+01,4.414915179843007564e+01
-7.009844618765565372e+01,4.414805686316082500e+01
-7.010558006465346637e+01,4.415485983252707314e+01
-7.009811505243418139e+01,4.414926947362759790e+01
-7.010790487284160122e+01,4.415058942343930681e+01
-7.010679223963224160e+01,4.414580709026884620e+01
-7.010748151159583585e+01,4.414608547213966716e+01
-7.009325956795422030e+01,4.415489111039308057e+01
-7.010529291777000083e+01,4.415118175167651771e+01
-7.011048745330504062e+01,4.414548935979384936e+01
-7.010972931176509348e+01,4.414757168447613367e+01
-7.011276272357119410e+01,4.414683355720287494e+01
-7.010295862784397514e+01,4.414512383499867099e+01
-7.010602109984641572e+01,4.414812895525201242e+01
-7.011090427484668908e+01,4.414929663646803704e+01
-7.010455484642648116e+01,4.415090864545032190e+01
-7.011118561443572617e+01,4.414802142205395796e+01
-7.011165693123072629e+01,4.414796451543772093e+01
-7.009737953807062638e+01,4.415008598221318437e+01
-7.011010354431739700e+01,4.414567779760812982e+01
-7.010304799004497056e+01,4.415038391382218208e+01
-7.010076049010453403e+01,4.411977647460579277e+01
-7.009326022540122381e+01,4.415489266540222246e+01
-7.010074512901992705e+01,4.415055781664880641e+01
-7.010147382471249955e+01,4.415002190591396669e+01
-7.010264037000439430e+01,4.415032451450320394e+01
-7.009846959592788096e+01,4.415052354264102519e+01
-7.011012701508236944e+01,4.414225424360098060e+01
-7.010527075308705491e+01,4.415737474704874188e+01
-7.010713187934103985e+01,4.414305177543113956e+01
-7.011051600266854678e+01,4.414768922225997727e+01
-7.010110663066711822e+01,4.414140127209198994e+01
-7.010896873055114042e+01,4.414597741034585709e+01
-7.009850040442749730e+01,4.414872350919591781e+01
-7.010977277056655055e+01,4.414662721542453738e+01
-7.011049266227055909e+01,4.414578898516778338e+01
-7.010933727283897099e+01,4.414924200891152140e+01
-7.011008709116116222e+01,4.414921272886803649e+01
-7.011048802023991300e+01,4.414759459734721503e+01
-7.011088552039224453e+01,4.414844161650354692e+01
-7.010445360920378732e+01,4.415626828628252554e+01
-7.010452275030519331e+01,4.415687825866400118e+01
-7.011015212461613544e+01,4.414599672034098177e+01
-7.011087300418613211e+01,4.414361602314417610e+01
-7.009813670839007216e+01,4.411816236105203615e+01
-7.010829207152578135e+01,4.414223225205161327e+01
-7.010901081685727831e+01,4.414196835525753215e+01
-7.010826135136547066e+01,4.414985320648142419e+01
-7.010938632907028989e+01,4.414364461761749681e+01
-7.010374612570342379e+01,4.414414108085722432e+01
-7.010266019027483253e+01,4.414391442681667854e+01
-7.010334175186154937e+01,4.415226698043681353e+01
-7.010340738380095615e+01,4.415146907816692590e+01
-7.010564828468437781e+01,4.414984088321887157e+01
-7.010604808497882345e+01,4.414962372181526007e+01
-7.009962497295251183e+01,4.411950645988964226e+01
-7.011085018554662440e+01,4.414394343590684144e+01
-7.009438322589795689e+01,4.415569526783227872e+01
-7.010183447729549755e+01,4.415517334771364233e+01
-7.011126997889599011e+01,4.414353729952746619e+01
-7.010456729710395507e+01,4.414958802260491666e+01
-7.009921374512616410e+01,4.414724542135247276e+01
-7.010902506611492413e+01,4.414233616479059918e+01
-7.010977751028050875e+01,4.414200297835616738e+01
-7.009325943873892584e+01,4.415494048835223850e+01
-7.010897211275535312e+01,4.414631152701171857e+01
-7.010445579897145763e+01,4.415157909809607162e+01
-7.010221746639676610e+01,4.414471354981883877e+01
-7.010258760860305927e+01,4.414544822379878042e+01
-7.010263626210787891e+01,4.414497879315402429e+01
-7.010449602531717517e+01,4.412200283367958775e+01
-7.010337514239053291e+01,4.412065110411604252e+01
-7.010077973697875109e+01,4.415281104181152472e+01
-7.010003194277450689e+01,4.415194998922371639e+01
-7.010004031826974824e+01,4.415200163048390181e+01
-7.011050724464358552e+01,4.414252095843222889e+01
-7.010380104874765550e+01,4.414497670021825826e+01
-7.009326033049175919e+01,4.415493217722054453e+01
-7.009324875185184567e+01,4.415493467841952935e+01
-7.009286000000000172e+01,4.415498999999999796e+01
-7.009287765555616545e+01,4.415482253797805612e+01
-7.011200141629750249e+01,4.414548357433970693e+01
-7.011200395917749972e+01,4.414548765478227921e+01
-7.011199710680791952e+01,4.414548657258249165e+01
-7.011314410668292396e+01,4.414768458912598703e+01
-7.011270666791010342e+01,4.414700136179364165e+01
-7.010862972682998873e+01,4.414654833880439355e+01
-7.009324586630594922e+01,4.415493112387225239e+01
-7.009890752744318831e+01,4.414734085784879625e+01
-7.009059824700928232e+01,4.415598450597866531e+01
-7.010376034606606765e+01,4.415502818593263612e+01
-7.009881118013122148e+01,4.415408324260821615e+01
-7.010557375050761664e+01,4.415044149301744625e+01
-7.010599336991644748e+01,4.414902493942973649e+01
-7.011053576471157101e+01,4.414659607010663933e+01
-7.011201208849992383e+01,4.414549736225045962e+01
-7.011277195286390906e+01,4.414676816759732247e+01
-7.010754147478438369e+01,4.414275618365742559e+01
-7.011050289007359027e+01,4.414246884923347380e+01
-7.011050110731726193e+01,4.414922193385366711e+01
-7.010604162531858208e+01,4.415114431135319251e+01
-7.010599518126748819e+01,4.415196742098960669e+01
-7.010678155534628786e+01,4.415032008596239166e+01
-7.010750795688332460e+01,4.415093686274326501e+01
-7.009175248953766868e+01,4.415466651277173327e+01
-7.010600269815842012e+01,4.414820222156569685e+01
-7.009928404115385092e+01,4.414462143799654115e+01
-7.011200728470723220e+01,4.414538756939167996e+01
-7.010828077691509463e+01,4.414843102558219812e+01
-7.010563745202267683e+01,4.415056271870867022e+01
-7.010676322388202664e+01,4.415086842962880809e+01
-7.011013563968106155e+01,4.414217097451942351e+01
-7.011125850444626906e+01,4.414360143292019245e+01
-7.011126635557997133e+01,4.414353581739157306e+01
-7.010298535653245722e+01,4.414455233724785899e+01
-7.009882471418102057e+01,4.414798667149492672e+01
-7.010228705670034799e+01,4.415578649478270279e+01
-7.009328415130610779e+01,4.415660092097279943e+01
-7.010219729744565598e+01,4.415379299348814612e+01
-7.010862977590130640e+01,4.415006558949025361e+01
-7.010827341682262670e+01,4.415032289182973102e+01
-7.010900850839486509e+01,4.414661760424070991e+01
-7.009812223960467747e+01,4.411815729847418055e+01
-7.011274952845731434e+01,4.414677737708354499e+01
-7.011313100900481743e+01,4.414703590487067686e+01
-7.011313689528685700e+01,4.414699215303934210e+01
-7.009251385437126203e+01,4.415467467654099210e+01
-7.010752905436403637e+01,4.414283505702913857e+01
-7.010640382172513796e+01,4.414335353630382031e+01
-7.009662564110664107e+01,4.415411222715722772e+01
-7.010938615211802016e+01,4.414787505232579434e+01
-7.009326225313323278e+01,4.415487234956910356e+01
-7.011011584457753543e+01,4.414512480182322207e+01
-7.010902959689153136e+01,4.414416690280776834e+01
-7.010977954137364065e+01,4.414855341644567233e+01
-7.010557185828456284e+01,4.414753811956346397e+01
-7.010863710768370538e+01,4.414634289333966422e+01
-7.009286000000000172e+01,4.415498999999999796e+01
-7.010749567626383794e+01,4.414119055931074342e+01
-7.010748271903267437e+01,4.414160047285625410e+01
-7.010414893638301237e+01,4.415760047272292610e+01
-7.010790197460987372e+01,4.414659399869387357e+01
-7.011088372945495450e+01,4.414332163582920998e+01
-7.010974394500763651e+01,4.414169886663616893e+01
-7.010593806270784967e+01,4.415311327788136708e+01
-7.011199000000000581e+01,4.414553999999999689e+01
-7.011200502209497643e+01,4.414548575750385595e+01
-7.010898962714902893e+01,4.414841925110040677e+01
-7.010227977647240039e+01,4.415823136372591051e+01
-7.011011735903440467e+01,4.414697409539148509e+01
-7.010826994711541715e+01,4.414624247826491654e+01
-7.009325283764353287e+01,4.415494654479994097e+01
-7.009211918888007631e+01,4.415466315879014303e+01
-7.010228239190047361e+01,4.414145462987146828e+01
-7.011274000000000228e+01,4.414688999999999908e+01
-7.011275965950031264e+01,4.414684358653133955e+01
-7.011274000000000228e+01,4.414688999999999908e+01
-7.009325946068156554e+01,4.415487636438723484e+01
-7.010640399702450054e+01,4.415768053186303632e+01
-7.010117029138048395e+01,4.415632518952557461e+01
-7.008911000000000513e+01,4.415471999999999753e+01
-7.010409679359523238e+01,4.415084284312549556e+01
-7.010603960488572284e+01,4.414773516336672543e+01
-7.011274708235808362e+01,4.414678540891262060e+01
-7.011426451519434977e+01,4.414757423738069519e+01
-7.011277604989716394e+01,4.414677749682638108e+01
-7.010076228612020088e+01,4.414336920023972510e+01
-7.010152729575905539e+01,4.411976049974028058e+01
-7.010150363926732098e+01,4.411983198302255715e+01
-7.010226686992443490e+01,4.415525103993130784e+01
-7.010077256604017748e+01,4.415361017981459213e+01
-7.010227408296296403e+01,4.415178136910111562e+01
-7.010558070825176458e+01,4.415084200105366818e+01
-7.010823978290552816e+01,4.414760734900526984e+01
-7.010902939664447331e+01,4.414665178449198635e+01
-7.009964898352093599e+01,4.415417990100805667e+01
-7.009852070172030380e+01,4.415362099547786556e+01
-7.010034734941783086e+01,4.414739499458210048e+01
-7.010827763907632004e+01,4.414609122555550869e+01
-7.010938921211601382e+01,4.414622291237255070e+01
-7.010977895645825697e+01,4.414715023042757025e+01
-7.011053254924252087e+01,4.414625292204550533e+01
-7.011012683175756877e+01,4.414219292828300922e+01
-7.011086000000000240e+01,4.414338000000000051e+01
-7.009812282695594376e+01,4.415415002290041002e+01
-7.010603026359531498e+01,4.415091821792513116e+01
-7.010449214295954334e+01,4.415116769145706144e+01
-7.011423999999999523e+01,4.414770000000000039e+01
-7.011274000000000228e+01,4.414688999999999908e+01
-7.010377798405453120e+01,4.415332573142610784e+01
-7.010529300213489989e+01,4.415144933946166361e+01
-7.009325423447525338e+01,4.415493650307301010e+01
-7.010412260811848739e+01,4.415029397040493109e+01
-7.010034927184602793e+01,4.415274895551569756e+01
-7.010975521430889046e+01,4.414632763132387794e+01
-7.009476092110263323e+01,4.415601917038028290e+01
-7.010561193923624046e+01,4.414167862170084788e+01
-7.011160635923906170e+01,4.414709018203189572e+01
-7.010338616598464512e+01,4.415790890029264659e+01
-7.010080944938094660e+01,4.415583910898558173e+01
-7.011279053395647054e+01,4.414897710150202670e+01
-7.010596920835898516e+01,4.414920670566041139e+01
-7.010706078850175516e+01,4.414705036715016462e+01
-7.010822136630588375e+01,4.414951416451523869e+01
-7.010934695125224891e+01,4.414564471320479555e+01
-7.009962354127124229e+01,4.414921310448220737e+01
-7.010935999999999524e+01,4.414148999999999745e+01
-7.011050224508774420e+01,4.414252041947990080e+01
-7.009252364275462810e+01,4.415460741059091987e+01
-7.010791805018104128e+01,4.415199404840880959e+01
-7.010787422670377111e+01,4.415218608344135731e+01
-7.011274000000000228e+01,4.414688999999999908e+01
-7.010972348714864211e+01,4.414624994901726041e+01
-7.010226956655930053e+01,4.414852495612473149e+01
-7.010222417116268900e+01,4.414482755602901420e+01
-7.011011000000000593e+01,4.414229999999999876e+01
-7.010820139059309497e+01,4.414683812761587234e+01
-7.010484451431256048e+01,4.415030636609230896e+01
-7.011015429594495174e+01,4.414660945484061472e+01
-7.011014882108094071e+01,4.414958089757202941e+01
-7.010710802812739928e+01,4.414274541665077578e+01
-7.010528091591797306e+01,4.414903484227225761e+01
-7.010938132457930294e+01,4.414137790445204246e+01
-7.010752489179560598e+01,4.414958760069443855e+01
-7.009514158631911585e+01,4.413868464872052044e+01
-7.010373561661070596e+01,4.414920115046604110e+01
-7.011200191908390877e+01,4.414541088362237531e+01
-7.010406919779093471e+01,4.415514587022116899e+01
-7.010823241143333462e+01,4.414970740418453232e+01
-7.010640813368971180e+01,4.415147038836438753e+01
-7.010262144128407158e+01,4.412038440127927430e+01
-7.010305316237344186e+01,4.415111561955036734e+01
-7.010408734006060172e+01,4.414319813781759194e+01
-7.010713028422972570e+01,4.415152093683723677e+01
-7.011275457795603927e+01,4.414684035732408773e+01
-7.010563659860868313e+01,4.415114087983339175e+01
-7.010375388255708629e+01,4.414121641605689916e+01
-7.011012716324586336e+01,4.414869114427443719e+01
-7.010863946519397416e+01,4.414274925873245792e+01
-7.009098208075599246e+01,4.415565167202671404e+01
-7.011278968827809877e+01,4.414762026807766659e+01
-7.009400502232266206e+01,4.415562564902022302e+01
-7.010000382518693129e+01,4.415405890665586242e+01
-7.010747597870339121e+01,4.414627273459088741e+01
-7.009547532626820043e+01,4.415787800985238931e+01
-7.010752519247743919e+01,4.414945830804816040e+01
-7.010563292929060708e+01,4.414928930659173290e+01
-7.010067695734366566e+01,4.414936234693411166e+01
-7.010524271254550399e+01,4.414199808199572317e+01
-7.011274960294576886e+01,4.414929813553614224e+01
-7.010897128874596262e+01,4.414967909416444058e+01
-7.010449180391648838e+01,4.415071546153018289e+01
-7.010454957445706725e+01,4.415117484142066218e+01
-7.010634784607096037e+01,4.414106624232695708e+01
-7.011200620081831403e+01,4.414543556059345519e+01
-7.010003837027055340e+01,4.414847044251023789e+01
-7.011049407988278404e+01,4.414252522542297186e+01
-7.010974965526787628e+01,4.414170624006870725e+01
-7.011427082863933435e+01,4.414758378025609886e+01
-7.010897304426967480e+01,4.414923663192494274e+01
-7.009323999999999444e+01,4.415498999999999796e+01
-7.010715270281463063e+01,4.414975446829076589e+01
-7.010706731922353185e+01,4.414970628451292356e+01
-7.011126359047842982e+01,4.414359245808395116e+01
-7.010221150809958601e+01,4.415185438232532533e+01
-7.010976853062439318e+01,4.414196269533931627e+01
-7.011163422657133992e+01,4.414964419403193574e+01
-7.010303190348818703e+01,4.414604709015449657e+01
-7.009400703180948256e+01,4.413927006085805971e+01
-7.010821970994653896e+01,4.414915038935120606e+01
-7.010181435113879900e+01,4.412189572828192752e+01
-7.011016317273289644e+01,4.414820884616157315e+01
-7.010341432044991450e+01,4.414062843905627886e+01
-7.009244808484038458e+01,4.415683274777831002e+01
-7.010302894175950428e+01,4.415195221678886384e+01
-7.010866554311192544e+01,4.414632940108680970e+01
-7.009437721636743390e+01,4.415575186709896371e+01
-7.010520563229708557e+01,4.414248801016670143e+01
-7.009919656208495553e+01,4.414856521089362928e+01
-7.010938461071891936e+01,4.414855301504052676e+01
-7.010748972896928422e+01,4.414836048250437983e+01
-7.011049722424775155e+01,4.414409706349414364e+01
-7.010376337062096752e+01,4.415087222549229296e+01
-7.010935747320081646e+01,4.414788785152942552e+01
-7.011276788632645207e+01,4.414678856608395563e+01
-7.010975548552556802e+01,4.414164603942526810e+01
-7.011313309874580568e+01,4.414705112473927073e+01
-7.010709761588367428e+01,4.415159385436584216e+01
-7.010677658175205806e+01,4.415189602290021043e+01
-7.010903813658529771e+01,4.414121709198229127e+01
-7.009738889704587450e+01,4.411842451543541443e+01
-7.009626109951919659e+01,4.411902912421080458e+01
-7.011162060328628343e+01,4.414588181918518472e+01
-7.009214813740749150e+01,4.415460556787168400e+01
-7.009812587964104580e+01,4.411816570729909159e+01
-7.009739166243385000e+01,4.411841259371922774e+01
-7.009624994311393209e+01,4.415575332970281863e+01
-7.010932915912702867e+01,4.414190709360172349e+01
-7.010941798236746081e+01,4.414229278979200188e+01
-7.011053562110528503e+01,4.414312672027815410e+01
-7.009438124800337278e+01,4.415575739455590565e+01
-7.011274000000000228e+01,4.414688999999999908e+01
-7.011236995735328037e+01,4.414683418288316119e+01
-7.011274474591211003e+01,4.414683330083134649e+01
-7.010975703134887738e+01,4.414165539399706262e+01
-7.010376021326833040e+01,4.415184202418483750e+01
-7.010558055731345917e+01,4.415236873583115340e+01
-7.010596957599567247e+01,4.415060923813945948e+01
-7.010903840965262646e+01,4.414254691487420956e+01
-7.010192932824354273e+01,4.414272440675976839e+01
-7.009323999999999444e+01,4.415498999999999796e+01
-7.009249705304254974e+01,4.415459954903774076e+01
-7.010480875952413271e+01,4.415000067525107852e+01
-7.010453153783909386e+01,4.414848229888400510e+01
-7.010670383122014471e+01,4.415708613322856024e+01
-7.010489899846166395e+01,4.415757217112640376e+01
-7.010745666178456759e+01,4.414194473781193295e+01
-7.011086085867462714e+01,4.414633139205614754e+01
-7.011047601235350157e+01,4.414706510748428059e+01
-7.009739411737071180e+01,4.415003512635159666e+01
-7.011423999999999523e+01,4.414770000000000039e+01
-7.010598728470661456e+01,4.415091974623532423e+01
-7.010600175035156667e+01,4.415196342114563066e+01
-7.011045909384530717e+01,4.414978309109253019e+01
-7.009101941658164492e+01,4.415544651293725309e+01
-7.010858511565206186e+01,4.414243488554576089e+01
-7.011050669376382416e+01,4.414252402784718754e+01
-7.010974000000000217e+01,4.414175999999999789e+01
-7.009810736903314421e+01,4.415217356620591005e+01
-7.009697249903399552e+01,4.415401375525451044e+01
-7.009844599699937362e+01,4.415158512807517610e+01
-7.011122128503320994e+01,4.414898754961782856e+01
-7.011053573954362150e+01,4.414794960148288538e+01
-7.010338141108834975e+01,4.414242120532665581e+01
-7.010182019893221650e+01,4.414314381241789675e+01
-7.010975455561546710e+01,4.414170148440830133e+01
-7.010556047148811842e+01,4.414972260727653008e+01
-7.011010142625141839e+01,4.414388487861631205e+01
-7.011126868963155800e+01,4.414364146165299729e+01
-7.010714813161074233e+01,4.414682243724649169e+01
-7.010715572658371286e+01,4.414654518045857401e+01
-7.009852803629068774e+01,4.414794412612485530e+01
-7.009881828976317308e+01,4.414789140817489965e+01
-7.010220538069854967e+01,4.414484607837667340e+01
-7.010265701065229393e+01,4.414415199949372237e+01
-7.009136836488040956e+01,4.415440278439163535e+01
-7.010001153052553491e+01,4.415193262331116841e+01
-7.010113769986681120e+01,4.415193989773225525e+01
-7.010446859554960497e+01,4.414975797956910242e+01
-7.009735999999999478e+01,4.415012999999999721e+01
-7.010828205751697340e+01,4.414789435315346822e+01
-7.010223062287687412e+01,4.415519033969012241e+01
-7.010301343567773813e+01,4.412063988528350933e+01
-7.010115208225975891e+01,4.414921504622652293e+01
-7.011048184170498132e+01,4.414761028701442314e+01
-7.010789272859317123e+01,4.414492225980664131e+01
-7.009927928293996047e+01,4.414746784946387947e+01
-7.010790488366576767e+01,4.414796037346209800e+01
-7.010792851490656119e+01,4.414956258260346544e+01
-7.010790658814018173e+01,4.414282927007744206e+01
-7.010859168641644601e+01,4.414626036265195808e+01
-7.011052842114258965e+01,4.414244272324451401e+01
-7.011119686427309716e+01,4.414838712455028258e+01
-7.011160389455872632e+01,4.414895568362268818e+01
-7.010228669607964491e+01,4.414524636461931095e+01
-7.010226243990376815e+01,4.414417592812100111e+01
-7.010300470421046271e+01,4.414368820219505807e+01
-7.010262501376229238e+01,4.414466337167078791e+01
-7.011277404549593939e+01,4.414677484109189010e+01
-7.009658477543034394e+01,4.415397282591711559e+01
-7.009733217238232328e+01,4.415373288344872549e+01
-7.011200915470469397e+01,4.414549504709376038e+01
-7.011126437228026020e+01,4.414353823972064816e+01
-7.011123999999999512e+01,4.414365000000000094e+01
-7.010708183678798378e+01,4.415162076818585746e+01
-7.010708896926664124e+01,4.415140374734193784e+01
-7.010709699202951128e+01,4.415104192489213375e+01
-7.010115127224533182e+01,4.415114426405470027e+01
-7.009475204881172772e+01,4.415595822742968579e+01
-7.010002173850661222e+01,4.414766461883073845e+01
-7.010072000505947187e+01,4.414873692632377100e+01
-7.010302303916999733e+01,4.414362897171292843e+01
-7.011164519028162090e+01,4.414927338401524537e+01
-7.011128624143948684e+01,4.414903607000002950e+01
-7.010335999999999501e+01,4.412069999999999936e+01
-7.010378990325192206e+01,4.414331137883586820e+01
-7.010264857058221821e+01,4.414311079491251633e+01
-7.010222955227892783e+01,4.414355447798697440e+01
-7.009816430261801656e+01,4.415144812719292844e+01
-7.009742362580504960e+01,4.415383471170198959e+01
-7.010263806202293324e+01,4.414766967745075732e+01
-7.010754538794768109e+01,4.415039471374342384e+01
-7.010975812653329342e+01,4.414195295285612985e+01
-7.010339247650288996e+01,4.415091920732100306e+01
-7.010227733296886754e+01,4.414434558921380614e+01
-7.010223802029544515e+01,4.414436909369570827e+01
-7.010336584942690763e+01,4.414239333691590872e+01
-7.011088214272653829e+01,4.414871213535997185e+01
-7.010153784023937362e+01,4.415626695102235999e+01
-7.011053022696430048e+01,4.414790095466873510e+01
-7.010939153808443791e+01,4.414845648103357689e+01
-7.011204459588475402e+01,4.414875872628819309e+01
-7.010900711330074841e+01,4.415003164442763506e+01
-7.010380648343843291e+01,4.415040682441273390e+01
-7.010452890008097881e+01,4.414504329745387423e+01
-7.010969771098145031e+01,4.414754228501514888e+01
-7.010866766115513826e+01,4.414846655341295900e+01
-7.010406328097725748e+01,4.414432992115387577e+01
-7.010453997515756441e+01,4.415148294699966414e+01
-7.009474937947237549e+01,4.413900331198379945e+01
-7.010484526304395558e+01,4.414701152548748553e+01
-7.010149462564170619e+01,4.411984310864352921e+01
-7.010751718085192863e+01,4.414903321724065677e+01
-7.009775804221561657e+01,4.414946698468890673e+01
-7.010864584751975315e+01,4.414256860826713336e+01
-7.010405603273756014e+01,4.414999664325712558e+01
-7.011016446171527150e+01,4.414796216670771400e+01
-7.010526383693162700e+01,4.415143672330725622e+01
-7.009436981832983804e+01,4.415574372316700646e+01
-7.010788903002691086e+01,4.414309239666698659e+01
-7.009324334363920173e+01,4.415488405216684953e+01
-7.010294445947616282e+01,4.414082190693255825e+01
-7.010299109150274433e+01,4.414129607395884136e+01
-7.011052555336381431e+01,4.414874824729577085e+01
-7.009770360703346626e+01,4.415059476575393660e+01
-7.010593322231800073e+01,4.415027561950137880e+01
-7.010786022460040101e+01,4.414869739196029030e+01
-7.010717605849765732e+01,4.414902087206604619e+01
-7.010182856749823088e+01,4.414945112395069060e+01
-7.009326141407898092e+01,4.415487335480604258e+01
-7.011048993079826630e+01,4.414675607981722294e+01
-7.010633332842220966e+01,4.415705233394069751e+01
-7.010482405138087358e+01,4.415716574170981090e+01
-7.011275669645360153e+01,4.414683296908283694e+01
-7.009325055980833952e+01,4.415493028610353576e+01
-7.010863926086156539e+01,4.415058907204215188e+01
-7.010902708452542242e+01,4.415113870676793084e+01
-7.011275095823451409e+01,4.414678583927740618e+01
-7.009700573787108624e+01,4.411896171217453144e+01
-7.010602623661758059e+01,4.415197728512865183e+01
-7.011237436127699141e+01,4.414682830396533575e+01
-7.011348999999999876e+01,4.414742999999999995e+01
-7.010448211918999561e+01,4.414977982966365033e+01
-7.011274647514571257e+01,4.414678319900271930e+01
-7.011276275998466190e+01,4.414678108511079557e+01
-7.011122443168810037e+01,4.414869304545274531e+01
-7.011308273841854088e+01,4.414899152064232624e+01
-7.010679058365218452e+01,4.415037894489199033e+01
-7.010677687007540726e+01,4.415011643723223500e+01
-7.009324693963010589e+01,4.415493106912703070e+01
-7.011425228416520383e+01,4.414763929787826413e+01
-7.010939074554127615e+01,4.414145436646954579e+01
-7.011014368301967181e+01,4.414925598426546571e+01
-7.010827660038927434e+01,4.414813063987345032e+01
-7.010598731819968066e+01,4.414148040865323708e+01
-7.010296565732774354e+01,4.414431837964546901e+01
-7.010002972397559518e+01,4.414658852394644128e+01
-7.009958004855937475e+01,4.414648946956459952e+01
-7.011083399510773972e+01,4.414358818521246519e+01
-7.009325893646986572e+01,4.415493665491767672e+01
-7.009252579252854787e+01,4.415462016912070453e+01
-7.010226878642089332e+01,4.414531239397005891e+01
-7.010414177792638668e+01,4.415011500864108740e+01
-7.010108060688334319e+01,4.414237784499042760e+01
-7.010111005715030785e+01,4.414328118679632951e+01
-7.010864829641393214e+01,4.414197176257695787e+01
-7.010902288368521340e+01,4.414174515441398938e+01
-7.009326281567801686e+01,4.415488237080698042e+01
-7.009250604087725378e+01,4.415460214397085537e+01
-7.010858394472676025e+01,4.414138109858867409e+01
-7.011011811133043636e+01,4.414225494223478563e+01
-7.010974000000000217e+01,4.414175999999999789e+01
-7.009095324468795241e+01,4.415617581068801911e+01
-7.009058138556599715e+01,4.415606338368773010e+01
-7.009136936659669459e+01,4.415623391169688716e+01
-7.010974000000000217e+01,4.414175999999999789e+01
-7.009962175314737465e+01,4.414778686405450969e+01
-7.010975863059708502e+01,4.414166026076838989e+01
-7.010975885248814166e+01,4.414169903132994222e+01
-7.011200844046832970e+01,4.414541532139584490e+01
-7.011200568175289050e+01,4.414541710916898865e+01
-7.010378767635235420e+01,4.414226270632632065e+01
-7.010341459658663155e+01,4.414146330903318471e+01
-7.010487802548458092e+01,4.415027662256133567e+01
-7.010528304807522204e+01,4.414982257103020657e+01
-7.010483368658174186e+01,4.415081984503809309e+01
-7.009325529298830304e+01,4.415487256970742891e+01
-7.009325318012825790e+01,4.415494161637719372e+01
-7.010000139952359177e+01,4.411978237780592593e+01
-7.010151783206481468e+01,4.411978339746269739e+01
-7.009996898562410195e+01,4.415438276418550601e+01
-7.010000727483877370e+01,4.415341368055216975e+01
-7.010150192525041746e+01,4.415130478970349515e+01
-7.010146164111529288e+01,4.415222208061700826e+01
-7.010145269429814618e+01,4.415112816470386292e+01
-7.011089897786440872e+01,4.414821868959837303e+01
-7.009887301196903309e+01,4.414849958667483065e+01
-7.010557639750280146e+01,4.414808755450576427e+01
-7.010451502749525332e+01,4.414827088125404231e+01
-7.010484215253337936e+01,4.414814415082388166e+01
-7.011048880109869685e+01,4.414563373102034660e+01
-7.010902330394952742e+01,4.414996311432850007e+01
-7.010262782714927710e+01,4.414450596035219121e+01
-7.010341586117561974e+01,4.414497513858592725e+01
-7.009250265394835822e+01,4.415467225905120330e+01
-7.010263332972705541e+01,4.415577531219270213e+01
-7.010707017892282522e+01,4.414239028853353375e+01
-7.009930049064765001e+01,4.415411611319661489e+01
-7.009994248656647642e+01,4.415380309749230747e+01
-7.009966329343957625e+01,4.415335449335540119e+01
-7.010903220378415313e+01,4.414207387636587043e+01
-7.010217826296107546e+01,4.414378818162695950e+01
-7.010226442643903511e+01,4.414518862293246571e+01
-7.010077117204114927e+01,4.414607191064099112e+01
-7.011051380477026385e+01,4.414251820679242400e+01
-7.009551457558164600e+01,4.415589924081129425e+01
-7.009437885824173975e+01,4.415569516142807771e+01
-7.009586000000000183e+01,4.415579999999999927e+01
-7.011199000000000581e+01,4.414553999999999689e+01
-7.011200711802747776e+01,4.414541206026797227e+01
-7.010115203863844613e+01,4.415386417874594116e+01
-7.009888401819510761e+01,4.414821511029008150e+01
-7.010377886035512063e+01,4.415010581200590423e+01
-7.010107470030426668e+01,4.414183324560607957e+01
-7.010154410290301996e+01,4.414221241814641417e+01
-7.010296073039650366e+01,4.414538856595729754e+01
-7.010222138780640933e+01,4.414544432629671178e+01
-7.010412809099672415e+01,4.415146948066337274e+01
-7.010409179468001639e+01,4.415148332274982579e+01
-7.010376987030564067e+01,4.415070320409087401e+01
-7.011201963540473514e+01,4.414542703227041898e+01
-7.011200568114125531e+01,4.414549415193067716e+01
-7.011199000000000581e+01,4.414553999999999689e+01
-7.010264895820613162e+01,4.415091724041626264e+01
-7.010227883120563774e+01,4.415171998119161145e+01
-7.010153635914738857e+01,4.415091160730514019e+01
-7.009176063498803444e+01,4.415617209958050893e+01
-7.009249066656043681e+01,4.415593736520349921e+01
-7.009207779299524077e+01,4.415616295643380340e+01
-7.010602166084763098e+01,4.414201395472792910e+01
-7.010670340666098355e+01,4.414195501398796040e+01
-7.010669557126698237e+01,4.414287839343084840e+01
-7.010074000000000183e+01,4.411988999999999805e+01
-7.010303271781769752e+01,4.414660871510376694e+01
-7.010259078317729120e+01,4.415538576432113871e+01
-7.011049425783836853e+01,4.414244840460241903e+01
-7.010670865733311530e+01,4.415216214437747055e+01
-7.011277957862084520e+01,4.414990078094916015e+01
-7.010790461573317600e+01,4.414794157700040955e+01
-7.011047829015295463e+01,4.414755769242145078e+01
-7.009588652840578504e+01,4.415570243710348564e+01
-7.010487199338676589e+01,4.415114654421602580e+01
-7.009176752652130915e+01,4.415599617166380142e+01
-7.010789292164743358e+01,4.414170019903328779e+01
-7.010755547514222030e+01,4.415201912389085237e+01
-7.010453195120406633e+01,4.414175351426788296e+01
-7.010823211000300148e+01,4.414868597294612584e+01
-7.011079736169102716e+01,4.414855052032196170e+01
-7.011085845731427924e+01,4.414835218365264069e+01
-7.011198389317964086e+01,4.414842954845155276e+01
-7.011122683226034269e+01,4.414835947328815990e+01
-7.009844797849152087e+01,4.414881097200034787e+01
-7.011274579119741190e+01,4.414683469175613340e+01
-7.011234881983955347e+01,4.414847634115900377e+01
-7.009439274472575221e+01,4.413889381236385390e+01
-7.010376604058686212e+01,4.415065255094542351e+01
-7.010339619159083213e+01,4.415093533342437837e+01
-7.010414542345856148e+01,4.415119584847931122e+01
-7.010219117535488920e+01,4.414466443657227757e+01
-7.011125225150597373e+01,4.414359503394594952e+01
-7.011124765785585566e+01,4.414353366403635448e+01
-7.010299466937800617e+01,4.414453960267728405e+01
-7.010339539151014776e+01,4.414429292715642816e+01
-7.010189449929838190e+01,4.414442944936269697e+01
-7.010263536189060574e+01,4.414108890689288245e+01
-7.011276678657981165e+01,4.414677895725279200e+01
-7.011274869825746237e+01,4.414684221794541941e+01
-7.011275194150483969e+01,4.414677912419694650e+01
-7.010827849824163138e+01,4.414923875835363987e+01
-7.010942330131926781e+01,4.414847472548314755e+01
-7.010218417281225811e+01,4.414538943437070628e+01
-7.010189195397089179e+01,4.414498756239244415e+01
-7.010295459770041759e+01,4.414463119955242831e+01
-7.009921806690766743e+01,4.415378974339792251e+01
-7.009930111765984861e+01,4.415383308921988714e+01
-7.010041368661704553e+01,4.415404724530842628e+01
-7.010785986835568906e+01,4.414682451180532752e+01
-7.010828049563340869e+01,4.414681753297311673e+01
-7.011275913524477232e+01,4.414676436196614873e+01
-7.010976110859085964e+01,4.414164483542859330e+01
-7.011054086616576342e+01,4.414721093274513919e+01
-7.010708786645818691e+01,4.414139156852586154e+01
-7.010865451626142431e+01,4.414258384493309251e+01
-7.010407890374543172e+01,4.415028144286938527e+01
-7.010378342699546295e+01,4.415121189220153752e+01
-7.010447698527647731e+01,4.415049449020909123e+01
-7.011242088795036409e+01,4.414843598105378675e+01
-7.011129712029617167e+01,4.414794583381365101e+01
-7.010413766373559952e+01,4.415053382758238598e+01
-7.010415062151673737e+01,4.415120584233670087e+01
-7.011048999999999864e+01,4.414256999999999920e+01
-7.011204334339360855e+01,4.414877646691103052e+01
-7.009323999999999444e+01,4.415498999999999796e+01
-7.009325843081379048e+01,4.415493259098747814e+01
-7.010521385082817858e+01,4.415032718449699445e+01
-7.010565278406056677e+01,4.414951696162489014e+01
-7.010147221835289599e+01,4.415543318842790654e+01
-7.010190368295640440e+01,4.415495744213780682e+01
-7.010151911667391289e+01,4.415495981566920847e+01
-7.011274704758649534e+01,4.414683479309346836e+01
-7.009659520992391890e+01,4.415353474018257884e+01
-7.009703664554564284e+01,4.415389409218727934e+01
-7.009665402674770007e+01,4.415361129151055763e+01
-7.010152615364089002e+01,4.414926027946438580e+01
-7.010071230495202599e+01,4.414863908063457387e+01
-7.011278281095415821e+01,4.414930469403547875e+01
-7.011279574913363888e+01,4.414874235306154304e+01
-7.010902082661998236e+01,4.414929031923341540e+01
-7.010975317030840870e+01,4.414877140864890492e+01
-7.010931894952575760e+01,4.414885038304864651e+01
-7.010970025950609852e+01,4.414900721850052889e+01
-7.010904983098312471e+01,4.414882474395579948e+01
-7.010828354818237074e+01,4.414875312286455511e+01
-7.011201720930098702e+01,4.414536862745578105e+01
-7.011163994981936298e+01,4.414542713616467040e+01
-7.010972248425203190e+01,4.414743769595378353e+01
-7.010791355901253041e+01,4.414795851410977434e+01
-7.010855820713865683e+01,4.414592144446761779e+01
-7.010895778471063977e+01,4.414299638458750508e+01
-7.010710243053486579e+01,4.414279667660900230e+01
-7.010713913824002930e+01,4.414194673877854314e+01
-7.010299590181047336e+01,4.414410338475823181e+01
-7.010746929884221856e+01,4.413648779695034108e+01
-7.010977542882939417e+01,4.414618451768837559e+01
-7.010107625700220524e+01,4.415650877012431152e+01
-7.010111989148295208e+01,4.415616469511647324e+01
-7.010153739692300690e+01,4.415551501780628740e+01
-7.010376946103104956e+01,4.414223863912435064e+01
-7.010297054543217143e+01,4.414159718796175014e+01
-7.010975685193329809e+01,4.414171568837602422e+01
-7.011046151342026178e+01,4.414347494758054324e+01
-7.010979393413178684e+01,4.414390566717211328e+01
-7.011127036994135153e+01,4.414819435159969174e+01
-7.010863032334074774e+01,4.414914293044441962e+01
-7.010265928761866405e+01,4.414468124041558639e+01
-7.011087774463635469e+01,4.414333180906579202e+01
-7.010751171360378464e+01,4.415255961740940194e+01
-7.010372039354383844e+01,4.415048543740206810e+01
-7.011164834138412516e+01,4.414847669813430997e+01
-7.009251218027974062e+01,4.415459507694982477e+01
-7.009249611080115017e+01,4.415465900402512034e+01
-7.010524516915366178e+01,4.415139408529014275e+01
-7.010527953060999096e+01,4.415061507100422489e+01
-7.010376794032345060e+01,4.414368645963189408e+01
-7.010371689973274556e+01,4.415112895174873842e+01
-7.009439705112322372e+01,4.413893951823563810e+01
-7.010377159941852199e+01,4.414956555595275489e+01
-7.011010392122274482e+01,4.414869730395916037e+01
-7.010903491150351385e+01,4.414848038753254400e+01
-7.010414362562762847e+01,4.415468214389098733e+01
-7.010567438425248099e+01,4.414954601022185443e+01
-7.010071939283382392e+01,4.415409666329924931e+01
-7.010553938314224354e+01,4.415050767383458208e+01
-7.010709264719616840e+01,4.414249404161878942e+01
-7.010938324525062626e+01,4.414358590851204411e+01
-7.010977882513638804e+01,4.414391045243557699e+01
-7.010903692270612453e+01,4.414520201414829614e+01
-7.010857512779985257e+01,4.414537703383292211e+01
-7.009851177892835494e+01,4.414837466182725478e+01
-7.010896648051624425e+01,4.414985956482820484e+01
-7.010895420483555540e+01,4.414920060969812710e+01
-7.011012231839288233e+01,4.414463737085401362e+01
-7.010941541775305552e+01,4.414820786941208297e+01
-7.011128305798044380e+01,4.414444533375350233e+01
-7.010754856325546314e+01,4.414715168251554900e+01
-7.009854200760712217e+01,4.414821797002257142e+01
-7.011013323064511837e+01,4.414639286227581749e+01
-7.009436640445949251e+01,4.415568031060293919e+01
-7.010340785391736063e+01,4.415012247952563484e+01
-7.010898334589288083e+01,4.414379512723038346e+01
-7.010003371113418780e+01,4.415199426715025766e+01
-7.010827188977988556e+01,4.414932143200787351e+01
-7.010678707113574148e+01,4.415252881842274491e+01
-7.010374889681710897e+01,4.415030456172605966e+01
-7.009550189781406004e+01,4.415602356401232953e+01
-7.011047477089613267e+01,4.414864006430746457e+01
-7.010863812026201458e+01,4.414903718488672268e+01
-7.010262446716481577e+01,4.414244436608078104e+01
-7.010225735130850921e+01,4.414553032370196917e+01
-7.010638942334054491e+01,4.415147434329062293e+01
-7.010865321054589572e+01,4.414904201850443144e+01
-7.010378116923165237e+01,4.414977379019967429e+01
-7.010334599880685857e+01,4.415078834169249689e+01
-7.010191535423840037e+01,4.415523407880089479e+01
-7.010406576651416799e+01,4.415105903273552457e+01
-7.010149751396728846e+01,4.411976604047228534e+01
-7.010790073583703474e+01,4.414869253242417102e+01
-7.009883474826472138e+01,4.414887866120984228e+01
-7.010415154265216131e+01,4.414989640576068552e+01
-7.010109763620604895e+01,4.415105406049861614e+01
-7.010679262276811130e+01,4.414990147747411697e+01
-7.011007978963611720e+01,4.414223386867681143e+01
-7.010640428310060202e+01,4.414113009403653365e+01
-7.010445019295775637e+01,4.415032984634760993e+01
-7.011120849492623108e+01,4.414841279957621367e+01
-7.010634211378626901e+01,4.414439007212745736e+01
-7.010901785419326870e+01,4.414597273120792664e+01
-7.009511000000000536e+01,4.415606999999999971e+01
-7.011009371107670063e+01,4.414839656262010692e+01
-7.010902014544193150e+01,4.414305240268257080e+01
-7.010939749616868255e+01,4.414334670360651103e+01
-7.010602929978028897e+01,4.414768719634176364e+01
-7.010491089006245602e+01,4.414147583983187673e+01
-7.010376717622843046e+01,4.415119251245756260e+01
-7.010449601270570952e+01,4.415076215710882934e+01
-7.010711724804146172e+01,4.415068183484431330e+01
-7.009963664463423072e+01,4.415118660549968155e+01
-7.011091487071611539e+01,4.414801458133771916e+01
-7.010790805285488148e+01,4.415216194335178557e+01
-7.010490044136030008e+01,4.415447240482838964e+01
-7.010341859083166582e+01,4.414522629135109355e+01
-7.010302388867579282e+01,4.414955882159281941e+01
-7.010706382045168539e+01,4.414470779930962863e+01
-7.010077053248143386e+01,4.415222159277316649e+01
-7.011082938221690597e+01,4.414842362704591494e+01
-7.010518822186199372e+01,4.414455098802333310e+01
-7.010341570343881301e+01,4.414416435739328648e+01
-7.011013754228845585e+01,4.415007380362417422e+01
-7.010226887625468351e+01,4.414529678527505041e+01
-7.010902536189027501e+01,4.414660364161773032e+01
-7.010190671633952775e+01,4.415115624049127518e+01
-7.011165250596191356e+01,4.414896138079187438e+01
-7.011126413356723219e+01,4.414849423567581965e+01
-7.009775963727253156e+01,4.411821417126467537e+01
-7.010407620867272271e+01,4.415674265401223408e+01
-7.009282841977831424e+01,4.415625094111193505e+01
-7.010223416883945902e+01,4.414572115244895656e+01
-7.010295879709579481e+01,4.414273799545697585e+01
-7.010518431141063900e+01,4.415242081904050053e+01
-7.011007107290731710e+01,4.414811069476215977e+01
-7.011235999999999535e+01,4.414688999999999908e+01
-7.010866022408592357e+01,4.414957923151936825e+01
-7.010899995407244489e+01,4.414171882168821526e+01
-7.010828442774143809e+01,4.415306398698282209e+01
-7.011015496899578636e+01,4.414766804992090243e+01
-7.010151960085532608e+01,4.411976384639157089e+01
-7.010828427769662596e+01,4.415070491247406892e+01
-7.010896613748363393e+01,4.414896345087979768e+01
-7.011274000000000228e+01,4.414688999999999908e+01
-7.011052421901420928e+01,4.414956788226549378e+01
-7.010414797291564071e+01,4.414523612902922878e+01
-7.009103742857051600e+01,4.415580032043428105e+01
-7.010002068931433428e+01,4.415200373111092347e+01
-7.010902784448168745e+01,4.414257686061914399e+01
-7.010565977438679397e+01,4.415125163421968324e+01
-7.010709802782591282e+01,4.415083855936886437e+01
-7.010670821651760320e+01,4.415080571989754077e+01
-7.011239898533560222e+01,4.414917732313350029e+01
-7.010641844454954708e+01,4.415120032528032112e+01
-7.010631791239322297e+01,4.415102462409642925e+01
-7.010974232538761441e+01,4.414492669095785971e+01
-7.009102700043190737e+01,4.415692331520006775e+01
-7.009139208189954218e+01,4.415660330003812817e+01
-7.010558447481906796e+01,4.414812638578138859e+01
-7.010566014123452305e+01,4.414877152866917953e+01
-7.010190684353855772e+01,4.414195782937045465e+01
-7.011129159022998181e+01,4.414794261929728947e+01
-7.011127400632111062e+01,4.414823374069154482e+01
-7.011275629451202462e+01,4.414677838349264505e+01
-7.011201693533944024e+01,4.414542439415865971e+01
-7.011313240517499423e+01,4.414711348024918891e+01
-7.009289322186674553e+01,4.415488029962239835e+01
-7.009811540348748338e+01,4.411814530067708517e+01
-7.009814079967453893e+01,4.411815645650899143e+01
-7.010939098230988975e+01,4.414179940182889084e+01
-7.010941209808675012e+01,4.414199419484930331e+01
-7.010152225894979949e+01,4.411977671614113206e+01
-7.010597461589502188e+01,4.415030641503982167e+01
-7.010601428527671430e+01,4.415032553005103466e+01
-7.010377764651936161e+01,4.415065518023082092e+01
-7.011200867369953471e+01,4.414549546595174689e+01
-7.011162110212525533e+01,4.414901748154995431e+01
-7.010372781915000928e+01,4.415652693979554755e+01
-7.010371137329619273e+01,4.415641176886737895e+01
-7.010377937232412648e+01,4.415199615239326647e+01
-7.010450813285626737e+01,4.415253797434760230e+01
-7.010716288208713820e+01,4.415228460726689264e+01
-7.010713488152012474e+01,4.415157841337668998e+01
-7.010302605823326871e+01,4.414363956557956215e+01
-7.010295345675423562e+01,4.414356089282607343e+01
-7.009963359855861142e+01,4.415410168316265072e+01
-7.010002746274766139e+01,4.415467056974382842e+01
-7.010372545108511133e+01,4.415059410628903436e+01
-7.009625805452111535e+01,4.415574333591560219e+01
-7.010975583398982280e+01,4.414171615747241617e+01
-7.010939011383536013e+01,4.414952061773106351e+01
-7.010939821688026541e+01,4.414915220683086972e+01
-7.009325688841526869e+01,4.415493630086296406e+01
-7.009325460720069145e+01,4.415487854538453405e+01
-7.009995799442826581e+01,4.414861906429032246e+01
-7.011130658794992598e+01,4.414795298893497488e+01
-7.011091061558153115e+01,4.414783225491247975e+01
-7.010715061132414405e+01,4.415252100871695262e+01
-7.010451213529702841e+01,4.414120192104088147e+01
-7.010455634411641768e+01,4.414984478858136896e+01
-7.010829071602482543e+01,4.414977330211885231e+01
-7.010597099013021705e+01,4.414955527440046978e+01
-7.010078187862730204e+01,4.414957132346474111e+01
-7.011047172934786431e+01,4.414942871520330669e+01
-7.010147583419562523e+01,4.414382987129309299e+01
-7.010940620116021194e+01,4.414244390036783017e+01
-7.010979374904815131e+01,4.414172056112806075e+01
-7.010369176836287863e+01,4.414407471226813584e+01
-7.010080556401737795e+01,4.415529604617109527e+01
-7.010184440038628395e+01,4.414939724560355927e+01
-7.011123894963108683e+01,4.414844752354580493e+01
-7.010337071212761373e+01,4.414116595853099767e+01
-7.010078622789875169e+01,4.415417353186253280e+01
-7.011052856800947097e+01,4.414760742266444993e+01
-7.010150680676321144e+01,4.411984227158153971e+01
-7.010150405911156213e+01,4.411984053539833894e+01
-7.011015851181706182e+01,4.414898499133140319e+01
-7.011237770460770946e+01,4.414679154488951696e+01
-7.010828102773956516e+01,4.414956310634540415e+01
-7.010783652995718285e+01,4.414967234649027716e+01
-7.010451253488120926e+01,4.414789596933654536e+01
-7.010453080882049903e+01,4.414816019169588657e+01
-7.009130027508037131e+01,4.415623626403382929e+01
-7.010560768675435384e+01,4.414735582159769223e+01
-7.010338087959540587e+01,4.412054227284469476e+01
-7.010303350214010720e+01,4.414491383951469317e+01
-7.010258165702759925e+01,4.414543940579580550e+01
-7.010823203725084340e+01,4.414930094554685525e+01
-7.010898251674025516e+01,4.414877468419994244e+01
-7.011242403058827222e+01,4.414922539157463177e+01
-7.011314570798980128e+01,4.414870799951324898e+01
-7.010041530815297506e+01,4.415276111890994315e+01
-7.010001872576982862e+01,4.415243359361862474e+01
-7.009997084818633084e+01,4.415310114949553366e+01
-7.009927833986424162e+01,4.415476005282852157e+01
-7.009853942849834141e+01,4.415523592868777314e+01
-7.009883140475396601e+01,4.415490891542722096e+01
-7.009888521866369615e+01,4.415471865042984234e+01
-7.011006911868537372e+01,4.414818535674269384e+01
-7.011013217505977480e+01,4.414870246903930706e+01
-7.011012945406672259e+01,4.414407238477733841e+01
-7.010975682808417275e+01,4.414436412712470315e+01
-7.011011382630445610e+01,4.414409311099807098e+01
-7.011050235818208876e+01,4.414251372142849306e+01
-7.011048999999999864e+01,4.414256999999999920e+01
-7.011051099715291457e+01,4.414246016009812479e+01
-7.010901357992356964e+01,4.414848285136845618e+01
-7.010865363914601289e+01,4.414868153436803766e+01
-7.010858840217474608e+01,4.414844272708815964e+01
-7.010901769072029310e+01,4.414891847809046510e+01
-7.010338482644958447e+01,4.415076669894608585e+01
-7.010265363752911583e+01,4.415092202627042894e+01
-7.010298170980603061e+01,4.415040570990117175e+01
-7.010336405913284352e+01,4.415110417594313219e+01
-7.010602090506027650e+01,4.415174202058145170e+01
-7.010633690935158313e+01,4.415190067903889570e+01
-7.010597253901147496e+01,4.415244680215496231e+01
-7.010905533648643484e+01,4.414152060360375884e+01
-7.011012625741223303e+01,4.414225716983609260e+01
-7.011009437131195909e+01,4.414570809765589843e+01
-7.010979274009879703e+01,4.414551214282833769e+01
-7.009250015501534392e+01,4.415461998842586411e+01
-7.009325745187318546e+01,4.415494590417073084e+01
-7.009323999999999444e+01,4.415498999999999796e+01
-7.010444353182354860e+01,4.415157769065872628e+01
-7.010447025834749013e+01,4.415167494942794235e+01
-7.010453119037246950e+01,4.415168284194488280e+01
-7.010821662377577468e+01,4.414995166547861771e+01
-7.010858132652890617e+01,4.414945501865361166e+01
-7.010860844198280972e+01,4.414968686282695387e+01
-7.010828065907745099e+01,4.414958111490469150e+01
-7.009884259303893828e+01,4.414814673542522172e+01
-7.009882584606148725e+01,4.414813242096581547e+01
-7.010112380214668804e+01,4.411984729403628336e+01
-7.010112745885444951e+01,4.411983474860148391e+01
-7.010076190917314420e+01,4.411983897561326273e+01
-7.010634645961714284e+01,4.415065352023202649e+01
-7.010595382894275929e+01,4.415082882762640537e+01
-7.010669414678724820e+01,4.415075799721207517e+01
-7.009997164841281858e+01,4.415382998676171411e+01
-7.010006096422021926e+01,4.415444207877082050e+01
-7.009999226152075380e+01,4.415435874484084877e+01
-7.009962451603989564e+01,4.415441697856803671e+01
-7.010225883872058716e+01,4.414703685836673941e+01
-7.010530283296905907e+01,4.415025744915463690e+01
-7.010557253854705095e+01,4.415024806638022881e+01
-7.011015088745784851e+01,4.414815787090080335e+01
-7.011051341534306403e+01,4.414795757939692322e+01
-7.009323999999999444e+01,4.415498999999999796e+01
-7.009326339366022296e+01,4.415492871487246163e+01
-7.010489405387831141e+01,4.415091523150648101e+01
-7.010407871261787704e+01,4.415086277782530289e+01
-7.010745890239141431e+01,4.414683555734967513e+01
-7.010934966146265879e+01,4.414815488857465198e+01
-7.010934133516100530e+01,4.414761558444227774e+01
-7.010226660708426039e+01,4.414459716627489172e+01
-7.010227883720720854e+01,4.414473031126343727e+01
-7.009852218921120937e+01,4.413172057116355518e+01
-7.010333284338302917e+01,4.414969636982700507e+01
-7.010301759410181432e+01,4.414924672130066341e+01
-7.010256217577939708e+01,4.414372073905067850e+01
-7.010228947054621074e+01,4.414259143142344044e+01
-7.010679422013949136e+01,4.415224884094737234e+01
-7.010672172149040193e+01,4.415192177432545151e+01
-7.011275104596120400e+01,4.414684316677167430e+01
-7.011275733231124718e+01,4.414683047177461361e+01
-7.011274637904129747e+01,4.414684391202403191e+01
-7.010444614011844067e+01,4.415076032344558854e+01
-7.009321716194668284e+01,4.415847526582134464e+01
-7.010079155540620377e+01,4.415170339378880726e+01
-7.010680048028881117e+01,4.414270531390872065e+01
-7.010524645486880502e+01,4.414902890403823221e+01
-7.010452045670184873e+01,4.415032500123138703e+01
-7.011124891649447477e+01,4.414833509717064430e+01
-7.011205351477954650e+01,4.414905640875698367e+01
-7.010190678434882727e+01,4.414364258310228450e+01
-7.011015970607309100e+01,4.414897150092874512e+01
-7.010150547796273202e+01,4.411983763341152809e+01
-7.010631152163111324e+01,4.415086469749795839e+01
-7.010676712059107274e+01,4.414625879743000070e+01
-7.010111962219808390e+01,4.415219602851464487e+01
-7.010896081736734686e+01,4.414891567977293363e+01
-7.010940299167211265e+01,4.414957264847380713e+01
-7.011274754599132564e+01,4.414683216137660793e+01
-7.010744446741446723e+01,4.415135235439010586e+01
-7.010672016483152902e+01,4.414641867741927683e+01
-7.010378115012176181e+01,4.415239851454012410e+01
-7.010563449196580166e+01,4.414327762435647884e+01
-7.009962989808943234e+01,4.415388786113401665e+01
-7.010827859735196910e+01,4.414930771840176504e+01
-7.010115227884968192e+01,4.414358634400178971e+01
-7.010190492114830363e+01,4.414915993449496057e+01
-7.010334043631955581e+01,4.415119838951598297e+01
-7.010073482011094370e+01,4.415516175607657345e+01
-7.010256393296901933e+01,4.415107212900226585e+01
-7.010378245448164591e+01,4.414355321225057338e+01
-7.010601986564537924e+01,4.415004265912433112e+01
-7.010859335459362285e+01,4.415083854435688693e+01
-7.009996366736214668e+01,4.415267940039768035e+01
-7.010901203824226968e+01,4.415016361243137055e+01
-7.010111574918902022e+01,4.411977867938983877e+01
-7.010561591990366992e+01,4.414989532747287626e+01
-7.011277614313077322e+01,4.414678565264912891e+01
-7.010713186928082052e+01,4.415176010123828831e+01
-7.011235999999999535e+01,4.414688999999999908e+01
-7.010146580677910322e+01,4.414410851773801880e+01
-7.011015503826313022e+01,4.414918912483572200e+01
-7.010150245303204031e+01,4.415218494174861519e+01
-7.010411091945732664e+01,4.414979868491691661e+01
-7.010785116925255522e+01,4.415023578069066446e+01
-7.010035317801853694e+01,4.415123447000696899e+01
-7.010261490524395356e+01,4.414483615703797881e+01
-7.010639817803665608e+01,4.414971436103808600e+01
-7.010677967987913917e+01,4.414654680540752452e+01
-7.010638439803288691e+01,4.414488927346645397e+01
-7.010637170329610512e+01,4.414960444898375158e+01
-7.010486000000000217e+01,4.415147999999999939e+01
-7.009966505195319542e+01,4.415416794801522116e+01
-7.010305042049250801e+01,4.414389037330266063e+01
-7.010522108188008872e+01,4.415136967679536895e+01
-7.010038185803630029e+01,4.411976653482759048e+01
-7.010377466554338355e+01,4.414426251753152286e+01
-7.011274627333961007e+01,4.414683392099333048e+01
-7.010603560466000772e+01,4.414720225511349838e+01
-7.010603896456038342e+01,4.414982212719077381e+01
-7.009627666942131441e+01,4.411895516537627771e+01
-7.010378349423928057e+01,4.414348099251204616e+01
-7.010602264088699087e+01,4.414934105673098941e+01
-7.011275593454102761e+01,4.414672463859994878e+01
-7.010339732691373626e+01,4.415135988337202377e+01
-7.010826361563172782e+01,4.415222620634816053e+01
-7.010411000000000570e+01,4.415066999999999808e+01
-7.010446314567695936e+01,4.415052407561856285e+01
-7.010863771512501330e+01,4.414629567396604415e+01
-7.010563638937188102e+01,4.415157348727581876e+01
-7.010564567624645349e+01,4.415120613242792302e+01
-7.009853492788539597e+01,4.415146666550177912e+01
-7.010527337613216048e+01,4.415280658086804522e+01
-7.010525097625834690e+01,4.415296587274099949e+01
-7.010679991109307707e+01,4.414338825469359051e+01
-7.010678005768174614e+01,4.414356093369858058e+01
-7.011199693933234300e+01,4.414543118295008384e+01
-7.010903126250303785e+01,4.414577654997204803e+01
-7.009360999999999819e+01,4.413960000000000150e+01
-7.010080407544214154e+01,4.414146485346769566e+01
-7.010942882388910391e+01,4.414170050124594269e+01
-7.010153532557163203e+01,4.414438389549273012e+01
-7.010189823790204855e+01,4.414384088465069311e+01
-7.010038235250384275e+01,4.414395182692231856e+01
-7.010565003173175569e+01,4.415507944759721681e+01
-7.010525266524335564e+01,4.415487313561228433e+01
-7.010676800736625580e+01,4.414605542090664869e+01
-7.010670868830247571e+01,4.414590015246003674e+01
-7.010715845680965685e+01,4.415033704872542586e+01
-7.010751183519641927e+01,4.415028943360583469e+01
-7.010866216561029773e+01,4.414983222844154653e+01
-7.010906711761221288e+01,4.415013422298835621e+01
-7.009811804423614490e+01,4.414926733889997479e+01
-7.010974000000000217e+01,4.414175999999999789e+01
-7.011269957258804197e+01,4.414891770590749331e+01
-7.010670498875461476e+01,4.414332216372594786e+01
-7.010675323222473310e+01,4.414332722528845210e+01
-7.011055275014626886e+01,4.414672008078857601e+01
-7.010826108690307024e+01,4.414699600922407541e+01
-7.009813877417518313e+01,4.414853845166607016e+01
-7.011124277108035585e+01,4.414427180733074607e+01
-7.011093171757389086e+01,4.414680898420030530e+01
-7.010303196051154373e+01,4.415122906326971020e+01
-7.010306620831542546e+01,4.415125727493796859e+01
-7.009586651785485856e+01,4.415575545828621529e+01
-7.010864496326151141e+01,4.414840144632442076e+01
-7.010861420993519744e+01,4.414871888567517999e+01
-7.010938737573673052e+01,4.414623601868575520e+01
-7.010305154295608077e+01,4.414963339174001078e+01
-7.010339574044942879e+01,4.414956439279382749e+01
-7.011081797677289273e+01,4.414718406251940763e+01
-7.010375966285432980e+01,4.414294135167146749e+01
-7.010411000000000570e+01,4.414365000000000094e+01
-7.010934704891286628e+01,4.414831335002992319e+01
-7.011312196208584169e+01,4.414704763004444033e+01
-7.011312729196959026e+01,4.414698021590346855e+01
-7.009623999999999455e+01,4.411907999999999674e+01
-7.009662467867509861e+01,4.411892029771622248e+01
-7.010974000000000217e+01,4.414175999999999789e+01
-7.010260999999999854e+01,4.414473000000000269e+01
-7.010302765671076486e+01,4.414428418003777210e+01
-7.010409105644055217e+01,4.415061403237894666e+01
-7.010375407806178316e+01,4.415054462283792702e+01
-7.010752023237687069e+01,4.415266239117124059e+01
-7.010744397321393251e+01,4.415245286947048697e+01
-7.010526451457421615e+01,4.415057094425093709e+01
-7.010564294879583258e+01,4.415055183425359075e+01
-7.010945687685088501e+01,4.414679789501572316e+01
-7.010150385154011587e+01,4.411977088392718116e+01
-7.010151393657076824e+01,4.411978397945485142e+01
-7.010186756454567103e+01,4.414272532824241324e+01
-7.011274624022516377e+01,4.414669900182230577e+01
-7.011235999999999535e+01,4.414688999999999908e+01
-7.009961570067214609e+01,4.411955947252805288e+01
-7.009962166518455717e+01,4.411951484415516944e+01
-7.011051957406580470e+01,4.414365036058850222e+01
-7.010639332058666184e+01,4.415108957425078984e+01
-7.010711401710241830e+01,4.415088140821745810e+01
-7.010712735891570446e+01,4.414408906860386850e+01
-7.010711757677869116e+01,4.414462556509961644e+01
-7.010263286601848165e+01,4.412031534508428621e+01
-7.010002137587264315e+01,4.411979180180649251e+01
-7.010000609459140719e+01,4.411978674375404097e+01
-7.009363150754111871e+01,4.413955010129575385e+01
-7.011276137666285990e+01,4.414867018724252290e+01
-7.010411732745251356e+01,4.415217629318218684e+01
-7.010376709120936312e+01,4.415245542516342425e+01
-7.011313753374922442e+01,4.414719617246920791e+01
-7.011350561863051212e+01,4.414738526459069590e+01
-7.010786000000000229e+01,4.415174999999999983e+01
-7.010787686235686067e+01,4.415170691502898137e+01
-7.010224887907914137e+01,4.414549015017445299e+01
-7.010261408982592002e+01,4.414535650751172113e+01
-7.010149099543494344e+01,4.415071785469982757e+01
-7.010188337226072974e+01,4.415088057628141627e+01
-7.010299799689371980e+01,4.414494376403846587e+01
-7.010261542474229657e+01,4.414449899949516976e+01
-7.009962695497547713e+01,4.415422445214022673e+01
-7.009963266001257409e+01,4.415385798128774297e+01
-7.011005560057117236e+01,4.414855868128132244e+01
-7.010225580542120838e+01,4.414467528496487603e+01
-7.010226964569368135e+01,4.414478412123826701e+01
-7.009508052955887081e+01,4.415593636689898460e+01
-7.011199000000000581e+01,4.414553999999999689e+01
-7.011051914135455831e+01,4.414241464273732873e+01
-7.011274000000000228e+01,4.414688999999999908e+01
-7.011274000000000228e+01,4.414688999999999908e+01
-7.010269742843779284e+01,4.414479099553203412e+01
-7.010258874796026873e+01,4.414462619940399435e+01
-7.010145948590880494e+01,4.415083411187523410e+01
-7.010148999999999830e+01,4.415093999999999852e+01
-7.010477706081941562e+01,4.415096441495875013e+01
-7.010480488778614472e+01,4.415045982773890643e+01
-7.009295355383031279e+01,4.415504886086167602e+01
-7.010366201679525489e+01,4.414930626612925835e+01
-7.010358894417402098e+01,4.414958609777355747e+01
-7.011274018072995773e+01,4.414672220396379743e+01
-7.011284827206696946e+01,4.414672898140464952e+01
-7.011023124860756184e+01,4.414589938104803934e+01
-7.010871754948472301e+01,4.414922378462294716e+01
-7.010873839457913448e+01,4.414915298897506801e+01
-7.010423610604567557e+01,4.412191133391487341e+01
-7.010253287068805150e+01,4.414532244721303300e+01
-7.010235924657119710e+01,4.414546502626490110e+01
-7.011184369583662601e+01,4.414537243140770784e+01
