-7.629298335429456301e+02,-3.742980473393217835e+02
-6.794641589158707120e+02,-4.029774753201446629e+02
-3.954786846866389851e+02,7.477709767446809508e+01
4.473636505630198030e+02,1.118915281320431177e+03
-1.310227485675172829e+03,-4.137404350011021279e+02
-1.227814554863876310e+03,-4.388460372974005850e+02
-7.163078814084828991e+02,-1.308634359262011685e+03
-9.378370046866384655e+02,-1.524549232488777051e+01
-8.050596246849227100e+02,-3.421000304758193238e+02
-1.477112071462670428e+03,-2.000300010923776881e+02
-1.352352128358370010e+03,-3.785462207085836894e+02
-1.302820330508475081e+03,-4.075726541552466529e+02
-1.643166977682450124e+03,1.904143706713668962e+02
-1.643030593096002349e+03,1.794127363768486418e+02
-1.136122101621325328e+03,-5.246678121223891367e+02
-3.017800751227833871e+02,1.058480515457447098e+02
-8.462395006739999417e+02,4.066700020885461981e+02
-1.303676515482373588e+03,-3.991944879692691188e+02
-1.270705913805046293e+03,-4.400918339584857222e+02
-1.391669619201550404e+03,-3.247297626239774218e+02
-4.660055868190041792e+02,6.398482437118715893e+00
5.235350709464808006e+02,1.090625826000453117e+03
-7.656163564152413983e+02,-1.932630900091311617e+02
-3.878569276209053669e+02,5.259121125315989502e+02
-3.121244346854513196e+02,8.849804076749884416e+02
-5.210657546854381508e+02,8.549728776749399231e+02
-1.269547757215606907e+03,4.907934534092397030e+02
-1.675284619492846105e+03,5.502695091575712922e+02
-2.094025468620891672e+01,1.965251487675155659e+03
-6.314692251091396429e+02,3.982083342397504566e+02
-4.715357164735444258e+02,1.096208880314534099e+03
-8.849859031196457408e+02,6.422667792674823204e+02
-3.421360707533593768e+02,7.889840180955608275e+02
-4.377115046858298797e+02,7.949578176748428859e+02
-1.350191196181195664e+03,4.130278742436543666e+02
-1.553584285591520256e+03,5.504914287624796998e+02
-1.300208478502687967e+03,4.268326500784165205e+02
-1.101668073475934307e+03,-5.369928223304634685e+02
-3.037452730050893024e+02,8.865840163230723192e+02
-1.095322261488429376e+03,-1.151173264089901522e+03
-9.360410568124926556e+01,9.463621302843603189e+02
-1.386958491269621391e+03,7.619850257233449611e+02
-1.388719951682814099e+03,5.853266112518784894e+02
-1.354608254686259443e+03,5.248900476744062189e+02
-1.472801294240326570e+03,4.696960958605199039e+02
-1.385702777067572697e+03,-3.188435358497495145e+02
-1.270597451821568711e+03,-4.392517205212039926e+02
-1.388250525432170207e+03,4.743971765827931222e+02
-1.221345231495595044e+03,5.556026756970757106e+02
-1.429506595980572456e+03,4.602862094076944004e+02
-1.409361989398195192e+02,5.943493512933653165e+02
-1.303672155063232594e+03,4.059451794734873147e+02
5.227085161998263629e+02,1.091584255723793376e+03
-1.219565151584647083e+03,3.465927052367297279e+02
-1.261521215129845359e+03,4.925043297498332322e+02
-2.619840745160265669e+02,4.981766822154668262e+02
-2.994113106554025308e+02,3.983780887967035369e+02
-1.354608254686259443e+03,-3.453283223254214818e+02
-2.630697016352598325e+02,9.432613790797151978e+02
-1.391486938695524714e+03,5.608437445681101963e+02
-1.021191254686246793e+03,5.548975776744547375e+02
-5.000786379113405644e+01,7.653455312579789052e+02
-1.562438184685893475e+03,6.149126376745517746e+02
5.214180653137905210e+02,1.095033117674538289e+03
-1.178125673565211855e+03,5.573755286399119768e+02
-1.467689566431056846e+03,-2.002709453826581978e+02
-4.262011296611276521e+02,4.050610689684477848e+02
-1.560741016845665399e+03,4.056952672248355896e+01
5.232438195460788393e+02,1.090432795454415555e+03
-1.354608254686259443e+03,4.648749876750988506e+02
-9.307079119697234546e+02,-3.676962069423538537e+02
-1.354608254686259443e+03,3.148373376748562578e+02
-2.200389002791476400e+02,4.326625350319272343e+02
-7.631795584597344941e+02,4.037218428447169458e+02
-2.603668672561121866e+02,7.361219092768747032e+02
-1.430478836768437304e+03,9.453626588736817666e+02
-1.053880865919824373e+03,8.843733620089774377e+02
-1.305271581100375897e+03,5.537764159344096697e+02
-8.042061123855500000e+02,-7.498486965288350348e+01
-8.881684689792747349e+02,1.098618878234436124e+03
-7.711285046858424721e+02,1.095033117674538289e+03
5.264930326213077478e+02,1.081932142825641222e+03
-1.388936507412541687e+03,7.145701810304440187e+02
-1.643941731759951153e+03,1.869440728689670550e+02
-6.406013894346551751e+02,-3.396239373652786639e+02
-1.049448425998580433e+03,9.384753126300355461e+02
-5.158363949434397000e+02,7.397077864021371170e+02
-3.472358591196883140e+02,8.262672839217995033e+02
-7.621708432495669285e+02,8.840590921168976593e+02
-8.094854827840612188e+02,9.522618730443547292e+02
5.783058324144334392e+02,1.060890516065454221e+03
-5.117528707586321275e+02,-6.768201306019531103e+02
1.906081880203887522e+02,1.178167452661998368e+03
-5.894111298073415810e+02,4.580562995202180332e+02
4.803741645784612047e+02,1.091310256446694439e+03
-1.013915880741858359e+03,1.007062613596994424e+03
-8.439238407520346072e+02,1.125745329532898950e+03
-7.657412628735883118e+02,9.154499042572207372e+02
-1.048220477664971440e+03,9.424122715326851676e+02
-1.145666934686272498e+03,1.095033117674538289e+03
-1.098125340640786817e+03,9.466875548395828446e+02
-9.242289780367077583e+02,1.027248005207953838e+03
-1.104545504685855121e+03,9.750029976751339973e+02
-1.010521043671369398e+03,1.092594078979715505e+03
-1.476120328483577623e+03,-2.025087860068968553e+02
-6.363179017839106564e+02,9.481868396840065998e+02
-7.186357417233208480e+02,9.727653821970681065e+02
5.253992494927889538e+02,1.083210617586841636e+03
-1.229021184685880826e+03,-4.353509123255670374e+02
-1.104058991613786702e+03,-5.300822094160756706e+02
-8.424027097693102633e+02,1.029139369052023085e+03
-1.187899754685463449e+03,8.849804076749884416e+02
-1.312375434685489154e+03,4.348674576750503320e+02
-8.463309123765928916e+02,8.277076651971681258e+02
-6.795980394692705886e+02,5.262486173524708875e+02
-5.547186213761170848e+02,6.752482718751524544e+02
-1.301668180456647860e+03,4.700823826847181977e+02
-1.269229011251113661e+03,-4.453081190188106575e+02
-1.348229371354295381e+03,2.323803687445524417e+02
-9.665908277078563060e+02,9.708393376272412070e+02
-1.260991478708628165e+03,9.735032081760987239e+02
-1.598329676870633875e+03,3.521950799956536571e+02
-1.364602960869294463e+02,5.609770383051724139e+02
1.104030972698633519e+02,1.035992773763269952e+03
-1.010281815310533261e+03,1.126143390274677358e+03
-1.180582256310442517e+03,1.126838675818283946e+03
-1.054012131174421711e+03,1.148722143438346393e+03
-1.014746956333195840e+03,9.754969847319541714e+02
-8.045909205284774544e+02,9.497434999721388067e+02
-1.187899754685463449e+03,1.125040647674586808e+03
-1.015233023677327310e+03,1.185491318134492076e+03
1.143267147406339177e+02,1.066718162526317428e+03
2.386754817871891134e+02,1.249461488063982415e+03
-1.055181802051871273e+03,1.212820984789777640e+03
-6.380665021050256200e+02,1.185999593929896719e+03
3.992622883748368849e+02,1.177593831885490090e+03
-1.219496623870556959e+03,1.067665042878085842e+03
-9.378370046866384655e+02,1.125040647674586808e+03
-9.232557825940709790e+02,1.061522820741345868e+03
-1.093736462938924433e+03,1.033017865059537826e+03
4.441805012377082562e+02,1.130167031224593529e+03
-8.843006234359423843e+02,1.084597864458612321e+03
5.732145641329509544e+02,1.181649683571655487e+03
-8.487426584784619763e+02,9.802051772799960645e+02
-9.739019232361340528e+02,9.508096762655361545e+02
-1.137933673186991655e+03,2.860730574353079305e+02
-5.132158404154425853e+02,8.258925871887529411e+02
-3.855130474017579445e+02,8.563963198033000026e+02
-1.643662915953718539e+03,1.906513104518820683e+02
-1.644917386934021806e+03,1.869980290335500115e+02
-1.680418092968146084e+03,4.110981463594510501e+02
-1.010977594350430309e+03,1.126080318321738105e+03
4.031087379016411205e+02,1.215349316702169517e+03
-1.187899754685463449e+03,4.948825176751473691e+02
-1.264738154043285931e+03,5.023598732656406582e+02
-1.130954900993953743e+03,4.575671169442296105e+02
-1.262474118937546564e+03,4.657700129299035439e+02
-1.062312684686664397e+03,1.035018057674441252e+03
3.017598391531022628e+01,9.157992600816273807e+02
-8.122499346862599623e+02,1.065025587674489771e+03
-4.305556979724145208e+02,8.563326337999809539e+02
-4.706436819559536957e+02,8.514644158364257009e+02
-6.793203136675326732e+02,9.784438081391840569e+02
-1.221232463597386641e+03,5.612577312568711250e+02
-1.263781242417807562e+03,1.014238671767492974e+03
-9.322810357974232147e+02,1.126912451975395697e+03
-8.867748142059547263e+02,1.098363098876644472e+03
4.380638153141822499e+02,1.155048177674635326e+03
4.080634122135069788e+02,1.178611331246552936e+03
-1.302623176726715201e+03,5.873444581263389637e+02
-1.140679946301681184e+03,1.283683187957602968e+03
-8.875968375718809966e+02,1.366908017621616864e+03
-1.014374664440224933e+03,1.306712896964490938e+03
-1.137722920303793671e+03,9.501425375921475052e+02
4.060937814437797897e+02,1.209930815830516394e+03
-1.048145112853557066e+03,1.268453265007771961e+03
-1.179328518375760268e+03,1.217143772160754452e+03
-8.467087972433164396e+02,1.273260951646464491e+03
-1.428077577239258972e+03,5.563506720102926693e+02
-1.345516798305307475e+03,6.419109884575252636e+02
-1.266215268905399626e+03,6.535411728227062440e+02
-1.430329855890624685e+03,7.054658982479624001e+02
-1.391545730603190577e+03,6.445844987067330294e+02
-1.229021184685880826e+03,6.449201676746002931e+02
-1.054280967924411925e+03,1.063153154885397271e+03
-1.177587316932762178e+03,1.148844154357409479e+03
-3.954786846866389851e+02,7.349427576747458488e+02
-3.890028162326353254e+02,7.723429044652860966e+02
1.910543294516334072e+02,1.173019622256795174e+03
-1.053518899148984246e+03,1.037335708443820977e+03
-1.259626929383478227e+03,6.099316277161844937e+02
-8.475835423744979380e+02,1.219046250446681142e+03
-7.177758904157520874e+02,1.215172037771129681e+03
-7.591014316645553208e+02,1.154471589002698920e+03
-7.223507873496383809e+02,8.289448696604871429e+02
-5.571102642757413150e+02,9.148502972507546929e+02
-6.796887295072561983e+02,9.455974329622890764e+02
-9.276134371374255352e+02,1.307802345910532267e+03
4.791852453145997401e+02,1.155048177674635326e+03
4.443312852370172550e+02,1.335858173230187958e+03
-6.807741424546399003e+02,1.305894148003515056e+03
-1.093210603575440246e+03,9.710380114708224255e+02
-9.262687435809242515e+02,1.122714142332118627e+03
-1.053553930719045184e+03,1.066000215487811602e+03
-5.533400538357275309e+02,5.508287188006381712e+02
-6.799271562347283862e+02,5.244044555705096400e+02
-4.709392143800548638e+02,7.049135841527112234e+02
-4.303339624032024062e+02,7.101333550535599670e+02
-1.554935341246756025e+03,4.329112003204406278e+02
-1.387246209437038260e+03,6.110362683782626618e+02
-4.689825874891773196e+02,-4.706027158846004568e+02
-6.405761551973528185e+02,9.813972942785867417e+02
-8.452660445657197670e+02,1.183951668851218074e+03
-7.624756869758660969e+02,1.158902202106216009e+03
-1.013584246341730363e+03,1.070683428634702295e+03
-2.578050619767224703e+02,1.057937240674594705e+03
-8.122499346862599623e+02,1.545146067674476399e+03
-7.711285046858424721e+02,1.515138537674427880e+03
5.726014847166072741e+02,1.486657442477932591e+03
-2.287701846858429917e+02,8.249653476748914045e+02
-3.429169579494764548e+02,7.670224618808156265e+02
-3.846930757375542385e+02,8.844639379280583853e+02
-1.506911355300674131e+03,3.090402495450485958e+02
-1.387620346104499049e+03,5.277748884690621480e+02
-9.722528049897454139e+02,1.007949638389350298e+03
-9.291592463635087142e+02,1.035881271076517351e+03
-1.312375434685489154e+03,5.548975776744547375e+02
-3.055556233403000306e+02,7.967868790060409765e+02
-3.470969604900808463e+02,8.867009131246087463e+02
-2.637882163693369080e+02,8.886756613380373437e+02
-9.316426951916542976e+02,1.582368838057001085e+03
6.984056606427524230e+02,1.603239555862041243e+03
-1.050638608401750844e+03,9.659828456107518377e+02
-1.021191254686246793e+03,1.005010527674392733e+03
-1.140191002715132754e+03,9.816163561758945661e+02
-6.739094539351224284e+02,1.658477839735749740e+03
-6.000214234782432641e+02,1.610316681714784863e+03
5.703784696583286404e+02,1.608276675307983396e+03
7.363078901852383069e+02,1.637106306914069364e+03
-5.502789431744507738e+02,1.629463985402323033e+03
6.982897711517333619e+02,1.637714070420218377e+03
-8.448323918890021105e+02,1.546089987429132634e+03
-4.377115046858298797e+02,1.635168657674621954e+03
-4.227946591684020063e+02,1.568982740586971204e+03
5.214180653137905210e+02,1.635168657674621954e+03
-4.788329346862473130e+02,1.515138537674427880e+03
6.059787260232525341e+02,1.540355890197683493e+03
6.881265653145866281e+02,1.575153597674524917e+03
-6.797008354595114952e+02,4.650870989595009632e+02
-6.368265878312146242e+02,4.939291002466935083e+02
-4.316836283286487514e+02,6.505888683692384120e+02
-4.668493479414248668e+02,6.715500418843646457e+02
-3.954786846866389851e+02,6.449201676746002931e+02
6.920307742798029267e+02,1.610949305126180661e+03
-1.470491337626034010e+03,3.854608277743719214e+02
-4.788329346862473130e+02,6.449201676746002931e+02
-2.663959649543057253e+02,1.072504443956496289e+03
-2.642845739455117382e+02,1.082381657069066932e+03
-8.488385748134003279e+02,1.198405763715805733e+03
-1.018508203357925481e+03,9.940886685054188092e+02
-1.102660910976549076e+03,9.368309264246271368e+02
-1.076421480252707397e+03,1.215947655140996858e+03
-1.041098808993596549e+03,1.205797313284361962e+03
