-1.856781746497718188e+02,1.311935951011369639e+02
-2.237530620574657405e+02,4.003439824330951069e+02
-1.145215264437277654e+02,6.429054743911927972e+02
-2.316647726837304049e+02,3.737159384185621889e+02
4.688143561828141515e+02,1.092189006745453071e+03
-1.588058000843550133e+01,7.301936847209317420e+02
3.431352363107480983e+02,1.181358592474393618e+03
6.460867903933105083e+01,8.203981074284562283e+02
3.547095653145739789e+02,1.185055707674683845e+03
-2.594793196739119594e+02,4.610414134308510370e+02
-1.892943453198433303e+02,2.794712306723394590e+02
3.494161267087021088e+02,1.183881542088134665e+03
4.619735622008359996e+02,1.091709633026960319e+03
4.791852453145997401e+02,1.095033117674538289e+03
-1.426761872087800612e+03,-1.380335999584421529e+02
4.621903356812886159e+02,1.090099435522211706e+03
4.703159351069607510e+02,1.094011160163078557e+03
-1.280488176299429142e+03,-4.377564746138747864e+02
-1.156083939051805146e+03,-5.273111311532504715e+02
-8.227086871034924798e+02,-5.578823488730129156e+02
-1.288513480269581351e+03,-4.399461581785082558e+02
4.614184083958109568e+02,1.091772976750954740e+03
3.442954476832807700e+02,1.184471321206363427e+03
-6.887649853963456508e+02,-5.873506106981808443e+02
4.619419236053235522e+02,1.091295478462721121e+03
-1.150974128657457868e+03,-5.265320676445286381e+02
-1.268574531581538622e+03,-4.379360295510003880e+02
-1.705194601045428499e+03,1.919176712991717864e+02
-3.997881244487808772e+02,-1.533063280549228580e+01
-7.788975114834061060e+02,-4.975343314726009680e+02
-1.145666934686272498e+03,-7.954412723253595914e+02
-2.250529923343942187e+02,4.598298192165610203e+02
-6.482436874704944785e+02,-5.598537962560915275e+02
-6.880983270345817573e+02,-4.983328025574116964e+02
-3.006737982346818967e+02,-4.992486422377861572e+02
-4.339454383340947174e+02,7.307718945981963543e+02
-2.320006733103446663e+02,5.189853493682346652e+02
-1.322871861737088693e+03,-7.783105435868810673e+01
-1.555766886430464808e+02,5.826794284979910117e+02
-2.180819131632381414e+02,4.617837842469289740e+02
-2.710030046866132238e+02,4.348674576750503320e+02
-1.302733155294218932e+03,1.634829452857526348e+02
-1.305673504362482618e+03,2.801758303926160920e+02
-2.239539831031865447e+02,5.229509156978397186e+02
-1.553529935889618514e+02,8.525427101327491073e+02
-9.892776638140251180e+02,2.833523328198309059e+02
-2.326362479270685526e+02,4.344265183438642453e+02
-1.409939418249058917e+03,-7.905934101527422797e+01
-1.477706780244194078e+03,-4.910648635057464162e+01
-4.541749937495571885e+02,2.830236372995480565e+02
-1.586373530877261373e+03,2.529174667959240423e+02
3.387924059703484545e+02,1.184107082666914721e+03
-6.089002091062131967e+02,-7.460951800141553747e+01
-1.858921551653659208e+02,2.208731986968271599e+02
-1.650829852933590928e+03,2.532390404163616324e+02
-1.295723352289067861e+03,1.907857366455988029e+02
-7.711285046858424721e+02,1.948072176746621835e+02
-3.211388385514376864e+02,6.123928495803522765e+02
-1.348648357845045439e+03,2.519446017153987611e+02
-3.815667085380949857e+02,3.423224501827759241e+02
-1.704470807583714986e+03,1.917471843409849726e+02
-1.484924919691920422e+03,-1.959048046424281608e+02
-1.488440460226335063e+03,-1.066088835211868968e+02
-1.312196426810122603e+03,2.517735381926310936e+02
-1.301639766672758469e+03,3.708648447045969192e+02
-1.067592667600397817e+03,4.336610257485929765e+02
-2.835033874064495762e+02,2.823914731497978892e+02
-2.882366847521117847e+02,1.908230642009047813e+02
-9.849194358419490527e+02,2.244090919423884429e+02
-4.734509160611462448e+02,3.974808495359615108e+02
-5.249969629621847389e+02,3.448306157714145570e+02
-1.307537313302240591e+03,4.007285759982722766e+02
6.761586970067224911e+01,8.205422153916834986e+02
-1.406644586399290802e+02,2.499460915747188778e+02
4.639261991493612527e+02,1.091794629325158439e+03
-1.454159346862346922e+02,1.095033117674538289e+03
-9.322453043076613710e+01,7.922011430133950398e+02
-1.392814165637048973e+03,3.115197800778445867e+02
-2.334030675649503053e+02,5.838097025146404349e+02
-1.445125905231351453e+03,1.126051216800696864e+01
-1.281107825460357844e+03,-4.386028268776883010e+02
-1.184594976360486953e+03,4.196267931292210562e+01
-1.226216662305389036e+03,1.619476379547168960e+02
-1.276670380045828324e+03,3.412845423623943475e+02
6.549903139383606288e+01,8.196576218055761274e+02
4.797842522229304905e+02,1.088660970352459572e+03
-1.281597572089077403e+03,-4.380374935725440082e+02
4.675794892384905097e+02,1.093758843815080354e+03
-1.274249254894248224e+02,7.308346096459607679e+02
-6.522610502238792378e+02,1.093233988074260878e+03
-4.666956527985558409e+02,4.902492098314247642e+02
-3.167189490042385387e+02,6.092280851074411885e+02
5.718343009842121205e+01,1.394539362930054949e+03
-3.525043942009915554e+02,1.211427397420455463e+03
-1.137323696153457604e+03,1.181126205513113291e+03
1.579210475265250579e+01,1.330672943298902965e+03
1.478499743521749110e+02,1.631140013082453834e+03
1.823310570194890659e+02,1.573366210330782906e+03
-1.038389838131752867e+03,1.091351978502586235e+03
-3.083063839131547184e+02,1.271861704182100766e+03
-6.636470137016496551e+01,1.964163389879383885e+03
2.351160307974362240e+01,1.571134257458972797e+03
-8.869740347804147405e+02,1.271898015388096610e+03
-1.141590329507024762e+03,1.241403080336541507e+03
2.903593961041883631e+01,1.810965752281075765e+03
1.590759052724747846e+01,1.606079742762626665e+03
-5.674145068457903562e+01,1.270604916362416589e+03
-6.521054584033494450e+01,1.959309014135206780e+03
-8.156046581992819711e+02,1.271988876294486090e+03
2.509383586261128585e+01,1.814507370489191544e+03
1.149017946741152940e+02,1.571446129081988147e+03
-2.605300032261480396e+02,-4.377098167935425863e+02
1.637939000667269340e+01,1.273813282209912813e+03
-4.760721536900247202e+02,9.686218395926913445e+02
-5.676777043856732234e+02,7.484350195138776485e+01
-6.434501373441966621e+01,1.242485603119271900e+03
-1.216739811586658107e+03,1.182258477920296855e+03
-8.015241323634413106e+01,1.963535421541033884e+03
2.410150930569987793e+01,1.869651476545701371e+03
1.895459544656184505e+02,1.541246231687632189e+03
-9.638995067828061565e+02,1.391712800579460463e+03
-6.427168466240622138e+02,1.630276368689637536e+02
-9.063234489180393894e+02,1.212771483898750603e+03
-1.224992525417322440e+03,1.182587044524462044e+03
-6.447437608228084400e+02,1.061797941928788305e+03
-6.357437558500670320e+02,1.182701925089257884e+03
-6.645973029244281349e+01,1.964484567846923028e+03
-4.023032197567047774e+02,1.453725507772965557e+03
1.919848756719288758e+02,1.571588947930630411e+03
1.138457557690337296e+02,1.602012911024063669e+03
-9.067126795576458562e+02,1.303701864289493869e+03
2.412703908293956090e+01,1.242412320452133372e+03
-1.187801541445291150e+03,1.242911795500515609e+03
-9.607979076034133641e+02,1.391929063361803401e+03
2.812984750853656806e+02,1.480964772830099264e+03
-8.597038029866218949e+02,1.333700988310175944e+03
2.676411849852656815e+02,1.540504511498799729e+03
-1.080628130855427571e+03,1.363625276228805205e+03
-9.772004335981731629e+02,1.273717466411209671e+03
-1.640209423691450411e+03,2.495990236254401111e+02
4.695773185557552551e+02,1.092296512265768570e+03
-1.287839745896073737e+03,-4.387876640802620614e+02
-1.151508043062031902e+03,-5.251988259241863943e+02
1.050781509864611536e+02,1.541077353791709129e+03
2.476256886090212106e+02,1.572334938157783199e+03
-7.084624702309371003e+01,1.963767703627521769e+03
-9.773208153028712104e+02,1.304779343330299071e+03
1.836361476210806245e+02,1.332695524697919154e+03
-3.529104117124558684e+02,1.301656246996399204e+03
2.231301036828371025e+02,1.214586379735138053e+03
2.285478241716865853e+02,1.632821124460459487e+03
-1.525167343450282488e+03,2.550448779712045848e+02
1.924705785709246584e+02,1.574386097133469320e+03
-1.920720771244279490e+02,9.735126427978807442e+02
2.359372994644393771e+02,1.210875562136417784e+03
2.291224953141954188e+02,1.545146067674476399e+03
-1.146250538705170356e+03,-5.252732875765198060e+02
4.408243448667623738e+02,1.331465207460661759e+03
-1.102009566653027377e+03,1.329574523756135932e+03
-9.401307335644039540e+02,1.420806332524340405e+03
-9.895784254332415912e+02,1.362358002829070983e+03
-1.323544371501846399e+03,-4.066354507819389141e+02
-1.370657517939117952e+03,-3.803732730650312988e+02
-8.245791705575993547e+02,1.303929190562099620e+03
-1.087375160695412660e+03,1.361756851175362044e+03
-9.629175791761521168e+02,1.301572629616343420e+03
-4.248075090987617273e+02,5.811372234964526342e+02
-8.723753865966069725e+02,1.362479842987127995e+03
-1.062312684686664397e+03,1.335093357674926438e+03
-9.012486610944449694e+02,1.365194039237780771e+03
-1.002173046541875692e+03,1.332086415116838680e+03
-1.031665073824999354e+03,1.265956917280597963e+03
-6.930860042847922386e+02,1.393978430302452352e+03
-9.359643042076090751e+02,1.300662141799963592e+03
4.667241170641740382e+02,1.303091621820587989e+03
-8.027718594409067236e+02,1.362712876266315106e+03
-5.996950677836405248e+02,1.329899598919295158e+03
-9.834675380903390760e+02,1.334520514522834446e+03
-8.950210470658352051e+02,1.300378266856797609e+03
4.791852453145997401e+02,1.095033117674538289e+03
4.689096091212182955e+02,1.092444348968715531e+03
-1.367371110798585732e+03,-3.771875442099300244e+02
-1.227917722949770678e+03,2.228183585855474860e+02
-1.420011865128806903e+03,-1.086580054059965050e+02
2.621336632325167670e+02,1.606458465476322544e+03
-1.149217883348150508e+03,1.303720745004885885e+03
-8.921202712253876825e+02,1.301020443908117613e+03
-8.105582411372606657e+02,1.299578590033671162e+03
-1.115132332540388688e+03,1.274172050815642706e+03
4.809146432329566778e+02,1.392450051289791645e+03
3.479105034894135997e+02,1.453057753779375616e+03
-8.282502439479640088e+02,1.270923762024494408e+03
2.842497880829241694e+02,1.272647308002868385e+03
4.454897551881197728e+02,1.332055332975659212e+03
-7.398171038016120065e+02,1.242878472333362879e+03
-8.956551141199526000e+02,1.363983435358040197e+03
4.840136961119289936e+02,1.328964502944552123e+03
5.070878283854757740e+01,1.271983677648531966e+03
-8.489747406241052659e+02,1.364378017788989837e+03
-1.001261416899168466e+03,1.302883951647439744e+03
-8.423943385963243600e+02,1.300396570348217665e+03
-8.979221224815363485e+02,1.362611912591623422e+03
2.758321789648369986e+02,1.299029088375456922e+03
-9.351729739238760430e+02,1.270916578060535812e+03
1.389836412998701007e+02,1.244237274558575791e+03
-1.268133891651084696e+03,1.008270036845903519e+02
-1.354423397415291447e+03,1.630489106233028167e+02
-1.069522529689273370e+03,1.425879177680302519e+03
-7.288956846866516344e+02,1.395108417675023475e+03
-1.057731609816090213e+03,1.390383121324851118e+03
-2.941608853869173004e+02,2.514701847671027224e+02
-3.793328234888957695e+02,1.910661343463868036e+02
-4.333402847450101376e+02,2.505222565352782169e+02
-1.006344912352688397e+02,7.637679029692965287e+02
1.885261892136101665e+02,1.722744213656009379e+03
-1.413230221839132241e+02,7.300122655158163525e+02
-1.566496089064052910e+01,8.216819418755317201e+02
-7.673012188796167266e+02,1.090401572966354252e+03
-6.900583986436613486e+02,1.240660825646760486e+03
-8.513746817498829387e+02,1.419355366209034173e+03
-8.171746411673123021e+02,1.395316547691819096e+03
-8.026696269356095854e+02,1.332560827533892962e+03
-8.829529893594096848e+02,1.242820083853883943e+03
-7.188518236879544929e+02,1.271682845346524573e+03
4.062645793282255795e+02,1.331977552730476873e+03
-1.351342087427533215e+03,7.234685291322142575e+01
-1.322939409286258297e+03,1.340519125028414464e+02
-1.108261395678573990e+03,1.333469053406198555e+03
-1.140765936045807621e+03,1.362378352079795604e+03
-1.056822637597413632e+03,1.331926995827954897e+03
4.350121643094428805e+02,1.273184899724122488e+03
5.726817283344847738e+02,1.273572452836913726e+03
3.288386940182256524e+01,1.211593904883100095e+03
-8.429023838575008085e+02,1.362705439816322951e+03
-9.835610588040439097e+02,1.396000964869687323e+03
-9.341938344475978511e+02,1.300717210775291051e+03
-8.588318494099123654e+02,1.363861408828383446e+03
-1.046025098305776737e+03,1.271248432255106763e+03
-1.602491900467512778e+03,4.259990765678117697e+01
-1.484522973645675165e+03,-7.522636382806513211e+01
-8.665215415778629904e+02,1.122555275710213891e+03
-9.065785883291441678e+02,1.151734470306425692e+03
1.989840703152249830e+02,1.242856229624543857e+03
4.060182858533688659e+02,1.302046011297513587e+03
3.364195736355765121e+02,1.332749058968991676e+03
-1.558186547622966373e+03,2.504501676513367840e+02
-1.585741503114097213e+03,2.219493437962893552e+02
-1.011649733908473195e+03,1.333208683458295127e+03
5.571005320860978145e+02,1.273253558172986686e+03
4.753137404911088879e+02,1.184512365135631853e+03
6.062205105998580166e+02,1.239572031569389992e+03
-8.240780443556816408e+02,1.242124834462289755e+03
-8.497741834999627599e+02,1.362234610394574702e+03
3.526283335053519750e+02,1.210325500968559254e+03
5.128094361042954006e+02,1.274465210626131011e+03
-1.616148213084479949e+03,1.918283514382487738e+02
-5.176591677307973214e+02,3.729651224236914686e+02
-7.340376552225936848e+02,1.395161113621361210e+03
4.619810276229780470e+02,1.090435430855568939e+03
-1.042945046858172304e+02,1.395108417675023475e+03
-8.012556257481317061e+02,1.240742136349167367e+03
-1.285967721955601064e+03,1.897636061059327517e+02
-1.456427932640943368e+02,4.919102329939240690e+02
1.987669575065195886e+02,1.213014930742989691e+03
-4.756391778708984930e+02,1.243464165338411021e+03
-1.336051522273243336e+03,3.416398051942430811e+02
-6.446160678908554473e+02,1.182385018872087130e+03
2.822714984055708101e+02,1.360509212969619512e+03
-8.937402317224315311e+02,1.750178864879452249e+03
-8.102592928044314249e+02,1.690582129571903806e+03
-6.886819498670562325e+02,1.690394856698963622e+03
-1.229021184685880826e+03,1.185055707674683845e+03
-1.198981415628927152e+03,1.183027190071803489e+03
-4.951012778579311657e+02,3.418390262827913375e+02
-5.504125871161674013e+02,3.424777480111610544e+02
4.791852453145997401e+02,1.095033117674538289e+03
-8.177118949596446100e+02,1.334865949659130365e+03
