date:2016-10-19, time:2000, wind_speed:3.32, wind_dir:314.0, temp:14.2
5.255453650290668577e+01 1.090144055694935901e+02
-1.224894758631601803e+02 -4.412269062845388845e+01
-1.208455651844863468e+02 -3.741255726095634060e+01
-1.390133299902405213e+02 -3.198050036861814149e+01
-1.182376453708571660e+02 -4.699096213479969464e+01
-1.306479099107357627e+02 -4.097365382611052098e+01
-1.470442550603793563e+02 -2.056260527672061755e+01
-1.437962504685867771e+02 -2.252982023252273791e+01
-1.021191254686246737e+02 1.347921576745651251e+01
-1.679437042618738190e+02 1.833329081841581143e+01
-1.349031778603562941e+02 9.946458251974734210e+00
-1.224034394014418154e+02 -4.416461917709099794e+01
-8.122499346862599623e+01 1.347921576745651251e+01
-8.065730999238755317e+01 7.015721039036137086e+00
-8.856578860900404493e+01 -3.552357047029540382e+01
-2.287701846858429988e+01 8.549728776749398662e+01
-1.470668316740175214e+02 -2.050483661780803857e+01
4.439848060293405041e+01 1.569655397518374116e+02
1.021543565314599249e+02 1.425115947674282211e+02
5.678032902965332340e+01 1.659806619510444534e+02
5.316440566682764057e+01 1.324075405816633406e+02
-1.344884137695559900e+02 -3.032344574660609737e+01
8.264072425603131933e+01 1.463055145641552599e+02
-9.336273186289234616e+01 1.595454409678477958e+01
-1.585007652528958033e+02 4.494251460726482073e+00
6.458937453138163676e+01 1.725191247674767396e+02
9.434222495418052290e+01 1.270448814406036462e+02
7.442350084343384253e+01 1.580613017825234579e+02
9.113236864086826472e+01 1.731320842452944646e+02
5.670179263125433522e+01 1.060478496944833608e+02
9.435892822486512443e+01 1.390465057049591735e+02
1.166349663440531828e+02 1.305553340392715711e+02
4.849545472272333058e+01 1.299132710898780090e+02
-1.343858695092991979e+02 2.741011753893600655e+01
-7.448545896140059597e+01 2.187567940775230468e+01
6.458937453138163676e+01 1.395108417675023418e+02
-1.437962504685867771e+02 9.149879376750368465e+01
4.791852453130203315e+01 1.425115947674282211e+02
6.122448764023741319e+01 1.564145254977686932e+02
1.110763077986585188e+02 1.300037878365327515e+02
-1.521316754687055379e+02 1.476203767516074850e+00
9.004637103805497134e+01 1.598814991217624311e+02
-1.213673205841612344e+02 8.013058021708604883e+01
-1.462754499664553123e+02 5.560755382107098654e+01
7.818653366275366068e+01 1.503900059201645831e+02
1.229373495314233224e+02 1.395108417675023418e+02
9.428401819076231050e+01 1.450787903585330980e+02
1.072969809573310300e+02 1.593767803452820715e+02
1.150570248919197951e+02 1.600119189935330155e+02
1.026845400807345641e+02 1.540753855965014054e+02
-1.511721804730166809e+02 1.831614591994425822e+01
-1.062312684685084889e+02 3.748523976741635977e+01
8.187190667126321841e+01 1.630740195536871795e+02
1.146019245313045616e+02 1.815213837674913009e+02
1.021543565314599249e+02 1.875228897674220434e+02
9.442001060542351354e+01 1.330194345202962154e+02
1.062664995313437259e+02 1.905236427674268782e+02
-1.094010424314847398e+02 3.333016578850493516e+01
-1.626559091146421565e+02 8.841889969478947364e+01
8.218908913181986975e+01 1.414535464463963024e+02
1.321585521969770127e+02 1.865605390874764851e+02
1.271606315315003570e+02 1.785206307674864661e+02
1.375404145869476054e+02 1.814943488362788173e+02
8.959564953142206889e+01 1.395108417675023418e+02
1.271606315315003570e+02 1.935243957675107254e+02
1.485004325202227733e+02 1.959716238491342324e+02
8.794479728890124193e+01 1.779567205147631910e+02
1.152214849831865848e+02 1.690003112801938983e+02
1.271606315315003570e+02 1.935243957675107254e+02
1.316900018746885621e+02 1.930119336112429664e+02
1.651100236746486019e+02 1.930201127009587196e+02
1.359298998854847866e+02 1.869171387600944456e+02
1.401331320068244679e+02 1.630897815848553023e+02
9.459401690199813117e+01 1.592266287767846222e+02
1.152143405808063079e+02 1.780501400814864894e+02
1.354960565314611927e+02 1.935243957675107254e+02
1.438314815314220141e+02 1.755198777674816029e+02
1.234951985793692302e+02 1.629161250426537890e+02
-5.164204257313946300e+01 2.786720659458640270e+01
1.146019245313045616e+02 1.335093357674926438e+02
8.592978494463724815e+01 1.238727018349896980e+02
1.373151075675406219e+02 1.876612502148616954e+02
1.400937436683598776e+02 1.780755748361072222e+02
1.021543565314599249e+02 1.365100887674975070e+02
7.060997367389178692e+01 1.425326484867846375e+02
-5.992999262963290619e+01 2.804755362364549143e+01
9.104473833121348036e+01 1.371432846160009831e+02
6.044200046834671269e+01 2.055757532325028194e+02
1.414182252603373513e+02 1.905403530792252411e+02
1.151654633116768025e+02 1.898919964210230660e+02
-1.432574340900955860e+02 9.686644709064407266e+01
-9.378370046866385223e+01 4.648749876750988363e+01
1.312727745313841581e+02 1.905236427674268782e+02
6.988299148418035145e+01 1.383822978091163804e+02
7.852031663162335917e+01 1.372038514365646336e+02
9.440472486462023483e+01 2.139661876475480824e+02
1.202066296570007324e+02 2.243194045347428016e+02
9.793107453138289031e+01 1.695183717674719048e+02
1.492056452233761377e+02 2.063165588794245195e+02
1.076808613767617118e+02 2.211758665541664470e+02
-8.857914138462334108e+01 -1.377572412684268102e+02
6.541060753787553494e+01 1.739014387640462189e+02
1.188252065313815820e+02 1.425115947674282211e+02
9.875010295815421557e+01 1.863035701034161491e+02
4.884583799032232321e+01 1.766859342847930350e+02
8.640481192173731984e+01 1.503796118822533288e+02
-9.378370046866385223e+01 5.849051076745031708e+01
1.201887127413074836e+02 2.032331001101030381e+02
7.093173507726316984e+01 1.844008487436143753e+02
9.468754195884051228e+01 1.708166452711145951e+02
5.685036218445272027e+01 1.659242701934056186e+02
6.927218650196537908e+01 1.809779065637726205e+02
8.693744600303010372e+01 1.699912840881235923e+02
1.532239007327803790e+02 1.834418702418867042e+02
8.959564953142206889e+01 1.725191247674767396e+02
6.047723153149782860e+01 1.725191247674767396e+02
8.749264484186988966e+01 1.785438165123668739e+02
5.625394953142080112e+01 1.755198777674816029e+02
6.123471972550397879e+01 1.624072509815896694e+02
7.386276018743930649e+01 1.647879261193159550e+02
-1.255982865242103941e+02 7.404272187324093579e+01
7.341360650355822770e+01 1.689974831557265418e+02
-8.016279147192493326e+01 2.136325700645797454e+01
-5.522482303594955511e+01 4.536195559854001402e+01
7.341243713268247006e+01 1.570422738427526212e+02
5.260317031768832408e+01 1.809548469095777250e+02
6.955325549460910395e+01 1.803533422245976681e+02
6.520756111329427540e+01 1.690247113590876040e+02
1.312727745313841581e+02 1.785206307674864661e+02
6.516452488437131763e+01 1.719199813300999438e+02
6.509278161382607664e+01 1.629700949547146536e+02
5.677304639676074771e+01 1.688922257445097728e+02
7.891083502739003563e+01 1.513151682502678739e+02
8.590173070869948901e+01 1.598943456141923889e+02
6.226665486465670085e+01 1.693399184274914546e+02
1.318675845650759584e+02 1.689438086033956097e+02
6.047723153149782860e+01 1.695183717674719048e+02
4.791852453130203315e+01 1.665176187674670416e+02
1.316839670753315659e+02 1.599170620812349455e+02
5.684850654256369751e+01 1.479039886633765946e+02
3.124767453138037254e+01 1.575153597674524804e+02
6.097963077796514852e+01 1.660648949649665269e+02
7.892858243942193042e+01 1.785785074577408125e+02
8.279974302436701805e+01 1.609965956427984963e+02
1.104897815314207463e+02 1.815213837674913009e+02
6.226680791749408428e+01 1.665504839615115884e+02
6.500260375493495246e+01 1.359169715041666393e+02
7.434867131586672429e+01 1.432893214755759459e+02
8.548350653138031419e+01 1.305085827674877805e+02
6.047723153149782860e+01 1.725191247674767396e+02
5.625394953142080112e+01 1.725191247674767396e+02
-1.265237735467661793e+02 2.795154511307889678e+01
7.292479953134245818e+01 1.605161127674573436e+02
6.458937453138163676e+01 1.395108417675023418e+02
6.881265653145865713e+01 1.785206307674864661e+02
5.321490921504416605e+01 1.744303077919574889e+02
7.435376695259218138e+01 1.642689505082835240e+02
6.548364621036043332e+01 1.592910177503773923e+02
6.881265653145865713e+01 1.755198777674816029e+02
7.072002283795232813e+01 1.726756386440554536e+02
-1.354608254686259272e+02 4.476956767520926306e+00
8.185632901393674388e+01 1.780001578672417395e+02
7.353502851944868723e+01 1.658875355405788241e+02
7.714808153141949276e+01 1.665176187674670416e+02
4.845219028015538498e+01 1.389874699931915245e+02
-5.472171561025470510e+01 2.909574063043809389e+01
6.170017137305184463e+01 1.582753181119846317e+02
-7.234347863600726214e+01 3.085065076924976424e+01
8.126022453130329382e+01 1.695183717674719048e+02
1.234285896326249485e+02 1.600877675948410399e+02
-7.288956846850722116e+01 3.448448676749047337e+01
-1.504403887252400125e+02 -1.672724712160938765e+01
1.118235555129924421e+02 1.731088513552049051e+02
1.202981250913816638e+02 1.881727473552288359e+02
1.188252065313815820e+02 1.665176187674670416e+02
7.761235933339165172e+01 1.629444592274403760e+02
6.550349619658233280e+01 1.534482697984134347e+02
6.098193354791158782e+01 1.569946871286029477e+02
1.277414698508534485e+02 1.990940324878937417e+02
-7.087839857775654195e+01 2.555116303256722077e+01
1.067924805006264251e+02 1.750053077239099650e+02
6.939109695163818969e+01 1.749006068513650973e+02
1.109019164008664404e+02 1.419241284556330243e+02
8.272007231685849149e+01 1.371413693750162395e+02
6.928288633836196198e+01 1.569857293659994752e+02
9.528395977391861038e+01 1.401077813951044106e+02
1.453038218617006976e+02 1.911114254702944208e+02
7.340695626254543527e+01 1.750386131506749621e+02
8.185504288485401503e+01 1.569950158402621128e+02
8.747785734734299012e+01 1.844472873350795794e+02
6.940977189732535635e+01 1.659073364628815455e+02
6.458937453138163676e+01 1.455123477674330843e+02
7.292479953134245818e+01 1.575153597674524804e+02
8.959564953142206889e+01 1.365100887674975070e+02
1.354960565314611927e+02 1.995259017675204234e+02
1.021543565314599249e+02 1.665176187674670416e+02
6.458937453138163676e+01 1.755198777674816029e+02
-9.729313909522574022e+01 6.686252760968106656e+01
1.188252065313815820e+02 1.875228897674220434e+02
1.188252065313815820e+02 1.605161127674573436e+02
1.066811370664100593e+02 1.690798608425300813e+02
6.559039757632307044e+01 1.796973902414969189e+02
7.801053735504638098e+01 1.354106332964758508e+02
9.476625513931648470e+01 1.233763883003050950e+02
9.976301595631639429e+01 1.336028670577537412e+02
6.047723153149782860e+01 1.995259017675204234e+02
6.202419026095962806e+01 1.701576429249336400e+02
4.122419859283449739e+01 1.723324142079751198e+02
1.285399202416774074e+02 1.822134761674690253e+02
8.170610780480232904e+01 1.840695346741646574e+02
6.139280449894010161e+01 1.892659067353417299e+02
6.970672460937940684e+01 1.865110807825408017e+02
5.257876675634030050e+01 1.748930452821643087e+02
7.905848066829398135e+01 1.693941089018900072e+02
1.202150274573888566e+02 1.672911274664209031e+02
-8.078197729593330223e+01 7.036045904683598806e+00
-4.788329346862472846e+01 2.848298076748077179e+01
5.214180653137905352e+01 1.695183717674719048e+02
9.381893153149908926e+01 1.815213837674913009e+02
7.714808153141949276e+01 1.485131007674379475e+02
7.292479953134245818e+01 1.485131007674379475e+02
1.067342427902011650e+02 1.599540764417392325e+02
-6.455414346854639973e+01 2.548222776747591922e+01
8.677452773128396757e+01 1.433559319058320511e+02
1.318098383298083434e+02 1.690476578664862473e+02
8.959564953142206889e+01 1.395108417675023418e+02
8.610356078342557851e+01 1.419947403651397906e+02
-7.288956846850722116e+01 3.148373376748562436e+01
-7.288956846850722116e+01 3.448448676749047337e+01
4.849916043413222155e+01 1.450411392801477177e+02
7.334957104705389952e+01 1.898933825602494494e+02
1.197788320464911465e+02 1.893989182766499084e+02
6.513346462961071381e+01 1.840880156860219188e+02
-7.617981604031432141e+01 3.335793429474651361e+01
-7.990562984201923769e+01 2.630020365138706140e+01
-8.075581124074888351e+01 2.796640048044251969e+01
-7.616633892799018213e+01 3.330226498816733738e+01
1.249114691553299252e+02 1.784683614565903724e+02
6.458937453138163676e+01 1.695183717674719048e+02
7.430103727053587193e+01 1.762648427619425604e+02
-7.113268040295345429e+01 1.946744411830302113e+01
5.668524306411174507e+01 1.780340351210788015e+02
7.800697761200711966e+01 1.625435172696979862e+02
8.116136339463385241e+01 1.613141027992822956e+02
8.046081326563462710e+01 1.630293157544407165e+02
