3.165200890717667903e+02,-2.903973418410588692e+03
9.028838451723103162e+02,1.055505200375245749e+03
7.350458189321543614e+02,1.026804042207897510e+03
1.106327908842687521e+03,1.029296480374483963e+03
7.292479953134246671e+02,1.035018057674441252e+03
6.961318673744624448e+02,1.023105339755794262e+03
6.091167938365196051e+02,1.055345891027016251e+03
9.793107453138289884e+02,1.035018057674441252e+03
8.576078789174448502e+02,1.061163224034209179e+03
6.929859897425695863e+02,1.026964446519875537e+03
8.548350653138031703e+02,1.065025587674489771e+03
9.047897674222848536e+02,1.052192481207842775e+03
7.714808153141948424e+02,1.035018057674441252e+03
6.047723153133988490e+02,1.065025587674489771e+03
9.017285172132927755e+02,1.056153936105223465e+03
6.061671283851919725e+02,1.060043191616538707e+03
4.852008656041773520e+02,1.236927740478987289e+03
7.805475075082362082e+02,1.232188588533666007e+03
7.292479953134246671e+02,1.065025587674489771e+03
7.356099305124968168e+02,1.025679959305494322e+03
6.910595937424892554e+02,1.030395069051495511e+03
5.721033500281689612e+02,1.052450915044121075e+03
3.124767453138036899e+02,1.215063237674732363e+03
5.710046544144840936e+02,1.113157452292356311e+03
6.471441889188776031e+02,1.239529506525815577e+03
6.931284748065834265e+02,1.745125943046967222e+03
7.752994552268870621e+02,1.716192381184805754e+03
6.893819070498274186e+02,1.029347100384299893e+03
6.931091741174172967e+02,1.025722558082432442e+03
6.941490077273849693e+02,1.025196227054430210e+03
6.930918901514409072e+02,1.894836831106805676e+03
7.743920668422448443e+02,1.031382290212217413e+03
7.771841247432830642e+02,1.026178017480069911e+03
4.878570476402832128e+02,1.081800146367769912e+03
6.881265653145866281e+02,1.035018057674441252e+03
9.027462306293311940e+02,1.086985073838273365e+03
9.381893153134114982e+02,1.815213837674913066e+03
8.170164400859505349e+02,1.805058500517522589e+03
9.793107453138289884e+02,1.815213837674913066e+03
9.884304231085849324e+02,1.713659863970999140e+03
7.768664528615527161e+02,1.805151867623079852e+03
8.617009808348316255e+02,1.054224682974016332e+03
8.177096995896037015e+02,1.027528694291750526e+03
4.817751435725969031e+02,1.090529986728212180e+03
6.881265653145866281e+02,1.065025587674489771e+03
6.934376845856727414e+02,1.025515225399138444e+03
6.063637224519884512e+02,1.809877039380687847e+03
1.062664995313437203e+03,1.695183717674718991e+03
1.231435085057580409e+03,1.780423866218579178e+03
6.899859518413726391e+02,1.029861655141445681e+03
9.394293938933016079e+02,1.750291567268129484e+03
6.908441474625851697e+02,1.029237978140147561e+03
9.793107453138289884e+02,1.665176187674670473e+03
1.067565210633451443e+03,1.835089700858144852e+03
9.830594440745658176e+02,1.806090209903230743e+03
8.959564953142206605e+02,1.365100887674974956e+03
1.229373495314233423e+03,1.725191247674767510e+03
1.235032644447411485e+03,1.776113489631288530e+03
6.101307286217978572e+02,1.055520731729883437e+03
1.024034368093813100e+03,1.749805438471894377e+03
1.148198552125610149e+03,1.659926790724038483e+03
4.791852453145997401e+02,1.095033117674538289e+03
7.760154797427546782e+02,1.024776804728191109e+03
6.881265653145866281e+02,1.035018057674441252e+03
5.678502822900213687e+02,1.055701281005287001e+03
3.605112998087251981e+02,1.174632847799769252e+03
4.470085198850181314e+02,1.623401489030758512e+03
3.646806339741862075e+02,1.563217814018621311e+03
3.565963046134368710e+02,1.930155350274128750e+03
3.615723795030806968e+02,1.177629997598193768e+03
5.260122286374436271e+02,1.834571729243853270e+03
4.380638153141822499e+02,1.965251487675155659e+03
3.987006139107834315e+02,1.511205366248646897e+03
1.609657423889487063e+03,1.476353955109839262e+03
4.434220233773884274e+02,1.567421906322369750e+03
1.880010653137779286e+02,1.185055707674683845e+03
5.240042679579881906e+02,1.841008307158561593e+03
8.173803382602834517e+02,1.027343806025446384e+03
9.809952512773509170e+02,1.031026272033109990e+03
1.912877921777166534e+02,1.181148800125209846e+03
