-9.813268574823838719e+01,-2.935690846690044509e+03
8.063612411918408043e+02,1.354780752657386984e+03
7.292479953134246671e+02,1.305085827674877919e+03
7.602990220178024856e+02,1.294511736545456870e+03
6.853822846306402425e+02,1.382936004571806279e+03
6.450025684991655908e+02,1.383177858055979414e+03
8.126022453146123325e+02,1.365100887674974956e+03
8.548350653138031703e+02,1.335093357674926438e+03
1.016056737436489470e+03,1.386142521829030102e+03
5.506555166249513604e+02,1.506308804210305198e+03
6.971158322236134381e+02,1.413803507042364117e+03
6.881265653145866281e+02,1.395108417675023475e+03
5.616984149606365690e+02,1.414659887320836333e+03
1.100417549900536869e+03,1.324516354032622758e+03
1.060614555735158319e+03,1.294085726622108723e+03
6.881265653145866281e+02,1.365100887674974956e+03
6.047723153133988490e+02,1.455123477675120512e+03
1.062664995313437203e+03,1.275078297674829400e+03
5.579887972186199931e+02,1.413606781283689315e+03
1.017185375685135796e+03,1.322606327645580905e+03
1.064828471944736748e+03,1.353578861580042030e+03
4.833426212804008628e+02,1.442604011550926089e+03
1.018028031775259478e+03,1.391702645154623042e+03
1.061080449093963352e+03,1.390346869919716710e+03
8.548350653138031703e+02,1.395108417675023475e+03
8.126022453146123325e+02,1.305085827674877919e+03
-6.571211752696491715e+01,1.570880242591038268e+03
-2.747353732832801825e+02,1.210881623388497474e+03
6.795575817601237532e+02,1.385318897591505902e+03
6.373868928194501677e+02,1.476415904804971660e+03
7.671940016230339552e+02,1.357517128282133854e+03
7.292479953134246671e+02,1.365100887674974956e+03
6.407761490110799514e+02,1.353443750838731603e+03
6.881265653145866281e+02,1.395108417675023475e+03
6.261737968364400331e+01,2.085765062325076997e+03
1.060104609103982511e+03,1.383208206594806597e+03
6.881281365514845447e+02,1.384779639707866636e+03
8.126022453146123325e+02,1.335093357674926438e+03
-9.810357596593314611e+02,5.807832477078318334e+02
-6.487361194277336836e+02,1.480971210185509790e+03
-1.059510320957203476e+03,6.048780788895094247e+02
-5.572033789718651633e+02,6.602324910778421554e+02
6.852993924443168225e+02,1.361401003164992744e+03
7.292479953134246671e+02,1.365100887674974956e+03
-8.577647816472165232e+02,1.415378482521175101e+03
8.101045178140617509e+02,1.412429072712272045e+03
5.606262272580288482e+02,1.420174473564540222e+03
5.687536996990879743e+02,1.444158848482543135e+03
6.414521431775460769e+02,1.384297187597349421e+03
7.688766656644266959e+02,1.386429609047489066e+03
8.015974826722745092e+02,1.295981015635779841e+03
6.795046246577451257e+02,1.417158029193888979e+03
6.413480349403281480e+02,1.416489560218838960e+03
6.878572016754706056e+02,1.447455528440082844e+03
6.881265653145866281e+02,1.395108417675023475e+03
8.516743537531322090e+02,1.301327506601976893e+03
-6.044200046866258162e+02,8.249653476748914045e+02
7.714808153141948424e+02,1.425115947675071993e+03
-4.817465689556854045e+02,1.652697692639520028e+03
7.882138692363909627e+00,1.687164039274357492e+03
4.760404001361669657e+02,1.502217706613235578e+03
6.810871566162832096e+02,1.354477344767722570e+03
6.544702254263221448e+02,1.357755769652900653e+03
1.137887858626167599e+03,1.356602239064856121e+03
1.143689467728588170e+03,1.360575915017350781e+03
6.080612110264264629e+02,1.322263397064318042e+03
5.528120687749799345e+02,1.388670869254883883e+03
6.492587314197284059e+02,1.351081020896369409e+03
6.435396338587930813e+02,1.320097756980671875e+03
7.686558445184348329e+02,1.391761391162342306e+03
1.852190865937885178e+01,2.076174135790241507e+03
-6.513410302660983007e+02,8.695043854619435706e+02
-5.661722701676523002e+02,9.039210995612569377e+02
1.068456327692253126e+03,1.410235637122327262e+03
8.126022453146123325e+02,1.305085827674877919e+03
1.185482803360311436e+03,1.331035546304096897e+03
1.019238073303261444e+03,1.354830703895248234e+03
8.193998909664210260e+02,1.441558674740754668e+03
-4.788329346862473130e+02,1.005010527674392733e+03
-4.049190478094573109e+02,9.029014617368004565e+02
-2.753025608455129145e+02,8.739638974693978071e+02
1.062046867010337564e+03,1.381747571963939663e+03
-4.377115046858298797e+02,7.949578176748428859e+02
1.015634492766551347e+02,2.081748695334571039e+03
1.102977323749548759e+03,1.390057871613332281e+03
6.433372498821702266e+02,1.410891940390852369e+03
8.943691291556540364e+02,1.390554016141386455e+03
6.435523739179770928e+02,1.480534908532865984e+03
8.094727557942483145e+02,1.351040895899451698e+03
7.764332418237565889e+02,1.318307850401557744e+03
8.539173360732447691e+02,1.354601134611388034e+03
2.362146974816143086e+02,1.653494118122964210e+03
3.115855065037426357e+02,1.618653835240062790e+03
-6.949389479812465424e+02,7.857391244269180106e+02
-8.508313813589601295e+02,7.552687382572186152e+02
1.852819680995375506e+02,1.810790765733504486e+03
2.724465942904034819e+02,1.831940379877372607e+03
7.292479953134246671e+02,1.335093357674926438e+03
8.052121238642600929e+02,1.327374696355366950e+03
1.402832573464762618e+02,1.715290920912862930e+03
-7.728833261775981782e+02,1.652798291108604417e+03
-7.288956846866516344e+02,1.545146067674476399e+03
-2.774616273198307113e+02,1.417683582324242479e+03
1.102939724778548225e+03,1.330391236489366520e+03
8.126022453146123325e+02,1.305085827674877919e+03
1.025214043954609906e+03,1.384439435377653581e+03
8.097454089995746926e+02,1.354647639388990910e+03
8.870196880628315057e+02,1.386651090606565958e+03
6.951008002310702523e+02,1.410176449741022452e+03
8.126022453146123325e+02,1.425115947675071993e+03
8.616430644186643804e+02,1.383247722886756492e+03
-5.210657546854381508e+02,1.935243957675107140e+03
3.960343796836566526e+02,2.235802712324529693e+03
6.075722727639687264e+02,2.225488370193899755e+03
3.928059070953142964e+02,2.164069697459231520e+03
3.991119745427937460e+02,2.228407894684337407e+03
1.095035113940016572e+03,1.445881740389043443e+03
1.104897815314207492e+03,1.365100887674974956e+03
1.057986209575097973e+03,1.382429166657544329e+03
1.104897815314207492e+03,1.335093357674926438e+03
-6.570869744488259130e+02,8.755524384838696506e+02
-5.707016652737844424e+02,9.073057367892098455e+02
-6.512669801828672007e+02,9.335899881209662681e+02
1.066295152825940477e+03,1.349524947648846819e+03
1.060985912751935302e+03,1.381755801115900795e+03
1.062585788083255920e+03,1.355396469261952689e+03
5.271363798401428085e+02,2.192928820589024781e+03
3.126801296840483246e+02,2.235802712324529693e+03
5.926435751291096494e+02,2.195379177980626537e+03
3.636079722079817884e+02,2.254235829059240132e+03
1.062664995313437203e+03,1.425115947675071993e+03
1.151781775846364326e+03,1.412306493078147696e+03
-5.235368947625956935e+02,1.927745677496486678e+03
-5.181820460994740642e+02,1.923237160423881733e+03
6.461208379242314095e+02,1.325056763284414728e+03
-6.965357356637954354e+02,1.624954437518813393e+03
-8.177611634417189634e+02,1.625496894231692295e+03
-5.274461127857587144e+02,1.025629447387668279e+03
6.261737968364400331e+01,2.085765062325076997e+03
4.722748444817518703e+02,1.867613027445664557e+03
1.600545159367319002e+03,1.775169752835980944e+03
6.047723153133988490e+02,2.025266547674463027e+03
-5.621871846858556410e+02,1.845221367674961584e+03
6.487021781717259046e+02,1.298560571171823085e+03
6.047723153133988490e+02,1.335093357674926438e+03
6.497907193247849591e+02,1.265079846630551629e+03
4.793886296832649805e+02,2.025750002324979732e+03
5.177110375957554425e+02,1.991850948820515669e+03
4.786289166481416828e+02,2.016150205091584212e+03
4.844252002590577035e+02,1.980961938826169899e+03
5.973914528846019039e+02,1.986155209103201742e+03
3.608168834572665560e+02,1.924822633167787217e+03
3.950710982773387627e+02,1.949141966618442893e+03
4.006086709915771280e+02,1.951950970227234848e+03
-6.487096855611582669e+02,1.781144234039423964e+03
-6.881444898692679999e+02,1.658064231330653911e+03
5.151263618678891589e+02,1.981380689650495924e+03
4.838025219211704098e+02,1.980152826866383748e+03
-5.210657546854381508e+02,1.845221367674961584e+03
-4.377115046858298797e+02,1.815213837674913066e+03
-1.055890481312737847e+02,1.827934536425740362e+03
-2.705293615287880016e+01,1.748022809201266455e+03
6.148254208649494785e+02,1.354544270252737533e+03
5.605119286861436194e+02,1.324363259613323407e+03
6.003927920323926628e+02,1.321768002940062615e+03
1.101325465095335858e+03,1.331305645467670956e+03
1.057386860271358273e+03,1.327720204523782058e+03
3.998713411803585700e+02,1.955560015460439217e+03
5.224568857292599660e+02,1.955844853665209484e+03
1.069128138140633155e+03,1.232100416920830185e+03
1.096338387123562370e+03,1.266561335290735997e+03
-1.042945046858172304e+02,1.815213837674913066e+03
-1.524399660226269475e+02,1.805825995477838205e+03
1.092621588364710533e+03,1.385160904005953626e+03
1.143261117032721359e+03,1.421149507508368742e+03
5.553389372076351265e+02,1.417992251050324512e+03
