date:2016-08-04, time:1400, wind_speed:3.64, wind_dir:196.0, temp:28.8
60.477232 106.502559
42.567880 115.053554
43.406873 115.377422
-60.442000 -10.526808
-7.187069 88.113295
-56.218718 -22.529820
-31.212443 -142.559940
9.707973 121.245720
59.133422 108.844096
52.141807 109.503312
-89.560418 -172.567470
72.588928 106.412305
59.299776 108.883117
55.487399 112.196653
42.594142 115.023509
-23.318674 115.418349
-44.520126 -13.738551
55.542415 109.269471
55.878967 109.371369
-7.141654 -295.931181
85.483507 106.502559
-23.612724 55.246850
46.435859 115.005987
-47.883293 -10.526808
-111.840626 -251.175274
109.479246 106.077596
43.450268 112.416044
72.531384 103.430459
43.806382 112.504065
81.260225 109.503312
14.576825 121.506324
-15.257214 124.214049
35.470957 118.505571
30.196005 121.212637
59.056948 108.838918
-24.285133 -137.334537
-14.541593 -130.556928
80.840207 106.440899
34.272503 117.865753
-90.921849 114.835226
135.071270 118.411976
-119.189770 79.367582
-99.272212 48.843312
51.359401 112.258842
93.097163 109.245609
47.225166 109.263887
1.714267 82.388152
-174.280964 21.765039
-116.143858 3.844848
-115.001733 97.443543
-114.566693 85.497288
-99.217398 69.821619
77.148082 103.501806
-111.924818 48.800281
-111.169787 43.211433
-107.793427 15.863710
-93.783700 1.476204
47.501306 109.373405
80.531997 109.246744
17.999298 121.313289
27.135532 124.507077
18.032429 157.267440
-98.233127 28.329615
14.576825 -91.547139
-106.917218 43.267990
-103.593265 12.818809
-52.744399 -13.784950
-89.979098 67.390887
-74.309105 -32.111384
92.687997 109.023248
-160.467100 43.486746
-115.628853 1.062741
-89.560418 40.485993
-102.508882 19.415432
-156.667581 10.311493
-93.783700 -22.529820
-106.231268 52.489005
-93.783700 1.476204
-90.573443 97.126372
-102.514289 82.416101
-44.491870 124.229373
-102.119125 88.498041
-81.663333 73.407008
60.065423 106.343628
56.253950 106.502559
42.515943 112.098949
-114.919080 85.344595
43.403973 -61.639537
-98.289067 85.331276
-99.474585 99.903839
43.806382 112.504065
-102.119125 55.489758
-82.578108 18.874716
-99.069096 -1.989358
64.589375 106.502559
-89.951522 34.358843
-118.789975 19.480722
-102.522020 16.408542
-102.914347 73.205285
-114.957396 76.413587
-106.614063 19.390543
-102.119125 58.490511
-99.275839 -142.984931
-115.232523 40.213922
-86.117655 -10.720745
63.597692 106.154298
59.758896 106.231012
-136.999003 81.911695
-102.456346 28.348124
-94.582039 112.186777
-114.938124 40.389642
-98.265250 -10.664123
-116.043008 69.950540
85.140135 106.436202
64.172332 106.355496
-93.783700 43.486746
-2.474839 58.433062
1.475158 85.206914
77.148082 103.501806
-102.119125 22.481475
5.810447 115.427586
4.870989 117.887007
27.135532 121.506324
18.800107 142.511595
21.545543 129.949283
-93.783700 -145.560693
-102.476289 -124.621949
54.814953 108.751293
-186.197538 28.176820
-119.825752 52.107181
-86.121033 40.178406
-98.537960 85.291695
-177.905771 28.244084
85.483507 106.502559
-107.018643 55.269929
-65.591127 136.118899
-102.119125 112.504065
14.173217 121.375889
-89.942223 100.417020
-102.456008 70.395674
-74.436882 3.802937
25.724117 -68.272823
13.830527 121.354650
26.043898 121.109626
-90.592696 13.132499
-115.507675 -10.945473
-107.621752 -2.061115
-98.534941 -4.769891
-94.226355 97.367949
-169.528933 61.243694
-60.868320 -19.647332
64.589375 106.502559
-97.895843 4.476957
-35.781219 121.392985
-103.424767 94.056440
-106.231268 70.493523
1.399705 55.254387
-111.866801 -8.261376
-47.883293 -16.528314
-78.098905 142.014073
-115.740103 115.041669
-106.231268 109.503312
-90.286598 73.252219
-82.245324 37.023961
-86.162168 16.240329
-81.224993 106.502559
-77.459545 130.430636
-81.654010 16.347083
10.464682 118.505571
-110.797431 -4.645009
-2.501794 139.435768
-98.294527 139.425659
-124.148813 124.067461
-161.918061 84.968019
-98.253877 73.344435
-114.566693 46.487499
-110.454550 49.488252
-111.643547 85.039293
-114.991148 85.369614
-123.896790 91.111017
-127.125400 112.504065
-124.236603 120.949791
-123.245713 121.346870
-124.117496 130.036492
-93.783700 76.495029
-86.625276 69.959553
-139.572968 85.497288
-140.560276 91.202008
-114.566693 130.508583
-123.278466 130.444915
-90.493731 37.122074
60.477232 109.503312
64.589375 109.503312
-15.239689 139.249927
-6.649944 136.436115
139.174205 118.386968
138.640596 121.133401
-102.764608 70.287392
-81.224993 55.489758
35.113829 -64.682765
92.907913 -214.987510
-81.224993 157.515360
-99.293748 141.922789
-97.895843 94.499547
-81.573422 94.345963
-81.589398 49.351761
-111.184323 -250.791366
-111.219380 -250.874150
-111.836177 -254.078319
-68.777425 178.520631
-81.224993 169.518372
-15.949500 165.831083
-89.560418 100.501053
-164.932180 85.343667
-103.093408 88.149548
-98.303739 58.355525
-77.478914 55.356786
-73.614843 169.367971
-103.486374 120.848323
-144.583186 109.207006
-102.862902 67.232002
-135.859878 61.414431
-99.293783 48.766753
-98.870205 43.106136
-98.641738 52.289736
25.849542 183.864797
-78.477691 162.932212
-115.000229 148.389458
-102.457153 127.355274
-93.783700 106.502559
80.880115 106.348484
76.738440 103.388285
72.179781 103.278555
80.067409 105.981085
72.924800 -259.589307
71.667217 -260.107840
-85.448275 70.493523
-86.951923 78.844258
-114.566693 88.498041
-120.127466 90.750419
-110.815109 52.413375
-85.841029 169.419047
-90.574850 157.053284
-97.895843 121.506324
35.130397 118.387530
113.572507 108.966217
30.816280 -67.661389
-23.276117 172.396821
-169.536350 88.313419
5.539731 85.226476
-123.334948 64.360984
-90.489735 49.094076
-64.989620 178.355807
-147.908393 130.508583
-81.643370 136.441454
-107.461478 63.934665
-157.523111 54.874990
-107.232765 52.145274
-82.449637 33.839734
-106.231268 28.482981
-89.560418 148.513101
-73.235163 133.410874
-89.994126 127.439929
-90.271218 118.267595
-140.207887 109.231950
-102.119125 94.499547
-97.895843 88.498041
-103.468239 45.773553
-89.560418 154.514607
-89.560418 115.504818
-172.914668 88.498041
-102.119125 61.491264
-102.464048 58.420288
46.596164 193.072069
-77.538619 154.382651
-89.894656 139.454779
-94.196308 103.410253
50.625262 111.835747
75.779683 102.927791
-77.462691 85.366742
-111.205824 73.272213
-103.316883 36.992843
52.141807 -49.536597
-81.587128 175.372188
-119.218133 160.438677
-102.119125 145.512348
76.456166 109.251485
-98.272307 88.338860
-106.666391 79.387729
-90.289552 73.225611
-102.119125 70.493523
-102.812906 55.251493
2.129257 58.490511
-90.647898 37.069176
93.377162 106.342400
93.818932 106.502559
88.448709 105.987913
93.818932 106.502559
-82.368207 132.907063
-86.934251 135.894817
-77.112850 130.508583
-115.721798 150.914044
-110.454550 136.510089
-81.224993 94.499547
-97.895843 70.493523
-102.119125 19.480722
-69.444483 166.203180
-77.112850 160.516113
-128.491768 135.966201
-73.601427 121.350985
-98.294706 91.344153
-115.642467 91.069485
-91.011334 75.748427
-81.857169 40.302893
77.148082 103.501806
76.153627 103.056175
76.475278 106.228579
-94.511608 154.301849
-103.513250 108.736456
-89.912624 85.437164
-86.229589 49.282520
59.480054 109.123181
-111.400534 25.137440
-97.895843 133.509336
-90.235026 133.184601
5.509573 85.194471
-127.784552 109.242074
-85.448275 10.478463
-90.307625 13.251671
-81.224993 157.515360
-85.841320 136.384387
-95.340295 123.853263
26.727906 124.413861
-85.832402 91.348582
6.241400 61.491264
76.356503 103.232720
80.323609 106.109927
75.657860 102.847624
-111.841936 18.872511
-115.510413 25.055162
-110.876483 22.339671
-106.968897 -7.740702
-94.175541 40.356489
-94.210458 40.374872
-114.999941 16.381205
42.413285 114.812675
-90.726574 19.065107
-81.587910 157.364567
-136.210382 142.199164
-85.874820 142.346297
-81.224993 139.510842
-127.125400 67.492770
-111.462176 55.019337
-78.579682 90.909966
-78.429338 93.818342
-78.194150 88.105956
-81.224993 91.498794
76.367584 103.169852
76.141635 103.047509
-78.118728 181.182538
156.279050 175.519878
-72.889568 85.497288
-82.650193 75.853189
-122.902118 64.492017
-118.789975 -4.525302
-116.003674 82.006915
-118.789975 85.497288
-81.224993 163.516866
-169.477804 82.227049
-98.657257 76.266073
-90.264185 76.204744
-106.569651 10.403692
-98.515138 16.224318
59.305955 108.968062
-77.848907 148.210050
-73.591097 151.348031
-77.455368 151.422728
-90.996425 141.827329
-91.013877 129.927404
63.870166 112.265211
-110.834748 64.355932
-106.995278 25.219252
51.779110 -49.651467
-97.895843 73.494276
-102.851533 73.345399
-107.273987 79.068509
-124.155476 70.000710
-120.254259 69.871282
-123.612058 73.228733
-64.554143 178.520631
-85.784968 127.346882
-98.245429 31.350569
35.031924 175.453869
30.306918 175.143672
30.816040 175.430651
26.045894 178.070966
47.918525 196.525149
-111.187656 160.285434
-106.902088 94.284864
-124.201152 69.879974
-81.984207 58.287823
51.185646 115.120191
-73.228297 88.366031
-115.523074 76.060237
-81.908540 79.336849
-131.237543 64.492017
-98.838880 58.102825
-98.248553 88.402036
-102.119125 97.500300
-103.112549 97.144309
-98.649137 100.263032
31.247675 121.506324
30.542135 124.217552
-82.477685 178.030273
26.764825 124.360838
-91.098883 117.896309
-99.321914 90.790367
-153.547853 63.812679
-93.783700 64.492017
-93.783700 64.492017
-98.605899 64.199763
-98.247531 70.407570
-119.215357 154.403306
-90.233364 115.212748
-165.329697 100.266321
-111.170527 -247.882065
26.407622 124.194283
22.172944 121.259365
25.689143 120.847977
118.825207 106.502559
-74.276712 93.856933
-69.550208 88.283455
-68.777425 91.498794
-97.895843 70.493523
35.470957 118.505571
34.252059 123.875822
35.470957 121.506324
-89.977432 97.418581
-90.924852 99.944629
97.931075 106.502559
100.998157 103.033811
102.154357 106.502559
-102.478535 73.333319
-102.119125 73.494276
-106.577053 70.377640
-111.611805 96.949197
-114.566693 97.500300
-114.956137 94.372321
68.425375 -262.685470
75.953642 103.015664
76.463482 103.270905
75.921490 102.957363
76.344228 106.249227
-52.106575 -16.528314
-52.106575 -16.528314
-56.642183 -16.635979
-69.439646 112.178844
-73.540537 109.286534
-78.154433 109.035774
-69.122147 112.386811
47.918525 112.504065
43.806382 115.504818
46.549479 114.761342
47.477786 115.432191
-102.897662 118.250110
97.931075 103.501806
2.129257 55.489758
72.924800 -262.590060
25.707433 123.797844
22.497629 124.395910
-127.125400 70.493523
18.800107 118.505571
14.576825 121.506324
-103.093042 46.038132
-98.301216 46.335895
-81.224993 40.485993
34.768780 121.334183
35.470957 118.505571
-90.497725 67.056973
-90.541123 67.139894
59.480047 106.059771
64.589375 106.502559
-115.326934 22.268759
-110.849208 22.357251
-85.448275 73.494276
-86.463639 76.139667
-82.793679 72.934554
-106.231268 58.490511
75.813373 105.782842
-69.518621 52.245417
-98.232821 73.393691
30.051079 175.063141
27.135532 175.519878
-160.832519 88.415109
-85.448275 76.495029
-81.224993 76.495029
-81.224993 73.494276
-139.946497 109.359139
-115.239036 22.289162
-107.444625 18.943946
56.253950 109.503312
-14.541593 163.516866
60.105645 106.438605
60.477232 112.504065
-127.125400 91.498794
-122.902118 91.498794
-127.464329 70.437483
-131.928353 67.180623
-23.262791 154.415848
77.148082 154.514607
2.129257 145.512348
-81.579296 91.344310
-135.849598 82.423078
-131.237543 82.496535
-102.119125 67.492770
-85.448275 61.491264
-73.713621 52.238737
30.263007 -266.064182
-98.241852 58.392462
-106.958070 58.276691
-106.231268 61.491264
-102.529357 55.400742
-52.505391 175.403927
35.045496 166.431733
-56.639319 166.407704
80.925885 154.434415
-39.547868 127.507830
-56.566515 106.347801
-43.771150 94.499547
-127.125400 91.498794
-127.125400 73.494276
-132.634947 63.935848
-82.626594 60.731305
-60.442000 -214.578012
5.870010 -277.695307
-60.829140 -4.686066
-64.988596 -7.595334
-65.206285 -7.757406
-107.652710 -4.948046
-107.280374 -4.914143
-106.231268 -4.525302
63.203277 171.944831
-68.777425 169.518372
-15.607491 138.917645
-86.714145 93.933232
-122.902118 91.498794
-114.913754 55.404603
18.373896 -277.755668
-114.566693 25.482228
-111.165978 19.333887
-110.866426 22.332352
-107.778484 27.905999
-68.777425 169.518372
-60.442000 169.518372
63.923112 154.263321
-39.547868 139.510842
76.736797 112.406183
-89.939488 94.348633
-61.183685 76.182097
-94.988962 66.958194
-82.694530 66.761171
-102.866906 61.229202
-102.119125 55.489758
60.074159 106.429574
60.142463 109.394718
55.849855 109.413854
-56.218718 151.513854
-23.308604 145.454306
-136.828102 72.976640
-77.112850 67.492770
-56.593892 -229.706082
-18.764875 -277.593825
10.112611 -277.752854
-60.833636 181.459065
-69.200321 160.382238
-14.541593 160.516113
43.091732 160.207231
84.782467 154.239334
-2.778139 154.222594
-52.545952 148.445390
-52.762652 145.260039
-48.295190 94.341403
-97.895843 67.492770
-97.895843 64.492017
-114.566693 61.491264
-94.220068 61.373695
-172.914668 22.481475
-48.562882 -214.839987
30.837750 -265.724791
-65.212677 181.259385
52.141807 151.513854
-48.227808 103.370158
-85.781838 85.386280
-135.886159 70.433876
-102.550542 67.404974
-82.031885 1.167284
-2.094025 -277.593825
6.241400 -277.593825
-60.815025 181.372014
64.589375 175.519878
43.806382 172.519125
-35.435725 163.516866
-31.212443 136.510089
-35.778908 130.422012
-135.886992 85.352297
-93.783700 85.497288
-65.249844 70.307286
-143.796250 64.492017
-93.783700 61.491264
-89.911654 55.412055
51.510051 -52.779338
27.135532 -271.592319
-78.450332 177.871600
5.856710 139.402621
101.774719 106.358934
-89.560418 100.501053
-60.837356 70.435778
-127.125400 61.491264
-77.556896 61.405890
55.497478 -163.784286
-60.442000 -247.586295
14.576825 -271.592319
1.387468 88.177844
-3.449459 84.936004
-3.350782 84.978093
-94.220390 10.379135
-89.931484 10.316174
-90.309035 16.223733
-85.846651 10.330607
-102.457653 67.418701
-103.354269 70.004148
-102.507951 67.422347
56.253950 112.504065
54.946740 114.937189
-85.448275 94.499547
-85.448275 91.498794
-85.872187 91.382598
-31.648698 166.372372
-24.348761 150.776419
6.241400 148.513101
-23.282830 130.384182
-135.809849 61.386469
-3.545075 -275.155452
60.477232 109.503312
64.205337 109.401717
60.477232 109.503312
26.051210 166.104919
85.483507 169.518372
-47.883293 148.513101
-39.547868 148.513101
-10.429450 142.511595
84.223136 112.021300
-122.902118 88.498041
-136.987481 78.883195
-127.125400 55.489758
30.547218 -64.823478
30.550756 -64.709631
31.247675 -61.539609
-114.566693 61.491264
-114.566693 61.491264
-114.928244 61.357401
-114.566693 58.490511
64.201315 175.405069
-61.788282 147.991172
-40.959076 -254.352514
-2.484468 -277.740186
85.483507 172.519125
47.514565 157.358850
68.403812 154.348737
-45.222504 147.879804
-119.975089 88.023667
-61.647518 -224.098266
-69.993007 -239.214371
-64.554143 -241.584789
-81.224993 19.480722
-81.607495 19.406607
-81.224993 19.480722
-81.224993 16.479969
10.109396 151.452258
-2.506184 139.446993
-122.902118 91.498794
-68.777425 91.498794
-174.134533 75.929136
-114.998533 76.433827
-70.220829 75.845313
-78.670137 66.973538
31.247675 -268.591566
-60.442000 184.522137
75.813506 153.879849
-31.635446 145.370761
-111.203319 103.254984
-68.777425 100.501053
-69.406568 94.147919
-119.136482 91.381287
-107.523958 87.787565
-89.560418 70.493523
-86.728322 60.871989
-73.295527 55.356025
-110.869613 52.356721
-60.442000 -241.584789
18.446783 -277.664406
-81.224993 178.520631
-61.849222 150.796992
-20.098767 144.873429
-14.541593 136.510089
96.467776 108.858136
-70.112725 96.799089
-45.257712 93.972794
-110.889662 58.341578
-72.889568 49.488252
113.163239 108.795122
113.851382 109.294494
47.234957 112.175710
43.806382 112.504065
-102.119125 19.480722
-102.119125 16.479969
-102.751569 16.225228
-98.283752 49.325694
-98.865352 49.072315
-98.317027 49.386094
-89.560418 10.478463
-86.138489 10.308816
-81.224993 13.479216
-52.509075 184.376879
-27.541986 163.419861
-23.636257 160.313697
60.072918 154.433421
-44.508774 142.276759
-52.544867 106.370615
-94.719471 82.146991
-106.946313 55.228150
-81.892290 70.178938
-81.591916 40.340019
-65.209692 172.319699
-57.494621 162.977843
51.070229 163.079528
-95.150606 102.943477
-90.553276 82.050826
-98.572990 67.265098
-98.595080 67.210598
-103.577143 66.923556
0.774763 57.798862
2.129257 58.490511
0.758872 57.751877
-91.115679 69.832508
-90.556691 70.066485
-89.560418 67.492770
-103.061772 103.022004
-106.953114 109.205166
-135.841968 85.419433
-135.460825 88.498041
21.863268 166.159706
26.187065 169.062661
-90.001988 103.401220
-90.459505 100.075777
-39.547868 136.510089
-39.910213 133.419577
0.930942 81.872374
2.129257 82.496535
1.412983 85.247808
-90.716522 66.856948
-94.477818 70.166695
-89.560418 70.493523
-69.689697 175.216732
-74.253882 177.856933
-69.781144 178.143454
-86.788519 63.943618
-89.963745 61.432025
-85.448275 61.491264
-78.380027 18.854181
-86.124207 16.322808
-86.748129 18.841316
30.301111 169.134085
-44.967314 166.058183
-28.500151 132.961430
-111.191244 91.296376
-99.242958 88.060616
-140.928727 84.824187
-95.315327 81.816653
-74.158874 -8.050913
96.520590 -209.227723
-56.218718 -244.585542
9.520236 -278.006024
-24.232696 -281.172506
-81.617344 166.379897
-78.465836 165.847638
-81.650609 163.363532
-86.838873 165.829957
-57.034494 166.260087
88.873806 169.301707
-65.566890 163.181834
55.228737 154.166114
-35.846197 133.426087
96.455113 102.780253
-120.180533 81.830199
-106.231268 67.492770
84.763332 163.239599
59.792258 160.237151
-32.185018 145.106460
68.045510 145.257449
-11.225964 145.288665
5.494085 145.198611
-32.235632 139.133803
-48.867167 130.132704
-78.318973 90.917697
-98.807803 55.097556
-73.247960 46.418924
-40.558185 -265.939920
30.900321 -268.687957
13.611096 -272.028176
63.514666 166.112545
59.215848 159.928362
5.521598 136.311294
-28.095958 130.187794
-98.604905 94.246891
-127.813120 79.195069
27.135532 169.518372
26.727712 169.396135
30.833716 172.372228
63.644880 166.156741
-52.459804 163.370650
30.895834 160.418356
76.486123 157.324206
-11.365114 148.123244
-19.496829 127.237167
-114.929159 97.428252
-90.291304 70.253820
-127.817020 64.241873
26.144597 -271.937983
34.753707 160.245585
-81.923223 55.308700
-56.881924 -253.840808
1.362769 -280.767340
-60.860152 178.450499
-52.516147 169.411801
43.053602 154.282871
-48.597062 151.226447
-81.932888 91.257361
-110.803396 85.371927
-85.805909 85.362623
-148.631427 64.230200
-148.598825 58.250996
-103.564582 18.797194
-107.294503 16.057915
-103.349868 21.942584
-102.554308 19.322409
-98.304030 67.396095
-94.461984 64.280064
-89.560418 67.492770
-89.895370 70.411196
-73.614920 178.206950
22.912250 166.517619
-73.327869 100.443311
-110.798769 97.403422
-102.119125 97.500300
-73.261804 97.353984
-106.231268 70.493523
-136.137284 67.208240
-73.302746 52.354349
-6.582915 -280.656961
1.091859 -284.026910
-89.992292 127.415555
-90.268002 130.221453
-89.560418 127.507830
-106.231268 82.496535
-114.566693 85.497288
-111.230220 79.204079
113.078180 108.864562
113.551480 109.147362
-82.496336 120.959988
-77.787159 121.301801
-74.009562 118.104916
22.211122 169.299120
22.912250 169.518372
25.992408 172.054448
-66.045044 171.814624
-68.777425 172.519125
-98.613913 13.261607
-111.696141 84.971889
-94.720239 52.097528
-107.282149 16.090012
-81.645285 175.417329
75.716342 102.857380
-102.939015 103.278548
-110.454550 22.481475
-124.284521 60.842733
-106.936518 43.227468
-128.595985 66.800766
-107.843058 109.119015
43.806382 112.504065
76.361440 151.260432
76.940569 150.864969
77.148082 154.514607
-89.560418 70.493523
-89.922845 66.192047
-89.897263 64.334560
-41.126771 147.897618
64.589375 148.513101
-11.859721 129.894892
-74.351072 99.838035
-124.468409 93.858179
-85.448275 76.495029
-24.263014 -278.257252
-65.237609 75.193295
-61.441594 78.977605
-61.753594 76.771916
-62.913630 73.564117
-103.701579 16.153490
-103.484747 15.760050
-102.864897 16.251057
-103.309070 15.924897
-89.873099 71.082178
-89.370039 66.676034
-94.456784 70.211267
-111.720752 100.529190
-110.868982 103.402464
-60.713324 -5.910599
