date:2016-07-26, time:0000, wind_speed:1.28, wind_dir:141.0, temp:20.6
46.162950 109.929969
60.341985 106.631306
-89.811662 -46.409667
42.038322 112.825690
43.806382 112.504065
-60.953511 -1.292626
-7.470220 88.717200
-53.932940 -19.167005
-22.877018 -139.559187
-52.333860 -169.442754
-23.347620 -166.319874
18.276430 118.672122
62.780252 106.804257
56.253950 106.502559
-82.898460 -163.295441
78.412529 103.867698
-60.627631 40.604975
62.996703 106.796127
52.028180 109.638056
35.304932 118.645147
43.586693 112.604354
-18.764875 124.507077
60.477232 106.502559
-43.270663 -7.346968
54.430795 106.821546
-65.168742 -16.381821
56.177187 106.596046
-7.965597 -298.380857
83.645139 106.786695
9.253916 91.972439
-33.138427 64.729457
43.564248 112.684631
46.050210 109.781337
-40.952068 -4.223051
75.356511 103.694752
-110.454550 -253.587801
114.389924 106.720802
43.806382 112.504065
81.087944 103.617079
41.959775 112.825830
18.800107 118.505571
1.567323 58.699292
85.483507 106.502559
85.112390 106.664829
16.997878 118.804920
-10.429450 124.507077
34.180018 118.840107
35.363294 118.616348
60.477232 106.502559
47.605681 109.692896
-24.708863 -127.206571
-10.552402 -127.466473
85.340621 106.610656
93.818932 106.502559
35.470957 118.505571
-84.934424 115.660480
143.831482 118.505571
-114.895437 88.627997
-98.598255 55.576465
42.005579 112.779912
43.471889 112.663416
46.773617 112.840173
85.483507 106.502559
50.545172 109.929180
0.305453 82.854144
-174.774518 22.825712
-106.440309 13.612990
-112.915743 100.968639
-114.566693 94.499547
-95.309248 73.741438
-103.827949 67.844999
81.106364 103.629524
-106.379375 58.575234
-103.781752 46.955593
-106.780128 19.665609
-94.409976 7.724020
43.515788 112.686329
48.695647 109.739712
89.042974 106.681278
87.330638 106.741199
-58.108103 -34.233971
14.377552 118.653804
26.837036 121.655494
21.101611 163.844017
-24.730282 139.845549
-99.588001 28.831182
22.563797 -88.366970
-103.806004 49.963197
-106.839753 16.695234
-47.968769 -7.443544
-90.165349 73.634559
-72.889568 -25.530573
85.483507 106.502559
-161.764392 49.877665
-108.502662 4.712870
-85.448275 43.486746
-104.731297 19.829567
-160.791819 19.598949
-94.709078 -19.469158
-74.618516 142.900742
-98.449948 58.570073
97.573867 103.757347
-99.690557 7.883345
-90.942026 103.677881
-95.096576 94.852610
-107.304706 85.740234
-73.102287 1.633980
-45.188362 130.796824
-102.349820 94.689083
-90.430343 79.745133
97.931075 103.501806
58.850673 106.871399
60.477232 106.502559
46.655533 109.717828
-111.165545 91.703446
-107.639488 31.887160
42.146216 -61.179588
75.986684 -253.137617
-97.895843 91.498794
20.676667 151.831590
-115.323458 124.599496
-95.479167 104.022935
-98.058353 25.577892
43.664712 112.550764
46.092258 109.841925
-99.746156 64.841313
-93.783700 61.491264
-82.949789 19.772407
-98.042172 4.605374
-91.274031 73.962510
68.812657 103.501806
-89.748483 37.566542
-112.251646 25.821993
-103.479967 19.907137
-102.701639 79.773983
-106.231268 85.497288
-102.277450 22.632986
-100.408467 58.686942
-97.895843 -145.560693
54.809755 106.834802
60.477232 106.502559
-97.895843 85.497288
-107.670882 52.752463
-90.568728 -1.306023
58.617764 106.714627
55.589640 106.500649
54.600394 107.068745
-110.454550 124.507077
-132.131721 91.696430
-103.186914 31.788059
-98.697101 121.671901
-124.283341 103.859757
-114.924538 49.679599
-95.060607 -4.113227
-116.435220 73.794129
93.643507 106.664234
-172.914668 76.495029
60.138444 106.574185
-93.295583 52.690985
0.382260 55.871537
1.914602 82.601635
77.148082 103.501806
-103.304392 28.832282
9.109200 118.917691
18.800107 118.505571
11.025084 118.685481
26.903805 121.598693
18.646334 139.574914
13.309464 151.866607
22.491876 139.587590
-181.623977 82.666040
-99.671364 -145.317328
-108.024844 -121.180753
54.398875 106.814042
-98.567505 -7.283229
-181.250093 28.482981
-124.443268 52.762132
-93.334597 22.637282
-80.889342 43.574101
-103.505005 88.981303
-178.871179 25.806669
86.006586 106.479197
-106.760476 61.613471
-120.089969 58.844056
-61.789295 143.024791
-98.265192 118.691323
56.136506 106.593796
-80.947031 127.914167
-116.334082 127.746287
-110.933458 118.723132
-112.237309 109.850461
17.134656 119.062141
-87.139197 82.956924
-85.868634 145.701959
-87.711796 112.767172
-98.458066 76.697366
-73.438198 7.603564
29.501237 -67.215493
18.800107 121.506324
23.431791 121.892352
1.835875 55.624376
-91.410415 22.760519
-83.035068 19.862666
-102.119125 -1.524549
-106.231268 1.476204
-103.511286 4.775460
-98.446590 100.736743
-165.023440 67.566876
-58.073893 -13.240151
-70.541241 -4.070559
62.781456 106.912732
-103.509270 7.810827
-102.119125 10.478463
10.347844 88.574023
-32.023147 130.723267
-102.119125 100.501053
-56.021418 -22.143113
-99.338182 76.819505
2.129257 55.489758
-108.000065 1.830504
-86.472139 106.818650
-53.193930 -10.199005
-80.926088 148.597466
-114.566693 124.507077
-97.687753 112.542001
-77.112850 85.497288
0.496580 82.722159
-85.802404 46.552112
-87.283021 19.793769
-83.656102 118.795073
-74.646473 118.774283
-77.642167 139.749819
-77.214293 25.568054
16.542149 118.666765
-111.225548 1.745136
-8.030374 142.884770
-98.714536 148.711954
-119.047438 130.597616
-165.108465 88.599404
-95.591090 79.822192
-115.969099 52.826962
-102.895853 55.694074
-115.628025 88.828274
-115.458497 94.598883
-118.313131 94.810278
-121.246104 121.854972
-118.789975 121.506324
-118.789975 130.508583
-118.789975 133.509336
-121.124637 136.792851
-120.254235 133.930732
-89.560418 85.497288
-89.560418 76.495029
-136.620669 91.594114
-135.460825 91.498794
-135.460825 97.500300
-120.464794 133.951207
-119.353191 136.788593
-87.260877 40.807459
62.692787 106.810354
64.038725 106.719144
60.690874 106.691835
-6.613562 148.657199
-6.471806 145.705492
141.976255 118.783564
143.831482 118.505571
-95.584461 73.847763
-82.673418 61.900010
39.583100 -61.539609
95.998497 -211.292652
-74.570462 167.014863
-74.322222 163.860322
-95.626783 148.831127
-95.596463 103.852971
-81.224993 100.501053
-73.052422 52.564485
-116.466578 49.771111
37.771902 -61.144050
-112.296565 -253.263167
-112.321999 -253.239936
-112.315520 -253.226892
-110.909692 -253.543452
-70.413986 181.940353
-81.224993 175.519878
-18.764875 172.519125
-89.560418 109.503312
-166.304559 94.841005
-95.538926 91.849320
-108.037157 76.806721
-93.783700 52.489005
-24.503924 176.000811
-89.117439 67.662406
-72.314350 61.608484
29.881443 196.980228
-68.191245 172.673935
-101.646912 130.609153
-89.231892 130.701760
-143.076695 115.537496
-99.706462 73.785354
-135.111350 67.690960
-99.264390 55.801487
-98.050473 52.569562
-96.335818 55.840733
-97.958754 49.608852
-97.060919 52.729074
27.135532 190.523643
-82.921257 172.990929
-116.257153 157.827726
-101.677655 127.942542
-93.118789 112.827982
77.524643 103.623394
79.781091 103.827775
75.201385 103.688310
80.422071 103.762093
71.446309 -253.205357
75.783747 -253.063164
-85.567167 79.533293
-86.970510 79.379981
-90.289240 79.755127
-114.856997 94.644637
-114.733174 94.712969
-110.692985 58.629747
76.121096 103.805293
-85.712697 175.687863
-81.499042 160.548266
-77.274725 157.638009
-94.026019 130.646702
35.197744 121.605315
118.625698 109.651011
-94.091987 49.586735
35.296607 -64.464733
-22.958699 181.641177
-164.642790 94.625634
1.999600 82.631560
-114.703177 67.543352
-89.699441 58.578792
-64.554143 181.521384
-147.908393 139.510842
-81.224993 139.510842
-93.783700 100.501053
-106.231268 73.494276
-152.131675 61.491264
-106.231268 58.490511
-77.112850 40.485993
-93.783700 34.484487
