7.000932454421046032e+02,1.028525163877176283e+03
6.047723153133988490e+02,1.065025587674489771e+03
8.670892869329534278e+02,1.208423888645731040e+03
4.078896008953643104e+02,1.179140023198385734e+03
4.907924000787426166e+02,1.118402857808121780e+03
-5.621871846858556410e+02,-1.155531632325152032e+03
5.741887659187345889e+02,1.058636946359234798e+03
7.292479953134246671e+02,1.035018057674441252e+03
1.991872143480284763e+02,1.178055346359041096e+03
6.047723153133988490e+02,1.065025587674489771e+03
4.082723195025168934e+02,1.179340429572276207e+03
3.666880821195024396e+02,1.179637687769308513e+03
5.755115179028878174e+02,1.059407578124161319e+03
6.047723153133988490e+02,1.065025587674489771e+03
3.958309953134120178e+02,1.185055707674683845e+03
7.292479953134246671e+02,1.065025587674489771e+03
5.334587758122956984e+02,1.119317447262199721e+03
1.104897815314207492e+03,1.515138537674427880e+03
7.292479953134246671e+02,1.035018057674441252e+03
1.199416325564921408e+03,1.598008767927607778e+03
1.021543565314599164e+03,1.635168657674621954e+03
5.754400086222547088e+02,1.059212794758306700e+03
6.047723153133988490e+02,1.065025587674489771e+03
6.177490012668704367e+02,1.059465866504103587e+03
5.746923906764097865e+02,1.057800122645311831e+03
5.625394953142080112e+02,1.065025587674489771e+03
6.047723153133988490e+02,1.065025587674489771e+03
6.047723153133988490e+02,1.065025587674489771e+03
6.047723153133988490e+02,1.065025587674489771e+03
3.958309953134120178e+02,1.185055707674683845e+03
4.380638153141822499e+02,1.155048177674635326e+03
3.670662520548726206e+02,1.177915827157793046e+03
