date:2016-06-25, time:2300, wind_speed:2.56, wind_dir:201.0, temp:15.4
61.861470 106.398709
-106.552391 -256.729129
-77.387161 -79.806474
43.593146 121.229039
120.605669 124.429342
-31.553769 -101.196049
26.928608 -289.837777
22.740977 151.047094
-31.583474 -94.936630
-114.291171 -49.852061
-72.889568 -34.532832
-8.838516 -58.796750
68.196145 103.280684
-60.125352 -79.665396
66.836584 103.337329
70.273157 -238.851620
-18.563994 46.241953
97.689004 103.271558
97.650265 103.384541
14.362492 118.236860
57.692375 139.281516
97.674402 103.344843
95.987100 103.307956
-6.722455 49.122552
-8.696298 49.391495
97.931075 103.501806
97.931075 103.501806
45.213260 184.369182
-14.888633 46.006519
36.860186 196.315258
-15.021073 40.390635
-8.723227 46.307875
-6.663123 76.275040
41.056695 196.291716
46.173986 193.137275
56.023942 106.440004
53.564053 187.291524
78.639258 -217.795976
60.324245 106.002403
6.323487 -91.929990
60.119037 145.192825
85.121860 -221.116366
81.244159 -223.986615
78.522465 -220.843069
66.196430 -244.728267
95.602218 199.352750
-14.620132 49.180342
-14.686374 46.323560
-22.877018 40.485993
-10.535549 46.260289
-6.689725 49.220381
106.021736 196.077061
86.903397 106.311578
76.670940 -254.051933
5.915297 115.217130
47.918525 109.503312
97.630826 103.367791
49.375872 -55.755121
97.475504 103.309766
97.411280 103.279596
97.931075 103.501806
97.931075 103.501806
97.696208 103.381332
56.215804 -277.899471
68.308944 -262.976219
49.435256 -55.823867
43.350875 -55.992025
44.938479 -55.790542
-6.726604 49.120746
-6.354176 49.308690
56.025155 106.442759
56.253950 106.502559
56.253950 106.502559
120.259261 109.301771
1.840760 85.299355
-12.666845 34.252987
-14.707755 46.011810
72.623048 106.163998
