date:2016-09-19, time:0400, wind_speed:0.67, wind_dir:243.0, temp:18.9
-169.029156 19.173892
35.222315 118.239679
-111.408670 -38.224965
-186.087512 39.841005
-81.823455 40.086103
43.521782 130.175182
-148.369864 27.929884
-99.170752 48.883483
-94.489839 99.884120
-94.374986 97.138728
-53.024502 84.810377
76.523600 147.931399
-86.231191 46.015309
-111.261957 27.759079
-127.690283 34.066103
30.740487 121.028572
-85.991042 37.058710
60.181750 169.256842
-15.621922 -287.312432
-90.500223 159.924764
-115.017632 31.046694
35.406930 124.434689
-128.126633 -44.310577
-85.852717 109.149229
-106.732950 46.182397
-123.606350 81.952000
130.444533 165.926576
-69.848958 96.744717
80.685451 214.206721
-123.306506 61.048878
43.170506 112.104672
35.171060 118.231226
-181.773218 87.899461
-52.924214 30.909156
-70.041657 39.633841
-103.344230 150.721447
-69.491143 66.903493
-131.745045 115.031833
-131.882555 64.006619
117.907414 219.921248
-119.593492 162.930642
5.343199 150.920448
-106.231268 1.476204
-127.935280 81.967633
122.408045 208.213254
118.484182 148.100810
-15.101235 154.116501
-86.465243 132.840171
-32.408388 132.798815
135.120537 156.948814
-86.122343 36.976534
-94.751149 36.726795
-27.802749 139.039050
80.498995 148.089257
-148.618777 42.973945
31.141065 130.177163
122.218873 168.977264
-89.984882 31.012465
-52.761166 154.007933
-85.721197 109.286971
-148.639592 54.910881
-89.791052 142.167453
-56.970688 156.927398
-19.561033 118.024375
-86.105019 105.983785
-77.552636 106.029126
-81.380398 103.263823
-85.925760 100.084064
-86.134220 37.030998
-85.864802 31.024751
-123.929988 120.740739
-77.703766 31.017237
-6.492031 160.189272
-164.907417 58.021800
-173.891259 57.914789
-73.222322 34.121115
-77.479739 37.204941
-81.487336 40.195538
-98.394056 100.109179
-89.676914 106.355005
-140.289983 60.944816
-131.905649 63.923453
-139.883139 61.121446
-69.171993 88.067339
-110.437722 28.375522
-82.413044 33.770966
34.971618 118.073578
-94.650690 111.952167
-94.118311 109.057109
88.281707 174.874399
92.649283 174.866290
89.350441 178.196001
84.858184 171.926457
-119.151485 40.026479
-119.362499 40.111534
-115.480693 39.972927
-156.477461 118.281386
-93.873753 40.250776
-14.859592 115.046907
-27.263776 118.291099
-23.180724 118.167244
-14.588145 118.396459
138.638104 189.888409
-19.623709 141.901289
-93.946660 172.289944
135.219317 136.077065
9.143131 156.732194
-19.653059 120.765457
-15.008913 118.173076
-22.939257 115.315434
-77.848775 27.862297
-86.194089 30.916533
-81.352160 31.211146
135.223957 136.255923
135.415487 136.321438
134.612770 132.849821
134.803575 135.866801
134.970149 133.188430
134.589410 132.882641
135.026653 132.979368
81.260225 169.518372
85.414302 172.447632
85.464785 172.398364
80.254966 171.898017
-94.003098 124.203337
-31.552376 139.130705
-73.098689 31.150947
-6.431959 157.306429
-18.833934 142.387436
-85.651726 94.287173
-93.848436 169.463435
-68.828739 139.389941
160.502332 196.525149
127.125400 238.584036
