date:2016-07-07, time:0900, wind_speed:3.1, wind_dir:92.0, temp:17.7
6.881265653145866281e+02 1.095033117674538289e+03
4.821274493159264125e+02 1.164821337024390004e+03
5.738486369328533101e+02 1.162564843642228652e+03
9.869516387579114962e+02 1.101287023341010354e+03
6.967572971395095465e+02 1.131028119659079493e+03
5.741517458016264754e+02 1.131184580094487046e+03
6.919022031161265431e+02 1.108324504559001298e+03
6.911286105463991589e+02 1.104352538316351684e+03
5.717284041415812226e+02 1.137138530067861893e+03
6.940524754562868566e+02 1.102745847186438368e+03
-1.388980604351615398e+02 7.699493844928473436e+02
6.938433511620193030e+02 1.103624696261213103e+03
3.578753615065334088e+02 1.253830618143675110e+03
9.850797607600645733e+02 1.108874857298604184e+03
5.668610010750246602e+02 1.135392847490536724e+03
6.952706537788350261e+02 1.130032774957969878e+03
9.893585900100091521e+02 1.130330399957362943e+03
9.870847817960445809e+02 1.107842290408957979e+03
4.466730912561713467e+02 1.188622494236257808e+03
9.891172391138285320e+02 1.132861292612817351e+03
4.839367914932823282e+02 1.142980828699272934e+03
3.580610165950829469e+02 1.257950077269261328e+03
6.953161235293777054e+02 1.108250998103166921e+03
9.856401048363802602e+02 1.105955359132485455e+03
9.869686979465003560e+02 1.108701731198501875e+03
5.721634087550997947e+02 1.129038111512235673e+03
4.855430127141585217e+02 1.192521414074408767e+03
6.973565698354136657e+02 1.131146656789079316e+03
6.888413457842722210e+02 1.080222151084042252e+03
9.802589985244476338e+02 1.079131674353978269e+03
4.891761447175815647e+02 1.188894678499127849e+03
5.677855048568170560e+02 1.135032918292284194e+03
6.886084354685190192e+02 1.106549499305555855e+03
-1.354608254686259443e+03 -7.526055232498481473e+01
5.629692210579459015e+02 1.139558243332528036e+03
6.922105344866017731e+02 1.106375334337340746e+03
6.994723228332525196e+02 1.099589674858384114e+03
6.897844673375574303e+02 1.077891973922716261e+03
6.878958030838109607e+02 1.131742442245918483e+03
-1.052759679655953505e+03 1.189812651812361537e+03
2.935116107432027377e+01 9.241083339732706463e+02
4.856047197312082631e+02 1.166191489271018781e+03
-1.306240072649745798e+03 -7.055077814456453211e+01
-1.304326087975079190e+03 7.426590851805357829e+01
6.942793405017083614e+02 1.108806935360521038e+03
5.718732276880123209e+02 1.164106813838105154e+03
4.810384766935748075e+02 1.168336170948849258e+03
6.911794976815234577e+02 1.106352199635658735e+03
5.686180341696906453e+02 1.161533477044405572e+03
-1.093063912876281393e+03 3.794442624713488499e+02
5.668869283680418221e+02 1.134549567498649367e+03
-3.006795116614435415e+02 8.275628911390355142e+02
-9.773810128494230867e+02 3.598547919251800522e+02
4.798438642205973679e+02 1.138164532649149578e+03
4.816089464131456452e+02 1.167147808401497741e+03
6.881265653145866281e+02 1.125040647674586808e+03
9.851280689047573560e+02 1.131352943001124459e+03
5.644050562114413196e+02 1.134237302447292450e+03
6.893779934152287296e+02 1.108181258981576093e+03
-9.361643873984608035e+02 5.071212724020620612e+02
-9.350973957492547015e+02 1.139381273490927924e+03
-7.695974435918677727e+02 1.227452200826646504e+03
-7.625257622132345432e+02 1.159045040113529467e+03
5.695531137228282432e+02 1.137615620090266702e+03
7.000753341810661823e+02 1.098965955037720278e+03
-8.920345424485662988e+02 4.852832029092304538e+02
6.884387834480861557e+02 1.077116153792021123e+03
6.944592267209343390e+02 1.108270422693128921e+03
5.639454665395739994e+02 1.135204641117832580e+03
4.838342201303877914e+02 1.165358488346535978e+03
5.644318030811607514e+02 1.137846888760353522e+03
-5.336849780597680137e+01 1.422353857034690918e+03
5.626815333030737065e+02 1.139413622361347507e+03
6.931036246192629733e+02 1.108947668627366738e+03
-6.777999190013254065e+02 6.809188243314583815e+02
5.636429789120986698e+02 1.138310247718578012e+03
6.994305707699268169e+02 1.130957186845105753e+03
6.912179853918638628e+02 1.108355281320704989e+03
-5.196350212079021276e+02 1.199125971434881421e+03
-1.867566195597378567e+02 1.410800776398247081e+03
4.926520918302252312e+02 1.159130512226067140e+03
-4.294092916967185261e+02 1.311505410776533836e+03
6.970859618816210741e+02 1.129548814390916959e+03
6.997307949813455252e+02 1.129134931474541190e+03
6.925225889299804294e+02 1.108052474284119626e+03
-2.201952797681618677e+02 1.458396430127210579e+03
-8.037662790192849798e+02 6.743337483870466258e+02
-5.987916195387552989e+02 1.284751628275907933e+03
6.930540584745642718e+02 1.103283637566080415e+03
3.631900731331222119e+02 1.257509189155005515e+03
3.547095653145739789e+02 1.245070767674780882e+03
5.646255148438792730e+02 1.141367054513580115e+03
6.927833188699572702e+02 1.105551030122159545e+03
6.944449271012100553e+02 1.108409137696889275e+03
-5.195018765982857758e+02 1.348854589155466329e+03
9.871176028119035664e+02 1.119652911616626398e+03
-5.802204333853586604e+01 2.040682802068192132e+03
-5.534396225631473953e+02 7.736278025127783167e+02
6.895764429710301329e+02 1.109756582223319583e+03
6.950383787592837734e+02 1.107174408879628572e+03
7.033207417981831213e+02 1.100098007912637968e+03
-2.249550895593018254e+02 1.457029687167758539e+03
4.373484892239220017e+02 1.198042547072450134e+03
-2.279014213102191775e+02 1.438906869708861223e+03
6.899884421448687135e+02 1.138997414489945868e+03
7.018120725073063113e+02 1.131282139543125595e+03
6.885695127668682289e+02 1.110208139935948793e+03
5.679748517117961910e+02 1.140097412443155690e+03
-1.017162067606204687e+03 3.356141729357195800e+02
5.642246278494358194e+02 1.170443760391913884e+03
6.929427426047964218e+02 1.107266639039932898e+03
5.664433432204797327e+02 1.137646462938765126e+03
4.857533180578707288e+02 1.166363714465815519e+03
-1.851775954156400985e+02 1.468516973523393517e+03
-4.766692867680083623e+02 8.381025235293219566e+02
-1.350586911860069108e+02 1.369981711879990144e+03
-4.371429663950220288e+02 7.490165063523195386e+02
-4.701678106670045167e+02 6.707556319703729741e+02
5.640568232536927553e+02 1.137282490306922455e+03
-4.699403477203655939e+02 7.426036015049849084e+02
6.928472262384129863e+02 1.108184099550532665e+03
9.863851078577357612e+02 1.112205688884012716e+03
7.368858022443098434e+02 1.131517391714852238e+03
6.943015439747751998e+02 1.108601356785028429e+03
1.492611583707929981e+02 1.466472914063787130e+03
2.912263895584666784e+01 8.907052154810239699e+02
-6.139033725881695602e+01 7.781152624335599057e+02
-1.306270373159621556e+01 8.567229427519305318e+02
-6.123201468679339143e+01 8.379726912961142489e+02
5.625928167258957728e+02 1.130942325129502478e+03
6.924591845846365459e+02 1.106645874361991673e+03
6.935669770333257702e+02 1.101798162597697683e+03
6.982973605757516680e+02 1.101828203629623886e+03
2.346140713998210003e+02 1.709139937947145199e+03
7.140661191879900116e+01 1.462152521949996753e+03
1.472794068721295844e+02 1.559016189917312204e+03
2.805596521849805640e+02 1.967523444823169484e+03
1.538141059333519252e+02 1.553683526151377464e+03
1.162993011576958935e+02 1.517107444627642280e+03
6.057176769805655567e+02 1.108306954256616791e+03
6.919023159912693473e+02 1.105107611443637552e+03
6.916525938462926888e+02 1.107793040348773957e+03
1.912579165100543150e+02 1.290113639725079111e+03
6.941751852352867900e+02 1.106471090294908208e+03
-8.952344408590648754e+02 5.080795658667461794e+02
6.976605444256398414e+02 1.125045577958577951e+03
6.951119478407010774e+02 1.105218606223045299e+03
4.842990773068161161e+02 1.170018641905486902e+03
-7.162568486655615061e+02 1.249912204167555728e+03
6.907256103649626766e+02 1.101103843959325104e+03
6.963641028258019787e+02 1.126311983487322777e+03
9.832014804508843326e+02 1.109309833224261183e+03
9.863475828348947516e+02 1.109220882153348839e+03
9.041845837096821015e+02 1.129563748082823622e+03
4.833184571600377808e+02 1.943853492079504349e+03
-2.180853112360258592e+02 1.789226896771081329e+03
2.323675344129550808e+02 1.978091193095444851e+03
1.896839470664112071e+02 1.918207158123850604e+03
6.957927919046554734e+02 1.101523539365925672e+03
6.143408227250179152e+02 1.159872722337842333e+03
6.997920211181937020e+02 1.100660145401210229e+03
6.922431359638773074e+02 1.107903312784440914e+03
2.394364776043726408e+02 1.959948715410959267e+03
2.766642308184464696e+02 1.967544336080057292e+03
-7.284857427139374977e+02 1.857201865137933282e+03
-6.415433698715444280e+02 1.860831083876332514e+03
4.001732250155283737e+02 2.089939383530345367e+03
4.792514954155847704e+02 2.098468966153155634e+03
6.909571959740087550e+02 1.102102509739228481e+03
6.902027194875948908e+02 1.138718137638157714e+03
7.011535878628385490e+02 1.130705185521858311e+03
2.281927555775404812e+02 1.972990589513082341e+03
2.412507049199268181e+02 2.000021952134997719e+03
6.913266505136410842e+02 1.106981144255233403e+03
