6.181621042158194541e+02,1.067322433045247180e+03
1.062664995313437203e+03,1.035018057674441252e+03
7.437049416589065913e+02,1.041661733357014782e+03
5.619786988639236824e+02,1.099418316436117948e+03
2.440334483094665075e+02,-1.301340501674992311e+03
1.188252065313815820e+03,1.185055707674683845e+03
9.115038132006774276e+02,1.066941649534178396e+03
-5.104807974219428957e+01,-1.749302055205397664e+03
1.117788893664064062e+03,1.039839679027332977e+03
8.166014709018936628e+02,1.040118879861184041e+03
5.714933225776605923e+02,-2.800368021406710795e+03
-3.813232887344241249e+02,-1.360251838072217197e+03
2.713553153133862565e+02,-1.335576812325443143e+03
5.342332436966312343e+02,-2.831934897564349285e+03
-5.185707738644305209e+01,5.900772937007063774e+02
8.195639683860308651e+02,1.040490112321722336e+03
4.094810365370279897e+02,-1.301238868061184121e+03
7.384490241684892453e+02,1.039299607833972004e+03
7.853108723467601067e+02,1.039674438573478710e+03
9.345321134328202106e+00,-1.750564166728727741e+03
3.665458911676661273e+02,-1.242328199948675092e+03
6.998084997108337575e+02,1.068720407313598798e+03
2.829322589447779706e+02,-7.008411066053903369e+02
9.830107592808665231e+02,1.068732306714513697e+03
5.261777919474051259e+02,-2.831502425907857287e+03
1.102970262231776957e+02,6.192844011487952685e+02
7.410698901281469944e+02,1.039718453148665731e+03
7.875758333372818925e+02,1.040603863822372205e+03
1.045359008241328183e+03,1.039463397414702513e+03
1.078820715526632057e+03,1.037340684165000539e+03
1.029734109401408205e+03,1.038982788696717535e+03
1.021543565314599164e+03,1.065025587674489771e+03
1.009067853370812145e+03,1.068233660214502606e+03
7.462942089797910512e+02,1.219916782086880630e+03
8.242370599470941670e+02,1.038870079322441597e+03
7.741673624331352244e+01,5.593093699755771695e+02
7.422877769018516574e+02,1.040410687741978563e+03
-3.422855865735572252e+02,-1.031248884532636339e+03
-3.138271388518031699e+02,-1.093497809236357170e+03
5.668537850227988883e+02,-2.802633175452769137e+03
5.272997986503198717e+02,-2.831746603001424774e+03
5.198599984154536742e+02,-2.833647408383381844e+03
9.525120368448365298e+02,1.070632180792045574e+03
9.916952066217934316e+02,1.069877540728436543e+03
9.915953958512018289e+02,1.068875929466089246e+03
1.035997568658843420e+03,1.040910528118370394e+03
9.381893153134114982e+02,1.065025587674489771e+03
2.777348989535788064e+02,-6.994233120144197073e+02
7.709498787914699278e+02,1.039729734299629172e+03
9.884604302406949046e+02,1.043017262687164930e+03
1.058781859841101323e+03,1.035229731981462464e+03
1.280024233961598156e+03,1.491563366507889668e+03
5.235468338542017364e+02,-2.832501002802613129e+03
5.701112828015280911e+02,-2.799660654773451824e+03
6.650674936835255266e+02,1.067062993931903520e+03
6.628757182898572182e+02,1.067890497283514151e+03
7.342998754309641640e+01,5.607322690080018219e+02
6.702294914866926945e+01,5.593986529935089038e+02
6.159557385254012161e+02,1.062633659704639740e+03
6.558432413142828636e+02,1.070308097360397596e+03
6.047723153133988490e+02,1.095033117674538289e+03
5.359793291943727809e+02,1.099570966712388326e+03
5.351340240019726480e+02,1.097237127145310069e+03
5.325865562900747818e+02,1.101263470670577590e+03
5.294723338766707457e+02,-2.831047333221766621e+03
5.684306650682747204e+02,-2.799559671061953850e+03
5.233345722017505750e+02,-2.800426386394488873e+03
9.788608161861819781e+02,1.039793800637438380e+03
1.012760127638965855e+03,1.043760597090988995e+03
9.775595728504750923e+02,1.065151972366353448e+03
9.986271798610862334e+02,1.067758715984605033e+03
