date:2016-05-12, time:1300, wind_speed:1.98, wind_dir:229.0, temp:21.2
101.886610 162.579594
77.055494 156.365603
93.569209 201.917324
-177.254937 24.370657
-39.535911 -81.030580
-60.364782 -20.911121
68.447882 -275.191811
102.524045 219.086034
119.172061 153.240789
1.817342 -38.332904
110.330014 198.366631
102.304547 204.159773
97.829480 225.588252
97.779372 201.563467
93.401700 183.709527
22.643090 -83.222918
-48.119949 -122.437080
114.565266 162.340055
68.938455 155.998814
81.203627 147.280878
22.751405 -89.338137
80.974782 150.745062
89.508206 150.484766
19.055940 -89.736134
31.353565 183.418495
89.522464 168.255423
97.909628 159.372919
30.967002 -68.162293
60.389431 147.489937
-77.289107 76.374973
6.015292 81.709609
-64.856580 -20.324144
51.769029 -284.280624
106.301040 219.216826
106.155491 222.360134
-43.846328 -23.735045
55.954765 -281.226936
51.878737 -284.368905
52.065721 168.493985
76.951390 159.631470
-27.426539 -44.010325
-14.839664 -173.224098
114.564126 210.443169
43.570119 196.026558
6.813911 53.939333
93.559177 222.473300
118.713337 204.383427
85.284258 141.629647
35.269971 192.833920
72.641310 177.609431
81.176154 150.305930
64.311177 141.411365
93.701369 -226.714178
47.554838 -284.166531
106.794455 219.071604
72.793065 102.684131
-85.225780 -23.789312
122.764606 225.837553
-23.208031 -68.145731
-47.894235 -116.746326
-39.789535 -119.227158
64.748722 147.430178
60.225846 153.574666
-10.540673 -71.631059
106.044971 217.250735
111.102814 194.995190
94.585246 189.100871
-35.677057 -29.340871
-48.069680 -52.934032
97.823043 172.313341
-23.071330 -61.654456
-6.007583 -77.922960
-14.564491 -77.638930
-18.938345 -71.415300
-44.026344 -80.401119
-38.972045 -81.224007
-43.821700 -83.733765
85.364293 141.466154
114.580384 138.351792
35.492817 -155.999324
114.429514 135.489117
114.420445 138.658148
89.289572 186.980404
60.184136 174.978164
72.658850 168.794482
-102.222826 -38.572251
-18.455292 -44.933604
1.770298 -53.099935
52.173170 150.355909
55.983520 150.525042
-39.879016 -95.223808
77.262418 132.134507
51.835095 -284.246330
51.988452 -284.449913
81.027757 198.838242
76.805644 202.024419
-64.773331 -131.352298
115.282181 161.903547
118.550221 162.845636
123.079672 195.226436
122.665886 198.780295
123.298238 204.150345
123.256020 204.213491
119.044675 194.976746
123.572389 203.969612
122.736976 196.177394
119.060509 219.107145
118.499256 216.792729
106.477248 210.330522
85.852868 174.191259
-93.477244 -24.077515
1.829709 -20.163393
90.260695 149.946793
97.729502 146.523224
89.275709 151.210535
80.892174 213.968149
47.633655 195.862330
114.203888 171.677332
68.608731 168.823113
60.177167 165.697619
60.296813 156.714189
39.217932 120.847700
68.421196 105.823246
-39.728959 -74.380699
