1.046468153141696291e+02,1.125040647674586808e+03
4.380638153141822499e+02,1.125040647674586808e+03
4.429543616481892059e+02,1.115132279310538479e+03
8.654249714671777838e+02,1.373791962193857671e+03
3.164247062798828551e+02,1.203065548830629950e+03
3.547095653145739789e+02,1.185055707674683845e+03
-7.288956846866516344e+02,-1.275561752325346106e+03
4.052357187684735322e+02,1.583510200266209267e+03
-2.094025468620891672e+01,1.125040647674586808e+03
5.625394953142080112e+02,1.905236427675058621e+03
2.335701920322055116e+02,1.563747970131693137e+03
-3.484176764115339893e+02,5.445579139312619645e+02
5.214180653137905210e+02,1.095033117674538289e+03
-1.016744232783689654e+03,-1.256302300266480188e+03
7.292479953134246671e+02,1.665176187674670473e+03
-5.966420432898783019e+02,-4.880153297438483833e+02
3.547095653145739789e+02,-2.895968372325597102e+03
3.996415818923243251e+02,1.173670422643361462e+03
8.213344750182518510e+02,2.001558985933892018e+03
8.642045615815125075e+02,2.033917700842498562e+03
5.625394953142080112e+02,1.815213837674913066e+03
-1.454159346862346922e+02,1.155048177674635326e+03
7.766118654359247557e+02,1.024699725416671527e+03
-6.044200046866258162e+02,-4.653584423256155560e+02
6.517187654770733616e+02,1.804585625808704208e+03
1.062868379683681951e+03,2.115772592325125515e+03
7.348087733568577278e+02,1.894920610223289032e+03
-6.206168468662637849e+01,-7.354262123252625543e+02
1.072453489042271485e+03,2.034861613812927089e+03
1.035110962542011066e+03,1.871865902515223752e+03
5.735731382072133329e+02,1.073376678699203921e+03
3.958309953134120178e+02,1.635168657674621954e+03
6.558151640410319487e+02,1.704401592807657835e+03
7.340521795912767402e+02,1.833993540245994609e+03
4.048196950259515461e+02,1.223537535959513207e+03
1.072901634629577757e+03,2.062947034962220641e+03
5.625394953142080112e+02,1.695183717674718991e+03
5.313252319037676443e+02,1.733728324787422480e+03
7.294513796836693018e+02,2.145780122324384138e+03
3.124767453138036899e+02,1.485131007674379362e+03
6.195100353879788599e+02,1.545353774118090541e+03
3.958309953134120178e+02,1.395108417675023475e+03
3.684086017290557606e+02,1.362652855268407848e+03
4.053506324505026441e+02,1.434834976374269672e+03
5.268662844473390123e+02,1.083093371444571858e+03
8.637525472013696799e+02,2.064342627226754303e+03
2.291224953141954188e+02,-2.775938252325403027e+03
9.105559601434010801e+02,1.964209428665602218e+03
8.638980815146849181e+02,1.493174025888158212e+03
8.126022453146123325e+02,1.185055707674683845e+03
3.175686374362438755e+02,1.204731403485310693e+03
6.881265653145866281e+02,1.035018057674441252e+03
6.047723153133988490e+02,1.095033117674538289e+03
5.674678717109650279e+02,1.054398970709821924e+03
4.884978306959080783e+02,1.132332170369909818e+03
3.958309953134120178e+02,1.185055707674683845e+03
3.958309953134120178e+02,1.185055707674683845e+03
3.606751611533322830e+02,1.174264059862812701e+03
4.380638153141822499e+02,1.125040647674586808e+03
3.605989075915224475e+02,1.173849279500763942e+03
6.458937453138163391e+02,1.065025587674489771e+03
3.214991157124145502e+02,1.463373057366378134e+03
3.958309953134120178e+02,1.965251487675155659e+03
5.214180653137905210e+02,1.695183717674718991e+03
5.310704923964632371e+02,1.132916153995203331e+03
3.595668590118087877e+02,1.173648034250145429e+03
3.547095653145739789e+02,-2.865960842325548583e+03
4.832148471762034774e+02,1.084473393699138114e+03
8.548350653138031703e+02,1.095033117674538289e+03
-6.877742546862341442e+02,-4.953659723248744058e+02
3.179962194035532548e+02,1.204716708331930931e+03
3.166613982872349879e+02,1.203484280215154968e+03
1.927668095264515102e+02,-2.907319765185678534e+03
4.877035963710875421e+02,1.102867397485588754e+03
4.380638153141822499e+02,1.155048177674635326e+03
7.390159615363692183e+02,1.434604347960428413e+03
-5.995222400308239230e+02,-3.872517339084569130e+02
1.071201649960056329e+03,2.002868244928843751e+03
6.099152031422951268e+02,1.054190032624477908e+03
4.844618823982831373e+02,1.083596299285737587e+03
2.713553153133862565e+02,1.215063237674732363e+03
1.062664995313437203e+03,1.035018057674441252e+03
5.664847700072980388e+02,1.053886458595074146e+03
-1.100082146521241157e+03,-2.546340544187967680e+03
1.109712687687343987e+03,2.074138660059764334e+03
1.108348954225773468e+03,2.045954087670880654e+03
7.343976173493438182e+02,1.085061034667480271e+03
-1.062312684686664397e+03,-2.565885542325063398e+03
2.713553153133862565e+02,1.215063237674732363e+03
9.049048159217857119e+02,1.493849596037637184e+03
9.417741460503424378e+02,2.045734437140158207e+03
4.435321206195190484e+02,1.113448694063277344e+03
3.183270584988935639e+02,1.204221743904113964e+03
5.339733520284798942e+02,1.093614594825048243e+03
4.873852972069302041e+02,1.134631025023396887e+03
4.791852453145997401e+02,1.095033117674538289e+03
3.124767453138036899e+02,1.515138537674427880e+03
4.419417213165907583e+02,1.564210048240229071e+03
3.547095653145739789e+02,1.185055707674683845e+03
3.547095653145739789e+02,1.185055707674683845e+03
3.124767453138036899e+02,1.215063237674732363e+03
5.663735956342006830e+02,1.054144131401483719e+03
5.625394953142080112e+02,1.065025587674489771e+03
1.503976450033704850e+02,-2.787475264664538827e+03
4.438570071730969175e+02,1.384542456348232463e+03
4.841401835598465482e+02,1.144232658450509689e+03
-5.210657546854381508e+02,-4.053433823255185189e+02
3.547095653145739789e+02,1.185055707674683845e+03
7.346367449662562876e+02,1.954271603404967436e+03
2.713553153133862565e+02,1.395108417675023475e+03
1.062664995313437203e+03,2.025266547674463027e+03
1.026095832639693072e+03,2.043755014961927827e+03
4.079557407524538348e+02,1.331757911264606946e+03
3.958309953134120178e+02,1.185055707674683845e+03
-3.063100194836439414e+02,5.743197145202404954e+02
-3.121244346854513196e+02,5.548975776744547375e+02
4.380638153141822499e+02,1.125040647674586808e+03
4.830883010558915203e+02,1.085075796669705596e+03
4.430143329690619680e+02,1.113182172714642320e+03
2.379904157557193116e+02,-2.886509911732027376e+03
2.291224953141954188e+02,-2.865960842325548583e+03
2.713553153133862565e+02,1.215063237674732363e+03
3.590816739141851599e+02,1.174237991697769985e+03
3.180259388389279707e+02,1.204200876014155938e+03
3.167853880196253158e+02,1.203056522679206182e+03
3.163211613475594959e+02,1.204709896497582577e+03
2.751239409117212062e+02,1.204364024960379311e+03
3.165089448230570497e+02,1.205184718541891243e+03
4.057487624046691508e+02,1.193973025907665715e+03
