date:2016-08-22, time:1000, wind_speed:4.39, wind_dir:317.0, temp:20.3
81.984917 105.787670
-14.319152 -146.147595
-85.020483 -10.920840
-147.063268 33.555116
-105.990492 88.189250
-1.845580 64.141827
-80.689868 -8.039155
-168.273442 22.090298
-30.802856 90.842708
-118.984425 7.371102
-139.701226 64.374163
-72.184101 57.750224
-56.143810 52.267368
-142.826232 24.553297
-72.770185 40.348205
-81.427485 -37.617930
-118.670156 100.320893
52.080012 151.529432
-102.234887 13.434837
89.565418 106.261323
-122.684775 82.117728
-85.166642 15.959302
-181.328763 85.366817
-60.236368 130.196850
-127.275006 -1.539383
-177.043044 79.355216
-143.405148 66.905010
-26.595789 129.973925
-164.583725 64.431520
-160.134683 7.365447
-93.663056 70.165868
-101.982287 73.148517
-72.957960 79.455209
2.471403 -116.067412
-18.984969 139.253293
-97.842391 88.293589
-98.095592 88.560706
-30.995029 94.195633
-72.098311 -8.513387
53.132964 162.438123
-109.550612 93.549805
-38.576590 129.571010
-147.073174 51.672298
-72.973899 40.607566
-114.163662 145.073060
-84.528175 6.544534
64.984641 124.212615
-130.404732 78.586248
-172.915626 76.456496
-159.673787 66.831231
-80.342007 33.507468
-114.563422 55.272609
-131.308922 61.403488
-93.614723 91.341127
-72.177343 57.585848
-135.568787 13.587958
-64.298685 18.982502
39.849398 -217.919749
-143.883581 73.132007
-110.139110 46.132744
-14.119101 96.733102
-76.575548 90.987278
-97.018276 96.481662
-35.417123 121.221461
-64.218568 49.172595
-110.013243 18.862110
85.194468 184.583510
-89.219437 82.332153
-109.812523 81.678194
-84.818713 75.800460
-138.615199 63.667011
-131.293147 148.505682
69.735344 138.572932
-47.619735 115.010618
-31.209822 94.532508
-43.537673 -271.798565
-85.127452 -55.891342
-155.859235 58.137851
-131.220976 7.231009
-122.986698 52.537300
-130.990012 36.984267
-14.545453 -283.725708
72.689606 106.497290
-135.651542 31.410037
-64.666281 19.582179
-64.574710 172.390367
77.607119 154.034133
-39.415818 121.377918
-84.834006 87.811194
-92.898837 96.578926
-81.348747 -7.511938
-34.951330 117.871298
-84.980375 -10.981563
-43.401282 150.978954
-35.055865 78.970311
-88.658800 60.537161
-93.580265 67.323524
-81.257702 -28.790077
-76.616345 -23.240648
77.960576 -236.485505
-10.529257 -283.858167
-31.019009 100.472378
-72.433340 168.952017
-76.504794 -20.364142
14.320673 163.625550
-30.142254 153.457252
-59.426699 -266.797465
-59.673923 126.582775
-68.551323 73.206306
-93.720588 70.688460
-39.531118 -256.811389
-27.022185 124.215832
-135.133181 72.998138
-39.224411 67.059034
-72.467353 -22.920691
-73.169305 91.434625
-43.361182 66.965198
-30.769080 141.873640
-147.684298 43.154912
-72.867222 103.446786
-76.724917 97.004574
-122.725107 55.294227
77.257421 106.386052
-97.945012 7.570237
106.205545 199.452014
31.019728 160.235131
-43.927245 121.390410
-98.031727 76.426779
-93.619391 58.175014
-68.741241 31.622605
-72.022011 -17.676443
-59.449130 -248.594834
56.266023 151.393956
-21.888612 141.460622
94.129987 142.058417
-85.698814 124.318814
-22.213851 120.838944
-34.787310 111.643663
-81.042124 100.195559
-97.819790 97.262991
47.808843 -49.671498
65.068713 -233.017501
-72.815123 115.290622
-64.399835 -7.739731
-84.705910 24.543886
-156.094002 64.303552
-85.082569 -14.001291
-64.777275 103.148402
-80.264124 105.523190
-39.651003 91.430426
-168.965778 70.393119
-122.593776 64.061097
-56.367032 55.399283
-55.767468 -31.982689
-42.868059 -221.398633
-43.941465 -244.745826
6.702348 -284.038644
-85.070084 75.836873
-85.518747 76.388204
-22.384440 118.095360
-88.892902 -8.156083
-106.405471 -55.800663
-80.384289 69.517957
-113.805027 45.595768
-127.302200 43.331797
-80.305157 111.682090
-131.246331 64.336483
-126.393446 63.473876
-110.340475 94.184169
-93.790328 94.085200
-118.027830 78.694380
-30.333736 135.532707
-64.543806 -217.766727
-60.125915 111.936944
-26.930653 82.429186
-72.464834 -19.967184
90.068176 -206.087903
-18.286562 -251.230879
-22.771367 -280.836960
94.743717 144.391081
-84.511964 96.453664
-46.927437 42.519491
-38.771304 6.490266
60.831370 -161.031354
-63.575831 171.648642
-68.303735 171.983444
-160.552838 79.262141
-56.186175 -259.704015
78.069398 192.546353
-89.645093 169.566770
-81.104589 154.360666
35.579575 121.258139
-67.849798 102.496580
102.205831 106.346207
-143.947997 58.344453
-46.952647 54.456392
-72.324418 30.947354
-51.858134 1.162332
-47.539048 -149.032525
-97.440017 96.878574
-89.194187 97.142262
-102.128100 100.439954
-93.893919 100.312485
110.954563 106.000401
-38.746808 90.748644
-97.979666 82.485444
-51.853847 52.115469
-55.251980 24.651615
-64.430049 -94.926274
39.860820 121.155916
35.634246 121.194951
89.539633 202.297002
56.841608 153.778737
-177.173347 82.439061
-81.187229 70.301159
6.263802 67.514608
43.653986 -259.506693
32.232654 171.499021
-38.911308 141.700489
78.054000 144.353284
-51.837685 133.185439
-89.465020 109.221053
106.794014 105.817774
101.998708 106.471974
-43.912011 82.534558
-118.859009 61.371896
-81.105318 13.474252
48.313468 -259.851549
-42.807872 -266.643061
-48.122083 178.530290
-168.952550 76.400482
-56.285719 -109.644821
-60.723806 -154.551575
-14.550468 -283.551413
-160.008875 43.210488
-147.531049 39.803414
-30.454838 162.698418
-160.171751 85.068378
-55.303943 39.696167
-89.616142 -1.899774
-38.664865 -23.322884
-48.048786 -244.596486
-43.748412 -274.720581
-80.697443 66.830360
-64.328275 -245.033499
-68.649440 175.546763
-71.937478 174.480194
-67.868881 168.563049
-156.174412 103.546610
-147.012218 102.466269
69.708043 153.745682
60.712620 147.999584
86.326415 147.476463
86.390050 153.614599
-89.616040 91.543929
-101.220392 96.585092
77.960730 195.619879
-69.041655 85.415394
-72.628239 84.859117
-68.466326 106.003513
81.114425 205.642495
43.684543 175.513747
73.047562 166.030461
-68.503230 163.049127
-13.908607 144.712061
-26.415316 114.790272
-131.286321 112.421323
-172.518909 81.848959
-122.872185 49.413445
93.821628 157.459831
93.503670 157.452793
-59.602182 39.575230
-73.034140 103.531370
-73.131930 100.343423
-80.960655 70.027080
-89.052851 69.838716
69.721070 153.561593
60.400504 154.466089
68.477538 157.433575
47.849191 163.290275
65.049211 162.891611
-38.741252 117.675755
78.032652 189.551903
85.621528 192.866593
52.621022 150.938551
-26.338533 90.431022
-51.075918 -269.423012
-47.728904 -268.633090
-47.010618 -269.318741
72.648715 187.467917
-73.158707 175.502011
-98.010768 169.538889
-14.093813 163.064241
-35.272196 112.274584
-72.178517 72.683647
-55.423786 -98.428709
60.978026 -164.057968
-39.685045 67.498558
-60.620073 -109.653025
-60.485438 -109.712657
-85.523588 -1.366194
-89.701578 -7.477917
-88.978758 -2.211177
-89.028072 -5.355954
-89.152365 -2.012555
-5.355862 147.423812
-6.306760 151.484817
85.483507 148.513101
-13.813510 120.649510
110.869146 103.068077
-113.723520 78.596053
-73.017665 -85.555722
14.508806 -271.726021
-68.232179 100.105941
-155.757338 97.001429
-43.210670 -98.116171
61.336435 -155.540814
61.205009 -173.464939
78.059685 102.512352
82.123647 102.407433
77.407940 106.103222
-89.082061 -7.957529
-85.467875 -10.678175
-85.333350 -10.750020
-55.774320 -16.761943
-122.511742 37.062288
-118.789975 43.486746
-146.939675 93.409157
-130.689500 48.994900
-113.772248 72.669525
-34.505951 113.418177
-38.553654 111.516998
-22.165470 117.614215
-22.150891 118.419552
-27.100300 121.506324
107.313959 201.576521
73.909400 183.671235
69.775182 174.552914
82.147386 165.539524
82.274321 147.561169
-55.116827 141.535447
-97.011219 138.501280
-51.111348 135.504542
-146.888943 99.559995
-42.774283 72.550531
-138.722459 54.460219
-76.286379 45.554596
-92.979803 42.542335
-67.884770 -83.622414
-51.136424 -221.514431
-42.944338 -245.523422
-26.137349 -248.690973
-51.199857 -257.511879
23.871370 -275.668885
-59.518869 162.481800
36.414483 156.375234
15.538320 132.374621
-147.107637 102.436320
-55.274528 78.337955
-97.038228 15.348597
53.028932 -50.639934
-59.526133 -71.547627
61.489192 -248.583056
-21.874363 -278.644470
73.711896 177.604972
-51.277916 162.459750
-34.642201 162.684795
-80.440865 126.612049
-143.005455 117.482814
7.026835 84.594178
-34.418858 69.633320
-134.570100 45.604922
-88.702383 45.483916
-72.034039 42.604945
-55.414335 -14.516668
53.127386 -56.541134
-51.290248 -98.475380
-9.507771 -257.515722
-47.057483 -263.515496
40.532616 -263.505211
-46.983172 -269.488733
15.413919 -287.552492
-39.152033 67.139645
-39.602586 67.925167
-161.466169 96.532296
