date:2016-05-06, time:1400, wind_speed:2.02, wind_dir:57.0, temp:17.2
68.848578 -261.519052
99.018143 191.097788
2.214785 -6.414622
102.623847 -208.162875
99.021057 227.219060
73.202234 170.679485
-1.109594 -27.968962
93.938681 -184.407113
127.208899 211.752110
102.147511 194.609462
-21.819592 -28.018252
-31.226126 -102.496740
-43.077607 5.045242
-18.119620 -55.009211
127.513521 205.934400
2.116923 56.635879
77.857057 212.098654
-80.562858 -4.043168
123.543786 239.835738
31.608009 202.962482
107.683823 203.209688
114.956799 196.948413
122.637621 182.555110
-89.462253 -7.298080
6.359620 -24.369839
-43.673326 -24.444331
36.184756 -277.130263
-0.940101 -39.918695
90.945350 173.223684
72.503541 164.613615
-42.735072 98.070792
-43.011762 -106.047601
127.653192 203.760791
130.882859 209.595364
119.458561 206.055695
130.884869 209.595977
135.128716 242.554944
131.993833 209.845596
86.098094 185.737752
10.548896 88.675113
-85.792439 -6.668946
-30.145571 -19.056456
48.083493 -277.385704
-93.188631 -3.314014
82.000030 194.025712
90.621363 167.214769
-84.659291 -9.973117
131.276615 236.574403
107.058840 212.132006
73.939375 179.048274
-72.829874 104.773268
-39.522762 -33.652696
126.611335 167.505357
78.449127 110.098338
-1.717850 52.901617
119.839789 209.248629
40.931556 200.224741
-93.702035 -13.305600
-11.109921 -57.636666
94.548405 233.128858
136.143093 209.685627
-38.977359 -6.499312
-84.691015 -18.915222
-13.098361 -24.852367
106.964175 242.098260
77.813294 187.949265
77.919905 -256.037719
102.750082 215.778368
89.778996 161.604996
127.189510 113.428847
6.415288 61.698193
2.819814 -25.059509
-34.723760 -100.020700
69.610613 191.053941
