date:2016-06-28, time:1600, wind_speed:4.82, wind_dir:175.0, temp:22.8
58.833853 121.527861
50.626963 118.596318
-81.373153 -121.737224
68.812657 103.501806
67.271750 103.600379
67.190438 103.572094
68.812657 103.501806
55.179729 106.529749
-5.702256 118.291764
54.650254 106.613710
68.812657 103.501806
54.700086 112.618803
41.599976 112.489561
46.267553 109.442950
-66.103240 -1.439382
75.523562 130.483689
75.465894 127.555285
62.356024 106.441179
68.812657 103.501806
-37.651863 40.471781
-16.242739 82.591652
-3.674302 -82.498339
68.812657 103.501806
67.239697 103.644870
72.414218 154.563341
-74.995197 -97.554408
-62.650464 19.488040
96.862856 103.552382
40.957579 133.331066
74.925447 175.396713
67.167017 103.654333
67.767858 103.639031
66.571608 115.425561
54.620239 127.549697
54.078574 106.522788
97.399286 103.532522
54.627157 106.575549
41.618314 148.496820
12.380500 127.506777
-28.675650 67.450936
47.420734 109.562023
79.166589 163.572949
29.559145 142.577171
54.123530 106.540422
-47.096055 34.289072
-37.653639 43.534675
-4.278336 -82.576594
-16.776342 -121.554864
91.709331 127.563893
-5.895260 -82.711927
-17.925433 -82.697893
67.756194 103.628163
74.356274 109.413975
-11.951205 -118.498995
11.244768 -286.786183
67.221333 103.624107
45.778818 136.573566
74.866348 109.535282
67.243128 103.447519
67.207088 103.533239
-16.152144 -130.532898
54.615380 106.629922
67.706353 103.493164
-74.981811 -88.561512
-66.620565 -97.565296
45.844213 124.485938
96.375144 103.567432
-107.769977 -256.612565
67.146792 103.606747
21.325050 -283.550320
-22.365782 106.368509
68.257980 103.502713
-29.299841 52.511167
67.117552 103.502300
-24.449893 73.540661
46.331182 109.513789
46.878011 109.565898
68.301264 103.560928
54.097584 106.553160
69.091566 136.373120
0.008269 178.477289
68.812657 103.501806
54.613224 106.493617
66.615383 103.479846
32.694928 136.437725
25.535471 184.521601
96.920181 103.591289
47.918525 109.503312
46.875128 109.556017
45.779640 109.462437
40.484087 139.352276
67.272628 103.604627
68.812657 103.501806
96.887678 103.541509
-25.157222 49.552937
67.155377 103.651992
-28.691001 46.498110
67.772259 103.589068
27.526994 139.300815
73.348114 130.368618
68.812657 103.501806
13.001393 -67.506123
12.481199 -67.470244
-32.709220 52.407452
66.692102 -223.596668
67.268307 103.537433
68.812657 103.501806
-74.540086 -10.478712
66.723677 103.568675
68.812657 103.501806
-177.137950 25.482228
56.253950 106.502559
67.134628 103.584127
-13.801701 118.399496
31.380838 -274.973341
8.883585 -70.596636
-8.864178 -76.595782
-0.697587 -70.681717
97.931075 103.501806
66.708727 103.530019
68.812657 103.501806
67.762585 103.584895
36.099018 151.323469
33.287284 148.430907
29.602921 142.589859
-8.494756 118.453745
2.986240 121.301807
55.680668 106.595994
71.326733 -220.458481
61.519769 112.378704
97.931075 103.501806
97.931075 103.501806
67.165586 103.484842
-16.119595 58.455314
89.699877 106.245920
71.375046 -211.543485
35.470957 118.505571
-19.263213 55.497260
-106.716442 -256.592619
141.653872 166.471773
54.189502 106.428824
97.931075 103.501806
96.212181 103.454004
8.827543 -289.635226
34.444745 118.530659
34.463689 118.610591
45.818782 109.542121
54.615336 106.494829
0.565049 -289.616118
47.330660 109.589943
46.306318 109.529599
35.470957 118.505571
12.959113 121.433295
33.803157 118.546223
-33.433684 52.405515
95.882920 103.390362
96.891778 103.537125
96.312244 103.510748
71.420488 106.574317
33.861059 118.495035
34.895253 118.554584
33.726178 118.509251
5.700330 190.569110
83.335096 106.477969
68.327441 103.546821
95.858795 103.485017
-16.769778 88.302349
-1.109894 -286.744847
8.267606 -289.577948
7.711351 -289.677997
83.854225 106.481759
62.402796 130.383318
69.819707 133.397967
66.655540 103.503782
67.177448 103.570766
-45.417466 34.607564
47.360276 109.535676
97.931075 103.501806
97.931075 103.501806
67.795204 103.604644
54.649386 106.572982
67.221286 103.513406
55.687628 106.518747
22.369026 124.530941
54.568521 -265.443592
9.376461 196.587041
56.253950 106.502559
54.055823 106.508225
22.436636 121.076855
