-1.987631834417475432e+02,8.891651293443503619e+02
-1.729146684686689468e+03,2.248147476747107021e+02
-8.963043573355809031e+02,3.450053112787027771e+02
-1.294443211516312886e+03,-7.534765171951588059e+01
-1.280338911962358452e+03,4.950034799615797283e+02
-1.406350936400523779e+03,-4.230468239527602492e+01
-1.521316754685476099e+03,-1.652831423251303704e+02
-1.616266562272186320e+03,3.198962894450501722e+02
-1.515226263240291928e+03,-1.015392750182506205e+02
5.535845823563893191e+02,1.065322659195102233e+03
-1.453580674486496946e+03,-2.851981613793458905e+02
-1.129921743153942089e+03,4.355536827354565048e+02
-1.223150704401562052e+03,5.282471063665717566e+02
-1.307175365193356583e+03,4.660316509874253939e+02
-1.622130521501052272e+03,4.937701788937377501e+02
-1.362583492236722805e+03,-3.748027314575675746e+02
-1.306162963965703284e+03,4.045130119337499082e+02
-1.033350248788696263e+03,-4.887492276243165747e+02
-4.377115046858298797e+02,-2.805945782325451546e+03
-1.661698215333085273e+03,3.139583512927169409e+02
-1.620912554864409458e+03,4.397984160741167869e+01
-1.771379504685880420e+03,2.548222776747592206e+02
-1.403411444520322220e+03,4.336996962966699130e+02
-7.301758066868935657e+02,5.298361441419129960e+02
-1.271254004686651115e+03,-4.353509123255670374e+02
-1.705833516109674974e+03,1.948772488418115927e+02
-1.611804068584473953e+03,4.470716588092049193e+01
-1.496536981754544968e+03,5.561589112464370146e+02
-1.212484686656862323e+03,5.885463357007730565e+02
-1.085133672110433281e+03,5.558973957685594769e+02
5.965646376713058885e+01,1.187866048610220332e+03
-1.229769138208950608e+03,3.744279704303228300e+02
-4.944931933767167038e+02,-2.776666063420741466e+03
-1.413422874417380854e+03,-1.043845751290089652e+02
-1.530351914037722509e+03,-1.061108798510213376e+02
-3.388330159001571928e+02,4.355355282411834423e+02
-9.918576708656439678e+02,3.799099114321263642e+02
-1.503649373835339475e+03,-1.348332497788775584e+02
-1.187899754685463449e+03,6.149126376745517746e+02
-1.055564332700147133e+03,4.060421300971255505e+02
-1.681556478145211713e+03,2.874815705767349527e+02
-1.438654643014379189e+03,-2.219482417837672301e+02
-1.521429281254392663e+03,5.581600823939714928e+02
-1.706250871831949780e+03,3.442697737733850545e+02
-1.357619489173666580e+03,-3.711170914714217020e+02
-1.537728978900570382e+03,-1.058342440506192332e+02
-1.537766902505270536e+03,5.548102709428417256e+02
-1.486368931669352833e+03,-1.958378068841865058e+02
-5.707260069812347183e+02,3.440006870856911974e+02
-1.863836558429759407e+03,2.846424483639694927e+02
-4.377115046858298797e+02,-2.805945782325451546e+03
-1.639127643111586849e+03,4.060999386203046697e+02
-7.405858017236929527e+02,2.893965832596963423e+02
-1.521316754685476099e+03,-1.652831423251303704e+02
-1.222270792204922827e+03,6.162779982056889594e+02
-9.190482539065096717e+02,4.348232916846851026e+02
-1.244982194789612095e+03,-7.509988797358781198e+01
-1.629798840452407148e+03,4.346561450808372911e+02
5.471612073619180592e+02,1.065181164995519794e+03
-1.621061905397732971e+03,4.488813929255468338e+01
-1.287501499720895254e+03,-4.353793813293257813e+02
-1.521316754685476099e+03,-1.352756123250818518e+02
-4.548078938944207152e+02,-2.807315191647436222e+03
-1.570993319934836563e+03,5.247084777679925764e+02
-1.729146684686689468e+03,2.248147476747107021e+02
-1.187899754685463449e+03,3.448448676749047763e+02
-1.606569957067139740e+03,5.877388543617898904e+02
-1.162594376799187330e+03,4.052719421403992897e+02
4.303344029949948890e+02,1.124328597240146109e+03
-1.354608254686259443e+03,-2.252982023252274075e+02
-1.149278146391598511e+03,2.866269369340164417e+02
-1.304047897004813649e+03,2.836256029207905840e+02
-1.654725525742188211e+03,7.533244096168201054e+01
-1.328755437003644147e+03,5.563505070669336874e+02
-1.537130193249188778e+03,-1.450347913023356483e+01
-3.794265160360056370e+02,-2.803821999596879778e+03
-1.661242172339466379e+03,7.601623870190474008e+01
-1.695817287919795945e+03,1.934509351665319912e+02
-1.287598988965295121e+03,5.550077603421005961e+02
-1.521316754685476099e+03,-1.352756123250818518e+02
-9.719003036386009171e+02,-1.627807343764222026e+02
-1.520651742307936047e+03,4.075709992996443134e+02
-9.287861534468145237e+02,4.374920360460055804e+02
-3.790336283321110500e+02,4.352245266916032165e+02
-1.253688667387925307e+03,-1.650344212078966279e+02
-1.306345483104876621e+03,4.671599526385673471e+02
-1.529882988328984084e+03,-1.360515519911659794e+02
-2.790972302477409812e+02,-2.805430296575018474e+03
-1.854733754685488748e+03,2.848298076748077392e+02
-1.612154926652134691e+03,4.526162810221318722e+01
-8.289202840469863531e+02,4.060642724781875472e+02
-1.595542597096960890e+03,2.879877310979957201e+02
-1.738103382107207153e+03,2.247471595899589545e+02
-1.454990166237154881e+03,-2.562225451549640525e+02
-1.437962504685867771e+03,-2.853132623253244446e+02
-6.611234378802498668e+02,5.234986291060016583e+02
-5.335823796973693334e+02,2.889420975515206464e+02
-1.219837971637275359e+03,6.185917850498818780e+02
-1.736349840166099739e+03,4.051819673026178066e+02
-1.437962504685867771e+03,-2.553057323252759261e+02
-1.287262665751822396e+03,4.659896188952553189e+02
-4.548659195721088508e+02,-2.805410903559235066e+03
3.547095653145739789e+02,1.185055707674683845e+03
-1.274135161922916268e+03,2.548383311187861864e+02
-1.746469993184514351e+03,2.268295399212906318e+02
-1.037649291350533986e+03,1.654974231646042426e+02
-1.055455977582270862e+03,-1.320877441505629690e+01
-1.738472246817834048e+03,2.237814410973602435e+02
-1.504894803573241234e+03,4.408169359737957649e+01
-6.877742546862341442e+02,-2.595893072325111916e+03
-1.065325496107793697e+03,3.794230451869585181e+02
-1.202831988067680641e+03,3.448666460048863200e+02
-1.245275031687135652e+03,1.306138518586158625e+03
-4.458312316379972913e+02,9.439096935139779134e+02
-1.065156974095976011e+03,4.666305402414088803e+02
-1.046944738275741429e+03,2.569197611797055174e+02
-1.703887772986651271e+03,1.956294844949363494e+02
-9.717135493172384031e+02,2.270125098676873279e+02
-4.488289020072371613e+02,8.015875500561271565e+02
-4.387135487220377286e+02,8.911879108555737048e+02
-1.162431688412860012e+03,-4.649851961261261977e+02
-6.203306358855609233e+02,1.125237065279604622e+03
-4.312128833050290382e+02,1.124318254818274454e+03
-4.893511133044414692e+02,9.509685768148960960e+02
-6.820872837271763274e+02,7.678008402544143109e+02
5.620526058142463626e+02,1.068765161957910323e+03
-1.473275021673878200e+03,3.148120582980784548e+02
5.956996161489953465e+02,-2.476531963257170446e+03
-1.689558477687959794e+03,4.668851288365678442e+02
-1.513932500033915630e+03,3.163489344977315909e+02
-1.337106069314757406e+03,4.937492228388294961e+02
-1.231982056676672755e+03,4.397541125442181169e+02
-1.596617939372996034e+03,4.932568555761613283e+01
-6.978383688935471127e+02,1.280863298337447532e+03
-4.116116708355740457e+02,1.065875073403314673e+03
5.390476307009674883e+02,-2.503198559836921959e+03
-6.877742546862341442e+02,-2.595893072325111916e+03
-1.606303762864998134e+03,6.473355401810397325e+02
-1.368510880743028110e+03,4.408429246115185265e+02
-1.296040399761263643e+03,4.377149747823023631e+02
3.376381829567619661e+02,1.216337753300970462e+03
-8.229947606038886079e+02,1.250248830865248010e+03
-1.688025254686272092e+03,1.948072176746621835e+02
-1.023553873379438073e+03,4.674302608283703648e+02
-6.621176931936129222e+02,9.163205301816790325e+02
-6.789324482330999899e+02,7.066560256294758346e+02
-1.613710244503437707e+03,4.348734381528894488e+01
4.215063101515209496e+02,1.126343815502418920e+03
-8.887930600081584771e+02,3.783861685407391064e+02
-1.696628334835101214e+03,1.954761019864259879e+02
-1.344033700923215974e+03,3.167409793661817048e+02
-1.243207938462455104e+03,6.498546666428726439e+02
-1.696975262147681860e+03,1.939050767127619110e+02
-1.239203767996920078e+03,-1.584860910619976266e+02
-1.437962504685867771e+03,2.548222776747592206e+02
-1.179305131550512442e+03,4.671282893004849939e+02
-1.274366846581211121e+03,-3.980117202419658184e+01
-1.170942311822714146e+03,5.268224377721105611e+02
-8.786227841277456037e+02,5.562712982044630508e+02
-1.070871946187945696e+03,9.451123310119247662e+02
-1.820208935689501232e+03,4.053114644884826703e+02
-5.697037065760712267e+02,5.240097117332228436e+02
-1.686675029993490398e+03,2.282063678715414312e+02
-1.513904739533789098e+03,3.785021030551489503e+02
-1.413196746656636606e+03,3.761873639157783487e+02
-1.279906826487222133e+03,3.735244962054232474e+02
-1.668805427343805604e+03,4.357146138291621469e+02
-1.452990992164531008e+03,5.257897990633093741e+02
-1.403788920995656326e+03,4.641454454235115463e+02
-1.531956559987963828e+03,2.891704320933275199e+02
-2.413660590516042248e+01,1.157785510630413910e+03
-1.736354644024655727e+03,2.252667020439344299e+02
-8.892228625224082634e+02,6.482638144329348506e+02
-1.481462895565788358e+03,-1.174038139571028694e+01
-1.220890166635813785e+03,2.274244501835543701e+02
-8.360149479074293595e+02,3.448839877801258353e+02
-1.077889664179490410e+03,3.755504947000716811e+02
-4.465175676064283152e+02,-2.805979137760920821e+03
-9.143831134348913565e+02,4.678535777016090833e+02
-1.121757145107393171e+03,4.342610528378101549e+02
4.380638153141822499e+02,1.125040647674586808e+03
-5.947432312910304972e+02,1.186023201850206988e+03
-1.171237224608588349e+03,4.041994996703435277e+02
-8.193695911404169010e+02,-2.536562004226340377e+03
-1.242707572240907894e+03,3.492188869423264350e+02
-1.014905813740206781e+03,4.374884571768302521e+02
-1.535716941461813576e+03,-1.499660420636264035e+01
-4.528971201138787706e+02,-2.805677899153095495e+03
-1.271254004686651115e+03,5.849051076745032560e+02
-1.492829185219507053e+03,3.779541872067734403e+02
-1.325089479751623230e+03,4.983048592408703144e+02
-9.294836150493804325e+02,3.469869281857457963e+02
-5.661552837932280227e+02,-3.405090406742285154e+02
-1.158849101877246540e+03,4.375973629384998276e+02
-1.412150689423250924e+03,3.137682092679872312e+02
-1.706071081095732097e+03,1.930399500108383677e+02
-6.383949745086391658e+02,4.063136244164495565e+02
-3.345666513444618317e+02,8.272577163920233261e+02
-6.949766322924758697e+02,1.005074632789144175e+03
-1.705589002649982376e+03,1.956982583214712008e+02
-1.330379864273711064e+03,5.549024153412228770e+02
-1.450763152480426243e+03,4.053692307885119703e+02
-1.070909011167347899e+03,3.451291634889327611e+02
5.545982246878393198e+02,-2.505451781069487424e+03
-1.348450235461007424e+03,-7.601678941045263116e+01
-1.177212651750993473e+03,4.062106900424964238e+02
-1.544158089730049369e+03,3.746929166702093426e+02
-1.472203117531609223e+03,-1.341338771634065665e+02
-1.312375434685489154e+03,-4.053433823255185189e+02
-1.471574195603779344e+03,2.564929077875813732e+02
-8.356051003548004701e+02,2.879661345167680224e+02
-1.521316754685476099e+03,-1.652831423251303704e+02
-1.069522768302031182e+03,2.547362000791895582e+02
-1.431120265539435195e+03,-1.181728111511964130e+01
-5.752210320406952633e+02,3.492629802464568343e+02
-1.649831454406925786e+03,4.354159017218577219e+02
-6.390028237459135880e+02,6.155711455406462846e+02
-1.619706319881132913e+03,1.358490188942045336e+02
-1.241558329598985893e+03,5.003387028074897103e+02
-1.471604758031746996e+03,3.191987508753394991e+02
-1.454336131237332211e+03,1.039481408210648965e+02
-1.266122234410201372e+03,4.069897224200553865e+02
-1.596384813636103445e+03,1.969845274020501620e+02
-5.972566260645184002e+02,1.007477435688636660e+03
-8.363680652673849636e+02,4.333330674292802200e+02
-1.013308892912749684e+03,4.353144363444161513e+02
-1.362976923359535931e+03,5.240939601372572270e+02
-1.705946724634422253e+03,1.948787974390843658e+02
-1.214071075453908406e+03,3.468346942427781414e+02
-1.138301107863626612e+03,4.680758606334521801e+02
-9.628855599500158178e+02,4.041682487794988674e+02
-7.948635685517876937e+02,-2.562455911349643429e+02
-1.688025254686272092e+03,1.948072176746621835e+02
-1.228265414249609648e+03,-3.101977358668602847e+02
9.247586039581698287e+02,1.068493489722988215e+03
-1.650702830794409692e+03,3.786567798372898324e+02
-1.638974656766114776e+03,2.264782221766072894e+02
-9.378460535732399421e+02,-7.363513586541913014e+01
-1.437962504685867771e+03,-2.252982023252274075e+02
-1.011750323643585034e+03,1.049678438257517712e+02
-6.900052021751604343e+02,9.479527594558081773e+02
-1.003329938153607600e+03,4.362883271691945311e+02
-9.949506113143011135e+02,1.954137477164765642e+02
-1.863884466953361198e+03,3.140812864500585420e+02
-1.370115727214536037e+03,-3.760433237964061846e+02
-1.513166253167733203e+03,3.475231820172064090e+02
-1.087506539319499097e+03,1.246671112513976141e+03
-5.869692353672979834e+02,9.150861532795413495e+02
-1.114458912027628458e+03,3.787788978580715593e+02
-1.705895188066063838e+03,1.941792957195494296e+02
-1.645792434685501803e+03,7.477709767446809508e+01
-1.403743289406026406e+03,5.555139346679337677e+02
-1.056359429769289136e+03,4.060711877579894917e+02
-6.619890105872914319e+02,5.837517351816252358e+02
-1.272156975176928199e+03,2.885070044658623374e+02
-9.119386989374085033e+02,3.456472526643882475e+02
-9.789584346854766181e+02,5.548975776744547375e+02
-9.058453264437537200e+02,4.672948134540195042e+02
-1.013828977932778571e+03,1.096310717207996504e+03
-1.221927917784050351e+03,3.153246656770904792e+02
-1.294502317569014849e+03,4.038956386738781816e+02
-1.645792434685501803e+03,7.477709767446809508e+01
-7.800121081704148764e+02,4.942655904764616821e+02
-1.737704935913746795e+03,2.252253700444073843e+02
-1.704322915868587188e+03,1.943600579159337371e+02
-1.086791867056308320e+03,4.674789094858510907e+02
-1.127408828295654530e+03,4.355929961497046179e+02
-1.190204354651818676e+03,4.676914536578291859e+02
-1.622092604845624919e+03,4.545473120497647557e+01
-4.961913803262218607e+02,-2.775472113329546573e+03
-1.612159436224781302e+03,2.240712278950862810e+02
-9.476186818722021599e+02,4.086173065820798911e+02
-1.073578910761564430e+03,3.794337403602351060e+02
-1.140586472288669029e+03,4.351892938398040656e+02
-9.278640485476756794e+02,4.387055530048365881e+02
-6.825178131195673359e+02,3.475590262889277255e+02
-6.301102702534154787e+02,2.859946882811090063e+02
-1.747087355221310418e+03,4.049745389602146020e+02
-5.590410703712073825e+01,1.097769123319211758e+03
-1.014961946306474601e+03,5.884755293351354339e+02
-1.388191668539327111e+03,3.168451277654581872e+02
-1.320835545540237490e+03,-4.064888228931505409e+02
-1.237233795938929461e+03,4.943133879530529953e+02
-1.179057681410261921e+03,-4.617088006844658707e+02
-1.447780366877053893e+03,6.179546713942941096e+02
-1.479876580290469064e+03,5.584105394482376141e+02
-5.451783198435184659e+02,9.452665836617836703e+02
-1.670818495181249091e+03,5.269156569600272633e+02
-1.779521829060651726e+03,6.141621132964378376e+02
-1.246774789570138410e+03,6.764219318863115404e+02
-4.788329346862473130e+02,-2.775938252325403027e+03
-4.949009524043739248e+02,-2.774900811263195010e+03
-9.868501342063135553e+02,1.063850178116779261e+03
-6.395775272325491869e+02,4.969506285118523579e+02
-1.056728824865789420e+03,4.367656461259156231e+02
-7.788335120307683610e+02,3.154620786098203098e+02
-2.316601272938644343e+02,5.872875277314338973e+02
-2.451901408513820968e+02,4.650022374914096872e+02
-4.871200200797883326e+02,-2.776178835683089346e+03
-1.245295475369001224e+03,3.452372431147341558e+02
-1.106820791284956840e+03,2.274042102820062610e+02
-1.428808913117898555e+03,-1.031867567219501751e+02
-1.129017013595820117e+03,4.664347259754145512e+02
-1.488057894381571714e+03,-1.360837282645501034e+02
-1.427435890211172364e+03,-1.019057457620448872e+02
-1.223462113824494963e+03,-2.812196859637103330e+02
-1.391589815117280750e+03,2.264252400371043166e+02
-1.462526899829875219e+03,-1.343832541688011020e+02
-1.170585562993905569e+03,7.569805042997842293e+01
-1.746112721331323201e+03,2.249750871689258247e+02
-1.212176740584079425e+03,4.954020334715544323e+02
-1.580095513942015032e+03,4.654797261549004475e+02
-1.537971058229002438e+03,-1.366660320421293591e+02
-1.079181990341005985e+03,-3.452767725258057112e+02
-1.122952213896472131e+03,5.258253494684466887e+02
-3.620617089953827872e+02,-2.806455791769366897e+03
1.634693489940317193e+02,1.245104784082436026e+03
-9.686113628611186641e+02,3.774660579312738946e+02
-5.694010550041948591e+02,9.742771868245218911e+02
-5.369847481338611033e+02,-2.550974404291189614e+02
9.793107453138289884e+02,1.035018057674441252e+03
-1.189339810426095937e+03,1.960364012612537579e+02
-2.390825625042251090e+02,-2.830829270475108387e+03
-8.256386744822357286e+02,1.190111727885459914e+03
5.532987476282685293e+02,1.063745921149329661e+03
-1.473387373519124139e+03,4.969797163183458792e+02
-1.854733754685488748e+03,3.148373376748562578e+02
-1.078084985346408303e+03,2.257391272406208600e+02
-5.887074013079197812e+02,2.848202696565329575e+02
-1.688025254686272092e+03,1.948072176746621835e+02
-1.729146684686689468e+03,2.248147476747107021e+02
-1.347742231770537501e+03,4.066187211681404960e+02
-1.045795585772205413e+03,7.068173467708596718e+02
-3.544639490542487010e+02,1.218418928432555276e+03
-1.697093562868948766e+03,1.942019603676810107e+02
-1.381689237450302244e+03,-3.137634713090693594e+02
-4.942861958963344478e+02,-2.775249913898744126e+03
-1.430073062135636974e+03,3.752710085306589463e+02
-1.402915554742342920e+03,1.650558659135569428e+02
-1.354608254686259443e+03,3.148373376748562578e+02
-1.094143128503244270e+03,2.879475515287546159e+02
-1.337143349933253376e+03,4.642939218133373060e+02
-1.155467951750162683e+03,3.167031857057757520e+02
-5.428228692257211208e+01,-2.863275123554398306e+03
4.300998940243037509e+02,1.124731064721127495e+03
-1.280224415280920084e+03,7.417297561822291527e+02
-8.490112100792572392e+02,4.684749200765465957e+02
-8.702380237578540800e+02,4.950689810059773208e+02
-1.721829841136906680e+03,3.463427885050073769e+02
-7.032342670469347468e+02,7.044876931085196929e+02
-1.328642472224640414e+03,-4.036647887424900887e+02
-6.619032575938338141e+02,3.736334600195805251e+02
-9.960136182331095824e+02,5.262165340895753616e+02
-3.287594466559939406e+02,1.245741963410231165e+03
-8.241344430475102172e+02,7.375116147705646199e+02
-1.321367450249863623e+03,4.424535768269288383e+02
-1.454059095571034959e+03,-2.843033217451455243e+02
-1.789419448599089037e+03,3.469760083480073831e+02
-1.453785356232274580e+03,-4.712674865166819416e+01
-6.455414346854639689e+02,-2.715923192325305990e+03
-1.521316754685476099e+03,-1.652831423251303704e+02
-1.278607801106692932e+03,1.937983497415896750e+02
-1.148639153921929619e+03,7.077950998229912329e+02
-1.788642733269389055e+03,2.547355501784589933e+02
-1.787683955036069392e+03,2.556090032968928085e+02
-1.662147771122106633e+03,5.231704712485862956e+02
-8.036633952534110676e+02,1.187261329017436765e+03
-1.265362663956782853e+03,4.062360064628466603e+02
-1.329104944462762660e+03,3.448684898396449512e+02
-1.278690505553673347e+03,-4.366009289444062915e+02
-9.325230502370203567e+02,-3.113178229524067433e+02
-1.097976549530241300e+03,-3.738368552022618587e+02
-9.636262982200262286e+02,-3.743644351472545964e+02
-1.618969602856790061e+03,4.949054424614093364e+02
-1.139286408546218127e+03,3.174346993294404342e+02
-9.865200543458762468e+02,2.254250813701951586e+02
-1.067082579974794498e+03,2.875085613896204109e+02
-8.875763900015812169e+02,2.880388504051654763e+02
-6.715858691319468790e+02,-7.302943661864445346e+01
-5.123613055084658754e+02,3.171514518369052666e+02
-1.413427974422356101e+03,4.955554565061706285e+02
-1.521727226050633590e+03,4.680057029729542819e+02
-8.814720566473671397e+02,2.863151645300331438e+02
2.995010763927241726e+01,1.218081738467873720e+03
-1.577173602466394414e+03,3.154357754314270323e+02
-7.450733289268599719e+02,2.848428615915802879e+02
-9.047735547467273136e+02,-2.207729594024870323e+02
-1.390191856000713187e+03,1.359948869652985479e+02
-7.883999654979450042e+02,6.130458963414630489e+02
-1.522612467655640103e+03,6.210722876619614681e+02
-9.623604010716506991e+02,5.863244426010088546e+02
-9.118009997428102906e+02,4.497365911421918838e+01
-4.448455263766401231e+02,-2.806271851626307580e+03
8.089777891181834946e+01,1.216233892745311550e+03
-1.738476752284092299e+03,2.250127409625816313e+02
-1.221933175932363156e+03,5.870508552270579230e+02
-1.122367444805139939e+03,3.140635259961368888e+02
-1.195807923201047061e+03,4.035556270604248539e+02
-1.212606575537218760e+03,4.049381961263409266e+02
-1.389542038238162149e+03,3.760626788004566947e+02
-1.179718479780362486e+03,4.370037052384359981e+02
-9.294048884419618162e+02,3.161273825069852705e+02
-1.231277556782699776e+03,1.093413926487263836e+02
-1.470126810490392927e+03,4.659787774263614892e+02
-1.564066764002735908e+03,5.289528611823384381e+02
-1.014094959308702414e+03,1.245271842279688371e+03
-1.303608979337908067e+03,4.358608859988902395e+02
-1.046377772298968921e+03,3.445952900226827751e+02
-1.265184295547182046e+03,4.082633107835019359e+02
-1.627973296749917836e+03,4.957548096688072405e+02
-8.540973591836686865e+02,1.159599512139614262e+03
-8.386159271046816457e+02,5.867522796887578806e+02
-1.264433861166889074e+03,-1.622805425066018188e+02
-1.305333186890211437e+03,5.254942985877002002e+02
-1.148270648682970204e+03,-4.023388738528892645e+02
-1.113827672312000004e+03,5.589285036086445189e+02
-1.037635914415767729e+03,1.186541906096322009e+03
-1.539029995183002939e+03,-1.364231415961554035e+02
-1.371493820509700299e+03,6.152713496097516099e+02
-1.388497510383361259e+03,4.953692239780635873e+02
-8.357060242488538506e+02,5.556939007935310428e+02
-1.079141132023655473e+03,4.057970572912549869e+02
-1.295415930066683131e+03,3.457105473541558354e+02
-1.636593395786291694e+03,4.384366239298086612e+02
-1.029952324742251676e+03,2.300311282749016186e+02
-9.827278324364650643e+02,2.592406672230035269e+02
-1.362297608244575258e+03,4.045190332780512676e+02
-1.162588018301439661e+03,4.333599012241364221e+02
-8.472741357209308717e+02,5.583920924069528837e+02
-8.040557483797572331e+02,6.180636079988895517e+02
-7.037967856502110635e+02,4.347437448609152284e+02
-1.390363473122294408e+03,-1.313300928912387633e+02
-1.872659284133473648e+03,3.454593753658110131e+02
-1.305847387242341256e+03,4.360754570210437464e+02
-1.370201101723747570e+03,-3.451672903685489473e+02
-1.095576870865862475e+03,4.086114014596279844e+02
-1.240956993610288237e+03,4.385126730061075477e+02
-1.662087230788459465e+03,7.585207211680730666e+01
-6.877742546862341442e+02,-2.595893072325111916e+03
-1.430011063786118712e+03,5.241302005483261155e+02
-1.472841656990819274e+03,5.599908501585905469e+02
-3.715372118631694320e+02,8.258002016008551891e+02
-1.170786639588042362e+03,3.764615398481301440e+02
-1.446536665878159283e+03,-2.552625513453695589e+02
-1.203771924725018380e+03,2.258051285189447981e+02
-1.454362777255729952e+03,-2.561660974478612616e+02
-1.538896655123509618e+03,-1.339240379942871186e+02
-1.539097775468056852e+03,4.644269537278601661e+02
-1.389784270654335614e+03,-4.306389740128768295e+01
-1.245101976244554180e+03,5.566298924126640486e+02
-1.262542577722747410e+03,5.851723640429843272e+02
-1.178337307973141151e+03,3.787061529919961345e+02
-1.121473906324350082e+03,3.445984738170127457e+02
-4.460599056517805820e+02,-2.806983585914637843e+03
-1.154516660451722601e+03,3.441467864609613798e+02
-1.197865378190252386e+03,-1.907972075124993125e+02
-1.203242621543578935e+03,-1.654554055387669109e+02
-1.688025254686272092e+03,1.948072176746621835e+02
-1.437962504685867771e+03,-2.553057323252759261e+02
4.210383608219286771e+02,1.124468318954259303e+03
-1.496512734481394546e+03,4.345959987662197364e+02
-1.413756642313751627e+03,-1.950138230715451471e+02
-1.538917007150784684e+03,-1.347232658193698853e+02
-1.096614951422264767e+03,4.047519569056103705e+02
-1.030181731801655815e+03,3.738241488699519550e+02
-1.440132357883024042e+03,4.073037504347984168e+02
-7.219768204465946155e+02,1.006144610150766198e+03
-6.800918803647208506e+02,9.766024876124200773e+02
-1.854733754685488748e+03,2.848298076748077392e+02
-1.282726807641935466e+03,-1.612141943837478379e+02
-1.286651521133059759e+03,-1.050819023586987413e+02
-1.578042038656040177e+03,3.762936673816825532e+02
-1.182237198679191124e+03,5.565276127075902650e+02
-8.384952381078785493e+02,5.854751434893771602e+02
-1.329350152797615692e+03,-1.350617030039979340e+02
-1.430886836138273793e+03,-7.453321262330068464e+01
-1.120434382617203028e+03,6.754136099931391755e+02
-1.430862289601007888e+03,4.659002627378065995e+02
-1.210656478461036613e+03,4.362650187412203309e+02
-8.283708471733675651e+02,2.859161738184055253e+02
-1.542447571038518959e+02,-2.866348878380422320e+03
-9.527800458937929307e+02,1.951095796332255077e+02
-1.004075335890499446e+03,4.350733376981517040e+02
-4.459283744722037000e+02,-2.806510522732854952e+03
-1.521316754685476099e+03,5.248900476744062189e+02
-1.095883737944009908e+03,5.281708213024448924e+02
-1.014404395472988313e+03,5.279139874888477379e+02
-4.871262659598320397e+02,-2.775293301318644353e+03
-4.959117456808575639e+02,-2.774293672752530711e+03
-1.412101391918486115e+03,-1.644552891889806574e+02
-1.389801092542631523e+03,-1.643431044563725436e+02
-1.171190556891859842e+03,-4.618498082564821630e+02
-8.133292367605972686e+02,1.127701102881713723e+03
-7.325501772968990508e+02,1.128034873869721196e+03
-9.975225625983152895e+02,3.743192538894546715e+02
-3.626512506356384051e+02,1.159804335021963880e+03
-9.958771684466890974e+02,3.453644872744949339e+02
-6.962586051462419618e+02,7.340542311326921663e+02
-1.148662381523543672e+03,4.367155492162923451e+02
-1.212664125009670670e+03,2.857765175451205550e+02
5.539964365984055803e+02,1.064151782302945549e+03
-9.127496781810110633e+02,4.996590540911087146e+02
-1.159805716129127177e+03,2.004452898340061040e+01
-6.476420051253021484e+02,9.787481520674658668e+02
9.210669702866181296e+02,1.066320414650276689e+03
-9.468185670443079971e+02,-3.752583838933683751e+02
-9.620192655373029993e+02,-3.139977651697590773e+02
-4.531398026518248798e+02,-2.805048992839018410e+03
-4.377115046858298797e+02,-2.805945782325451546e+03
-7.288956846866516344e+02,4.048599276750018134e+02
-1.613001138261877031e+03,3.150301519468893048e+02
-1.528896408714861309e+03,-1.665276247768586586e+02
3.390404157892367039e+02,1.184395983255467854e+03
3.386320484175003003e+02,1.185971979749867842e+03
-1.431754486943219035e+03,2.855061274494509576e+02
-6.877742546862341442e+02,-2.595893072325111916e+03
-6.303247781382667654e+02,8.875347996652068332e+02
-1.428768518067501645e+03,3.766101420047895090e+02
8.777242890923445202e+02,1.064372722234910498e+03
7.270302176993640160e+02,1.035459746710550462e+03
-1.680926105722519651e+03,3.161082126394590546e+02
-1.496755507304608727e+03,-1.957163856251350182e+02
-1.278631071721146782e+03,-1.649025568012126826e+02
-1.080052962067596354e+03,4.353958118401052957e+02
-1.095881032516298092e+03,4.672375972702705553e+02
-1.445251852695502293e+03,5.840997298069559065e+02
-1.491773417437145099e+03,6.514128837355267478e+02
-1.604671004686663764e+03,1.047846276745166136e+02
-5.374532711401375309e+02,9.167444987213953027e+02
-7.038030527571244193e+02,9.151784894652167850e+02
-1.278765040595065784e+03,4.644704200306933330e+02
-1.088144418245591169e+03,2.849467721646302039e+02
-1.055021452683371081e+03,2.566898478997345023e+02
-1.028886583019259888e+03,1.183684386191584736e+03
-1.253970653305527549e+03,4.946930065054025931e+02
-1.426614450506771846e+03,4.687413102079070200e+02
-7.635644243353251568e+02,3.166937917625095906e+02
-1.506565193115663760e+03,5.860367672790174538e+02
-1.412095810551598561e+03,2.842418979867727558e+02
-1.390582249067292423e+03,2.275605872400637963e+02
-1.479083934686285147e+03,-1.952906723251788890e+02
-1.645792434685501803e+03,7.477709767446809508e+01
-1.054287223871424885e+03,6.452041488176588473e+02
-1.147091746926940687e+03,3.754533945865198348e+02
-1.077954140494386593e+03,4.053447166293293549e+02
-1.153955988898822852e+03,4.336710597301500911e+02
-8.795642472086478847e+02,3.137973503335495593e+02
-8.797553343684353422e+02,4.056740802534890804e+02
-1.273008393870463351e+03,4.702305787140297184e+02
-6.897896169634991566e+02,1.188706194726457397e+03
-7.711285046858424721e+02,1.065025587674489771e+03
-1.864011480557571986e+03,3.754094860927716582e+02
-7.465702406688528754e+02,9.736694865891325890e+02
-1.022748585865072187e+03,4.070009011592695742e+02
-1.154821866718425099e+03,4.350448359767427746e+02
-9.709237089718083098e+02,4.671388771153936545e+02
-9.401389716919827606e+02,5.850972662092062819e+02
-9.713053663176062855e+02,4.062070101269461020e+02
-1.479083934686285147e+03,-1.952906723251788890e+02
-1.514085583178019533e+03,4.360782724525853382e+02
-1.162261395239883541e+03,3.769468003895863717e+02
-1.729146684686689468e+03,2.248147476747107021e+02
-1.031164100859285099e+03,3.194629865418160648e+02
-8.365258403219983165e+02,8.564122221732950493e+02
-1.729146684686689468e+03,2.248147476747107021e+02
-1.336156061937110735e+03,6.179741781941532963e+02
-1.181917198066136734e+03,4.655799659151577430e+02
-1.088144815486556581e+03,4.961061551789941859e+02
-9.042677089761946263e+02,6.141823675671869296e+02
-1.051870253262040933e+03,3.465819014463192502e+02
-8.544827546854508000e+02,3.448448676749047763e+02
-7.605790467053171824e+02,4.380677517092287871e+02
-6.780820230502479262e+02,4.971933285667041105e+02
-1.304383191967556741e+03,4.374935853382056052e+02
-1.279517366354199112e+03,-4.347955262339913816e+02
-7.544891969449279259e+02,5.261111425625265383e+02
-6.047680297252909440e+02,5.266453066947465231e+02
-6.701214029981994145e+02,-1.033153522483555946e+02
-7.627266629576024570e+02,3.471350938293619492e+02
-1.514555670233434739e+03,4.982874618193288825e+02
-1.520524670776798303e+03,5.256667188454257484e+02
-1.279725986273405397e+03,3.144563446992804074e+02
-1.387103311246653220e+03,-1.638818406525677744e+02
-1.420416762085825894e+03,-1.346489189303283354e+02
-1.095235342192199823e+03,1.663869233013567452e+02
-1.263078557132163269e+03,3.439456713204718312e+02
-1.037519111877168598e+03,5.259174075710740226e+02
-1.077664068216585520e+03,1.043043251383324730e+02
-5.548707296793912747e+02,-2.715491606317307287e+03
-1.732555782231964940e+03,4.401715291176423648e+02
-1.536217928779355361e+03,-1.351774332240018452e+02
-4.875896518520165728e+02,-2.777128751954190193e+03
-1.073627927185617409e+03,5.897084669031006570e+02
-1.195307101239872054e+03,5.542955753176188409e+02
-3.635716745530679077e+02,1.184843057120394860e+03
-4.635424464793601373e+02,1.157539998964541155e+03
-1.594975369716974456e+03,4.062469779486861512e+02
-1.013624099582596955e+03,4.075569770956799402e+02
-8.986786428248914262e+02,4.398646061926115749e+02
-1.403457385617927685e+03,2.835792480927009365e+02
-1.472044190609758971e+03,4.360565773819992046e+02
-1.121400558488826164e+03,3.745803562607032404e+02
-1.556307707027087190e+03,4.966043602382958397e+02
-1.179383699753995870e+03,1.951836103903710296e+02
-9.041373767467573543e+02,4.639226095309244329e+02
-1.098731372414213638e+03,4.069951971321891051e+02
-1.004318456139448699e+03,3.757361805304668110e+02
-9.027456112848690282e+02,3.138954136684312743e+02
-7.364845037313042440e+02,6.447625846268150553e+02
-1.037707776692609741e+03,4.935974944846767016e+02
-1.295592215360689579e+03,3.165234891266766226e+02
-1.264351665122389250e+03,-4.150626156081486329e+01
-1.594411659405016508e+03,4.361456231872936087e+02
-4.831124300303074506e+02,4.982697180365546501e+02
-6.123065675656056328e+02,8.610162804575130622e+02
-1.662427248416982138e+03,3.759951944462365532e+02
-5.459890351490018929e+02,1.005917976510601193e+03
-1.355813851696284473e+03,3.443822326848134026e+02
-1.329203863325777775e+03,4.050320319840394632e+02
-6.149672274556659204e+02,4.702018045369043193e+02
-1.280977869094975176e+03,2.879957159774900219e+02
-1.263070211532501162e+03,3.463804616950311583e+02
-1.336576626985185840e+03,3.147905650659620846e+02
-9.537268461504542074e+02,1.956208212913960267e+02
-9.890045748513889521e+02,2.283352046909129456e+02
-8.861915084561630920e+02,1.219001755996567908e+03
-8.682959309962290035e+02,1.279303343339063531e+03
-1.288075821941996082e+03,5.243378966398927332e+02
-1.307393563532172493e+03,4.957389779413290398e+02
-1.296933715748449686e+03,4.956419252628815002e+02
-1.429473419258288232e+03,-1.330159403076359581e+02
-1.429500464300771455e+03,-1.337454627253669059e+02
-1.160590442563139504e+03,5.900221540931281652e+02
-1.088202375859890481e+03,6.434926548920327605e+02
-1.039496027992847530e+03,3.756072575124733817e+02
-1.120745378956408103e+03,4.037917800971825955e+02
-1.128603857573379628e+03,3.764033885323278810e+02
-1.056456162176285034e+03,4.073305555844362402e+02
-1.336998482857525232e+03,3.749179861372542746e+02
-1.346256288563312182e+03,3.749511073577498337e+02
-1.304845101688895284e+03,4.050349558250264863e+02
-1.705611345947156224e+03,1.941091608676704254e+02
-1.729146684686689468e+03,2.248147476747107021e+02
-1.696791709301020774e+03,1.943046987105452672e+02
-1.328341066575249442e+03,-4.067395451419328083e+02
-1.445952133848633366e+03,1.461349043512969814e+01
-1.389920202764155192e+03,-1.446912950573739920e+01
-7.026640407888189657e+02,4.960355033872949662e+02
-7.447101728053530678e+02,4.946967761123740388e+02
-7.202513517686920750e+02,4.976108160377150398e+02
-1.078099078182623543e+03,3.758655193597776929e+02
-1.084464792988512727e+03,3.767748155764533067e+02
-1.120251203522965170e+03,3.160545435801334406e+02
-1.097498941491668575e+03,2.857866575694218341e+02
-9.452842639266250444e+02,6.438222042047101468e+02
-9.748300461154944969e+02,5.875950271633981856e+02
-9.194725208290475393e+02,6.169214498949952485e+02
-7.641096074706167656e+02,3.485002491200444865e+02
-7.624491212389423254e+02,3.201715292107772939e+02
-1.406848188215440132e+01,1.094836295362825240e+03
-1.408829551925728651e+01,1.126677510357984147e+03
-1.486970668285207012e+03,4.956833453507588843e+02
-1.565367373098845974e+03,4.670816688522363052e+02
-1.502540225270809287e+03,5.847794004609276044e+02
-9.195889645024610672e+02,5.863845323090613419e+02
-8.978770031038520756e+02,5.581480111264843345e+02
9.032308641615931037e+02,1.066903995725518598e+03
-8.269663224817785476e+02,1.154677560843856782e+03
-7.456986678191094597e+02,1.156238858006626742e+03
3.547095653145739789e+02,1.185055707674683845e+03
-1.137919938756362626e+03,6.458678204972673029e+02
-1.171899422934965060e+03,6.440913247077234018e+02
-1.088044515520326513e+03,6.455420699374433298e+02
-7.363945642747976308e+02,2.242612349988948495e+02
-1.554351155038314801e+03,5.563444267051434053e+02
-1.594327089274131822e+03,4.985544658415516324e+02
-1.566367088106806250e+03,5.281580898769426540e+02
-1.236567087131762491e+03,4.648446414279524106e+02
-1.432008260845909035e+03,4.081697266703178570e+02
-1.680171630333775056e+03,3.182737073356316273e+02
-1.139953477262540900e+03,3.777398320290331526e+02
-1.120477950369153177e+03,3.771309248960632203e+02
-1.315370004304998929e+03,-1.642493992268398131e+02
-1.355163110258504048e+03,-1.909665381598630347e+02
-1.371477188342869340e+03,3.449142047273651315e+02
-1.405207769368826803e+03,3.514316938426323986e+02
-4.377115046858298797e+02,-2.805945782325451546e+03
-4.547604483282144088e+02,-2.807307563766300063e+03
-7.633438137917837594e+02,4.951997089183213347e+02
-1.238033258579150470e+03,3.740702498736427515e+02
-5.393260125219549082e+02,1.004760284071778869e+03
-4.959717033495680312e+02,9.751843261140598997e+02
-1.440015081377170418e+03,4.672329243794471267e+02
-1.348640570894265238e+03,4.376499820653648385e+02
-7.405333171766029636e+02,3.826998894592480838e+02
-1.295589128081492845e+03,-4.570155537921354494e+01
-1.304846165055563688e+03,-4.230135372756070922e+01
-7.876418686504590596e+02,3.469995588965429079e+02
-5.708324623637701052e+02,-2.745254150232881784e+03
-1.521973337178151269e+03,4.374296475098237238e+02
-1.514467603075276429e+03,5.557847002012252915e+02
-1.197191868068198801e+03,3.455357572483122226e+02
-1.303392661128007376e+03,6.437124968381053804e+02
-1.295058353571586849e+03,6.152298730487667626e+02
-1.718964289895207003e+03,2.264134226139176462e+02
-9.694761642399431594e+02,3.787689489924712234e+02
-9.865860204537726759e+02,2.852665755415287663e+02
-1.620199007255735069e+03,7.692905683135782624e+01
-4.866917575780903462e+02,-2.776822168565890479e+03
-4.711299366619562647e+02,-2.774876233765339293e+03
-1.637206671233724137e+03,3.178628527014956830e+02
-5.464738721070107204e+02,1.156134905936152336e+03
-1.320018311549950795e+03,-7.449856236615590888e+01
-1.338829351495577157e+03,-4.314266349952841750e+01
-1.576871913762066697e+03,5.545371370342043065e+02
-1.430107065128036538e+03,5.560683287255469622e+02
-1.641440440381702047e+03,3.759205971709475307e+02
-1.543401894479993643e+03,-1.652173895764925078e+02
-1.312829141591031203e+03,3.178585149970004977e+02
-4.457061439299806125e+02,-2.807062767310108029e+03
-1.463625067804228820e+03,2.865196004208051477e+02
-3.165516781505517656e+02,-2.804939454722742539e+03
-1.104545504685855121e+03,2.548222776747592206e+02
-1.085962358914515335e+03,2.271148942280198355e+02
-1.696948908729994855e+03,1.950450647419683321e+02
-1.704999032525462781e+03,1.955125377518192806e+02
-1.262667961509269844e+03,3.792793278265615982e+02
-1.321380076209885146e+03,3.737866486117920886e+02
-1.077514682417281620e+03,5.570797176865878555e+02
-3.895006719567313667e+02,1.275900327274569463e+03
-5.124378592062092821e+02,9.153482117546429890e+02
-9.940727672291445742e+02,4.369238803205623753e+02
-1.044046786150684511e+03,4.678325846781489190e+02
-7.873323859544742618e+02,9.447624638742398702e+02
-1.148234860523467887e+03,4.089818600278256895e+02
-7.335258857008199129e+02,2.266525203655405960e+02
-8.802124063345604554e+02,4.366232601040433110e+02
-4.457458282435017054e+02,-2.805698213241289523e+03
-4.540786182477360171e+02,-2.806992098584294581e+03
-1.281323505986033751e+03,3.811756827102188367e+02
-1.371420559421633016e+03,3.758561789519719127e+02
-1.222613793135727519e+03,3.193729827263566676e+02
-1.221801836331602317e+03,4.384768276572489754e+02
-1.180233302533055166e+03,4.381128681816433073e+02
-1.807140816237990293e+03,4.669942012552239703e+02
-6.909297633768987907e+02,-2.593989885928818694e+03
-9.214540357665678130e+02,2.860560985657895117e+02
-1.271254004686651115e+03,4.648749876750988506e+02
-8.782680215479861090e+02,5.249942323109816016e+02
-1.380439108918952343e+03,4.947513072961143621e+02
-8.255271026470599054e+02,3.797513141316582619e+02
-6.811924532186346823e+02,5.257557959950993336e+02
-7.640719144538437604e+02,9.778291365686313839e+02
-9.307188471321877614e+02,3.473893039244808847e+02
-6.135411636746569002e+02,4.050792536723152466e+02
-9.737951962886526189e+02,4.670528656642660508e+02
-4.869492762101447738e+02,-2.776151945268243253e+03
-1.140370221663604980e+03,4.665170368748104011e+02
-1.294233712420913662e+03,-1.655020657834477049e+02
-1.181121408920495696e+03,3.767855269020510036e+02
-7.419038005173857755e+02,9.187226466691196265e+02
-4.463763257894300409e+02,1.094141319793900948e+03
-5.712849094087963522e+02,1.063836539614543426e+03
-1.346750878912564076e+03,5.843182898356789110e+02
-1.729146684686689468e+03,2.248147476747107021e+02
-7.805598419810099813e+02,3.490029557800713178e+02
-4.788329346862473130e+02,-2.775938252325403027e+03
-5.569005320448745806e+02,8.260291094197631310e+02
-7.633717441084468192e+02,3.458451409921801201e+02
-1.736800675619484991e+03,2.236872692494289652e+02
9.030597179701182995e+02,1.066664987623463048e+03
8.695748594857167291e+02,1.066154479704261348e+03
-1.437962504685867771e+03,-2.853132623253244446e+02
-1.456351146886449214e+03,-2.542694140065344186e+02
-9.954798582619091576e+02,5.232538134050618055e+02
-9.316834395251372598e+02,4.966986773552472414e+02
-9.378370046866384655e+02,5.248900476744062189e+02
-1.437962504685867771e+03,-2.853132623253244446e+02
-1.418041110489515404e+03,-2.850240885229522405e+02
-1.669230304518313915e+03,4.359828238044962632e+02
-9.646583641666043150e+02,-3.439557355937511716e+02
-9.480195485558164137e+02,-3.732159018847311813e+02
3.195505584245121327e+02,1.217123324428568139e+03
2.479225181843835060e+02,1.214800039881358998e+03
-1.437962504685867771e+03,-2.853132623253244446e+02
-1.402995388338910743e+03,-3.161579892507813838e+02
-4.411632641800920283e+02,-2.803058868408729268e+03
-4.904155688797138168e+02,-2.769777956455995536e+03
-1.212078760161919035e+03,4.965726534372502670e+02
-1.205229137496841986e+03,5.866988875303142095e+02
-1.253068057497928748e+03,5.258517495702429869e+02
-1.528731376574145543e+03,-1.065009579978789134e+02
-1.528548071246367272e+03,-1.356232841187857048e+02
-1.703771710763559895e+03,1.963766204210568560e+02
-1.737309288948966696e+03,2.235817958931135081e+02
-1.744128642295347163e+03,2.242223729375461119e+02
-1.660737360555971918e+03,7.400313625392396943e+01
-1.613152678097262879e+03,1.350385034095326660e+02
-1.537895603873049140e+03,-1.656875493402538382e+02
-1.422542865712785442e+03,-1.324525851777492562e+02
-1.204479882626098060e+03,6.737500601192717795e+02
-1.095603631231385407e+03,6.458978717288307507e+02
-1.084888472100493118e+03,6.443180815632333633e+02
-1.272333629283056780e+03,4.975574310551852477e+02
-1.348783046426719693e+03,4.953953673610874944e+02
-1.306161710778068937e+03,4.970930620785960059e+02
-8.460235055326330667e+02,4.970172222709609287e+02
-9.058990348983488730e+02,4.992235806449004940e+02
-1.161661580833949984e+03,-1.959978603897660889e+02
-1.346755779718213716e+03,-4.352449577273718972e+01
-1.346207665060619547e+03,-7.512153366643195795e+01
-1.556083084643087432e+03,4.397091639622860839e+02
-1.064544450657782363e+03,2.605839604433879231e+02
-1.037219091846440278e+03,2.845992526050130778e+02
-9.108807031834398913e+02,-5.235006866095773148e+02
9.040109881017052658e+02,1.067736611732149640e+03
9.793107453138289884e+02,1.035018057674441252e+03
-1.139984583234198226e+03,4.045357978996011070e+02
-1.151007915510100474e+03,4.069232192257652514e+02
-7.456721158464839618e+02,1.033787251721677194e+03
-6.716570795764763488e+02,9.780435558470957176e+02
-1.522723384479211063e+03,-1.217340522246622214e+01
-1.305763882084354691e+03,4.659372767371856412e+02
-1.263049458764354313e+03,4.965435595667265716e+02
-1.231626879624910089e+03,5.275544812146512186e+02
-1.213977680552049378e+03,5.246424154426762243e+02
-4.377115046858298797e+02,-2.805945782325451546e+03
-4.788329346862473130e+02,-2.775938252325403027e+03
-1.502985835434886440e+03,4.666235621646611662e+02
-1.440098982839549763e+03,4.685495479783864994e+02
-8.889085076580952318e+02,1.218076371541330218e+03
-7.698327839403899588e+02,4.082843136480800013e+02
-7.535453096702252651e+02,4.051451173716212111e+02
-1.399863732629133892e+03,1.359650303789178736e+02
-1.187899754685463449e+03,3.748523976749532949e+02
-3.895986576619184234e+02,-2.773823860732749381e+03
-4.528076256398415467e+02,-2.805069504491089901e+03
-1.731693839965599636e+03,2.268044023673253946e+02
-1.419779226952894305e+03,3.437350696029097321e+02
-1.487163360253197425e+03,-1.344893526580071352e+02
-9.559060815734550260e+02,4.046742355736776631e+02
-9.909514922246254400e+02,4.088322462702627149e+02
-4.453324169663741259e+02,-2.807276282582153726e+03
-4.859881435079215066e+02,-2.777136677708007937e+03
-7.639507338812763919e+02,7.076205449255515987e+02
-7.869688144654556936e+02,7.036291646274059985e+02
-1.296649050222842789e+03,-1.945186513642935893e+02
-1.079671295057571115e+03,1.643355962132852710e+02
-1.062312684686664397e+03,1.047846276745166136e+02
-9.724093092482146403e+02,1.681909985601016899e+02
-4.963635671602430648e+02,-2.775998789107024095e+03
-4.963433158184546414e+02,-2.775308873328896880e+03
-4.466576483752527338e+02,-2.807013668825409241e+03
-1.161213172674688394e+03,4.669390070603182039e+02
-1.131755419205022463e+03,4.355806514093802662e+02
-1.162296450386931610e+03,4.044565437997335380e+02
-1.231941047605904259e+03,3.187692988334490565e+02
-1.307119921187887485e+03,3.162316676774267989e+02
-1.022937717872226926e+03,3.767689703875308851e+02
3.386531986982657827e+02,1.213672810862319466e+03
3.381207625430021722e+02,1.185868097238455221e+03
-6.907128844349138035e+02,7.678145364924719161e+02
-6.811700441371175430e+02,7.351598491397073758e+02
-5.950910278328676668e+02,7.675159873764125678e+02
-1.181125493455085916e+03,4.059586362538186108e+02
-1.179461127223293033e+03,3.769504893849933183e+02
-1.171303768480604731e+03,3.736520670315458119e+02
-1.753811733892384382e+03,3.466475887746609033e+02
-1.738440194622136460e+03,3.745002101624448301e+02
-1.272129622357469998e+03,1.083880375118165915e+02
-1.321594128113463512e+03,7.492429460445981704e+01
-1.446745696943193934e+03,3.435130291217183753e+02
-6.680136938373273097e+02,-1.036346348017380450e+02
-7.728538319839486803e+02,-1.026896151564570516e+02
-7.398256267735653182e+02,-1.030185536391108627e+02
-1.380705461638744737e+03,3.467853815562214095e+02
-1.129198812018014223e+03,7.066237620779634199e+02
-1.086394790711399537e+03,6.769666662304583724e+02
-1.105938950265531957e+03,6.471406866749111941e+02
9.557851374435772414e+02,1.066556516203978617e+03
9.867725730772302768e+02,1.037398173852384843e+03
9.381893153134114982e+02,1.065025587674489771e+03
-1.704664461912273055e+03,1.937975287458143043e+02
-1.729146684686689468e+03,2.248147476747107021e+02
-1.255824305800958200e+03,3.435194068294671297e+02
-3.020357060654296220e+02,7.980031825743046738e+02
-2.877421438374596505e+02,7.944983265499813569e+02
8.935345793227606919e+02,1.067388832392921358e+03
9.709484892984052067e+02,1.034242771757247510e+03
9.701440868623759570e+02,1.034024225691824768e+03
-4.951874166844910974e+02,-2.775555288284149356e+03
-4.862108906575052742e+02,-2.775392226372040113e+03
-4.961196338100503453e+02,-2.777188643093879818e+03
-5.967504948352323026e+02,8.552958384026060230e+02
-1.613417979076204119e+03,4.515201168500586704e+01
-1.612747455497320516e+03,4.496488651333116593e+01
3.049630357263775977e+02,1.213984211639725345e+03
2.776955596793492873e+02,1.218504473681450918e+03
-1.688025254686272092e+03,1.948072176746621835e+02
-1.745025640574261161e+03,2.253558182761602779e+02
-1.113594696355627093e+03,4.051510772109098184e+02
-1.048600482048844015e+03,4.347457562023669198e+02
-1.397942751028606608e+03,4.364629588900553472e+02
-1.346105020120719928e+03,4.365080754659192621e+02
-1.388896362883429219e+03,4.092338369227999237e+02
-1.513004359669237147e+03,4.963870998981083176e+02
-1.515623322035128240e+03,4.962672576291321320e+02
-1.479083934686285147e+03,4.948825176751473691e+02
-1.682481843118795041e+03,1.951598510051321682e+02
-1.737909525831201790e+03,2.238489971633375717e+02
-1.691179347819543182e+03,1.974320062011032348e+02
-1.346753250778340316e+03,1.532326838471284702e+01
-1.388235386965726093e+03,1.583130125407234345e+01
-1.387843704673215370e+03,1.589132486585386772e+01
-1.738430215877032197e+03,2.235163588325658566e+02
-1.697124170757795582e+03,1.955129281635446432e+02
-1.729146684686689468e+03,2.248147476747107021e+02
-1.619700501065490471e+03,4.471461201804086727e+01
-1.653677493138524142e+03,7.458831497409009614e+01
-1.604671004686663764e+03,4.476956767441957652e+01
-1.688025254686272092e+03,1.948072176746621835e+02
-1.722544495703142275e+03,2.264766678832999105e+02
-1.696205994213078839e+03,1.936623312973216287e+02
-1.244082272184051817e+03,4.652853112766052277e+02
-1.181158353786455791e+03,4.662536897913149687e+02
-1.213295800446283238e+03,5.250925139928044700e+02
-1.237197643260060431e+03,5.241610378966329336e+02
-4.800277086603246630e+02,-2.772342577964514021e+03
-5.643652282422370945e+02,-2.742134493394173660e+03
-4.726067411679673000e+02,-2.774556148901828692e+03
-4.965306041566856265e+02,-2.774680378959814334e+03
-1.481499054552701637e+03,1.075417667550761109e+02
-1.503591220043068915e+03,1.361575306046264586e+02
-1.604671004686663764e+03,1.647996876746136650e+02
-1.621855275457289054e+03,1.648778155777000620e+02
-1.131333095483947545e+03,4.064980570536824303e+02
-1.146113615818574999e+03,3.750071887173534151e+02
-1.104545504685855121e+03,4.048599276750018134e+02
-1.153942196981913867e+03,3.734785969858729118e+02
5.974671985572296080e+02,1.753944954610752347e+03
-9.384619686782554027e+02,1.728617640933449138e+03
-8.128353870553643219e+02,1.726609941025455555e+03
-8.126736959212717011e+02,1.698532854067960898e+03
6.434303741193298265e+02,1.697255729593108981e+03
-4.055953436264825314e+02,1.669609426243460348e+03
-4.203145616633906911e+02,1.634998806216377261e+03
4.959171448378124296e+02,1.637331140527533535e+03
6.452272140416170032e+02,1.640087632178302783e+03
-4.202886338460193656e+02,1.606116193147552622e+03
4.287582058640336982e+02,1.604538734912313885e+03
-4.464245786210701112e+02,1.574441433053266110e+03
-3.192729255614009958e+02,1.574561573583451491e+03
-1.817338845343904552e+02,1.577637832421991561e+03
-7.738393558724444574e+02,1.547175512813381147e+03
-5.866852907655688796e+02,1.544466626166457900e+03
3.507560176922629012e+02,1.547439254957507274e+03
-2.798515789891475833e+02,1.455351335075118641e+03
3.649520045617079234e+01,1.427743029741877535e+03
-3.617573738974155617e+02,1.365720887691262760e+03
-1.707380930241882879e+02,1.305694528991709149e+03
-8.559165192810037297e+02,1.067758736847427599e+03
-8.050060968593007829e+02,1.067107206038590675e+03
-6.890367783796208414e+02,1.065645145289015318e+03
-1.024768319296525306e+03,9.772320463226485572e+02
-1.189428651027261594e+03,9.485888880030154269e+02
-1.087415054749042611e+03,9.460068454628012660e+02
-1.070317355261382545e+03,9.141448656298722426e+02
-1.025482674249602269e+03,8.887344245531036222e+02
-1.188687165456144839e+03,8.296470576917059816e+02
-1.113373369550537973e+03,8.252253359734706919e+02
-1.047109847608663586e+03,8.264352480870605859e+02
-7.791781621598354377e+02,8.239634009664079031e+02
-1.195555702174960516e+03,7.941905319784527819e+02
-1.162598920778631054e+03,7.950430963820111856e+02
-7.302926469663616444e+02,7.980061276808561388e+02
-1.736926117884138193e+03,7.636560367218609144e+02
-1.695331768874867748e+03,7.349602111571765590e+02
-1.688025254686272092e+03,7.349427576747458488e+02
-1.180626643898113343e+03,7.366407888302412630e+02
-6.718092946505889813e+02,7.350215512881584345e+02
-1.096782519234172241e+03,7.072122701133907867e+02
-1.064809907666850677e+03,7.089760039977639963e+02
-9.879400521019185817e+02,6.443721978524863516e+02
-8.378736142621223735e+02,6.463186289914225426e+02
-1.211120396444825019e+03,6.167159242137347519e+02
-1.480829357482419709e+03,5.883821354969891217e+02
-1.063104603387436782e+03,5.863277780134671957e+02
-9.180795341588145675e+02,5.556113909253992915e+02
-8.637863352796111940e+02,5.542847631138500901e+02
-1.337679458469634255e+03,5.260279715176793616e+02
-1.262995392109492741e+03,5.270884363735444822e+02
4.557601454339003340e+02,-5.255358799389807700e+02
-6.134460559144583840e+02,-2.326077833596307755e+03
-6.718672541080248948e+02,-2.413669412322519747e+03
-4.801651332496699638e+02,-2.591536285581674747e+03
1.024095862575251061e+02,-2.743827050117085946e+03
-2.542610600037801873e+02,-2.805462084920252437e+03
1.034467728910619257e+02,-2.802512883500298358e+03
-1.078141833479296565e+02,-2.833415995643024871e+03
-1.513442438944284277e+03,-1.030535455304034684e+02
-1.480760621110096281e+03,-1.048656448625413304e+02
-1.211981949716168856e+03,-4.477839214373216237e+01
-1.253435544853210104e+03,-7.333428136048512158e+01
-1.211285633895487990e+03,-7.485112983805167630e+01
-1.130779507187408626e+03,-4.619075065089162990e+02
-1.245390855967126299e+03,-4.346441815839363016e+02
-6.791979444234318635e+02,9.158984233671503716e+02
-6.709634745976227350e+02,9.169110276738765606e+02
-6.640139676970848086e+02,9.768535984195250421e+02
-6.950255313780576216e+02,9.738776432390160380e+02
-8.670445276255218232e+02,4.704858450330701771e+02
-8.894347717835530602e+02,4.383836048872980200e+02
-8.353181309241465442e+02,4.664133068707172924e+02
-8.544827546854508000e+02,4.948825176751473691e+02
-1.479083934686285147e+03,-1.952906723251788890e+02
-1.497330129857486327e+03,-1.951979823986168867e+02
3.053536344614236100e+02,1.633939360303164449e+03
2.467980906533275629e+02,1.605635066424455545e+03
2.764214439924475073e+02,1.605189725218557442e+03
2.667195215592135469e+02,1.638627916278415796e+03
-7.727863675465023334e+02,1.788834654660947535e+03
6.186078538928655917e+02,1.787089868768034421e+03
-4.625410088382762979e+02,1.724049585638394774e+03
6.225716517967981645e+02,1.726501693277002914e+03
4.764327789479730768e+02,1.700769414610089825e+03
-3.794874928961208980e+02,1.635686236037462777e+03
2.704480558740801825e+02,1.638841265064838126e+03
7.446107392412891386e+02,1.635016007568924806e+03
-1.895551183121446002e+02,1.607799251321690463e+03
2.873731520735938147e+02,1.605396328099487846e+03
5.179186372211496519e+02,1.607690003967726625e+03
3.702580757246722669e+02,1.576979321574816822e+03
7.255848603063914197e+02,1.576406784414210279e+03
-2.545591032996455283e+02,1.544754710577924698e+03
4.959716726780048930e+02,1.544906457835678793e+03
8.316990017733321565e+02,1.548139961755176955e+03
-6.276528811556327128e+02,1.485344244207144811e+03
-1.890015191700019273e+02,1.488103207112505743e+03
-8.915101381948935000e+01,1.455965016450897110e+03
-2.932168963953927232e+00,1.455174792883080272e+03
3.211969358950810260e+00,1.454942882658497638e+03
-1.296560817408235380e+02,1.366150324272600528e+03
-2.132489617657210488e+02,1.337976806421263063e+03
-5.030709706041579352e+02,1.245429849591633911e+03
-8.346932302498811396e+02,1.064900720931236947e+03
-1.063810161093398165e+03,1.006974477637876589e+03
-7.953600867035456758e+02,1.005274275692234028e+03
-1.339230830345370578e+03,8.862493438588135177e+02
-8.961229675480008154e+02,8.597583376070934946e+02
-1.421209508086469896e+03,8.250154363417294689e+02
-1.763778042908188809e+03,7.989242654075668497e+02
-8.559387565243775953e+02,7.668154668350479142e+02
-6.914690273869537123e+02,7.672122582187080297e+02
-1.564985867913693482e+03,6.464161614468746393e+02
-1.021191254686246793e+03,5.849051076745032560e+02
-1.356375584657421086e+03,5.590577389956606567e+02
-1.231708291799334802e+03,5.562431761715777156e+02
-9.402846427353990748e+02,5.287672833341664500e+02
-7.000331645864780512e+02,5.279535332259722509e+02
-7.130455670303379065e+02,4.957458283528281413e+02
-6.467402165278585926e+02,-2.532825524208504703e+03
-5.641444744536513554e+02,-2.531693767652948281e+03
-5.872511700608628189e+02,-2.566582829207117356e+03
-5.378586044514718196e+02,-2.626904517978214244e+03
-1.504285924998623841e+03,-1.623993585575108227e+02
-1.495258811485998194e+03,-1.938366878941031359e+02
-9.639623449424660748e+02,-5.851281776304437017e+02
-1.321540045979096476e+03,4.991197903092741512e+02
-1.271254004686651115e+03,4.948825176751473691e+02
-1.312375434685489154e+03,4.948825176751473691e+02
-6.877742546862341442e+02,2.548222776747592206e+02
-6.630430589647830857e+02,2.842832434291942150e+02
-1.254744012844026656e+03,1.060503695248078202e+02
-1.231536551391336616e+03,1.076265149215918200e+02
-1.279493412858397505e+03,1.113163305670364878e+02
-1.504418241913523616e+03,4.064729477406142450e+02
-1.563799232834737950e+03,4.373418976001831879e+02
-4.788329346862473130e+02,-2.775938252325403027e+03
-4.788329346862473130e+02,-2.775938252325403027e+03
-4.453077215093507562e+02,-2.807307052365366417e+03
-1.483456729150693036e+03,1.374444334746787320e+02
-1.496748122882558846e+03,1.350231476432764453e+02
-6.622932054536717033e+02,1.785734109806271590e+03
5.722767890484976760e+02,1.785980655987485306e+03
-9.199821566429415043e+02,1.755259667115448565e+03
-7.453947685116190769e+02,1.753790515436883425e+03
-6.042386279005035021e+02,1.757871204666641461e+03
3.505504418546258876e+02,1.700505497117647792e+03
6.733358489121417279e+02,1.695789035734927893e+03
-4.784241523213123628e+02,1.611308460304952405e+03
2.470923286332251791e+02,1.606280507785327700e+03
7.036683906506001449e+02,1.606046981013798813e+03
4.533310628058618477e+02,1.573692034382325573e+03
7.609087666945035835e+02,1.581459031950858389e+03
-2.522611864442054639e+02,1.546241403408734868e+03
-6.206168468662637849e+01,1.545146067674476399e+03
-1.622379310432922637e+02,1.485113872730030380e+03
-1.299437145032571266e+02,1.423954730222359103e+03
-1.691128603081336337e+02,1.396279709387436696e+03
-3.374814183216759034e+02,1.276715713612735499e+03
-4.212068186777439678e+02,1.248057882031511554e+03
6.643671684546316101e+02,1.066178666476884700e+03
-1.047024473666449467e+03,1.005760494265966486e+03
-1.180886485580461340e+03,9.765568927212680137e+02
-7.706962684762411300e+02,9.774635892884296027e+02
-9.118807378626872833e+02,9.436134591848949640e+02
-6.877742546862341442e+02,9.449954676750854787e+02
-7.979001916577513498e+01,8.555565161851317271e+02
-7.136949661639571332e+02,8.254896072707642816e+02
-1.729146684686689468e+03,7.649502876747943674e+02
-1.252856909349569833e+03,7.654103379357763970e+02
-9.947766415148335000e+02,7.652899009488235151e+02
-6.884918467590439377e+02,7.689478899688068623e+02
-1.204328582774372080e+03,7.335086159184672852e+02
-9.917218855986969857e+02,7.402309872376038129e+02
-8.782377735714539995e+02,6.770588643190791345e+02
-1.330044995260326687e+03,6.447434815891818971e+02
-1.098518675026564097e+03,6.489407637532568742e+02
-6.877432448656629731e+02,5.590342159275505765e+02
-8.032052827426612112e+02,4.971953656386280613e+02
4.356393617515361711e+02,-5.510745551491712604e+02
-6.623651852411372829e+02,-2.295266126239279401e+03
-5.453488258411333618e+02,-2.504571687065657443e+03
-5.440651639192313951e+02,-2.622894043444321142e+03
-2.559749853299185247e+02,-2.744931668843152693e+03
-1.738064901750460876e+03,2.235287762812363042e+02
-1.779687941146789399e+03,2.552451303476304361e+02
-1.736316076375566809e+03,2.253743150308053771e+02
-1.022578990700746544e+03,4.091078171175090006e+02
-1.037364290775215068e+03,4.360077879077711032e+02
-1.014081500111919468e+03,4.085729063190934767e+02
-7.537886422052440594e+02,-7.382980493547842116e+01
-6.774051655787803838e+02,-7.324577067209742154e+01
-6.966061078049118578e+02,-1.363764289049968852e+02
-7.288956846866516344e+02,-1.052680823250333333e+02
-1.453267410171564734e+03,6.148633702648763801e+02
-1.495309095124161104e+03,6.159421598643012885e+02
-1.513423801288394998e+03,5.874153702377973332e+02
-1.487838224711130579e+03,5.855937051850562511e+02
-9.715663266386115993e+02,3.452485765779279063e+02
-1.046199600730678867e+03,3.748146015230751118e+02
-1.096356823616956717e+03,3.477665308206309192e+02
-1.158299318454448667e+03,3.162477151987781099e+02
-7.310420294636594463e+02,1.008425611981861039e+03
-7.125103084073939499e+02,9.751798455751592201e+02
-1.323650012090042765e+03,-1.616088778587034085e+02
9.141140022881263576e+02,1.064034560207528784e+03
8.946753252057022792e+02,1.068105436655820768e+03
-4.449575601663048587e+02,-2.806464194484154177e+03
-4.542497332417141251e+02,-2.805991390845075330e+03
8.601576178285848755e+02,1.066103064175651753e+03
8.870375895854117516e+02,1.094450322778425516e+03
-1.105030788848521297e+03,5.563419715073202951e+02
-1.087082042113854413e+03,5.555556497461240042e+02
-1.162358471765392324e+03,3.431425518118057880e+02
-1.094804950142709458e+03,4.079967585856235246e+02
-3.789779044604735532e+02,1.696933201618771591e+03
-4.286915005209255014e+02,1.636250972566698010e+03
-6.801582246773131146e+02,-2.322756889343847888e+03
-6.877742546862341442e+02,-2.355832832325513664e+03
-1.557119780782735461e+03,6.464160970184291273e+02
-1.571680353573931370e+03,6.741510331970423522e+02
-1.272375604367499136e+03,4.992953820690137263e+02
-1.306413099290750097e+03,4.977343822853692359e+02
-9.655035960520733624e+02,3.470919483491840083e+02
-9.210774275081073483e+02,3.466266083104319478e+02
-9.188171687477650948e+02,3.435184137349508546e+02
-6.477910711016983214e+02,7.370275483242332939e+02
-6.391838384433355031e+02,7.655499077877468608e+02
-6.455414346854639689e+02,7.649502876747943674e+02
6.891950219984290698e+02,1.697754336672580393e+03
7.293833710960511780e+02,1.669376110630323410e+03
7.208502767529934090e+02,1.725274594002386038e+03
-8.797310244697019925e+02,3.774008099059505525e+02
-1.056544305364225920e+03,3.754746006162469598e+02
-6.064549773695106296e+02,7.990326035644793592e+02
-1.204082613920579888e+03,4.052886956336363937e+02
-1.169459510708654079e+03,4.362934194146748723e+02
-1.191367649058174266e+03,1.797366467976636528e+01
-1.181309744931094428e+03,4.567515331187861705e+01
-1.462969234714815002e+03,3.168083784583523652e+02
-6.782610425245824217e+02,9.498045370824492011e+02
-6.788010087602334579e+02,1.006838148331314528e+03
-1.221394944764295815e+03,4.970345141693742903e+02
-1.086805043840962298e+03,5.567065788288829253e+02
-9.293030853906682296e+02,4.084304478399965888e+02
-1.395637042436864476e+03,4.389626875505832686e+02
-1.327402988317714517e+03,4.646746475412028303e+02
-9.091949000465455129e+02,5.298415528122643536e+02
-8.968424822366320086e+02,8.563608447393354481e+02
-1.030125245438433467e+03,1.344155134062365278e+02
-1.156532424613330477e+03,4.084275898141507923e+02
-1.369217480601423176e+03,4.352056352648547204e+02
-1.278529551652138480e+03,4.036978603965077355e+02
-6.044200046866258162e+02,4.648749876750988506e+02
8.463636389234056878e+02,1.065285987261041782e+03
-7.711285046858424721e+02,1.245070767674780882e+03
-6.877742546862341442e+02,1.948072176746621835e+02
-5.291459421453503182e+02,1.004442048352902816e+03
-7.250916848590902646e+02,4.706171629560482188e+02
-2.287701846858429917e+02,-2.835953312325500065e+03
-9.846097061451182526e+02,4.232172764180735953e+02
-4.930397399830087011e+02,-2.749044768117462354e+03
-1.685054102397738461e+03,2.002920345974786187e+02
-7.536139274911134862e+02,9.392559089801333130e+02
