date:2016-09-06, time:0200, wind_speed:2.75, wind_dir:19.0, temp:17.0
5.214180653137905210e+02 1.155048177674635326e+03
5.214180653137905210e+02 1.155048177674635326e+03
5.214180653137905210e+02 1.155048177674635326e+03
-6.605333581056816001e+02 -5.828056662419533041e+02
1.775651358483217450e+02 1.276369815692776001e+03
-8.410694462092988033e+02 -1.122242914703614133e+03
-7.838708284830665889e+02 -5.835383386236907199e+02
-1.182535534078262344e+03 -2.539053852995881755e+02
-1.050784607539288572e+03 -3.707944870511349791e+02
-1.062312684686664397e+03 -3.153207923253729632e+02
-9.220899259276583280e+02 -4.914062748575212822e+02
-8.483339546640003164e+02 -1.122442033288809171e+03
-9.262181416850196456e+02 -1.623749082408236291e+02
-3.060724591330676390e+02 2.573340699917411030e+02
-4.377115046858298797e+02 1.476203767437105796e+01
-8.846368089085107158e+02 -1.122526866724481579e+03
-7.499527600095773039e+01 3.790295042222019788e+02
-5.988133008087173721e+02 1.362856528468592785e+02
-1.055552509087369572e+03 -3.123273145108513518e+02
-1.750955870172297750e+02 5.880197432735052416e+02
-7.645308834719427296e+02 2.559632103683680384e+02
-1.182848344108175752e+03 3.165004504726313712e+02
-1.300036762731441058e+03 6.164036603453334919e+02
-6.206168468662637849e+01 6.149126376745517746e+02
6.241399531339939699e+01 7.349427576747458488e+02
-1.005089133768786041e+03 -4.310683423160299981e+02
-1.427146521907341139e+03 5.272221586659428567e+02
-1.259313015325753668e+03 5.265701846459114677e+02
-1.049888479429362405e+03 -3.717887896685139140e+02
-3.847491034408748760e+02 -7.331098393226212693e+02
-3.954786846866389851e+02 -4.353509123255670374e+02
-3.410653906828509889e+02 4.953732423145127228e+01
-1.466899941805269009e+03 2.866309009966450390e+02
-1.092582954291629221e+03 5.901181946621117049e+02
-1.098038375905789508e+03 6.773350522396387987e+02
-5.872814977724034406e+02 5.886774558442883745e+02
-1.145666934686272498e+03 3.148373376748562578e+02
-1.711169908342886288e+02 1.190615975665183896e+03
-1.187899754685463449e+03 -2.252982023252274075e+02
5.214180653137905210e+02 1.155048177674635326e+03
-4.147674585806054779e+02 -3.158980818243642830e+02
5.332060629166801391e+02 1.159205311499343225e+03
5.279082176742650745e+02 1.156704075254097461e+03
-2.047832510416462526e+02 4.219080673086345001e+01
-9.312955336633100387e+02 6.772382570127961117e+02
-1.301721816976793207e+03 5.276080643193691913e+02
-1.258544370316067443e+03 4.389051234949244531e+02
-3.832839986831712622e+02 -2.801853599288295982e+02
-4.671842923007201875e+02 -1.609779757948156202e+02
-9.789584346854766181e+02 5.248900476744062189e+02
-1.005463958940187808e+03 5.912965888029814323e+02
-9.086007358147768400e+02 6.201380932716572261e+02
-1.301425455174356557e+03 7.088373451093816584e+02
-1.062312684686664397e+03 3.148373376748562578e+02
-1.510714633323063254e+03 4.984039944781807208e+02
-1.339153784571199594e+03 6.204771901831296645e+02
-9.539220123091041614e+02 4.992287558141579211e+02
-1.550504569643750983e+03 5.302822019939378606e+02
-1.218556273521430057e+03 7.092356526719568137e+02
-9.378370046866384655e+02 4.948825176751473691e+02
-1.158891074469426940e+03 4.374410335237342906e+02
-1.300584625071995561e+03 4.683826876987924948e+02
-1.281775275475382387e+03 4.963898196207902629e+02
-5.738163026219500296e+01 6.768592562847552472e+02
-1.211745827181190862e+03 6.195351179471364276e+02
-2.006255181043363223e+02 7.968783857944281408e+02
-1.607398193577296865e+02 4.662095362440965687e+02
-1.217617739729586674e+03 6.172825406239225003e+02
-1.264622611851651527e+03 4.974529805149520598e+02
-9.656394357555170700e+02 6.778476638616556329e+02
-1.104545504685855121e+03 6.149126376745517746e+02
-8.055820848289890819e+02 -7.338849247975173284e+02
-6.760051256382989777e+02 -7.620455443610467228e+02
-4.724394764091086927e+02 -4.024137393558939948e+02
-1.216700635291828348e+03 5.887695960462563107e+02
-6.603153173100388358e+02 -7.650565319794859533e+02
-1.306024440596827162e+03 3.468306426501101214e+02
-1.384630333033140914e+03 6.199330985401088583e+02
-9.321833122061711947e+02 4.668532598079074774e+02
-1.049006648342659446e+03 4.683181685329428205e+02
-8.057478021364153165e+02 1.006557855805401232e+03
4.911817629251054313e+02 1.157271217477853043e+03
-1.709100078478782621e+02 4.687311253726414861e+02
-9.257702871680047565e+02 4.072339180460696753e+02
-8.894064980622570147e+02 5.573073172014414922e+02
-1.243042792799050858e+03 4.674230423036249249e+02
-8.899068964510403248e+02 9.763368172543591754e+02
-6.761836261188294657e+02 1.157786439518387624e+03
-8.792861306098158138e+02 9.798703215010280019e+02
4.918949364939091993e+02 1.249861771743882855e+03
-8.479335100539459518e+02 1.067635693993730683e+03
5.264425447234852982e+02 1.157087397908625462e+03
-9.621135223811581909e+02 1.099193764963129524e+03
-6.877742546862341442e+02 9.750029976751339973e+02
5.330512222762145029e+02 1.218282844320028289e+03
-4.658840333579345270e+02 1.010293366675282869e+03
-1.093039610045274458e+03 4.077679154770804644e+02
-5.459972004861067489e+02 6.206550286585597860e+02
-2.997340680433979969e+02 -3.436110970162707190e+02
-8.058665601751108625e+02 9.175265925118520727e+02
-8.835281892989354446e+02 1.158068346583065249e+03
-1.050750159973478958e+03 9.788227475004078997e+02
-2.058098930855408639e+02 4.616544247735396880e+02
-3.543572546862215518e+02 4.648749876750988506e+02
4.896886507706682892e+02 1.309132902949110985e+03
-1.173938804051727629e+03 -1.913011135269870238e+02
-9.686513770818896774e+02 -2.823837349544839412e+02
-7.977100147800495051e+02 1.190070244292284769e+03
-7.121278713831958385e+02 1.220088120881399618e+03
4.911258087987899330e+02 1.278527683499663226e+03
-9.686960502499262020e+02 1.307553930288858737e+03
-4.685586029850861109e+02 1.126252486540395012e+03
-9.269893474338198303e+02 1.099771761498508795e+03
-7.891211408416625090e+02 1.184487547921821260e+03
1.571890146974192248e+02 1.247490578953412069e+03
-1.104545504685855121e+03 1.095033117674538289e+03
-8.907204348749087330e+02 1.096264714447440156e+03
4.673850845543046262e+02 1.190718872066099266e+03
-5.448713513739013479e+02 1.069531268122640085e+03
-1.021191254686246793e+03 1.095033117674538289e+03
7.490102046640873823e+01 1.187931401618523751e+03
7.888544533295973338e+01 1.070404990668328992e+03
-4.318133737030535713e+02 -6.444092605180966302e+02
-9.318086765935582889e+02 -4.631690551150898045e+02
-6.762302449142566729e+02 6.182986120626245565e+02
-1.181942316950248824e+03 -2.838769869535598787e+02
5.279809567945553681e+02 1.156041947680004569e+03
-4.259933626214340165e+02 4.377596305684702429e+02
-8.008071984183535506e+02 5.879760380728359905e+02
-6.755092506685883791e+02 -6.718627379927959282e+02
-5.314871944132806902e+02 1.156512795354649597e+03
-4.667068893762516950e+02 -3.116818488780644429e+02
-1.301991930780432085e+03 4.676885915698175609e+02
-1.076267476817985425e+03 9.764284558728203365e+02
-7.227887384169198413e+02 4.371518821311875058e+02
-3.492936111350275041e+02 4.963825137018321243e+02
-1.354608254686259443e+03 5.849051076745032560e+02
-1.525102866159329324e+03 6.800163071943657087e+02
-1.343028217320744204e+02 8.279608063938394480e+02
-1.139981852157352250e+03 1.096600956958533970e+03
-1.014421035013945243e+03 1.065904324834384852e+03
-1.337617392047250746e+02 5.586451661190781124e+02
-8.066135053018393819e+02 1.187736274718527056e+03
4.839967364369266534e+02 1.276050386403918992e+03
-8.838040543396973590e+02 1.218769671361031669e+03
-6.294216134568788448e+02 1.099304280146371639e+03
-6.386923462283602930e+02 1.245962454183845466e+03
-9.275340336424071666e+02 1.278304721246395502e+03
-8.855748267847618536e+02 1.158576012162035568e+03
-1.243788422905410698e+03 6.176221278215951997e+02
-1.092516430507749419e+03 4.689640878213654673e+02
-6.877742546862341442e+02 -5.553810323249714429e+02
4.443101368594048495e+02 1.307134797325600857e+03
1.046468153141696291e+02 1.275078297674829400e+03
-5.554200220413027864e+02 1.217110225308355439e+03
-7.711285046858424721e+02 1.185055707674683845e+03
-5.867149192365420731e+02 1.129172197005218322e+03
-8.427176076877051401e+02 1.248764429974890163e+03
-3.954786846866389851e+02 1.185055707674683845e+03
-8.664744836373554335e+02 1.189663373220594849e+03
-6.044200046866258162e+02 1.185055707674683845e+03
-5.567785340198713584e+02 1.096727735880274395e+03
-4.311626078875400481e+02 -7.026157314690673275e+02
-9.092417275317937992e+02 7.056436811323690108e+02
-7.799869124462982199e+02 7.399579750194196777e+02
-1.176050059518114494e+03 4.679689224746692275e+02
-1.218750194457259795e+03 3.483346398659134593e+02
-1.343203756725609992e+02 5.277938410857370855e+02
-1.354608254686259443e+03 5.849051076745032560e+02
-1.343244305230164855e+03 4.979219627418102618e+02
-9.724754097550470533e+02 6.468585512816096070e+02
-8.889094065860166438e+02 6.472379705651410404e+02
-6.816465388374328995e+02 1.066046843985371424e+03
-6.746921513141446667e+02 1.189496673301788178e+03
-6.291385176077421875e+02 1.070373451114168347e+03
-1.467808623797043310e+03 5.577301548844153558e+02
-7.645637366076565513e+02 6.469982712892025347e+02
-1.223161123278859350e+03 4.073123112889751383e+02
-1.343654924736445309e+03 5.576344616464040200e+02
-2.156761470085364749e+02 1.519326484233592282e+03
5.693941821828702814e+02 1.456410469934142611e+03
-1.138901887836269452e+03 3.777686492545344663e+02
-9.742626697478372080e+02 4.673915216775461658e+02
-9.321930724298129007e+02 1.067877278022220025e+03
-9.263783649336946837e+02 6.781228113102421275e+02
-1.021191254686246793e+03 6.449201676746002931e+02
5.326724789831948783e+02 1.158522895545417214e+03
-7.594149955815906878e+02 5.290221031221551584e+02
5.270985721666862673e+02 1.157971132149237746e+03
-8.850305824030423310e+02 9.470676211043604553e+02
-9.280841187394546523e+02 1.007048847905693265e+03
-1.057131609990923380e+03 1.127001831695617284e+03
-1.133506171275276984e+03 1.159497152517113591e+03
-1.077820439083763176e+03 -3.443999369009552538e+02
-7.168182563075475855e+02 1.097889786184380000e+03
-6.762226946809781793e+02 1.006741609696893647e+03
-6.346919349640504606e+02 1.607603040560987893e+03
8.807471200839765970e+02 1.666280447297854835e+03
-8.544827546854508000e+02 1.575153597674524917e+03
-5.210657546854381508e+02 1.695183717674718991e+03
-7.032623461190996750e+02 1.486143449335744663e+03
-7.659089587953397995e+02 1.576344845127983035e+03
-3.831263118606318585e+02 1.547685526153627279e+03
-4.665913910076791353e+02 1.639828097345833385e+03
-6.752959585290054747e+02 1.698393757812880494e+03
1.004429875551801956e+03 1.696131732204666378e+03
3.598874290751260787e+02 1.516962180532061893e+03
-6.718045309161866498e+02 1.730299960396729375e+03
-3.428546532223143117e+02 1.608540596151869977e+03
-3.421148767142865381e+02 1.579535809171947449e+03
-4.269921841582315096e+02 -4.919646318974669157e+02
-4.504632883938714940e+02 -4.321322979424541018e+02
-3.432404426341489625e+02 6.172898466581754064e+02
-2.594474644679869471e+02 3.777394380692302320e+02
-1.132974149920527680e+03 1.097981474433284120e+03
-6.822059035574708332e+02 1.126164343810474293e+03
-5.108182126409848820e+02 -7.911863530498160344e+02
-1.099754703342834546e+03 5.561526576937643540e+02
-5.621871846858556410e+02 1.185055707674683845e+03
-7.176857882704516669e+02 1.128833883269683611e+03
4.071425946008207006e+02 1.277561555682261542e+03
4.901188847226230223e+02 1.308836435270554603e+03
-3.834889467456147258e+02 4.678305452024083593e+02
-5.621871846858556410e+02 4.048599276750018134e+02
-4.092994485956720609e+02 4.641098833372783474e+02
-7.180028215945599186e+02 1.218774016997963827e+03
-7.609605772600534692e+02 1.249469530964376872e+03
-7.388806322601715237e+02 1.248908383021453574e+03
-2.601165504823937908e+02 -1.147659639273365428e+01
-3.023584225569546788e+02 -1.231323717652637129e+01
-9.789584346854766181e+02 9.750029976751339973e+02
-1.437962504685867771e+03 5.248900476744062189e+02
-1.062312684686664397e+03 1.065025587674489771e+03
-1.135664474762084410e+03 1.066614358170533023e+03
-8.849366318578621531e+02 6.178183894257044813e+02
-8.486973114805057321e+02 6.762312451436230276e+02
3.298107559128561661e+01 6.486054748348016119e+02
-9.232006915548024608e+02 1.190523655916907956e+03
-7.598999161093430530e+02 1.127809017508877787e+03
-7.645250086151532969e+02 1.186797492232742115e+03
-7.995062100830534746e+02 1.188501242098025841e+03
-7.658447095605674804e+02 1.217424059506300637e+03
-7.658866805559945306e+02 1.186845595119606969e+03
-4.377115046858298797e+02 -1.352756123250818518e+02
-9.287876491024738357e+01 6.500737262469203870e+02
-9.906925433785295354e+01 6.769929590773361952e+02
1.495704301238130256e+03 2.571759419387078196e+03
1.277860980008690149e+03 2.506791195383474133e+03
1.242305592778136770e+03 2.479928988736581687e+03
1.319403523081573894e+03 2.537659457103149634e+03
1.485794444144004501e+03 2.508418845464089372e+03
1.396285379683694600e+03 2.445855422324869323e+03
-9.789584346854766181e+02 -4.053433823255185189e+02
-9.231552622411304583e+02 -4.603576078063624664e+02
1.329182066549425372e+03 2.570938112261377682e+03
1.301641676764095109e+03 2.542407077144859613e+03
1.492479761507022886e+03 2.537695646595001108e+03
1.365942114884054035e+03 2.537873368825680700e+03
1.360468780232052723e+03 2.538069258253588487e+03
1.491003074979131952e+03 2.570385936403746200e+03
1.271254004683492440e+03 2.535878012325014879e+03
1.495885441617888773e+03 2.538041720904087924e+03
1.408544893927447674e+03 2.479443955193121838e+03
1.235786042231375404e+03 2.537214446202505314e+03
1.449754560940465126e+03 2.508393035194457298e+03
1.448221572918960874e+03 2.449804372645492549e+03
-1.098610826935687555e+03 9.460811735477424236e+02
-1.104545504685855121e+03 9.750029976751339973e+02
-1.091694489689707780e+03 1.010401507637103350e+03
-1.115340144120182913e+03 9.477314725798191830e+02
1.324359671103611618e+03 2.510139304602334505e+03
1.408384258853810707e+03 2.477930839838054908e+03
1.271254004683492440e+03 2.505870482324966360e+03
1.284507263312699024e+03 2.509287814625843566e+03
1.198621908401574728e+03 2.449306481612773041e+03
1.449188829789452939e+03 2.448880390743031967e+03
-6.324833946850758366e+02 -7.036100903052735021e+02
-6.820786806348456821e+02 -7.939630333370321296e+02
1.442680905406096826e+03 2.537338123120487580e+03
1.318174786771501431e+03 2.506806280975428763e+03
1.543865639883330232e+03 2.503214653803895544e+03
1.491897213635446633e+03 2.569252833445536908e+03
1.229576879684477944e+03 2.535878012325014879e+03
1.201185686001459771e+03 2.478875267179441835e+03
-1.229021184685880826e+03 4.648749876750988506e+02
-1.306411012798440879e+03 4.979253800072260105e+02
-2.176973595405858077e+02 4.685745329207931604e+02
-2.162455745361889399e+02 4.675589618139389927e+02
-5.483209778015120719e+02 4.087319949552600065e+02
-4.678010952369318716e+02 4.082424998065088175e+02
-5.085107711769974799e+02 3.783206534998743678e+02
-9.093431965252262899e+02 7.071027383043694954e+02
-8.673628356310493928e+02 7.068052876109011322e+02
-8.786534492059488457e+02 9.495394620741170684e+02
1.385412265110860744e+03 2.481250579899991862e+03
1.214476754562636643e+03 2.447609029584402833e+03
1.281546510633024354e+03 2.419832504729343782e+03
1.574735075527076333e+03 2.419094341469726714e+03
1.452834254318891453e+03 2.480783590441863907e+03
1.533088863197799128e+03 2.510096961167738755e+03
1.444243932041496009e+03 2.477484631234191511e+03
1.448920881924105288e+03 2.450887203705861339e+03
-1.340843268030334627e+02 4.683473344824296305e+02
-1.768404297228172481e+02 4.681014748475151919e+02
-1.585902798910377669e+02 4.697051365367134963e+02
1.448979586135107411e+03 2.509288732072787298e+03
1.299114173586441666e+03 2.475572560863068247e+03
1.365927873908295169e+03 2.509022364769788055e+03
1.323814319100990815e+03 2.448892772894134396e+03
1.538428936565052709e+03 2.510006363882012920e+03
1.532460765970181001e+03 2.539396902268355007e+03
1.574270815718035010e+03 2.479154636223599482e+03
1.538486241721604756e+03 2.509025451677830461e+03
1.283618961822844994e+03 2.509825452702696111e+03
1.407620376916766872e+03 2.480817638994643858e+03
1.532700030525672901e+03 2.481342980061620437e+03
1.354608254684680105e+03 2.415847892324820805e+03
1.462200230097634631e+03 2.503377782832555567e+03
1.369173410882966664e+03 2.451864560310666093e+03
1.562993879684490594e+03 2.445855422324869323e+03
1.378766046465097133e+03 2.446212667308065193e+03
1.366392401344887958e+03 2.509502957042477192e+03
1.396285379683694600e+03 2.475862952324917842e+03
1.406149435884952254e+03 2.418609238863130031e+03
1.119481987591033885e+03 2.362293025946086800e+03
1.287266364298531016e+03 2.451291228350673919e+03
1.341706114010143210e+03 2.451901773921589211e+03
1.562993879684490594e+03 2.415847892324820805e+03
1.199090853162376334e+03 2.389185361989647390e+03
1.406444497138881161e+03 2.508103181160147869e+03
1.451418983511907754e+03 2.479463431722580481e+03
1.533101695285886990e+03 2.478358933392664767e+03
-8.122499346862599623e+02 7.649502876747943674e+02
-8.001019086889866685e+02 7.098846029852128368e+02
-8.062348218657492680e+02 7.371266322008898442e+02
-8.074979766447103202e+02 7.076002011813359331e+02
-9.081461625244421612e+02 5.288410544664800454e+02
-8.544827546854508000e+02 5.248900476744062189e+02
-9.378370046866384655e+02 5.248900476744062189e+02
