date:2016-05-20, time:0200, wind_speed:2.14, wind_dir:281.0, temp:9.2
64.065555 119.746870
81.268533 171.813120
-64.602634 -53.063007
52.103060 -284.520471
97.392659 164.912506
93.196900 171.029652
-52.650705 -155.972410
64.049079 113.945664
80.490872 122.040382
80.973521 138.412549
93.796856 123.546191
14.003657 -99.144381
-77.092679 43.294601
-77.372950 -54.047463
93.886741 186.800963
46.488418 138.859895
60.176417 123.170985
-37.043234 -77.023281
80.988058 195.290606
113.734165 169.555863
59.811663 146.710069
68.527818 114.112875
52.141807 109.503312
89.124009 -240.215285
43.806382 -286.596084
-98.718020 -58.580540
113.472847 193.353964
-35.925405 -99.191975
98.054976 187.079627
105.844038 159.151685
84.700074 154.724196
-44.429334 -57.307609
93.488653 144.107652
-56.170436 -116.051509
72.111827 109.320112
109.806897 106.508231
47.963278 142.053375
60.164599 141.063961
-106.670331 -72.131509
-31.779699 -76.455761
-53.020600 -133.590027
64.414505 105.070199
59.911767 170.920424
105.933889 132.123650
113.398728 169.099838
113.891644 172.688590
113.662788 172.739381
105.567464 185.755530
-11.308204 -49.696409
84.532192 112.343723
106.106818 138.348464
51.875912 135.133407
39.296577 117.131234
60.250489 105.521722
1.988716 54.061679
-6.637996 45.147751
-39.762658 -74.766005
64.600633 175.127166
-2.206097 -62.376382
2.159318 55.021986
97.546264 149.760963
-18.707734 -46.773217
122.384588 170.186795
106.304887 121.304164
-6.252778 45.550568
-60.706787 -134.950420
126.620011 164.957868
113.723659 112.613354
10.344404 -122.792594
-27.552917 -111.094172
80.418828 151.441650
81.300461 160.315716
-35.703906 -95.892573
72.920017 103.272890
72.634831 102.076295
93.415341 182.066240
60.452376 145.078505
113.848243 173.625376
114.233823 170.827762
114.327104 171.275377
122.926977 166.038342
93.688096 231.693689
64.502202 168.815547
97.879263 136.090782
-35.442413 -29.199761
2.160121 -50.348213
89.703135 178.029042
114.657908 168.721135
77.043409 165.738724
-102.118486 -251.332325
31.203869 -290.046503
77.111845 211.332014
127.028045 210.969690
-77.187043 90.614822
-43.678359 -22.970276
6.302200 -53.221936
-22.832412 -62.328851
93.897186 199.062789
97.915465 171.909943
77.166847 135.997725
-89.608608 90.972391
-27.190467 -11.293692
-89.543341 -14.020821
-6.325426 -17.382524
10.475173 -46.977894
-64.477434 -103.990053
118.793440 213.848299
97.874365 190.039433
-6.155714 -17.301368
10.535756 -38.130556
97.901969 189.404849
98.131896 189.268026
97.653451 191.582129
94.318901 184.065462
93.606028 183.094686
94.456203 183.990240
93.833169 182.469849
98.823502 190.078388
97.873170 189.780132
98.439644 191.662664
60.378314 185.784170
73.984448 104.421025
71.945293 105.021735
71.690633 101.332578
89.758896 178.327835
90.749814 177.957158
87.270310 180.479601
