date:2016-07-02, time:0800, wind_speed:3.51, wind_dir:267.0, temp:19.9
-1197.289880 -1165.741258
-1312.375435 -405.343382
562.539495 1065.025588
562.539495 1065.025588
278.475001 1232.681580
688.126565 1035.018058
-846.059995 -927.334824
644.154834 1178.560055
433.229879 1836.515630
-895.604185 -1065.509042
312.476745 -2805.945782
345.574091 1174.534692
641.743468 1657.797691
979.310745 1035.018058
229.122495 -2805.945782
969.814760 1024.738064
979.310745 1035.018058
469.696479 1084.223207
979.310745 1035.018058
977.599530 1028.155085
-223.926035 1021.384064
562.539495 1065.025588
562.539495 1065.025588
438.063815 1125.040648
562.513615 1060.792033
979.310745 1035.018058
-63.418996 1148.217810
979.310745 1035.018058
562.057204 1061.323484
562.539495 1065.025588
438.063815 1125.040648
-62.061685 -705.418682
968.347259 1024.195509
967.860051 1025.290834
-304.701243 1021.803657
554.059233 1056.663041
566.705588 1081.979544
552.379787 1055.014840
-233.122658 1027.306037
-147.243116 998.335998
-271.029691 1001.090049
-1104.545505 -2535.878012
183.814212 -533.336550
312.383237 -2839.304062
311.979714 -2780.325887
278.835441 -2790.009424
273.386758 -2819.014128
979.310745 1035.018058
688.126565 1035.018058
979.310745 1035.018058
561.784434 1061.598881
-230.836567 788.245264
-1066.563837 -2573.015355
55.776145 1146.839110
979.310745 1035.018058
808.008841 1056.835400
979.310745 1035.018058
688.126565 1035.018058
558.259977 1056.584695
58.073442 817.808439
552.877550 1055.719641
562.524986 1061.661998
561.973708 1061.588435
560.643013 1057.861945
562.539495 1065.025588
516.674119 1086.656781
560.370081 1058.329923
387.031911 1986.937212
-781.453648 1805.123874
-654.927275 1713.853852
641.215654 1656.751014
-156.429652 1595.629638
428.071096 1564.053815
-736.145516 1384.669258
-900.747434 1147.203079
1052.579457 1055.589885
-1029.993220 964.616040
-695.072550 965.967317
-988.788748 784.572133
-781.616265 455.148620
-1239.051077 366.107847
1521.669065 1755.198778
135.456440 1713.412392
427.732003 1713.352984
-263.379614 1683.479430
-989.620199 1625.170666
-736.963535 1565.312804
-532.422268 1505.856136
-781.537718 1294.636868
-1697.081399 905.344123
-697.432159 544.467064
-655.481733 455.544061
-906.007497 275.024625
-572.122149 63.526131
-854.482755 1905.236428
771.480815 1725.191248
554.971728 1626.046475
-153.603285 1355.228125
-1021.191255 794.957818
-697.482772 545.673717
-906.062654 95.914513
719.677123 1776.026421
-280.836994 1744.770832
-847.576434 1711.885518
-864.240050 1654.485681
-405.427078 1596.090168
-656.292392 1444.373988
-1236.982626 184.752509
-781.425443 -84.434126
559.981605 1058.578110
-1656.510369 903.683709
-1689.792461 909.007300
