date:2016-08-16, time:1300, wind_speed:3.41, wind_dir:183.0, temp:25.6
-81.531541 -56.262958
5.782924 115.102686
13.277127 118.679527
67.734225 103.416030
46.167935 109.503704
-131.672107 22.154590
-144.012560 -28.787100
-135.819691 -17.033572
-111.104081 -253.602178
-110.960546 -253.918917
-64.624569 24.856585
-106.743769 -257.036181
34.615092 121.281127
-123.448671 6.908893
55.630299 106.054265
-108.060132 67.287912
-89.941964 72.933200
-106.471256 24.945917
-107.131777 103.140865
-185.851784 27.867352
-133.036315 73.288808
-111.295046 31.209012
-110.842005 31.045670
-106.818651 -257.032205
-93.950998 27.784727
-131.546254 75.777220
-36.956006 142.367533
51.821869 153.947060
-112.002072 -253.712171
-82.898439 -52.492632
59.925639 169.151884
42.008121 -250.575819
60.477232 -223.580271
18.297422 -284.051653
-82.748111 73.323438
-64.943309 61.139982
-119.832933 25.270469
-115.052457 25.209914
-48.124521 133.348240
-120.512388 13.273362
-14.788318 130.089706
-123.173263 3.859309
-65.669547 67.425466
-77.742312 76.287957
-136.743133 142.802918
38.130222 -274.571956
-106.766838 63.919318
64.000244 190.241502
-74.843078 142.408567
-78.476459 61.605187
-135.726064 66.948679
-144.001081 64.076284
-140.075495 67.015910
55.150351 106.309241
-15.072189 -284.019569
34.011786 -280.524642
80.811326 -239.159790
64.288138 123.935823
-139.572968 28.482981
-73.680528 144.971564
51.699262 160.099016
-77.543074 79.111132
-77.540564 78.911564
-81.448984 82.328401
-120.061260 4.457996
-157.847823 94.407478
-65.207647 15.761040
88.977429 162.923311
-156.591326 51.860000
-156.850658 58.010369
-66.455493 -250.606917
-107.144434 67.101388
-107.383369 61.702860
-6.827536 138.939400
-57.902038 -16.658123
-74.312897 67.327444
-70.029777 7.589806
-6.425753 153.880466
42.039474 154.369421
51.839813 156.953459
51.410688 151.051196
-128.069030 -34.581086
-15.892745 136.296183
-89.949224 16.112978
-66.102459 154.444213
-90.195206 70.447298
-23.357326 157.072139
26.915540 -263.174196
5.945119 -274.995134
-44.026696 94.046363
-48.230910 -200.106682
-165.041373 82.171866
-18.922010 -278.497193
-16.123565 -286.581855
-15.208324 -287.015952
-19.314741 -283.882892
-141.276986 76.270332
-135.994492 75.882244
-110.680476 66.813597
-106.487377 69.850036
-111.681985 64.632992
47.156422 162.975553
47.437069 157.147074
46.711742 157.566967
-11.221736 -286.719801
-119.189578 4.039898
-119.320684 1.179490
-12.019472 154.671363
-10.916965 150.845569
-128.812045 88.240899
-16.058136 -247.839541
58.953733 -157.872760
21.048379 -286.480376
-66.413674 -241.871867
4.463380 160.262037
-156.243818 82.496535
-60.442000 79.495782
75.077707 184.458275
-20.621806 130.278752
38.142905 -280.704373
35.077793 -280.616439
33.898629 -280.759260
-49.759304 91.183786
62.734469 160.326969
-70.364131 1.318700
-58.052475 181.307933
-82.876345 97.337347
-36.956617 -232.722053
-120.419585 61.318721
-49.614594 157.463459
-53.785294 37.423024
-57.829534 43.439995
-41.062348 -265.615747
-149.282236 79.455246
-73.589392 145.468231
-74.357607 145.524597
-73.944735 144.596428
