-7.009962477389214541e+01,4.414791897108018759e+01
-7.009281795780594848e+01,4.415486662414865293e+01
-7.010640243332721866e+01,4.414504350375500508e+01
-7.010975536844694034e+01,4.414387766518279932e+01
-7.009695742157070697e+01,4.415352241975754310e+01
-7.009325538937977740e+01,4.415494858628977681e+01
-7.011236973902420289e+01,4.414684616559151209e+01
-7.010148302941915688e+01,4.414731232951924511e+01
-7.010219076849219277e+01,4.414377626711582536e+01
-7.009994127775200923e+01,4.414683166120559576e+01
-7.009061562236615828e+01,4.415430107148951322e+01
-7.010328635401944553e+01,4.414673879382988275e+01
-7.009243612640922549e+01,4.415484607609010226e+01
-7.009318177917366199e+01,4.415538570024804699e+01
-7.009133167625913075e+01,4.415429780210197919e+01
-7.009395139722131773e+01,4.415571949407815566e+01
-7.010180031115818622e+01,4.414727270351276900e+01
-7.009174000000000149e+01,4.415471999999999753e+01
-7.009206973036010879e+01,4.415461315863120006e+01
-7.011045343280646591e+01,4.414322480303536622e+01
-7.010895929295000428e+01,4.414134190900279009e+01
-7.009435999999999467e+01,4.415579999999999927e+01
-7.009730532820441340e+01,4.415109401766814301e+01
-7.010968510179274915e+01,4.414647907946763894e+01
-7.010107992277484357e+01,4.415000257155263341e+01
-7.009248999999999796e+01,4.415471999999999753e+01
-7.010143641738652320e+01,4.414458101045161698e+01
-7.010033474730782643e+01,4.415001343781447218e+01
-7.009284872867527838e+01,4.415517092566004465e+01
-7.010712719124487080e+01,4.415144089975645159e+01
-7.011270620519459840e+01,4.415188279236263469e+01
-7.011160586738772338e+01,4.414654777183860546e+01
-7.010149468469782619e+01,4.414680236082364928e+01
-7.011268122601245523e+01,4.415026868381587377e+01
-7.009919948045720162e+01,4.414700717550930875e+01
-7.010220776818275112e+01,4.414728934861516052e+01
-7.011271380100396300e+01,4.414729749302121320e+01
-7.009435999999999467e+01,4.415579999999999927e+01
-7.009281316064505063e+01,4.415492461292850379e+01
-7.009956613609867304e+01,4.415052113793335309e+01
-7.009809728680046703e+01,4.415383621442084916e+01
-7.009886875677652540e+01,4.414846841084603568e+01
-7.009882426550048251e+01,4.414971821873465530e+01
-7.009250774952776908e+01,4.415494124821643140e+01
-7.009766997643902187e+01,4.415186272687320468e+01
-7.009175356476964680e+01,4.415467494686672012e+01
-7.011122487973537432e+01,4.414514619543043494e+01
-7.009245115640985091e+01,4.415459184017620942e+01
-7.010035999999999490e+01,4.414985999999999677e+01
-7.009808869660213304e+01,4.415191274943067867e+01
-7.011123999999999512e+01,4.414526999999999646e+01
-7.011116903007101087e+01,4.414537306832515640e+01
-7.011041904199235830e+01,4.414406538924509249e+01
-7.011157947086448416e+01,4.414539141213142415e+01
-7.010819259680692994e+01,4.414104101241074574e+01
-7.011046904156440007e+01,4.414492674239220804e+01
-7.011269191931802425e+01,4.415190786316401983e+01
-7.011236119146452950e+01,4.414683976805062571e+01
-7.010894820068415356e+01,4.414566839592944802e+01
-7.009474034543836751e+01,4.415592385634965922e+01
-7.009282768460013813e+01,4.415485488101781897e+01
-7.010107628965903359e+01,4.414763189008888844e+01
-7.009771548891066573e+01,4.415027870977390734e+01
-7.011269378146876363e+01,4.414725006728416901e+01
-7.010226396974701402e+01,4.414462936487492328e+01
-7.011269999518688678e+01,4.414726461561628668e+01
-7.009920252061043300e+01,4.414517072125741493e+01
-7.010670754245829528e+01,4.415157260414116536e+01
-7.009807548171863800e+01,4.413381924977480963e+01
-7.009286000000000172e+01,4.415498999999999796e+01
-7.011232483275408356e+01,4.414698783806570503e+01
-7.010260605965436298e+01,4.414465779208130414e+01
-7.011122982973773787e+01,4.414518244340635533e+01
-7.009399000000000513e+01,4.415579999999999927e+01
-7.011080240279787290e+01,4.415077640441008100e+01
-7.010853684690181353e+01,4.414753749496154711e+01
-7.009847599988765410e+01,4.415110173805423699e+01
-7.010822127048413677e+01,4.415133239660599429e+01
-7.011195148478321926e+01,4.415107694200192867e+01
-7.010935112217431708e+01,4.415032864397149837e+01
-7.009322754224101004e+01,4.415487836739703909e+01
-7.009246246885747667e+01,4.415457006397247852e+01
-7.010037020676530517e+01,4.414794065162866588e+01
-7.009326493227206356e+01,4.415490208687785412e+01
-7.009996384547135051e+01,4.415080088278430281e+01
-7.010855831791043613e+01,4.414866759135148300e+01
-7.009694208997647991e+01,4.415432051494613575e+01
-7.011345464291559892e+01,4.414730950044450708e+01
-7.009320426555193251e+01,4.415486428137879926e+01
-7.011195420024789371e+01,4.414644619653542179e+01
-7.009812976830116327e+01,4.415015369445143989e+01
-7.010224085506445135e+01,4.414625547444170905e+01
-7.009211646660986617e+01,4.415468116701670453e+01
-7.009772449469471667e+01,4.415273822638141610e+01
-7.010781917006976016e+01,4.414538691838330209e+01
-7.011193970093692940e+01,4.414679807760244756e+01
-7.009245155710564745e+01,4.415484613470656683e+01
-7.009174461383221910e+01,4.415467800857050662e+01
-7.011193303193546456e+01,4.414671334767893995e+01
-7.010858061457170720e+01,4.414111518297476522e+01
-7.009888582305525517e+01,4.415116360534002382e+01
-7.009399000000000513e+01,4.415579999999999927e+01
-7.011193216219092506e+01,4.414675500188388213e+01
-7.010219935637805122e+01,4.415320538943795015e+01
-7.010143289065769068e+01,4.415139297204202506e+01
-7.010218656348821753e+01,4.414135005198552619e+01
-7.011235942416679734e+01,4.414683121303917801e+01
-7.009249062697460886e+01,4.415467068747071977e+01
-7.010711490724960981e+01,4.415278859814477386e+01
-7.010367531235627325e+01,4.415321782117037941e+01
-7.010897066522763055e+01,4.414648801190886473e+01
-7.010824862459327278e+01,4.414880754019964115e+01
-7.010032383397388855e+01,4.414788223075154150e+01
-7.010706955975621213e+01,4.415617271548672562e+01
-7.010483882197299010e+01,4.415270313826715665e+01
-7.011268785128450531e+01,4.414892560569212066e+01
-7.010144090522300075e+01,4.414372306139728153e+01
-7.010859483089912203e+01,4.414459065363608659e+01
-7.009245186737156530e+01,4.415466780455869156e+01
-7.009250089636357473e+01,4.415484296310907553e+01
-7.011272435020401872e+01,4.414703098514632984e+01
-7.010224705477838825e+01,4.414705765792569991e+01
-7.010408827295799483e+01,4.415428382406562946e+01
-7.010031987825678357e+01,4.414487224312453151e+01
-7.010675384700273582e+01,4.415169585069968150e+01
-7.011235999999999535e+01,4.414688999999999908e+01
-7.009918230846362519e+01,4.414920300577371393e+01
-7.011043350579211619e+01,4.414269816943025404e+01
-7.009775586800218150e+01,4.415062501470774947e+01
-7.011200226911235234e+01,4.414683497890239749e+01
-7.011193856282723402e+01,4.414643927573239779e+01
-7.011195502326252438e+01,4.414650100164905666e+01
-7.010749126519378649e+01,4.414516010834759641e+01
-7.011087027493239532e+01,4.414596306326920683e+01
-7.010185354187305506e+01,4.415246480493230763e+01
-7.010516042160674033e+01,4.414716505963180992e+01
-7.009280926241640941e+01,4.415484778335313365e+01
-7.010819219195498420e+01,4.414406431298191791e+01
-7.010782161835017234e+01,4.414406852074866805e+01
-7.010072944515566462e+01,4.414678837860709848e+01
-7.009251005383869426e+01,4.415510167357582816e+01
-7.010148903555749200e+01,4.414541857971602212e+01
-7.010224348701679276e+01,4.415143059710204909e+01
-7.011006025723489188e+01,4.414947742652457663e+01
-7.011236806536179245e+01,4.414684119400200757e+01
-7.010970389412526060e+01,4.414378100749274125e+01
-7.010069620710780214e+01,4.414436707938758531e+01
-7.010857708599789362e+01,4.414590040793416392e+01
-7.011386000000000251e+01,4.414770000000000039e+01
-7.009281780668678152e+01,4.415486682200704394e+01
-7.008871830837132677e+01,4.415434025395476425e+01
-7.009959851891983362e+01,4.414646380268601433e+01
-7.010863429123382673e+01,4.414420470895208837e+01
-7.010932342169103038e+01,4.414407005131012340e+01
-7.009399047318679266e+01,4.415570326043926030e+01
-7.010932446757948355e+01,4.415162919560974331e+01
-7.009805930926866324e+01,4.415026335643089794e+01
-7.009099000000000501e+01,4.415444999999999709e+01
-7.011308683706846523e+01,4.414705030020992638e+01
-7.009811000000000547e+01,4.415120999999999896e+01
-7.009357173805112495e+01,4.415565949516859945e+01
-7.009769472666870627e+01,4.415188252971245930e+01
-7.009095002089783577e+01,4.415437774789989334e+01
-7.011383060323200311e+01,4.414758586617170977e+01
-7.011007560273790773e+01,4.414544801161521548e+01
-7.011193110029229558e+01,4.414672101192815035e+01
-7.009288300447400388e+01,4.415490233545617826e+01
-7.009804644082157665e+01,4.415157698194262537e+01
-7.009992633348606716e+01,4.414538289228122636e+01
-7.009360002450152649e+01,4.415565799501882083e+01
-7.010783066598922630e+01,4.415189242760975930e+01
-7.009174000000000149e+01,4.415471999999999753e+01
-7.010897419448771473e+01,4.415004885180042749e+01
-7.009690899272844433e+01,4.415095691786705601e+01
-7.011047999911623663e+01,4.414437986940067304e+01
-7.010743620749161664e+01,4.414565174953300897e+01
-7.010894177343996603e+01,4.414459570716216774e+01
-7.011119229438590139e+01,4.414782432640719634e+01
-7.009847834185383419e+01,4.415171367024414195e+01
-7.011123283159845698e+01,4.414537012315140174e+01
-7.009474685385417558e+01,4.415602200534372912e+01
-7.009768541240353557e+01,4.414996819605195100e+01
-7.009247410249051313e+01,4.415460966023213274e+01
-7.009769616178307672e+01,4.415052196476886337e+01
-7.009245484712725727e+01,4.415480762403390003e+01
-7.010074000000000183e+01,4.414526999999999646e+01
-7.011123490631331379e+01,4.414619509621338267e+01
-7.010186725618895309e+01,4.414410338961302216e+01
-7.010144781977162154e+01,4.414404748094546704e+01
-7.011010574260471628e+01,4.415303108418195421e+01
-7.009735751359362155e+01,4.415142234465228199e+01
-7.011270204259591310e+01,4.414675739209091176e+01
-7.010860022545813308e+01,4.414545070640622981e+01
-7.011275266425568020e+01,4.414685160217887727e+01
-7.010824204697291862e+01,4.415545270133702616e+01
-7.010590829978988836e+01,4.415482774347811556e+01
-7.009702856832221585e+01,4.415338050988393803e+01
-7.011196575962611632e+01,4.414950680395574523e+01
-7.010897257002450544e+01,4.414783326163355071e+01
-7.011011213400657027e+01,4.414279615826311698e+01
-7.009393766600709341e+01,4.415566345426573491e+01
-7.011048117690968695e+01,4.414323992369033078e+01
-7.010900485558276785e+01,4.414576128190325477e+01
-7.009397230686356295e+01,4.415567362198285650e+01
-7.010858109398759552e+01,4.414570684420235835e+01
-7.011274404865156384e+01,4.414684352195503436e+01
-7.011193145078259192e+01,4.414645642862624442e+01
-7.010822666963883876e+01,4.414896146795688736e+01
-7.009323999999999444e+01,4.415525999999999840e+01
-7.011273283263219014e+01,4.415189245102989446e+01
-7.011050316942441896e+01,4.414332530913972619e+01
-7.011082841284461153e+01,4.414435244133309766e+01
-7.010223479392394097e+01,4.414490649047927207e+01
-7.010975675191447465e+01,4.414464013129518349e+01
-7.010899443469115511e+01,4.414360295410237711e+01
-7.011047525825580351e+01,4.414327012399985506e+01
-7.010371070076470801e+01,4.415381327816711376e+01
-7.010450770990331648e+01,4.415439211206740566e+01
-7.010820798884806493e+01,4.414843022887635016e+01
-7.011350117245781632e+01,4.414733190582874300e+01
-7.011160032577056711e+01,4.414541759708628632e+01
-7.010149267171053111e+01,4.414711476979795890e+01
-7.010818935990629086e+01,4.415325806597920177e+01
-7.010817107323546793e+01,4.415294351429758990e+01
-7.010601394474517178e+01,4.415301394872733454e+01
-7.009992179534476975e+01,4.415293946950524884e+01
-7.010294549669579567e+01,4.415317487801022622e+01
-7.010444972220928150e+01,4.415028391611011216e+01
-7.009774872525584044e+01,4.415090178227795548e+01
-7.011228277496942951e+01,4.414699348088792163e+01
-7.010037002088191116e+01,4.414793128196423311e+01
-7.009175040242850230e+01,4.415467002820112441e+01
-7.010856898736969356e+01,4.414536031867015708e+01
-7.009733879893474295e+01,4.415077975664590326e+01
-7.010068987449091082e+01,4.415239306130177255e+01
-7.011049833698618272e+01,4.414711327844400302e+01
-7.010933749410936855e+01,4.414761538942719454e+01
-7.011007009254119282e+01,4.414379642397621240e+01
-7.010337271384700841e+01,4.415331430664907231e+01
-7.010411069969502762e+01,4.415493273277568420e+01
-7.010595079464567903e+01,4.414617417117142395e+01
-7.010111979439983543e+01,4.414603411456225501e+01
-7.010412435414841070e+01,4.415384317151190174e+01
-7.009432038424907319e+01,4.415569095623447993e+01
-7.009320587906390188e+01,4.415542246795592973e+01
-7.011047477562483721e+01,4.414593348074766510e+01
-7.011047637693022239e+01,4.414700618098519413e+01
-7.009807563799149932e+01,4.415054084565652914e+01
-7.011084006282733583e+01,4.414707543777682730e+01
-7.010965548999753594e+01,4.414801857844814492e+01
-7.011306249569584281e+01,4.414727938190532086e+01
-7.009245081575413394e+01,4.415483816386269211e+01
-7.011195505026550734e+01,4.414652860961652436e+01
-7.009699379129183683e+01,4.415236432493713181e+01
-7.010892138492638992e+01,4.414375292357446057e+01
-7.011047436498911622e+01,4.414328562234052100e+01
-7.009771181032225229e+01,4.415052481018668118e+01
-7.009657351690147209e+01,4.415410680994803272e+01
-7.010974529001907740e+01,4.414429913406287653e+01
-7.010935122184872625e+01,4.414544870121184772e+01
-7.009249448792618864e+01,4.415490245719612261e+01
-7.009844307590425672e+01,4.415108971366893797e+01
-7.009699588984760510e+01,4.415111710799948952e+01
-7.010856190301815616e+01,4.414972146082300952e+01
-7.010669772059803506e+01,4.414677260067581699e+01
-7.010563595567583661e+01,4.415277426451417853e+01
-7.011346650732467367e+01,4.414868558926821152e+01
-7.011154694376651264e+01,4.414542404007291765e+01
-7.010896622033263270e+01,4.414599286653125176e+01
-7.009843994584927884e+01,4.415079605794867490e+01
-7.010296699908755613e+01,4.415217502403947947e+01
-7.010746197470096774e+01,4.414376841168305532e+01
-7.010892923796816945e+01,4.414784471509742048e+01
-7.010633989440952973e+01,4.415517476123257268e+01
-7.010450314715058084e+01,4.415655877806164398e+01
-7.011050436188567403e+01,4.414300843484262771e+01
-7.009696546753899327e+01,4.415352592247377572e+01
-7.011237281171131031e+01,4.414684680670512762e+01
-7.009774235123374808e+01,4.415062898521403412e+01
-7.010784535980117482e+01,4.414550499400173322e+01
-7.011124296248134158e+01,4.414547913771121301e+01
-7.010337174703126095e+01,4.415494807377586994e+01
-7.009886745712705647e+01,4.415439289672752921e+01
-7.009174000000000149e+01,4.415471999999999753e+01
-7.011162479221576405e+01,4.414657713822863627e+01
-7.011047203437156838e+01,4.414377972181483045e+01
-7.010821258077629636e+01,4.415050892675314032e+01
-7.010742397655288016e+01,4.415157919651610285e+01
-7.010825259050244540e+01,4.415087551743489769e+01
-7.010591217019006649e+01,4.414754765118144775e+01
-7.009841882630371401e+01,4.415067859834085340e+01
-7.009243524008850557e+01,4.415484808773064884e+01
-7.010598563035614461e+01,4.415158671996637452e+01
-7.009769882600360802e+01,4.415374919005007825e+01
-7.010969362543274030e+01,4.414318934787167592e+01
-7.009772208951690686e+01,4.415033340828041730e+01
-7.010593094919315149e+01,4.414554918633997715e+01
-7.009772121084485264e+01,4.415163487682424659e+01
-7.010374563670525561e+01,4.412172700579378670e+01
-7.010446339464958498e+01,4.415321850969910145e+01
-7.009731959549377223e+01,4.415113661435528769e+01
-7.010143923272427458e+01,4.415107770965423839e+01
-7.010372914564337066e+01,4.415299995807183109e+01
-7.010753787450452990e+01,4.414742481933165408e+01
-7.011233776558326269e+01,4.414706677469008866e+01
-7.011117964048308693e+01,4.414507103106360120e+01
-7.011274449409070542e+01,4.414739091140236837e+01
-7.011049452630967949e+01,4.414383335609883829e+01
-7.009772561131370594e+01,4.415165077234536284e+01
-7.011046920833373974e+01,4.414331560953016975e+01
-7.009324625941654574e+01,4.415576165352996441e+01
-7.009959069019444655e+01,4.415458594498704770e+01
-7.011199822846238305e+01,4.414548452179897708e+01
-7.010899000000000569e+01,4.415174999999999983e+01
-7.011044429649695076e+01,4.414406024839117038e+01
-7.009397602661472604e+01,4.415573159291474070e+01
-7.010219364692981969e+01,4.414753751258948711e+01
-7.010149637284929725e+01,4.414432264643449599e+01
-7.011047804709019715e+01,4.414252843499431833e+01
-7.009658462718826399e+01,4.415467080225194252e+01
-7.010411285033009676e+01,4.415440086797736541e+01
-7.009656763641190480e+01,4.415513908553883482e+01
-7.009774377827672254e+01,4.415056441777445428e+01
-7.010596244108380404e+01,4.415401183586637757e+01
-7.009880800015625368e+01,4.414595766652553976e+01
-7.010376440583233659e+01,4.415403400651369736e+01
-7.010374063752684037e+01,4.415356922639981008e+01
-7.010817917447111824e+01,4.414459667670142551e+01
-7.010368880016211790e+01,4.415242371170348434e+01
-7.011048161190413452e+01,4.414381211419945572e+01
-7.009919970701180603e+01,4.415189417489058599e+01
-7.010143547060216918e+01,4.415029242186318470e+01
-7.009586314075745861e+01,4.415570856140168132e+01
-7.010824265446943571e+01,4.414625704409586149e+01
-7.010817020280505574e+01,4.414484285675147390e+01
-7.010894628490501646e+01,4.414540472029747065e+01
-7.011009177721156505e+01,4.414621493866160051e+01
-7.010897234715481829e+01,4.414409155388929662e+01
-7.010184889011068776e+01,4.414402809597756061e+01
-7.011117303534095413e+01,4.414536630317638810e+01
-7.010030245191512677e+01,4.414783811431009042e+01
-7.010257892073732933e+01,4.415215445066092315e+01
-7.010859363153811330e+01,4.414335197360607310e+01
-7.009661720472581692e+01,4.415440990565321755e+01
-7.010598854575377459e+01,4.415296450344627743e+01
-7.009917140905143640e+01,4.415055214035769637e+01
-7.011080561638716802e+01,4.414568295908441797e+01
-7.010256971230553802e+01,4.414403251211410151e+01
-7.010222079109495041e+01,4.415353778154299391e+01
-7.010516406818339874e+01,4.415424016639584437e+01
-7.009211000000000524e+01,4.415471999999999753e+01
-7.010897289501100715e+01,4.415274785745379660e+01
-7.010224808165516208e+01,4.414711215481837314e+01
-7.009848999999999819e+01,4.411934999999999718e+01
-7.010521837998960848e+01,4.415081655729805021e+01
-7.011236265360552977e+01,4.414683315380716522e+01
-7.010598115201648284e+01,4.415621152793299586e+01
-7.011011147523157661e+01,4.415058757961154612e+01
-7.010826554776842556e+01,4.415124830019404811e+01
-7.011009580086408732e+01,4.414898487325061183e+01
-7.011265323155953411e+01,4.415024309811177261e+01
-7.011196594083071432e+01,4.414948497251997850e+01
-7.011011782672471782e+01,4.414819326541758215e+01
-7.009731907487294222e+01,4.415139910715093663e+01
-7.011271058679446355e+01,4.415026782531311511e+01
-7.011311027808173435e+01,4.414761966575197505e+01
-7.011153353770656338e+01,4.414645641265975229e+01
-7.010860836216053826e+01,4.414847361342188492e+01
-7.009735793994822473e+01,4.415166392597203782e+01
-7.011193040146129363e+01,4.414671718379798193e+01
-7.010222433196193492e+01,4.414651555083997181e+01
-7.009250738168998396e+01,4.415466654137130575e+01
-7.011345798289551112e+01,4.414733582179304250e+01
-7.011193822065277459e+01,4.414648731020042050e+01
-7.011200037164840637e+01,4.414674269008626339e+01
-7.010404421335324798e+01,4.415401726284566308e+01
-7.010786138921812949e+01,4.414761057885807105e+01
-7.009395586394133204e+01,4.415567086445527423e+01
-7.010974776257931751e+01,4.415115987124092811e+01
-7.010143006055120907e+01,4.415027037504574992e+01
-7.010854522902343433e+01,4.414460793794285820e+01
-7.011160443008344600e+01,4.414946949075780935e+01
-7.010032054178199701e+01,4.414457940946503811e+01
-7.010368718309722169e+01,4.415355019479883936e+01
-7.010446616125351227e+01,4.415277297201811990e+01
-7.011118173206116921e+01,4.414537298468268745e+01
-7.010816605389801737e+01,4.414555588252194696e+01
-7.011273396507368716e+01,4.415196364327092482e+01
-7.011234044868989201e+01,4.414948715187614425e+01
-7.010938863136748012e+01,4.414559745227346355e+01
-7.009282370087240110e+01,4.415486015891610805e+01
-7.009207762004380982e+01,4.415462168566633494e+01
-7.010293162308698811e+01,4.414756962076015157e+01
-7.011156951709179452e+01,4.414544837136566002e+01
-7.010750142737957447e+01,4.415163968429491348e+01
-7.009654196858375030e+01,4.413457384978927678e+01
-7.009325360592821141e+01,4.415493337442288180e+01
-7.010145893952777385e+01,4.414732523553603016e+01
-7.011124194357644512e+01,4.414523101628734025e+01
-7.011042796355418716e+01,4.414702459011607516e+01
-7.010972883569040448e+01,4.414352150978097455e+01
-7.011235508761176050e+01,4.415170599367102966e+01
-7.011122170786754282e+01,4.414518268260823675e+01
-7.011197532262475818e+01,4.414684413726626389e+01
-7.011347376280838262e+01,4.414736409872666911e+01
-7.011051227542978381e+01,4.414496834740752007e+01
-7.011045775595756879e+01,4.414380724795190503e+01
-7.009815057493814550e+01,4.415096637759302922e+01
-7.011233047473292856e+01,4.414673840799505911e+01
-7.010819186630916988e+01,4.415376923905841977e+01
-7.009587847974684394e+01,4.415574805690911120e+01
-7.010901135352646918e+01,4.415001384118367866e+01
-7.010935145846622163e+01,4.414919015940535729e+01
-7.010935499185052322e+01,4.415081035463559544e+01
-7.009321714153101368e+01,4.415542835448027148e+01
-7.011118883979557381e+01,4.414536602915756447e+01
-7.011275119655199717e+01,4.414899240554211701e+01
-7.011308757665362634e+01,4.414729740219549825e+01
-7.010901464117719684e+01,4.414178896403932129e+01
-7.011274606239055629e+01,4.415026135707491761e+01
-7.011118600129942990e+01,4.414932165595411817e+01
-7.010894479840970916e+01,4.414944423950905872e+01
-7.011344247640006699e+01,4.414728457324302724e+01
-7.010449660871346111e+01,4.415305165906752194e+01
-7.010972508614526078e+01,4.414410859357690242e+01
-7.010142645860392463e+01,4.414212028036262581e+01
-7.009734336435647606e+01,4.415403323566483351e+01
-7.010863288352084055e+01,4.414881003697132655e+01
-7.010297465089617219e+01,4.414596229501555769e+01
-7.009737081793493019e+01,4.415252165319186162e+01
-7.009849159135150387e+01,4.415088949818535013e+01
-7.010180825545607775e+01,4.414783910655415866e+01
-7.010146091368498844e+01,4.414836879874291498e+01
-7.010670228863861553e+01,4.414918369281630106e+01
-7.010561797900736281e+01,4.414953370931334575e+01
-7.009399000000000513e+01,4.415579999999999927e+01
-7.009399509746104684e+01,4.415576049207989229e+01
-7.010819104006178293e+01,4.414893949344615010e+01
-7.011009216738503369e+01,4.414947143335385960e+01
-7.010217173679514246e+01,4.414539152574911895e+01
-7.010074423467226268e+01,4.414603202296591178e+01
-7.011275476357144498e+01,4.414808651397419936e+01
-7.010599652696699025e+01,4.415196849834081405e+01
-7.010819195952649352e+01,4.415215688463815269e+01
-7.011159401056872298e+01,4.414538089638841001e+01
-7.010597753753579298e+01,4.415512914292693125e+01
-7.010557557488878899e+01,4.415487114602633056e+01
-7.010857005192009694e+01,4.415186904923241684e+01
-7.009998319866947725e+01,4.414676979704933046e+01
-7.009991679984076995e+01,4.414726912598971609e+01
-7.011270733422078649e+01,4.414708474290947748e+01
-7.010935943078607124e+01,4.414603815307873447e+01
-7.009733492942255850e+01,4.413488143591006718e+01
-7.009922249433829222e+01,4.414783960818075315e+01
-7.009397878709373231e+01,4.415571331504738595e+01
-7.009244243657823858e+01,4.415459959222565800e+01
-7.009284398733701948e+01,4.415484467202943364e+01
-7.010374439937756108e+01,4.415142600706204945e+01
-7.010480811250066324e+01,4.415135917736963478e+01
-7.010520461088788124e+01,4.415433213004878610e+01
-7.010896389153137420e+01,4.414245878056243555e+01
-7.010932361418434766e+01,4.415055507472331442e+01
-7.010370490777555119e+01,4.414507652401033511e+01
-7.009815124881679083e+01,4.415043253501990250e+01
-7.009812120117125289e+01,4.415142593461348497e+01
-7.010970622956179454e+01,4.414571698262634669e+01
-7.010970911932727745e+01,4.414485566756791712e+01
-7.010670596370108854e+01,4.413838826404230531e+01
-7.009846566472465668e+01,4.415110758026495574e+01
-7.009923999999999467e+01,4.415066999999999808e+01
-7.010144143018581531e+01,4.414703684881516210e+01
-7.009924196748858094e+01,4.415115974228508833e+01
-7.009997700396225184e+01,4.415160981023596065e+01
-7.009355887370887217e+01,4.415539175339456790e+01
-7.010856515803101274e+01,4.414403983315757074e+01
-7.010969095662082395e+01,4.414430119948340803e+01
-7.011046798593358176e+01,4.414379732564010084e+01
-7.010108022919091297e+01,4.414620290333407837e+01
-7.010744651286829310e+01,4.415187726384122868e+01
-7.010782671841742797e+01,4.414130459450998245e+01
-7.011046279345673327e+01,4.414867437641120773e+01
-7.010633610230107138e+01,4.414515613482090828e+01
-7.011273972480158534e+01,4.414700311377566777e+01
-7.010517592568780287e+01,4.415349158376491090e+01
-7.010673966910589172e+01,4.415140945868835587e+01
-7.010295103856660148e+01,4.414783773569877212e+01
-7.009806002108567213e+01,4.415052865691573203e+01
-7.010930246299818691e+01,4.415162724989406939e+01
-7.010862032952157108e+01,4.415063912986372685e+01
-7.009359439501952238e+01,4.415536151870087878e+01
-7.010219038233815070e+01,4.415324251642723397e+01
-7.010369563718413133e+01,4.415379608255770449e+01
-7.010076269914229385e+01,4.411972547493860475e+01
-7.009925184335033066e+01,4.411956928839274639e+01
-7.011199000000000581e+01,4.414634999999999820e+01
-7.010895429303184301e+01,4.415105478233569158e+01
-7.011200898559783923e+01,4.414549439714546253e+01
-7.009168872871289580e+01,4.415480949287573509e+01
-7.010941531738355081e+01,4.414423295033267181e+01
-7.010974023886456052e+01,4.414360561892715396e+01
-7.011272805813871400e+01,4.414707253075798832e+01
-7.010298941305778442e+01,4.412058687810316826e+01
-7.010894885203752835e+01,4.414837926274147151e+01
-7.010823206888659342e+01,4.414976100979152562e+01
-7.010782728918739792e+01,4.414897531486542448e+01
-7.011125725576647483e+01,4.414522044066818296e+01
-7.011274326658674738e+01,4.415224440051186861e+01
-7.010182516356981353e+01,4.414514092432072800e+01
-7.010975273428907428e+01,4.414251627243417175e+01
-7.010220047791192144e+01,4.414432625433418877e+01
-7.011194596430404147e+01,4.414646987434929315e+01
-7.011271093683450317e+01,4.414707781793038066e+01
-7.011267724410861035e+01,4.414727125927856122e+01
-7.009997209675692886e+01,4.415484607270215633e+01
-7.010745781321543291e+01,4.415539138826403587e+01
-7.010143454346041381e+01,4.414650700999722943e+01
-7.009318369888957534e+01,4.415535259988200067e+01
-7.010857059821670134e+01,4.414353738044468400e+01
-7.010782832383087282e+01,4.414406847245034982e+01
-7.010746401714068554e+01,4.414400886294755821e+01
-7.009283434957225722e+01,4.415484191211603360e+01
-7.009805601370901229e+01,4.415132291666206754e+01
-7.010144574761450542e+01,4.414626049640106942e+01
-7.010929356888506447e+01,4.414484574732033906e+01
-7.011043143565427727e+01,4.415135631250454651e+01
-7.011045397093417364e+01,4.415026415638646284e+01
-7.011048999999999864e+01,4.415174999999999983e+01
-7.011234780016117440e+01,4.414712287395970947e+01
-7.009401018235058700e+01,4.415569122645491973e+01
-7.010782764683176538e+01,4.414996814993439500e+01
-7.010675693582349766e+01,4.415116179866360113e+01
-7.010750501012691416e+01,4.415089354672166877e+01
-7.010782030658711506e+01,4.414540558412558369e+01
-7.010519997742898113e+01,4.415615057234556673e+01
-7.010444619883635653e+01,4.415705977027526075e+01
-7.010260999999999854e+01,4.414742999999999995e+01
-7.010179666513961649e+01,4.414433309907181524e+01
-7.010179556965259451e+01,4.414487942824560918e+01
-7.009736377112669459e+01,4.415035455214395910e+01
-7.009733231607073378e+01,4.414999456468916605e+01
-7.010109646295966002e+01,4.414623693052331532e+01
-7.009883502649526577e+01,4.415598029912320044e+01
-7.010747509036411884e+01,4.414921489516086694e+01
-7.010296857514964586e+01,4.412249440136586287e+01
-7.009732035820243823e+01,4.415023992517514984e+01
-7.009281502985102463e+01,4.415487564994942460e+01
-7.009845318334726016e+01,4.415054771433559466e+01
-7.010144393593948564e+01,4.415078849634393521e+01
-7.009321580359238624e+01,4.415486143975292777e+01
-7.010858508914346032e+01,4.414920852143941943e+01
-7.010931606933573335e+01,4.414839226274786910e+01
-7.010932117768801675e+01,4.414916864595596024e+01
-7.011046709578442915e+01,4.415054048944197262e+01
-7.010034450695515318e+01,4.414701396871862471e+01
-7.010216992428568972e+01,4.415969165106768912e+01
-7.009395227165126130e+01,4.415811550096658067e+01
-7.010107305350668128e+01,4.415812903802705591e+01
-7.009996501800857516e+01,4.415729984504695693e+01
-7.010259642131330793e+01,4.415078128504334387e+01
-7.010374000000000194e+01,4.414392000000000138e+01
-7.009100133814612832e+01,4.415435769670826716e+01
-7.010895193321069030e+01,4.414410343523489644e+01
-7.010825210571269395e+01,4.414381859636051786e+01
-7.009245672452495057e+01,4.415459675202657053e+01
-7.010071448739310540e+01,4.414811069336022342e+01
-7.010932351435097587e+01,4.414488529176369980e+01
-7.011162225970872441e+01,4.414545443028841021e+01
-7.011192152861769955e+01,4.414664659337724828e+01
-7.011237356596194559e+01,4.414683730322345667e+01
-7.011270619658922953e+01,4.414701283585928593e+01
-7.010823094160481617e+01,4.414929880629217962e+01
-7.009250937064747689e+01,4.415466328013919650e+01
-7.009284892967562541e+01,4.415487036306689106e+01
-7.010181918240775190e+01,4.415379413884524951e+01
-7.011311059173301885e+01,4.414737427231187894e+01
-7.011047156203287045e+01,4.414646159712058449e+01
-7.009400053401216724e+01,4.415570555955359566e+01
-7.010974792190849314e+01,4.415223802550039522e+01
-7.011006486673247196e+01,4.415214206647499395e+01
-7.010822672256010435e+01,4.415081830444761835e+01
-7.009205746320108688e+01,4.415460218921801072e+01
-7.009098103860948470e+01,4.415431738812964113e+01
-7.009248999999999796e+01,4.415471999999999753e+01
-7.011045391210569733e+01,4.414541457749583486e+01
-7.010224892414532860e+01,4.414467915268040343e+01
-7.010895813865032267e+01,4.414590085062827285e+01
-7.010817436300311556e+01,4.414419780928826498e+01
-7.010144575016185797e+01,4.414840587011958917e+01
-7.009880530674004717e+01,4.415050098427293079e+01
-7.010332795907460479e+01,4.415161048292497981e+01
-7.009923850662535472e+01,4.415512297515347484e+01
-7.010074000000000183e+01,4.411988999999999805e+01
-7.010069837245978874e+01,4.415270463056493355e+01
-7.011270217775529545e+01,4.415031228956200238e+01
-7.010558409244136158e+01,4.415382304162434224e+01
-7.010857570408693107e+01,4.415135100498664400e+01
-7.010751902167451988e+01,4.415077391408977547e+01
-7.010823182704024248e+01,4.415136173321193525e+01
-7.009917275619974930e+01,4.415347997350867360e+01
-7.010032315625392130e+01,4.415461257459041633e+01
-7.009993378595582669e+01,4.415004385244472473e+01
-7.010783918287425820e+01,4.414563574432713722e+01
-7.010818605576970697e+01,4.415161437031453318e+01
-7.010819272226837029e+01,4.415186590517035370e+01
-7.010855104111352887e+01,4.415132763974109054e+01
-7.010070445221803936e+01,4.414621075251690030e+01
-7.009320063594145722e+01,4.415564284461378719e+01
-7.011194373868357843e+01,4.414648213557117629e+01
-7.011234260178619593e+01,4.414677314985310375e+01
-7.010782594202031248e+01,4.414599859677056060e+01
-7.010412023937550430e+01,4.415414006623979759e+01
-7.010376418693812184e+01,4.415407484971689200e+01
-7.011271082562723223e+01,4.414701154453119614e+01
-7.009024383687754778e+01,4.415871569038090172e+01
-7.009023092480462935e+01,4.415869707790073306e+01
-7.009025816498640893e+01,4.415817712644286530e+01
-7.011123789393397487e+01,4.414522960102424065e+01
-7.010929525056639022e+01,4.415047031469972438e+01
-7.009657071046393639e+01,4.415411147754718968e+01
-7.009732160482796814e+01,4.415460453574787181e+01
-7.009174834285838074e+01,4.415467146843401025e+01
-7.009888029968196577e+01,4.415144627996985349e+01
-7.009284387286523099e+01,4.415490708906057193e+01
-7.010821872724721970e+01,4.414409689393489344e+01
-7.011275323549402572e+01,4.414711900488929786e+01
-7.011270859765335217e+01,4.414705915753417287e+01
-7.010150532446930072e+01,4.414976604108824887e+01
-7.011197899002647205e+01,4.414652155620890284e+01
-7.011159566975844371e+01,4.414629131180516453e+01
-7.009920822810936158e+01,4.411948713010480816e+01
-7.009883927178655938e+01,4.411934199027826509e+01
-7.010111237420112218e+01,4.414630018275536827e+01
-7.010975062312633099e+01,4.414593720800042576e+01
-7.009284025660156203e+01,4.415483248304689567e+01
-7.009694888508404631e+01,4.415405696211419695e+01
-7.009844925780110714e+01,4.414999279472787208e+01
-7.010446067206277121e+01,4.415377050880682930e+01
-7.010445314258851113e+01,4.415463802812861616e+01
-7.010069961674747674e+01,4.414749853931522949e+01
-7.009212129385429080e+01,4.415467008542939453e+01
-7.011009649946652189e+01,4.414279626169405191e+01
-7.009171418744125504e+01,4.415458653363893404e+01
-7.010408385193775871e+01,4.415404528981504484e+01
-7.010369873387753614e+01,4.415427082875747544e+01
-7.011236404390251664e+01,4.414683558438044031e+01
-7.010899396123426186e+01,4.414522795136458200e+01
-7.010742225057765609e+01,4.414919033140679261e+01
-7.011269877585743870e+01,4.414702689809529801e+01
-7.010894528465195208e+01,4.414834368716800839e+01
-7.009286000000000172e+01,4.415498999999999796e+01
-7.010180259685851922e+01,4.415399154815445826e+01
-7.010145065355202121e+01,4.415294806087000978e+01
-7.010070869345277345e+01,4.415347932032147327e+01
-7.010745908206739330e+01,4.414486459087421366e+01
-7.009842595211929961e+01,4.414507011556595728e+01
-7.010894456026028365e+01,4.414459992985940318e+01
-7.010899000000000569e+01,4.414526999999999646e+01
-7.010331595890370693e+01,4.415272026387158633e+01
-7.010330304463994366e+01,4.415210491770969270e+01
-7.010411871032324882e+01,4.415289108834203091e+01
-7.009099267383963650e+01,4.415440017466109879e+01
-7.010896033164371488e+01,4.414648560971604496e+01
-7.010973545740685609e+01,4.414706596648272807e+01
-7.010931104065718955e+01,4.414461451300296346e+01
-7.010823027249674055e+01,4.414490867228865056e+01
-7.009843903793519360e+01,4.415406325692044476e+01
-7.011007192814375344e+01,4.414404663919776795e+01
-7.009242610791021377e+01,4.415479077524584994e+01
-7.009283881265686489e+01,4.415490538100950602e+01
-7.010109358195146001e+01,4.415705748101746053e+01
-7.010296476363465956e+01,4.415756053631730538e+01
-7.010449899099002380e+01,4.415166597716522290e+01
-7.010595820825642477e+01,4.414977751957626850e+01
-7.010446393197226200e+01,4.414411043697040782e+01
-7.010178894538313443e+01,4.412162355580911566e+01
-7.010631293538988018e+01,4.415433217313100300e+01
-7.009847790941596202e+01,4.415029384838842930e+01
-7.010860999999999876e+01,4.414553999999999689e+01
-7.010824612957968327e+01,4.414551579523388369e+01
-7.010933441207247085e+01,4.415247628409320413e+01
-7.011348999999999876e+01,4.414742999999999995e+01
-7.010899832934400422e+01,4.414521730904669994e+01
-7.011161612659336129e+01,4.414549655501298275e+01
-7.009211000000000524e+01,4.415471999999999753e+01
-7.010638180775814021e+01,4.414988056393950444e+01
-7.010707164203934383e+01,4.414917969801754793e+01
-7.010784581504063340e+01,4.414890354054393384e+01
-7.011008745440987866e+01,4.415166362992312798e+01
-7.011004809304661478e+01,4.415132601376117094e+01
-7.009250676280956327e+01,4.415494557879571147e+01
-7.010675601883151842e+01,4.414473932669258005e+01
-7.010334596834960053e+01,4.415114055823801920e+01
-7.010259175630849882e+01,4.415890560413661348e+01
-7.009995428846674770e+01,4.415545838683644320e+01
-7.010598416625192897e+01,4.415353305993910737e+01
-7.010490538833360574e+01,4.415015358786074984e+01
-7.009661878814064551e+01,4.411889433357686130e+01
-7.009921310939903094e+01,4.415080963832436822e+01
-7.009844131520608812e+01,4.415155984603659078e+01
-7.009287218389791008e+01,4.415492196842490813e+01
-7.009285987216573233e+01,4.415489619307889058e+01
-7.009208124995599576e+01,4.415460104517129736e+01
-7.011160999999999888e+01,4.414553999999999689e+01
-7.011343222441061585e+01,4.414728843635023026e+01
-7.011234222736898403e+01,4.414712495196690156e+01
-7.010894024562767868e+01,4.414481432438788033e+01
-7.011011076143142873e+01,4.414460256654211179e+01
-7.010562996920434387e+01,4.415332959528561929e+01
-7.009999470607880312e+01,4.411984451606258517e+01
-7.010111867917657946e+01,4.411984933278778698e+01
-7.009356322307115761e+01,4.415886527196443723e+01
-7.010067617170949461e+01,4.415855371868061496e+01
-7.009959235094581231e+01,4.415325405738169451e+01
-7.009808871446963963e+01,4.415079593992682305e+01
-7.011125076974931858e+01,4.414522864774029642e+01
-7.010672228422092189e+01,4.414380076300840017e+01
-7.010897093409275271e+01,4.414355469910025676e+01
-7.011005762691932830e+01,4.414485654414397686e+01
-7.011046659722516949e+01,4.414512890078395912e+01
-7.011199142102502435e+01,4.414684425003853363e+01
-7.011196045659099241e+01,4.414673969945017973e+01
-7.009548999999999808e+01,4.415606999999999971e+01
-7.009511946344622402e+01,4.415603099288533429e+01
-7.011235999999999535e+01,4.414688999999999908e+01
-7.011154807296406943e+01,4.414646555717145304e+01
-7.011232070737345623e+01,4.414683659257588744e+01
-7.011010087592120499e+01,4.415161214002790047e+01
-7.009212947598375365e+01,4.415468158421239764e+01
-7.010369224326203152e+01,4.415292685737740896e+01
-7.010261062265287535e+01,4.415250833204591174e+01
-7.010373947286167606e+01,4.415221131890364603e+01
-7.010674519790678971e+01,4.414954468900683082e+01
-7.010790716344935447e+01,4.414939076549896413e+01
-7.009994551121890538e+01,4.415913553644446665e+01
-7.009171191774343868e+01,4.415782883593167440e+01
-7.009660383712294163e+01,4.415679081531984451e+01
-7.009883223200760938e+01,4.415674205894598003e+01
-7.010293442103211703e+01,4.415403323424876447e+01
-7.010075767784125844e+01,4.415385501927613632e+01
-7.010674903422552973e+01,4.415224491611304103e+01
-7.010670010510870043e+01,4.414976516799278983e+01
-7.010372332802377571e+01,4.414437068278557064e+01
-7.009174000000000149e+01,4.412960999999999956e+01
-7.009587484881357966e+01,4.411902553172062369e+01
-7.010147460908291350e+01,4.414734795800551126e+01
-7.009770666918647919e+01,4.415138924545240684e+01
-7.009880369765703279e+01,4.415051372787050354e+01
-7.009694491801185734e+01,4.415345551235482446e+01
-7.009731501633952178e+01,4.415324985636530641e+01
-7.009174000000000149e+01,4.415471999999999753e+01
-7.009174413031131223e+01,4.415468169028350331e+01
-7.010369441885333686e+01,4.414757243797384234e+01
-7.010188418481884298e+01,4.414772644888402198e+01
-7.010105037443769049e+01,4.414833662570089956e+01
-7.010975099554623569e+01,4.414926744165497041e+01
-7.010970305816367443e+01,4.414920481225539817e+01
-7.011007168464840333e+01,4.414918969981598451e+01
-7.010599115706037310e+01,4.415466836682988117e+01
-7.009845310088272186e+01,4.415026374611984750e+01
-7.009773026390018913e+01,4.415083479577609182e+01
-7.009693136625963916e+01,4.415130555033944404e+01
-7.010598112946919969e+01,4.415348388809282909e+01
-7.010556058419973624e+01,4.415945164034741310e+01
-7.010294291299696567e+01,4.415973299855067324e+01
-7.008799000000000490e+01,4.415444999999999709e+01
-7.010522812806883053e+01,4.415164008160785869e+01
-7.011043248263101191e+01,4.415131489684299737e+01
-7.010412556615652591e+01,4.414954621873359741e+01
-7.009962521253413570e+01,4.412092691501111830e+01
-7.009996356229582659e+01,4.414977391400334739e+01
-7.011348157539346460e+01,4.414729641126025683e+01
-7.010036809694508975e+01,4.411983543215032455e+01
-7.011009497946946567e+01,4.415108504147040236e+01
-7.009694820051858244e+01,4.415055334941141041e+01
-7.009919560430853380e+01,4.415028101469239630e+01
-7.011350616034242478e+01,4.414763503041567105e+01
-7.011083606398523216e+01,4.414405949286759778e+01
-7.010408405615748961e+01,4.414621566624740012e+01
-7.010444266892240250e+01,4.414727643765382226e+01
-7.009879104626972435e+01,4.415076864081294872e+01
-7.010819287118771115e+01,4.415161112791769682e+01
-7.010742536362664623e+01,4.415131927322065764e+01
-7.010747257434179858e+01,4.415162634044985879e+01
-7.011042941078538604e+01,4.414322924113118773e+01
-7.010972976471548179e+01,4.414308224382672563e+01
-7.009174641218429258e+01,4.415467439205981748e+01
-7.009769695558792080e+01,4.415217601545898418e+01
-7.009474000000000160e+01,4.415606999999999971e+01
-7.010979643663287675e+01,4.414883363920546344e+01
-7.010970721365526970e+01,4.415079868485358361e+01
-7.010968664641011117e+01,4.415053600952646917e+01
-7.010932162076953489e+01,4.414486821356755542e+01
-7.011233275006122767e+01,4.414676466915641129e+01
-7.011198783254687328e+01,4.414682507462683247e+01
-7.011231511618149170e+01,4.414675284638630615e+01
-7.010706659134676499e+01,4.415485070218429087e+01
-7.010745077664520863e+01,4.415431588285077424e+01
-7.010630215937491982e+01,4.415540376134979539e+01
-7.009844065262768709e+01,4.415405341574449238e+01
-7.010628756089877811e+01,4.415474237098583643e+01
-7.011085120212774768e+01,4.415142122305140759e+01
-7.010971805218675001e+01,4.414326454761961571e+01
-7.009920864744687208e+01,4.415219720041991280e+01
-7.011199193247334449e+01,4.414629313243196407e+01
-7.009174754868472235e+01,4.415457027514322164e+01
-7.011121073489806577e+01,4.414514023834563972e+01
-7.011306223111382963e+01,4.414733037402170623e+01
-7.011233689508623002e+01,4.414675668015050292e+01
-7.011268938981611143e+01,4.414779196977232800e+01
-7.009881252562777831e+01,4.415055293757185950e+01
-7.011274396908576989e+01,4.414738424953799978e+01
-7.009656531032592852e+01,4.415510043989322497e+01
-7.010300571430659033e+01,4.415412483823118350e+01
-7.011274387064905511e+01,4.414712064655989110e+01
-7.011043217371882008e+01,4.415104104103175331e+01
-7.010818048319841012e+01,4.414916662526278657e+01
-7.010483751839451827e+01,4.416001724304379650e+01
-7.010225854681681312e+01,4.414732036339569277e+01
-7.011004130755762276e+01,4.415081170077969830e+01
-7.010970600194636404e+01,4.415105672114818702e+01
-7.010819399488282500e+01,4.414812079255002431e+01
-7.010969393006641326e+01,4.414917945268234689e+01
-7.011230830588812069e+01,4.414677679631517293e+01
-7.010970861442193325e+01,4.415190646711657507e+01
-7.011080581362980979e+01,4.414672496028356363e+01
-7.011116266462072133e+01,4.414646633747281612e+01
-7.011047022248493477e+01,4.415167309954617991e+01
-7.010035939606677857e+01,4.415489559418357857e+01
-7.010259742933619975e+01,4.414733646937067135e+01
-7.010370589109875539e+01,4.415158560021601630e+01
-7.010405238778133707e+01,4.415159758080876173e+01
-7.009996641906364800e+01,4.415377758205209346e+01
-7.010037298581320897e+01,4.411979082633471450e+01
-7.010298518457902617e+01,4.415006429853406900e+01
-7.010826391449091943e+01,4.414454862946858782e+01
-7.010823306072136063e+01,4.415160519796261696e+01
-7.010334857164434652e+01,4.414487793941311367e+01
-7.010596137765195124e+01,4.414679067126606071e+01
-7.010592928596456375e+01,4.415536807070589020e+01
-7.010106718651938706e+01,4.415133362233442682e+01
-7.010485244470632438e+01,4.415355747334240277e+01
-7.010372587290646607e+01,4.415088978046298251e+01
-7.010596368589865790e+01,4.414568847441969979e+01
-7.009244277315654870e+01,4.415481710740098720e+01
-7.010967462326505029e+01,4.414420384753505289e+01
-7.009848710629005097e+01,4.415087224310183700e+01
-7.010781814250231037e+01,4.414917877010939407e+01
-7.010296079075655484e+01,4.415293232709746718e+01
-7.010253689602033944e+01,4.415402129599207370e+01
-7.011006028065257567e+01,4.415191507833949913e+01
-7.010749135112001795e+01,4.414441123168049330e+01
-7.010891725888005510e+01,4.414917329516793387e+01
-7.010036099176917901e+01,4.411969948466487779e+01
-7.010297110920564023e+01,4.415567877378619244e+01
-7.010293414101919041e+01,4.415510487161342468e+01
-7.010373248892449283e+01,4.415382522296235379e+01
-7.010447804432631358e+01,4.415382898058240357e+01
-7.010825100078928074e+01,4.414819045186549573e+01
-7.010748825370149007e+01,4.414490315944828325e+01
-7.010749385362535691e+01,4.414550137161344878e+01
-7.010934339670407667e+01,4.415105533026871854e+01
-7.011236647465533167e+01,4.414684103234761636e+01
-7.010105283457868097e+01,4.414570005100623717e+01
-7.010067625439232586e+01,4.414700726249937190e+01
-7.011159797482521583e+01,4.414540973723129724e+01
-7.010300983844398104e+01,4.415277280913132074e+01
-7.009921107795308615e+01,4.415458516144165912e+01
-7.011270148884906916e+01,4.414700550146541502e+01
-7.009548999999999808e+01,4.411907999999999674e+01
-7.010447361751332096e+01,4.414378347191891550e+01
-7.010260999999999854e+01,4.412042999999999893e+01
-7.010973320376770346e+01,4.414432334485013598e+01
-7.010369388585765194e+01,4.415619250251324246e+01
-7.010891176875713882e+01,4.414781465626566614e+01
-7.010148687954874447e+01,4.414439143689003231e+01
-7.011080848793312725e+01,4.414509446893536193e+01
-7.010186516885094932e+01,4.415274246951273796e+01
-7.010222317883302878e+01,4.414729183002362589e+01
-7.009433192468530649e+01,4.415563795893057630e+01
-7.009474000000000160e+01,4.415606999999999971e+01
-7.010975761781158155e+01,4.414549418398709690e+01
-7.010449802834773436e+01,4.414793009690677650e+01
-7.010818623996124188e+01,4.415158153747121617e+01
-7.010487327837508076e+01,4.415278528695238691e+01
-7.010150345230910318e+01,4.415942658024018641e+01
-7.009396038859729572e+01,4.415565694180261858e+01
-7.010705055198953062e+01,4.415212634506675471e+01
-7.011046079289545219e+01,4.415109463786629362e+01
-7.010519761288861673e+01,4.415271515157872528e+01
-7.010596016841886069e+01,4.415407160474952519e+01
-7.010860290458414568e+01,4.415111923737501343e+01
-7.010075032438658127e+01,4.411984296332021671e+01
-7.010525991964343007e+01,4.415321688688116097e+01
-7.010594139994782381e+01,4.415349913938933923e+01
-7.009691959393065019e+01,4.411918090012559901e+01
-7.009809178035001764e+01,4.411897091253858605e+01
-7.010183281926929055e+01,4.414352160035772954e+01
-7.010825766316125396e+01,4.414334157066528519e+01
-7.010407408847488853e+01,4.415458151969787082e+01
-7.010522195351060759e+01,4.415429147454340608e+01
-7.010973124083491825e+01,4.415185495358426948e+01
-7.010930225469643062e+01,4.415217145383461883e+01
-7.010858879956343515e+01,4.414838152743108424e+01
-7.010823551857527036e+01,4.414862912273927265e+01
-7.011194748545095479e+01,4.414671202544585071e+01
-7.010107053149471312e+01,4.415111356924619912e+01
-7.010111384659839473e+01,4.415034493970365048e+01
-7.010073862682614276e+01,4.414813322720001310e+01
-7.009282012696534991e+01,4.415484555897570118e+01
-7.009996764103475186e+01,4.415425751361112106e+01
-7.009993791544606268e+01,4.415428713539847649e+01
-7.009772932546111690e+01,4.415166383719169119e+01
-7.010374319790230402e+01,4.414354947344934033e+01
-7.010405529193062080e+01,4.414266895988369299e+01
-7.009243980043981992e+01,4.415542348284596841e+01
-7.009994893178247821e+01,4.415483211769536354e+01
-7.011311322278770319e+01,4.414819697875406490e+01
-7.009805531851404226e+01,4.415131507058649163e+01
-7.010595623601513182e+01,4.414512591341090797e+01
-7.009807590934994437e+01,4.415081544074755726e+01
-7.010748699307832510e+01,4.414295975061010324e+01
-7.009249293657538260e+01,4.415495081320590032e+01
-7.010932448857118970e+01,4.414649072297585519e+01
-7.009919088295066558e+01,4.414729672258671656e+01
-7.010075109786258452e+01,4.411984094725644923e+01
-7.010750728075797156e+01,4.414980498206779203e+01
-7.010818390231443686e+01,4.414919701116558315e+01
-7.010597354582493779e+01,4.414684934884300560e+01
-7.010778601550453004e+01,4.414484782437649102e+01
-7.011307098499393931e+01,4.414734021751505821e+01
-7.011050088346492259e+01,4.414495359329228563e+01
-7.010706164023763165e+01,4.414378585448920234e+01
-7.010781708858847594e+01,4.414409820025252174e+01
-7.010296759146289958e+01,4.415728218785725545e+01
-7.010598026597642729e+01,4.415349663997115925e+01
-7.010972066998907337e+01,4.415139054787310613e+01
-7.011049786329998312e+01,4.415089422710115485e+01
-7.010373319023332783e+01,4.415516713723847886e+01
-7.009994661517498571e+01,4.414728010589538343e+01
-7.010333002502942179e+01,4.415431314716583699e+01
-7.010111149429378941e+01,4.415056261639791302e+01
-7.010256004885566483e+01,4.415352726290849006e+01
-7.010406563699945082e+01,4.415236820547493579e+01
-7.010143358441486328e+01,4.414702749143877014e+01
-7.010295082085873730e+01,4.415400241953415872e+01
-7.010672672222607105e+01,4.415304553213545802e+01
-7.009924193261763037e+01,4.415467288917998445e+01
-7.009695036424392356e+01,4.415130648491802390e+01
-7.010824834463171840e+01,4.415144200470341218e+01
-7.009733646513572580e+01,4.415035772392769076e+01
-7.010374651549385305e+01,4.415737993661056748e+01
-7.010371746702800522e+01,4.415192154103179689e+01
-7.009769249773826516e+01,4.415106723397968835e+01
-7.010861530778400663e+01,4.415278902295065677e+01
-7.011046743843141371e+01,4.414950609094045575e+01
-7.010968757941731155e+01,4.415186843835273578e+01
-7.010899574728176731e+01,4.415142874348090629e+01
-7.009623999999999455e+01,4.411907999999999674e+01
-7.010521979034406570e+01,4.415997551505514451e+01
-7.010706706247536601e+01,4.415323986135891943e+01
-7.010748318712414573e+01,4.414972926605708636e+01
-7.010974476686260459e+01,4.415197537024620544e+01
-7.009284403708790023e+01,4.415486079430451127e+01
-7.010446661473113750e+01,4.415568030032493851e+01
-7.009211925093197237e+01,4.415462425761480603e+01
-7.010678510693796284e+01,4.414883989136568232e+01
-7.010560914101957053e+01,4.414888936864966951e+01
-7.010333370583313695e+01,4.414437023814233640e+01
-7.010332432628609922e+01,4.415409260823958704e+01
-7.009281379411100943e+01,4.415485934188934181e+01
-7.009248999999999796e+01,4.415471999999999753e+01
-7.010787239796607651e+01,4.413441799425559253e+01
-7.009323999999999444e+01,4.415498999999999796e+01
-7.010146261422045200e+01,4.415028390592810581e+01
-7.010373822342400274e+01,4.415326664307409743e+01
-7.010408269545526139e+01,4.415373425629077531e+01
-7.010895580259210647e+01,4.414899937734789148e+01
-7.010822531867545138e+01,4.414971019541192732e+01
-7.009285513532942957e+01,4.415488925211381144e+01
-7.011270667921732525e+01,4.414700446248627941e+01
-7.010146369688236234e+01,4.414756819162855805e+01
-7.010823165141950142e+01,4.414839812850525647e+01
-7.010070618740344628e+01,4.415026749936440353e+01
-7.010446625958604727e+01,4.415140222112799506e+01
-7.010524449789922130e+01,4.415413375606618729e+01
-7.010856916471605871e+01,4.415130225441945555e+01
-7.010300244263237346e+01,4.415354513958827454e+01
-7.011045757117581445e+01,4.415107640588757221e+01
-7.010524007185981077e+01,4.414491318596232361e+01
-7.010335192668119930e+01,4.414323005749431417e+01
-7.010710250103238650e+01,4.414466956127424169e+01
-7.010898395267803096e+01,4.415109962523437304e+01
-7.009248999999999796e+01,4.414041000000000281e+01
-7.010367372377641004e+01,4.415202266508328677e+01
-7.010973609977094156e+01,4.415029718444936435e+01
-7.009655484827241878e+01,4.415104700836972285e+01
-7.010107991698137653e+01,4.414494131718465297e+01
-7.010150640228084740e+01,4.415812563206605290e+01
-7.010031484063934215e+01,4.415648328292528646e+01
-7.011117829240994581e+01,4.414672642432138616e+01
-7.011234455180515113e+01,4.414680829083123825e+01
-7.010859883642544332e+01,4.414870808752228015e+01
-7.010142638127184966e+01,4.415346525179700876e+01
-7.010674000000000206e+01,4.414985999999999677e+01
-7.010824683988349193e+01,4.414917969388474006e+01
-7.009998581035506504e+01,4.411979420661975126e+01
-7.009999000000000535e+01,4.411988999999999805e+01
-7.009242866529960736e+01,4.415480979362526881e+01
-7.010105944819251533e+01,4.415324671280725255e+01
-7.010039811825748757e+01,4.415314799088979214e+01
-7.010074388965492176e+01,4.415197938246755172e+01
-7.010184413965720296e+01,4.415247923107029493e+01
-7.009697018506828670e+01,4.415323315267313120e+01
-7.010824327444262849e+01,4.414322236089233087e+01
-7.010892579114998568e+01,4.414378775871285399e+01
-7.011008274650363603e+01,4.414891555794316247e+01
-7.011043342858526728e+01,4.414890559284571481e+01
-7.010481909432010639e+01,4.414347643880751804e+01
-7.010454851485469874e+01,4.414313340770544869e+01
-7.010859040607651593e+01,4.414466428987026347e+01
-7.011081542505436914e+01,4.414541550356162247e+01
-7.010895752868650277e+01,4.414833873071230386e+01
-7.010294422810278547e+01,4.414783158412108577e+01
-7.010368456276276561e+01,4.416019050040654292e+01
-7.009659831481452841e+01,4.415058028142635749e+01
-7.010633663371619662e+01,4.414545621538938747e+01
-7.010444599723263082e+01,4.415236789035949982e+01
-7.010935725599617285e+01,4.415244212837474436e+01
-7.010222360912359818e+01,4.415144032286986686e+01
-7.009921780051300289e+01,4.411950002262155124e+01
-7.010896307849115772e+01,4.415084669268868112e+01
-7.010970921375768228e+01,4.415031927810656498e+01
-7.010785782086639983e+01,4.415027801013054187e+01
-7.010067955097655101e+01,4.414401863363722356e+01
-7.010445711933142832e+01,4.415352396223799758e+01
-7.010857728386471877e+01,4.414866833288665049e+01
-7.010931643839022342e+01,4.415081166852883143e+01
-7.010896523878815856e+01,4.414458686845672730e+01
-7.009808800322976197e+01,4.415138760374792781e+01
-7.011199180149492349e+01,4.414651966581676135e+01
-7.010859100386575449e+01,4.414869967154858443e+01
-7.010819951003985295e+01,4.415079495246034469e+01
-7.010825675904239063e+01,4.414897021963192714e+01
-7.010934164742126029e+01,4.414436497036686546e+01
-7.010825742075761013e+01,4.414381189191043120e+01
-7.011195997586409590e+01,4.414673332052221610e+01
-7.010821013794324585e+01,4.414890819912722719e+01
-7.010817777113523164e+01,4.415189410869798081e+01
-7.010820573862666549e+01,4.415166277585746002e+01
-7.010859963226648972e+01,4.415247362591964020e+01
-7.010071612440914635e+01,4.414997905372318598e+01
-7.010145080860279165e+01,4.414432437201244142e+01
-7.010636508087448249e+01,4.414949087747293532e+01
-7.010109529359368707e+01,4.412468217692324401e+01
-7.009245528037189388e+01,4.415458308307588453e+01
-7.010897868293264423e+01,4.415166688462399947e+01
-7.010900575223553233e+01,4.414576383650106806e+01
-7.010855605540756130e+01,4.414595351515445287e+01
-7.010966843538875537e+01,4.415027746826186927e+01
-7.010897390250708838e+01,4.415054283875468855e+01
-7.011007808133621211e+01,4.415054660131913522e+01
-7.010742617617360395e+01,4.414162933622993990e+01
-7.009248999999999796e+01,4.415471999999999753e+01
-7.010970595589326138e+01,4.414649885299130005e+01
-7.010293201638559424e+01,4.415948970197451473e+01
-7.010332457659004035e+01,4.415945493470747607e+01
-7.010373971896163425e+01,4.415922750150281928e+01
-7.009209216095517547e+01,4.415486165428358589e+01
-7.010825542062680427e+01,4.414839909583199073e+01
-7.011012431370727427e+01,4.414623262920351010e+01
-7.010972792540465548e+01,4.415054596156200262e+01
-7.011008579405167040e+01,4.415003896502052072e+01
-7.010821670464291344e+01,4.414326260097892174e+01
-7.010895498492065769e+01,4.414356486371682564e+01
-7.009734805534148450e+01,4.411844277139543635e+01
-7.009624325069445661e+01,4.411902411785136735e+01
-7.009662138151472277e+01,4.411898373279300500e+01
-7.010703408088083677e+01,4.414483828860817027e+01
-7.010708645003673212e+01,4.414489720489764579e+01
-7.010707957147896252e+01,4.414380091407108608e+01
-7.010711414753414772e+01,4.414332581402735656e+01
-7.010706850223881759e+01,4.415323233437065653e+01
-7.010744043729245334e+01,4.415267898663843482e+01
-7.010816949761110095e+01,4.414592028715401995e+01
-7.010895780321355630e+01,4.414569117227627970e+01
-7.010256691130589957e+01,4.414648205251238267e+01
-7.010179195313470757e+01,4.414645388233333279e+01
-7.010225444558845709e+01,4.415413803635826895e+01
-7.010291742649677360e+01,4.415403389460182382e+01
-7.010257737814347934e+01,4.415403948334960660e+01
-7.009283034328809947e+01,4.415485937933597427e+01
-7.009170201654471555e+01,4.415457124775925735e+01
-7.010442514347373333e+01,4.415266899927944166e+01
-7.010517006072832658e+01,4.415244693056636294e+01
-7.010557837415579741e+01,4.415218205805566498e+01
-7.009924819668397333e+01,4.411956435250707642e+01
-7.009924504910999588e+01,4.411957275691523250e+01
-7.010898054402962032e+01,4.414591774115793044e+01
-7.010818555599095703e+01,4.414590456576999600e+01
-7.009396217147653374e+01,4.415566864332064512e+01
-7.010143557606622267e+01,4.415810106847320782e+01
-7.011117128913880947e+01,4.414512166702635199e+01
-7.009845168344108401e+01,4.415535703644849974e+01
-7.009923813712860863e+01,4.415490469769527238e+01
-7.009848999999999819e+01,4.415498999999999796e+01
-7.010295053584350455e+01,4.415298930187977078e+01
-7.010329964557749349e+01,4.415265612460198952e+01
-7.010379056993308211e+01,4.415256847303467680e+01
-7.009807669943326403e+01,4.415025249942938501e+01
-7.010858468606599558e+01,4.414588332388203185e+01
-7.010933092816613055e+01,4.414570543790985369e+01
-7.010783668400722490e+01,4.414491686991429731e+01
-7.010815829637138563e+01,4.414484296381732520e+01
-7.010818811583382626e+01,4.414457847580917615e+01
-7.009206380317156970e+01,4.415482376701906020e+01
-7.010372578017052092e+01,4.415222903296975687e+01
-7.010823436256264074e+01,4.414867561307589483e+01
-7.010219242473557699e+01,4.415432613974849119e+01
-7.010299636329345674e+01,4.415382160902913000e+01
-7.010256943468820623e+01,4.415376321422004224e+01
-7.009695762169295108e+01,4.415029438290371644e+01
-7.009693389875035052e+01,4.415053799914157651e+01
-7.009703314100217142e+01,4.415043294949603592e+01
-7.010144898184243800e+01,4.414732633586461219e+01
-7.010144750750342268e+01,4.414758819982606042e+01
-7.010220073225892179e+01,4.414732442859779127e+01
-7.010144228454713300e+01,4.414782947038127503e+01
-7.010372403386192275e+01,4.412169310417359469e+01
-7.010367779409010325e+01,4.412186927866864750e+01
-7.010329483488723668e+01,4.412158406734764071e+01
-7.009960005956376961e+01,4.415523130082330994e+01
-7.009882782732597661e+01,4.415485711156929227e+01
-7.009882218055219028e+01,4.415509510949362237e+01
-7.010971864119517249e+01,4.414464053446106107e+01
-7.010300102067702710e+01,4.414646318500920330e+01
-7.010292544138192739e+01,4.414698864995430938e+01
-7.010329662110758875e+01,4.414674182601058305e+01
-7.010337178665137969e+01,4.414706783270407442e+01
-7.009285659085087161e+01,4.415490138459513503e+01
-7.009244965950492201e+01,4.415484397293266028e+01
-7.009248999999999796e+01,4.415471999999999753e+01
-7.009286700080689059e+01,4.415494016785236653e+01
-7.009211000000000524e+01,4.415471999999999753e+01
-7.009280342201657277e+01,4.415486993319866826e+01
-7.011199778730960475e+01,4.414650691003604521e+01
-7.011191636323259502e+01,4.414695450153783440e+01
-7.011193160654961787e+01,4.414672975975118874e+01
-7.011305808081266377e+01,4.415018385532049905e+01
-7.011269134545739234e+01,4.415028014464075312e+01
-7.011157002713655118e+01,4.414969439877805968e+01
-7.009057279620644465e+01,4.415429430881301442e+01
-7.010643507658164708e+01,4.414907717662656950e+01
-7.010630807203307313e+01,4.414942571570431085e+01
-7.010707402701575575e+01,4.414948339194820903e+01
-7.010706290632516868e+01,4.414917552098351905e+01
-7.009357192954828975e+01,4.415567536378760138e+01
-7.009436325129557588e+01,4.415574935926972699e+01
-7.009433813119919421e+01,4.415570860540393738e+01
-7.011275785784872028e+01,4.414737888581647951e+01
-7.011382036373554172e+01,4.414759686244372716e+01
-7.009325838013872101e+01,4.415494234274500940e+01
-7.009698265648852100e+01,4.415023461064246391e+01
-7.009732407406906418e+01,4.415078918595832391e+01
-7.009732108083390756e+01,4.415054301220153121e+01
-7.009361354369927710e+01,4.415576058392168335e+01
-7.009250443664949159e+01,4.415899202326432516e+01
-7.009022769049680335e+01,4.415869695980612164e+01
-7.008906375724447457e+01,4.415861192669916591e+01
-7.010294074796807706e+01,4.415832271705107814e+01
-7.009737582719314730e+01,4.415763455104546154e+01
-7.010369799213677311e+01,4.415323652154977196e+01
-7.010519070091270066e+01,4.415137585248143637e+01
-7.010971707822308474e+01,4.414980017951354796e+01
-7.008874000000000137e+01,4.412583000000000055e+01
-7.011200567409343876e+01,4.414657155458915838e+01
-7.011192898667735562e+01,4.414646231648422514e+01
-7.011274679708886026e+01,4.414683789468980990e+01
-7.010635658956093152e+01,4.414549944129128534e+01
-7.010597150889145723e+01,4.414593439169981792e+01
-7.008982031046360817e+01,4.415890150336147002e+01
-7.009017933793205657e+01,4.415862277909833011e+01
-7.009057372254554252e+01,4.415833337911677603e+01
-7.008942739698198920e+01,4.415884480429846803e+01
-7.011084250466012691e+01,4.414415771571208325e+01
-7.010974877839255726e+01,4.414413715201239796e+01
-7.011083868823128284e+01,4.414406389008099296e+01
-7.011042206116805175e+01,4.415188994341222894e+01
-7.011013258470543974e+01,4.415192779364298303e+01
-7.010520218741019960e+01,4.415375942749047766e+01
-7.010450026428715375e+01,4.415412584877027768e+01
-7.010487796887007050e+01,4.415389952969590581e+01
-7.010594233094273875e+01,4.415377126140433006e+01
-7.009174000000000149e+01,4.415471999999999753e+01
-7.010253706729807277e+01,4.415888100841585384e+01
-7.010183348935838410e+01,4.415782237579043823e+01
-7.010520099349716361e+01,4.415237209012259001e+01
-7.010559739409946189e+01,4.415109574911408430e+01
-7.009924711781603435e+01,4.414681623702922764e+01
-7.009881399491641218e+01,4.414727416001173310e+01
-7.009924703349977904e+01,4.414728800627689509e+01
-7.011125811426117593e+01,4.414592978669618617e+01
-7.011124781342212486e+01,4.414656538415043485e+01
-7.011199000000000581e+01,4.414553999999999689e+01
-7.011124705380065336e+01,4.414536587437115145e+01
-7.011079662210323704e+01,4.414537289201832948e+01
-7.010708694374717709e+01,4.415136531279257071e+01
-7.010784106291283990e+01,4.415079217084693397e+01
-7.010820362998092037e+01,4.415116505696937566e+01
-7.010409336578442208e+01,4.415295452103853080e+01
-7.010445799163881020e+01,4.415295881946966716e+01
-7.010487158206389324e+01,4.415333192592905931e+01
-7.010820688232783482e+01,4.414593560118581195e+01
-7.010783918414780658e+01,4.414567770629491150e+01
-7.010861115937557031e+01,4.414385822231779599e+01
-7.010825259032498025e+01,4.414386656826334132e+01
-7.010897474343330771e+01,4.414404051232900628e+01
-7.010932833891233429e+01,4.414626513428701315e+01
-7.011008195718856939e+01,4.414570168612952727e+01
-7.010824576205703806e+01,4.414656448222041973e+01
-7.010183232248769514e+01,4.414675373797262381e+01
-7.010185682264341267e+01,4.414733539829002495e+01
-7.010225493846849076e+01,4.414710469901894641e+01
-7.009771588271618725e+01,4.415031348545423384e+01
-7.009769466035116636e+01,4.415029099327428241e+01
-7.010034611237311708e+01,4.415862284400105864e+01
-7.009245525962295176e+01,4.415893427851094799e+01
-7.008948709180741332e+01,4.415812804151708093e+01
-7.009888151665698786e+01,4.415705552716417515e+01
-7.010152161782757219e+01,4.415689572576449962e+01
-7.010708316462509515e+01,4.415350068904056258e+01
-7.010823167929956412e+01,4.415298132741740744e+01
-7.010971148842790512e+01,4.415030061041007770e+01
-7.010821047238239601e+01,4.414919290595911150e+01
-7.009656607387374549e+01,4.411975335736024562e+01
-7.011269700435543939e+01,4.414704469184011515e+01
-7.011230451485276660e+01,4.414699466193259525e+01
-7.011309661305902807e+01,4.414733249667062864e+01
-7.009921286712140898e+01,4.414490513778707026e+01
-7.009249883856266194e+01,4.415460226986666470e+01
-7.009284779778205632e+01,4.415486156281203733e+01
-7.009320886479443402e+01,4.415485847152327636e+01
-7.010634837815069886e+01,4.414566945273555376e+01
-7.010595979204066452e+01,4.414567980680309489e+01
-7.010559033328392786e+01,4.414549560555695962e+01
-7.009475130072493698e+01,4.415601554446819677e+01
-7.009436875402327871e+01,4.415575643880056589e+01
-7.010937632761145721e+01,4.415056663641490076e+01
-7.010898933284633472e+01,4.415084040534446075e+01
-7.009322919446574929e+01,4.415542846508757435e+01
-7.009357604681802911e+01,4.415539734131650107e+01
-7.009317941762778048e+01,4.415533848326430189e+01
-7.010823248520068773e+01,4.414765327894148328e+01
-7.010860950988322315e+01,4.414728808283155104e+01
-7.010854767429182743e+01,4.414756452117262597e+01
-7.010893681099307173e+01,4.415164971829509000e+01
-7.010779184494852245e+01,4.415158705920953253e+01
-7.010866630627722884e+01,4.415126313521424350e+01
-7.009844122154329682e+01,4.415672908252381035e+01
-7.010784996353569909e+01,4.415272679363106079e+01
-7.010479310347504622e+01,4.415052207550542107e+01
-7.010707631098397030e+01,4.414918448255558303e+01
-7.009284716199368859e+01,4.415514660595543006e+01
-7.009283413871173707e+01,4.415490648030258569e+01
-7.010525441492401910e+01,4.414436220478744133e+01
-7.010557227946353009e+01,4.414446695096873441e+01
-7.010372519303187744e+01,4.416057455306830803e+01
-7.009204699595254340e+01,4.416053439930891500e+01
-7.009169770746865424e+01,4.415969271905689197e+01
-7.009580052763639912e+01,4.415919189856889915e+01
-7.009097636409619270e+01,4.415868139640044632e+01
-7.009882466695042069e+01,4.415760014054239946e+01
-7.010631956767961981e+01,4.414919115412583039e+01
-7.010296290849896650e+01,4.412272726775874787e+01
-7.009619736941169776e+01,4.411976859324027345e+01
-7.011124016070057507e+01,4.414510694928666368e+01
-7.011045176211541730e+01,4.414323006940757921e+01
-7.011050397949018986e+01,4.414313390975885909e+01
-7.010968009152563241e+01,4.414322547841589284e+01
-7.010555780010942328e+01,4.415597015536692993e+01
-7.010521171903316429e+01,4.415593048036190993e+01
-7.011159175096166507e+01,4.414652940698672268e+01
-7.011125261909700157e+01,4.414631062646840576e+01
-7.011199283723374265e+01,4.414656854186474533e+01
-7.010103328031175351e+01,4.414726976185822593e+01
-7.009774165569666593e+01,4.415142596951320542e+01
-7.009775153395010250e+01,4.415142841073784297e+01
-7.010856938652599979e+01,4.415162033329533386e+01
-7.010860294575704188e+01,4.415146461191118732e+01
-7.010817452882341172e+01,4.415184762443419686e+01
-7.010816639214098700e+01,4.415159570967472291e+01
-7.010144476818007320e+01,4.414297338991462283e+01
-7.010145260440148718e+01,4.416054367488602139e+01
-7.010933189690709355e+01,4.414972816947567225e+01
-7.010711327688748895e+01,4.414901205805101370e+01
-7.009287380461624650e+01,4.415495005450657118e+01
-7.009136244655454107e+01,4.415467346539329441e+01
-7.010146937490227970e+01,4.414404354826909582e+01
-7.010144650277034373e+01,4.414408181901379180e+01
-7.010143221995535612e+01,4.414402737245727337e+01
-7.011270688359871883e+01,4.414706946388042752e+01
-7.011236169103580096e+01,4.414684908246230322e+01
-7.011269831930401608e+01,4.414701216076447565e+01
-7.011234295223641766e+01,4.414678193225293512e+01
-7.011200903433928033e+01,4.414657291280278173e+01
-7.011193800815880195e+01,4.414674276827999222e+01
-7.011191991580368210e+01,4.414672793977314313e+01
-7.009244410541917603e+01,4.415483316232550948e+01
-7.010516654572651873e+01,4.416049168380608592e+01
-7.009321887097723902e+01,4.415863683690817965e+01
-7.009925350015851109e+01,4.415872827457307892e+01
-7.010219275539145656e+01,4.415809935706809597e+01
-7.010141387709143146e+01,4.415672806673713779e+01
-7.008802356122640731e+01,4.415437709736962546e+01
-7.010372264932995279e+01,4.415413404350780979e+01
-7.010966048610109169e+01,4.415211600247969415e+01
-7.010818884563003905e+01,4.415212936387215592e+01
-7.010485351795888675e+01,4.415031589959256308e+01
-7.010746757366818827e+01,4.415000915173205698e+01
-7.010524019994153377e+01,4.414436163371117772e+01
-7.009319123173078481e+01,4.413999170948607542e+01
-7.009731228469638609e+01,4.411948065196884272e+01
-7.009768087562076744e+01,4.415055636997877997e+01
-7.009774018253801842e+01,4.415057222708362161e+01
-7.009060999999999808e+01,4.415444999999999709e+01
-7.011274442865786227e+01,4.414710583804546218e+01
-7.011237818915147102e+01,4.414711816277608136e+01
-7.011311000000000604e+01,4.414715999999999951e+01
-7.010036643118966992e+01,4.414599885712830485e+01
-7.009993629682084304e+01,4.414621706936679146e+01
-7.009399000000000513e+01,4.415579999999999927e+01
-7.009474000000000160e+01,4.415606999999999971e+01
-7.009999586417974626e+01,4.411983891964813154e+01
-7.010069404489173905e+01,4.411976203530007012e+01
-7.010076155366577666e+01,4.411978060609793317e+01
-7.010932046296947817e+01,4.415104444056371591e+01
-7.010935284750806318e+01,4.415108133545128055e+01
-7.010597271639669259e+01,4.414492225695686756e+01
-7.010111000000000558e+01,4.414715999999999951e+01
-7.010074874625954067e+01,4.414738006143127791e+01
-7.010220558869195884e+01,4.415950510105098203e+01
-7.010111559521823210e+01,4.415764559095051567e+01
-7.010035942624371330e+01,4.415599978476976162e+01
-7.010107032771855984e+01,4.415351035601275953e+01
-7.010369158633272946e+01,4.415372959004585596e+01
-7.010407910132241227e+01,4.415348433531618610e+01
-7.010445146841638575e+01,4.415351234156732119e+01
-7.010974583770895663e+01,4.414954349486061602e+01
-7.010969928490817438e+01,4.414949814084616264e+01
-7.010630634945131590e+01,4.414971112384039031e+01
-7.010705859802739326e+01,4.414973098681088004e+01
-7.009812390353461353e+01,4.415657027097965681e+01
-7.009844975043445459e+01,4.415702628561309240e+01
-7.009921425916040505e+01,4.415051379552578226e+01
-7.009921175102959978e+01,4.415160806887412548e+01
-7.009356114523150438e+01,4.415539118183814082e+01
-7.010743111639102665e+01,4.414913990283253753e+01
-7.010784597338859214e+01,4.414898467444242414e+01
-7.010783982778416146e+01,4.414919454061179493e+01
-7.010816637595456768e+01,4.414890171261393448e+01
-7.010935480724710089e+01,4.414812726769054763e+01
-7.010858388201582159e+01,4.414838961506496418e+01
-7.010370409394474223e+01,4.415728931403828028e+01
-7.010370687051272398e+01,4.415707489827901355e+01
-7.010820363775791009e+01,4.414888339914293169e+01
-7.010897141057924387e+01,4.414920114388632300e+01
-7.010896802244809578e+01,4.414921573587045600e+01
-7.010972262280259315e+01,4.414917596373425823e+01
-7.010931737111951634e+01,4.414920020523668143e+01
-7.010972735722324956e+01,4.414871813957424251e+01
-7.010897327253312028e+01,4.415164340291425304e+01
-7.010898251255800062e+01,4.415159996713671831e+01
-7.009780992627827345e+01,4.415369097344269278e+01
-7.009805289057756283e+01,4.415425793711004587e+01
-7.010975159721029115e+01,4.414384130362076775e+01
-7.010971109908193455e+01,4.414407155179962672e+01
-7.009585990635376618e+01,4.415564303617049546e+01
-7.009474785994626700e+01,4.415593609697490507e+01
-7.010444795969215193e+01,4.415378248167831998e+01
-7.010371569393490176e+01,4.415379994130526597e+01
-7.010972666285451282e+01,4.414713672887720719e+01
-7.010591735633684607e+01,4.414916733498119328e+01
-7.010707126536361500e+01,4.414838185880658017e+01
-7.011348690334183686e+01,4.414787694709700361e+01
-7.011308584958837287e+01,4.414772189141299208e+01
-7.010821116154012600e+01,4.414922449261554505e+01
-7.011271301339994011e+01,4.414710473333050089e+01
-7.011274417479975796e+01,4.414737698938271393e+01
-7.010328851989292787e+01,4.415537719547776163e+01
-7.010374159007183437e+01,4.415461554528747001e+01
-7.009244162207812678e+01,4.415460453392211804e+01
-7.009802048813274666e+01,4.415174608760509045e+01
-7.010937161489495395e+01,4.414926472133694801e+01
-7.010895606449646777e+01,4.414922365472742882e+01
-7.011274151889281825e+01,4.414683858903289604e+01
-7.010334518590441633e+01,4.415355831875168491e+01
-7.010821732086631641e+01,4.415143485940708246e+01
-7.009845935131011174e+01,4.415489302019165052e+01
-7.010896115186095301e+01,4.414405355606873371e+01
-7.010749842670938392e+01,4.414857425364654375e+01
-7.010782245515342481e+01,4.414920309990340286e+01
-7.009399395163320889e+01,4.415565175158631916e+01
-7.010525499065360577e+01,4.414436453315387610e+01
-7.011003651502396394e+01,4.415023720620532544e+01
-7.009886454286348112e+01,4.415763406097993737e+01
-7.009057806248358702e+01,4.415867860005156587e+01
-7.010218523942762658e+01,4.416028077708687505e+01
-7.010855628018329355e+01,4.414866389707664496e+01
-7.010146143644958272e+01,4.415023477792373541e+01
-7.009359015157592410e+01,4.415917084253326408e+01
-7.009916832729271619e+01,4.415861333452772186e+01
-7.010067610425882378e+01,4.415620762928251963e+01
-7.011270864496589184e+01,4.415193765485284416e+01
-7.010442088589495313e+01,4.415239181380133715e+01
-7.010704046058846473e+01,4.415023640086980095e+01
-7.010668676961810775e+01,4.415267278273027785e+01
-7.010971806424974773e+01,4.415105653875325231e+01
-7.010819690181757835e+01,4.414835592451120760e+01
-7.010070519786991383e+01,4.415809762222514934e+01
-7.009883980836679029e+01,4.415135535397327970e+01
-7.010821786397814037e+01,4.414383322123944708e+01
-7.010068377313081101e+01,4.414752315229827673e+01
-7.010104769383468692e+01,4.412000099495083560e+01
-7.011045282042302063e+01,4.414356401000260632e+01
-7.009246385049647188e+01,4.415459688417696782e+01
-7.009245387800663707e+01,4.415460198293860827e+01
-7.009996118041289037e+01,4.414648586107173145e+01
-7.010634559867638416e+01,4.415433649089431611e+01
-7.010631699306911457e+01,4.415456513894226731e+01
-7.010218915911838167e+01,4.414483862390103752e+01
-7.011229218427723708e+01,4.414698949800151695e+01
-7.010829323857743134e+01,4.414933358040276090e+01
-7.010070320320926385e+01,4.415136803414491595e+01
-7.010109457754083451e+01,4.414710084619314046e+01
-7.010858475288928560e+01,4.414352204414840486e+01
-7.010942486624023218e+01,4.414829068368276666e+01
-7.010745562986309665e+01,4.414915726362207948e+01
-7.010147384014730676e+01,4.415245164227164310e+01
-7.010974361990099624e+01,4.414949617948504823e+01
-7.010225738111765281e+01,4.412255000951459039e+01
-7.010186927509390387e+01,4.414495596473169314e+01
-7.009734468126379170e+01,4.415083372519859495e+01
-7.011050263877034183e+01,4.415115907216716806e+01
-7.010368237149822335e+01,4.415321039460150843e+01
-7.011082488078181996e+01,4.415245352681147040e+01
-7.009996273964102897e+01,4.411976571493227794e+01
-7.010819606193767584e+01,4.414407019176791636e+01
-7.010933992708962137e+01,4.414917560471853619e+01
-7.010972101857272776e+01,4.415187774887048278e+01
-7.011046219618677355e+01,4.415187082969806198e+01
-7.010671127288989624e+01,4.414488288206891298e+01
-7.009322809287752420e+01,4.415538987323258624e+01
-7.011117876431885065e+01,4.414947153984285677e+01
-7.010857974603030129e+01,4.414435245326637869e+01
-7.010489859214020214e+01,4.415124644497958428e+01
-7.010895235863597463e+01,4.414323742801357753e+01
-7.010706030968650282e+01,4.415214801622943241e+01
-7.010367501022206227e+01,4.415833300055287935e+01
-7.010219200913087434e+01,4.414459227094177152e+01
-7.010145934821892411e+01,4.414598737518452509e+01
-7.009286406655837709e+01,4.414003280648437055e+01
-7.010296593717181679e+01,4.415165487914396891e+01
-7.010782937636081158e+01,4.414923231015109195e+01
-7.011196087709132030e+01,4.414646471288878615e+01
-7.009917632335816506e+01,4.415402253480064587e+01
-7.010557785403857167e+01,4.415353720393829207e+01
-7.010223898307182822e+01,4.415758662691153802e+01
-7.010968794919010350e+01,4.414888390669236173e+01
-7.010749539813399167e+01,4.415223763098441623e+01
-7.010444229173539554e+01,4.415429158215349048e+01
-7.010148999999999830e+01,4.412286000000000286e+01
-7.010149727094368188e+01,4.414757662742239575e+01
-7.010262822408641625e+01,4.415385663656002180e+01
-7.010862081936264190e+01,4.415137742876382987e+01
-7.010294349197553743e+01,4.414672432401823698e+01
-7.010144532702754816e+01,4.414755438300073820e+01
-7.010936465927865413e+01,4.415007748213759697e+01
-7.010595955122606426e+01,4.415326464093117664e+01
-7.011230831949970366e+01,4.414675503315444871e+01
-7.010036352405069238e+01,4.414599528532765760e+01
-7.010450189067113058e+01,4.415348332823260336e+01
-7.010674000000000206e+01,4.414905000000000257e+01
-7.010223087225796235e+01,4.414408053174385316e+01
-7.009998351504047776e+01,4.415057539567398948e+01
-7.011013016555040167e+01,4.415197622600190641e+01
-7.010891956104552492e+01,4.415130957915957310e+01
-7.010816857220910947e+01,4.414512335681127553e+01
-7.009017665805575348e+01,4.415835704965101627e+01
-7.010895903956057396e+01,4.414437609963817977e+01
-7.011044389174334412e+01,4.415080866090185907e+01
-7.009359948263802664e+01,4.415543861862347796e+01
-7.009847681433906530e+01,4.415512808442346682e+01
-7.010745765950574082e+01,4.414917875476026410e+01
-7.009849438979202318e+01,4.415655809502590046e+01
-7.010672306952854171e+01,4.414861714841980245e+01
-7.009924474802708971e+01,4.411953508264719659e+01
-7.009957863424287439e+01,4.415618866148297883e+01
-7.009473678018008513e+01,4.416002917874364186e+01
-7.010970942330941114e+01,4.415162483846378905e+01
-7.009325646546987798e+01,4.415532934024338374e+01
-7.009024769478315875e+01,4.415430350457369713e+01
-7.010185351451399072e+01,4.414689036116624266e+01
-7.010668222371526781e+01,4.415374132632153703e+01
-7.010670161175698922e+01,4.415216504012541776e+01
-7.010448532736414506e+01,4.415235144823648739e+01
-7.009698945301332174e+01,4.415036773572541762e+01
-7.009925271839367156e+01,4.415228097442531663e+01
-7.010375929453931576e+01,4.414453208053210886e+01
-7.010935620664828605e+01,4.415024362870029506e+01
-7.010001633337935800e+01,4.415451227436899018e+01
-7.010745181683130056e+01,4.414512566784462422e+01
-7.009243851428983874e+01,4.415459240890425008e+01
-7.011233780000348759e+01,4.415162791090175887e+01
-7.011272126795738302e+01,4.415184033582666956e+01
-7.009399065962450948e+01,4.415581707724485483e+01
-7.009400715706793505e+01,4.415574656555312316e+01
-7.010820377536332160e+01,4.414838633765874931e+01
-7.010785173361234968e+01,4.414810817486240779e+01
-7.010780445185234555e+01,4.415161065152314279e+01
-7.010785478761908962e+01,4.415157673531652449e+01
-7.010339422850526603e+01,4.415365871838712053e+01
-7.010367166253622884e+01,4.415349880753323220e+01
-7.010523215264414887e+01,4.414400271277709464e+01
-7.010522194889354353e+01,4.414409993581203651e+01
-7.011196948907866044e+01,4.414680365177148502e+01
-7.009774105448386194e+01,4.415147671316106681e+01
-7.009772613665369079e+01,4.415144402300456505e+01
-7.010977966472005107e+01,4.414446254554308524e+01
-7.010867492665988721e+01,4.414739923402144228e+01
-7.010149163220464175e+01,4.414630887867796361e+01
-7.010110192596970080e+01,4.414606740516936156e+01
-7.010297277774304803e+01,4.415306002623343318e+01
-7.010298532003794492e+01,4.415301669158716180e+01
-7.010973778071429763e+01,4.414329525866676818e+01
-7.011386000000000251e+01,4.414770000000000039e+01
-7.010824566541330682e+01,4.415142682474708380e+01
-7.010860508718415929e+01,4.415175000181319831e+01
-7.010448170312233174e+01,4.414746427236060811e+01
-7.010673541889308069e+01,4.414929624923352236e+01
-7.009329383658277379e+01,4.414008348469992882e+01
-7.009318888852973828e+01,4.415535795169068933e+01
-7.009364545854457162e+01,4.415540883870379218e+01
-7.009324891451903738e+01,4.415557755716186250e+01
-7.010223481663017253e+01,4.414742979547403934e+01
-7.010260258708353831e+01,4.414745871734912441e+01
-7.010601081925129563e+01,4.415295912341800744e+01
-7.010601544574944910e+01,4.415311889594220673e+01
-7.010894313666676680e+01,4.414825837751031656e+01
-7.010975639452844632e+01,4.414581086141183874e+01
-7.010187355024025635e+01,4.415390093483554068e+01
-7.011235999999999535e+01,4.414688999999999908e+01
-7.010260478136304130e+01,4.414939349177478078e+01
-7.010786603775278536e+01,4.414477040536709751e+01
-7.011051880998876129e+01,4.415170100221862270e+01
-7.010189837074285890e+01,4.414803826456174107e+01
-7.009323383415824082e+01,4.413995148004023150e+01
-7.010675276255274468e+01,4.415142999761821585e+01
-7.010708884782846440e+01,4.415169379610227196e+01
-7.010866833856623259e+01,4.414865576657133062e+01
-7.009737261584376711e+01,4.415105585428041479e+01
-7.009736134519475570e+01,4.415061933780717141e+01
-7.010154891350958906e+01,4.412486283250341046e+01
-7.010903920739659156e+01,4.415152028416456176e+01
-7.010149763141990320e+01,4.414327761014103402e+01
-7.010138416441699860e+01,4.414772335069498865e+01
-7.009162902240340998e+01,4.415906636433543753e+01
-7.010824077985927261e+01,4.414981899263435849e+01
-7.010825555842180279e+01,4.415140703100432518e+01
-7.010711764244373967e+01,4.414468003485470149e+01
-7.010186000000000206e+01,4.415444999999999709e+01
-7.010849756360467211e+01,4.414901430884761169e+01
-7.009360999999999819e+01,4.415552999999999884e+01
-7.010442376863198888e+01,4.414478344725346659e+01
-7.010028042937170767e+01,4.415896157786616527e+01
-7.010296440548964370e+01,4.415199443642682553e+01
-7.010823999999999501e+01,4.414905000000000257e+01
-7.009723896278896405e+01,4.415139139122533152e+01
-7.009377945639276675e+01,4.415565662766723420e+01
-7.010838732941307683e+01,4.415071124589753992e+01
-7.010703029889296545e+01,4.414911715071364995e+01
