date:2016-10-06, time:0000, wind_speed:2.0, wind_dir:233.0, temp:10.0
-60.442000 -25.530573
-61.496105 72.679509
-114.649268 10.264907
-128.074058 78.581119
-73.954871 69.533560
-136.596025 -20.560234
-30.587409 117.428807
-123.005416 73.298478
-39.547868 130.508583
9.682936 138.659002
-73.008596 130.336494
-81.993254 126.694606
-81.962301 57.731558
130.137312 186.703175
-119.613365 120.811225
-6.206168 154.514607
-23.933971 117.635158
-94.849355 81.588775
-94.789459 6.643077
-11.226899 132.719176
-81.224993 88.498041
93.697747 199.315222
97.154792 186.769689
-70.062033 111.580741
97.931075 190.523643
72.805394 157.304731
-65.069460 150.987426
114.150649 108.906736
122.766645 202.351799
130.229495 180.665240
55.604292 123.723386
-22.877018 148.513101
-89.664624 139.306274
-111.193341 0.727586
-98.423516 109.006702
-47.883293 169.518372
-53.103716 102.641115
30.012948 135.547249
-27.900240 96.901023
-27.434513 127.147514
-69.749095 72.454992
56.253950 199.525902
-123.912335 81.685022
-92.986978 141.601985
-97.107548 27.099383
-32.089734 114.754155
-32.151549 114.635730
-40.175362 114.952059
9.882997 123.914002
68.047193 156.695491
89.595650 157.515360
-72.889568 118.505571
-88.994197 117.432575
-81.378221 160.360564
-68.777425 70.493523
-98.979183 141.595886
-73.928396 108.560745
-102.663342 133.029074
143.075814 129.843014
-23.740350 90.727579
-115.353551 111.875063
-27.685652 126.984708
-47.883293 112.504065
-52.454909 97.108521
-98.493707 84.972017
-60.539098 10.320445
105.779436 183.948423
-65.127183 99.906377
117.897899 189.587652
-27.248833 85.316358
-140.073473 102.987307
-36.180957 165.678917
-11.489870 159.616529
5.319391 141.735240
1.366898 141.796206
-35.435725 136.510089
92.669491 228.683841
130.214029 213.641841
-94.460405 27.750239
-102.971479 108.727944
-111.390315 183.655120
-111.007906 172.003209
22.779854 130.366294
-94.892277 45.567389
51.395785 147.778026
-98.050258 148.324548
109.171244 153.658221
-38.730793 96.146488
147.943625 187.522890
-59.822509 141.419540
43.806382 136.510089
-44.603680 111.855144
-144.813929 105.613139
-22.877018 103.501806
-72.889568 112.504065
-60.818173 85.064911
-161.550418 111.616039
163.562914 210.676760
17.973494 168.897273
-69.719511 159.684397
122.937350 166.517619
126.092563 153.575598
-107.239979 144.722283
-78.226873 138.669693
2.129257 109.503312
-86.494939 15.490803
-90.327329 144.642154
-48.150676 160.202324
-52.106575 163.516866
52.141807 118.505571
100.845735 195.664974
96.868295 195.661899
118.521395 172.106908
113.569192 174.604028
126.178438 180.643696
13.949546 171.767570
-52.546881 105.931617
-73.567451 48.875718
121.938714 186.675801
-143.796250 73.494276
-61.576044 51.604427
-52.658506 43.038758
11.176398 141.569651
26.777811 145.130863
-55.076817 132.565596
146.642870 138.638389
109.889588 162.981014
-68.777425 -7.526055
160.142940 223.251917
-5.563981 171.354716
156.163358 166.355321
51.634864 144.841883
113.651165 225.858290
84.445216 162.702098
-73.862761 144.658347
-31.212443 139.510842
-48.384131 135.898817
-32.157073 123.548105
54.989474 123.590380
-27.963165 117.716179
-23.934376 120.537784
147.147397 243.747405
-32.172486 153.488445
-48.620388 60.794046
130.490001 180.798677
-118.945619 61.297538
127.125400 211.577259
143.831482 187.522890
-65.107835 171.915105
55.180904 141.555688
122.503421 159.939596
113.557556 165.639932
-103.438227 3.573979
-81.934149 123.709004
-94.411425 112.040670
-106.970731 45.767203
-60.442000 88.498041
-68.777425 88.498041
64.191747 156.994291
-128.023093 120.757292
-131.237543 136.510089
-27.100300 88.498041
-23.347736 126.990478
-148.963751 135.627787
-69.313068 93.955892
-60.577371 100.376003
-64.167275 66.164354
-103.298273 141.771768
118.825207 184.522137
117.820263 180.692021
-86.602290 24.707878
-90.659764 180.537938
93.818932 175.519878
101.011158 183.668310
-47.883293 163.516866
113.487775 213.692309
-27.845877 69.727856
-115.414097 114.858322
-81.413065 154.333754
-10.429450 115.504818
-44.936034 102.785850
-73.886508 165.642183
-47.883293 145.512348
76.115139 156.652499
-123.753864 114.750880
111.125298 165.299046
-52.106575 133.509336
-60.971504 111.911961
-48.020609 115.326362
-6.206168 148.513101
-140.581401 99.666324
9.764466 141.754816
-52.829100 192.814669
-111.035296 141.871473
-81.224993 106.502559
10.464682 145.512348
-11.410481 105.574933
-102.119125 178.520631
-39.547868 103.501806
-144.575977 96.879500
-144.073129 91.154687
-113.946838 27.309379
163.856001 207.812778
-86.536548 120.509858
-81.777457 117.811049
-111.460281 108.665033
-97.895843 136.510089
-53.156694 162.583843
-36.199292 105.780587
118.328463 184.059883
-32.288889 159.576666
-68.777425 139.510842
-69.299054 145.000255
-119.547105 60.672419
-36.405271 162.671199
-36.014877 166.003942
-103.184162 108.599366
97.931075 163.516866
93.818932 166.517619
97.182802 168.749016
-115.406392 114.739698
-47.883293 97.500300
-52.185772 94.338708
-52.796868 99.657149
142.655709 243.754308
10.464682 139.510842
159.719525 210.883619
164.317700 211.255056
-39.703868 85.284654
168.035542 213.857956
-111.192578 108.774027
-106.615262 106.126553
-110.454550 112.504065
126.171709 192.719337
-9.810509 165.447338
-44.280693 147.933331
-156.243818 136.510089
-57.264526 135.666921
-11.532540 120.532726
-64.554143 106.502559
-148.892499 102.553256
-147.908393 91.498794
-27.810818 69.785459
-161.619689 63.647769
-52.106575 31.483734
121.951149 210.670181
127.160632 190.523643
126.568521 190.051938
-11.082127 174.975170
138.668443 162.509817
-115.288007 141.894181
-123.714938 114.773867
-14.541593 94.499547
-31.212443 70.493523
-102.610111 63.821584
134.726094 234.838400
5.631269 186.792670
-19.822787 171.483734
-19.845599 150.596619
-111.231799 138.802138
-52.811872 123.787061
-143.796250 94.499547
-10.429450 97.500300
-114.998559 84.932632
-28.349958 78.569987
-65.758361 18.494342
-111.516621 144.708517
138.809636 237.778795
146.712142 180.560387
114.601925 166.517619
9.612514 132.735477
-111.635932 111.586123
-81.224993 34.484487
-53.124532 156.653658
-111.229636 111.839307
122.426115 168.921031
114.601925 163.516866
-127.125400 91.498794
-127.225404 91.286296
118.112895 192.783510
122.809850 193.342769
118.739268 190.305662
-31.212443 163.516866
-31.212443 166.517619
-27.223401 163.313023
-36.728959 168.609548
122.017811 201.794828
42.713638 189.538601
-23.620153 183.792856
92.976497 171.828561
105.302620 162.682058
-56.218718 163.516866
22.453654 159.881180
27.039907 154.386336
113.322941 150.587202
5.422944 141.726315
-84.575878 138.504368
-78.159282 117.475335
-48.613122 102.658469
-85.577024 87.466905
-65.215075 90.655351
-19.502755 -86.248668
-36.419325 -92.470434
-56.364677 -166.795236
-40.583969 102.664788
-44.505294 105.657201
-44.602605 108.698618
-127.125400 133.509336
-52.205882 133.309720
-52.106575 136.510089
-56.722887 135.889225
-56.490634 136.185998
-90.618934 42.465466
-44.213385 129.942136
-47.883293 130.508583
-57.383641 132.511883
-34.739191 162.485746
-35.435725 163.516866
-35.435725 160.516113
-36.378987 162.588075
139.497984 181.347369
2.129257 169.518372
34.307501 135.721468
26.994192 133.363358
5.087586 129.700077
-7.038616 123.863959
-48.719912 99.752256
-22.199787 96.328461
-35.435725 94.499547
-39.547868 82.496535
-38.363459 81.573362
10.328008 70.279519
-24.014352 69.680045
-82.533416 45.641702
-94.802186 9.464090
-98.701462 6.728446
-93.783700 -1.524549
-6.639012 0.888041
26.442604 -146.299981
35.353984 -205.769809
34.917765 -215.236010
-35.715222 178.119109
-39.723549 85.286045
63.479618 207.522483
46.914793 192.735267
-73.688442 183.764719
34.935411 172.055974
63.843578 168.745621
122.048626 168.797071
1.538038 162.924974
26.013484 159.686859
-31.967990 129.729053
-73.611119 111.761339
-28.079039 36.612252
-19.835061 -167.427887
1.447838 -194.305609
39.108573 186.917853
113.840701 150.702930
-98.557471 144.865474
21.942802 135.592948
84.374427 132.718636
-69.802548 93.590011
-23.868353 90.608249
-77.156201 57.452423
-19.591419 33.639374
-65.391670 24.785227
-27.800525 -131.255600
-19.880910 -155.464552
93.501454 178.232417
97.436820 175.019672
46.857903 165.660117
9.935553 159.976183
-44.464343 156.778628
43.260128 148.007754
-15.209755 93.727771
-69.592797 90.727440
-61.282931 39.766795
-81.224993 31.483734
-27.750537 12.701374
-110.420816 9.308257
-19.535927 -59.322028
1.385211 -77.272696
-32.209979 -86.392106
14.060469 -155.021822
30.806390 -155.231390
-36.229961 -167.295330
134.497868 213.584707
93.030281 195.890316
-69.769482 183.598338
-65.232811 171.827217
-56.666803 156.900926
89.283307 156.632610
-44.883742 150.537966
80.632499 150.737746
-57.093135 147.818147
-61.587958 120.581988
-73.367870 93.979157
-36.440466 93.618800
-73.951164 75.585606
-73.225787 64.059255
-90.131817 18.943950
-68.777425 4.476957
-52.958367 -152.314821
13.787077 -152.335038
30.706754 -203.150483
-7.056389 -209.459319
30.464855 -218.244750
-11.506529 174.635297
-10.989568 171.936742
-11.557772 171.564902
-39.978738 153.935169
-39.547868 160.516113
-35.950295 159.853925
-23.170524 91.234961
-23.778715 90.733900
-27.424206 91.135968
-77.433472 145.087694
-73.149534 145.099922
-73.854868 141.693679
68.038038 156.864070
64.306104 157.199874
64.332062 160.186208
84.746080 198.799451
63.800099 171.802308
34.642679 165.718196
143.101841 153.803989
-28.091580 126.621391
-82.278806 12.593609
-3.063240 -71.465001
-48.598569 -194.250880
47.168358 -197.327417
1.343421 -218.377449
-48.634472 102.832047
-48.444607 102.985328
-43.771150 103.501806
-44.920264 102.592363
102.463905 183.309069
101.909964 181.148209
105.950793 184.190345
-132.065431 138.791799
-131.584801 133.188264
31.247675 136.510089
34.481835 132.634058
34.402082 138.594928
35.470957 136.510089
-35.391525 114.481732
-32.209842 114.632328
-97.895843 181.521384
-69.554956 168.826016
-68.519007 171.678903
-106.991266 111.789389
-102.464144 109.181334
-111.439711 114.674694
-27.861306 159.832849
-31.732065 159.888779
126.385775 195.814497
122.493668 193.020778
76.393683 195.853001
59.756978 189.777091
105.513362 186.824188
21.901089 141.607240
-40.251872 129.787590
-107.009226 105.827917
-102.835121 105.777280
-44.627438 27.703384
-15.696265 6.550431
-77.815512 -5.292185
-7.304357 -89.435517
1.168047 -95.407365
-11.245678 -134.257285
101.337820 204.859517
-15.267231 180.741807
-23.431929 144.955737
-23.946135 102.460854
-86.359119 27.664992
-73.279025 6.872529
-40.290041 -140.415515
-56.682734 -176.146273
34.675619 -179.207880
30.743549 -197.054409
142.978254 213.851251
38.830442 177.719929
22.056295 153.878880
-36.272341 150.788598
59.951705 120.928058
93.136817 120.749745
-119.537984 105.736596
-35.945482 33.958708
-11.208880 6.736327
-60.965998 3.917109
-23.401106 -71.002952
-19.604781 -119.249761
-61.113763 -140.415559
-7.274895 -140.409452
-36.217771 -143.308774
-23.730722 -176.336034
22.210555 -215.235438
43.152784 -227.293171
13.786610 180.830943
138.798457 174.765757
22.128500 165.801306
-40.291284 126.859072
-57.007568 99.674252
-65.267967 78.755590
-65.264418 48.799489
-52.758468 45.656352
-15.373006 27.683169
1.510126 15.882828
-32.041266 -143.334951
-23.742306 -158.224353
-35.960326 -167.158938
-11.184784 -176.399833
122.660585 193.177399
114.369248 193.201188
122.077104 192.842632
134.904521 214.038226
68.035956 195.708862
109.473520 183.599735
97.433815 178.045980
126.612662 171.873707
1.206779 150.784962
-77.573989 129.948084
-61.266014 129.675613
-86.163366 96.801645
-2.676046 30.853920
1.421532 -206.328687
18.024373 -221.356168
-61.392492 -26.268102
-60.781710 -25.867655
-62.354529 -25.588232
130.762220 192.916095
68.366245 184.015514
64.109732 165.953704
88.999816 147.920194
-86.023359 145.035775
35.056685 139.032650
-52.770905 120.971059
63.848730 120.788299
-119.219509 106.007140
-52.582714 91.057967
-31.649316 75.841614
-35.975424 66.942016
-110.886425 -2.119399
-44.484488 -143.321454
30.689359 -158.142352
13.972966 -209.076723
122.483000 205.013213
101.679829 183.835686
118.514502 184.163806
122.411494 166.008676
134.902973 165.970411
-65.072869 159.898528
-73.421992 153.959772
88.981424 141.916985
43.470496 130.152819
-90.044837 120.897278
-77.618868 81.870718
10.235621 -154.942852
51.612555 -188.079498
47.445699 -191.109694
9.831721 -218.091191
39.100991 -233.079460
-60.780873 163.151536
-56.738151 165.961164
-56.705664 162.972318
-56.369628 163.376861
134.936335 213.991522
10.126744 166.093544
-68.925161 157.343823
-48.367346 153.978044
-98.220193 142.230883
84.992085 135.872360
76.899099 121.174153
-10.851031 115.004784
-6.489962 97.139012
-56.530229 31.152574
30.687449 -155.219216
-27.570205 -191.124611
1.474100 -227.098043
130.951778 151.154910
34.884023 147.991864
43.580129 145.157412
-48.229857 142.239131
30.914860 139.174405
-64.889145 133.174525
30.445573 129.817895
101.586238 127.040425
-106.533578 124.138354
-65.153645 117.900711
-39.869526 103.119277
-35.687404 82.067076
-10.664966 76.032495
-15.174814 66.944891
-94.377952 18.926467
-110.974509 0.876450
-23.175877 -160.912655
-27.413461 -166.937184
51.568094 -197.170005
28.633708 -206.250871
13.965753 -209.075207
10.199412 -214.879981
-31.518963 172.091700
93.555306 148.242102
68.335591 141.958793
-77.437500 139.218592
110.222458 139.078684
130.831475 132.912591
143.504937 130.156135
-56.695021 126.948160
-44.080999 34.120424
-19.214760 -86.161922
10.132487 -161.006765
10.113504 -214.907754
22.432896 -221.221583
26.593628 -221.101229
127.128996 132.713652
134.295622 132.547494
135.193394 133.159649
129.853587 133.385953
130.786066 133.017964
-23.193212 94.076512
-22.980019 100.287041
-19.885624 97.093345
-23.262284 97.138753
-2.094025 109.503312
-3.032267 109.092430
1.615061 108.954571
-36.096542 165.992527
-35.435725 160.516113
-36.536096 162.886605
102.003666 181.362239
105.865657 184.221553
105.780851 186.935498
105.696259 183.995735
-105.843362 105.220646
-107.412163 108.716415
-106.922891 111.702271
122.842489 180.852813
122.937350 181.521384
-44.869200 -143.509771
-43.771150 -142.559940
-47.077771 153.304736
-48.020354 154.374434
-44.507163 81.945507
-45.719542 80.495625
