date:2016-10-26, time:1700, wind_speed:2.82, wind_dir:333.0, temp:6.2
-67.783328 37.187822
-96.401340 1.071318
-85.448275 88.498041
-35.435725 52.489005
106.266500 124.507077
-43.771150 118.505571
89.595650 145.512348
-56.218718 103.501806
-52.106575 85.497288
-39.257834 52.380233
119.870168 154.138294
-160.467100 106.502559
-52.106575 -7.526055
20.248833 130.026597
-76.822812 58.386763
-42.391208 94.031869
-22.877018 61.491264
81.260225 130.508583
-77.112850 -28.531326
-33.935988 94.071559
19.797434 124.126107
64.589375 154.514607
43.806382 -220.579518
116.007844 117.881712
43.806382 -229.581777
122.937350 106.502559
-35.435725 58.490511
-81.224993 -7.526055
95.260046 118.031380
-22.877018 -175.568223
20.267119 138.901983
-0.718080 133.019615
-5.963833 103.370349
124.332385 184.116338
-18.764875 58.490511
18.800107 142.511595
-96.417459 91.019218
119.058613 160.324504
103.177135 133.074916
-0.563671 -11.065747
97.931075 124.507077
-43.771150 124.507077
11.875575 -238.985586
-76.537626 37.166209
-62.988819 -203.129392
-35.161907 58.348724
-72.657542 88.407156
120.272445 106.026475
85.808385 148.395339
89.595650 142.511595
-19.451033 117.762839
118.825207 163.516866
2.405172 82.366880
-34.014927 60.893622
111.904089 157.081154
131.272775 148.513101
-51.834919 100.389912
-18.764875 13.479216
-14.541593 -7.526055
116.047808 106.117670
77.148082 163.516866
77.148082 115.504818
-31.212443 55.489758
-14.541593 7.477710
-21.479647 -164.108260
-85.190197 1.278951
-13.897557 91.252939
-67.285152 -5.067445
-25.700374 -110.030166
-35.435725 58.490511
-34.061999 57.972979
-0.666054 117.916645
115.973223 136.041093
-14.541593 130.508583
-34.125815 73.014611
93.818932 124.507077
-4.773545 94.014533
61.884034 121.073177
-84.847021 22.119071
-34.026010 0.881953
23.501829 -187.855019
-31.212443 -226.581024
139.936435 136.314130
122.937350 142.511595
-92.269493 127.040118
89.595650 112.504065
72.924800 106.502559
-85.448275 100.501053
-43.468754 4.354502
14.868046 -163.760542
-10.429450 79.495782
-22.877018 76.495029
-43.458209 46.312079
-85.448275 -22.529820
-9.855644 -124.916880
7.781032 -215.140878
-81.224993 148.513101
22.912250 139.510842
27.135532 136.510089
14.842535 118.366513
-39.547868 31.483734
-81.224993 19.480722
-77.112850 91.498794
-38.093193 49.081514
68.812657 112.504065
-26.790088 -181.754296
-85.448275 85.497288
-68.209893 52.163402
-42.261215 52.038369
-10.429450 118.505571
22.912250 127.507830
77.718398 169.197655
-25.739713 87.933212
-22.263437 85.271022
-85.211530 112.395975
-38.508450 -196.915121
