-1.479319540901349683e+03,2.545447778207295073e+02
-1.187899754685463449e+03,4.348674576750503320e+02
-1.454395333805956852e+03,-2.558118924651163297e+02
-1.450404362825507178e+03,5.833833734948996153e+02
-7.929849123201159955e+02,-4.341404279638423986e+02
-1.492856751602753548e+03,-1.067694784793568346e+02
-8.667855987822758834e+02,-7.645656196110437008e+01
-1.661068968577292253e+03,1.931507983122104974e+02
-1.591195626166609600e+03,4.455550534298360077e+01
-1.021191254686246793e+03,4.648749876750988506e+02
-1.041357633738315371e+03,7.646976885569374645e+02
-3.954786846866389851e+02,4.648749876750988506e+02
-1.254337469999126142e+03,-4.356913559350362561e+02
-4.617562609531223075e+02,-7.586353025469324507e+01
-1.611364803523420960e+03,4.442842967308006052e+01
-1.728012415794493791e+03,2.268885816892705805e+02
-8.392414749836756300e+02,3.736874638056347067e+02
-9.117093327397284384e+02,2.547909532700845716e+02
-1.336084153663979578e+03,4.367859769515911239e+02
-1.343679791775752392e+03,4.353296085282581203e+02
-8.800367732566559198e+02,1.948271078264173752e+02
-1.585468361757102684e+02,-2.987613370060533271e+03
-1.580739296632292053e+03,4.397418184404017438e+01
-1.541526755502717378e+03,-1.657668797849903228e+02
-1.372580316989278572e+03,-2.868805788629086351e+02
1.677311749038500750e+02,1.183914803398072991e+03
-1.655437199362577303e+02,-2.866518196885511315e+03
-6.469760056114574809e+02,3.135288078931592963e+02
-5.695320077468355748e+02,-2.746719825373472304e+03
-2.802199703247876528e+01,-2.956637152120717019e+03
-1.519971535508091392e+03,-7.562179572943547612e+01
-1.412449093977062830e+03,5.849858878552099668e+02
-5.343533788174395340e+02,-2.746747064674190369e+03
-9.963861415479204879e+02,4.942338327017104120e+02
-1.374695939381852668e+03,2.559489437711143012e+02
-6.311994687776732462e+02,-2.684413283682745259e+03
-1.173080144629730967e+03,5.560916081963752049e+02
-3.716233715991435815e+02,-2.806263238467797692e+03
-1.145666934686272498e+03,-4.953659723248744058e+02
-1.402265693273604029e+03,2.537854428844837003e+02
-1.386123857836976413e+03,3.139246985310313676e+02
-7.700425767673360724e+02,7.953752997546395136e+02
-6.064958618477146501e+02,7.654870023662333551e+02
-1.662949272495759715e+03,2.248151054738146968e+02
-6.859889561035809038e+02,-2.566385010470764882e+03
-1.406985067883876184e+02,-2.839014220405208562e+03
-1.063491111444103808e+03,4.023127846323395715e+02
-1.485914170780240056e+03,-1.362920405118103986e+02
-6.717259775620357232e+02,8.841015872019991093e+02
-7.709534210190250860e+02,-1.331071136122666871e+02
-1.543515745493440363e+03,2.842448481426026774e+02
-7.884811837544916671e+02,4.969088150572293330e+02
-8.291282703251811199e+02,1.640559474103570210e+02
-1.460879098078996094e+03,4.632816665093572084e+01
-9.594769469917473543e+02,4.603329877552664584e+01
9.738483169611191670e+01,1.094219606401004967e+03
-8.671012270439721306e+02,5.556816512835141566e+02
-1.144971801990341874e+03,-1.763515761072403620e+01
-1.578582094851607053e+03,3.738150868800228181e+02
-5.397964575786347723e+02,-2.748008215357106110e+03
6.705271489194475407e+02,1.033241608886461790e+03
-6.037431929966517146e+02,1.034630849587516877e+03
-4.225351793489032275e+02,1.066567969922758948e+03
1.755503775513084861e+02,-2.897706452332932713e+03
-1.790057369236611748e+03,2.850967391774203747e+02
5.012528009929928885e+02,1.156554380265063401e+03
2.079452637809978341e+02,1.213195928849812390e+03
7.096043592834688525e+02,1.033579904258543365e+03
-7.107744392330206438e+02,6.436833930009030382e+02
-1.093489085646005151e+03,-7.908544271521744804e+02
-7.224375327118872292e+02,4.304483583699355904e+02
-1.362160836040325648e+03,4.646839920056465871e+02
-1.368597173623910521e+03,1.637127398342391018e+02
-6.895100993249362773e+02,-2.565786987922977914e+03
-6.111884224535539261e+02,-2.715205228686725150e+03
-1.521316754685476099e+03,-4.525302232493628907e+01
-1.125798671985879082e+03,3.152248051915591986e+02
-5.426600176025551718e+02,1.004219795617229352e+03
2.531709009999965190e+02,-7.055428491566628963e+02
-6.534241764720472929e+02,-2.715566580386116129e+03
-6.511377146999719798e+02,7.068051868077506015e+02
-8.547043067606939530e+02,1.155078449764354446e+03
-5.836252098633297010e+02,1.064531412680114499e+03
-1.000007312181867633e+03,4.052087614068603330e+02
-1.211890173232032112e+03,3.473388289688894019e+02
-1.078360322638861817e+03,-4.976144299304355627e+02
-1.280489847441600091e+02,-2.836819579149600031e+03
-8.251510644927257090e+02,1.244410145655112728e+03
-9.125593280863670316e+02,3.440283086098380068e+02
-1.229021184685880826e+03,2.248147476747107021e+02
-4.724299412044996416e+02,-2.746674873218192715e+03
-1.126327336802380842e+03,1.062751533156185815e+03
-9.122611667839527172e+02,3.739323610073300301e+02
-1.108849257387407988e+03,-4.923035698790703236e+02
-1.189091818593189373e+03,-7.628819695547063873e+01
-8.322565014917582857e+02,3.137404182779262669e+02
7.050378083867327632e+02,1.128513635688949989e+03
-5.210657546854381508e+02,5.548975776744547375e+02
-8.121642473049931823e+02,5.553262173897875300e+02
-9.343057711022225931e+02,6.441984445331324878e+02
-1.524527339157017195e+03,3.738276611785185537e+02
-1.459078819253784786e+03,1.030047294207183199e+02
-1.104545504685855121e+03,3.448448676749047763e+02
-7.135812932730074181e+02,1.006208767787015859e+03
-1.705958406810545739e+03,2.218231073016168011e+02
-3.355573317023536788e+02,7.318625311394234814e+02
-1.041131189259725033e+03,7.039619014578021279e+02
-7.099444967664155683e+02,1.032184836973664460e+03
-1.256481073464904057e+03,-3.747842575004856940e+02
-7.465280604087104166e+02,3.130171339033545905e+02
-5.621871846858556410e+02,-2.745930722325354509e+03
-2.938169809685207383e+02,9.148973327143132792e+02
-1.167918253096738681e+03,-4.664544840554504503e+02
-9.898126001170614927e+02,1.023052815667342088e+02
-1.171210913071325422e+03,-4.069817791177443667e+01
-9.176258395455886330e+02,5.853364312171549955e+02
-8.752752423943994700e+02,5.848241883472436484e+02
-1.076195866607061816e+03,3.442627284332044155e+02
-9.585573698037242139e+02,4.944988302453930942e+02
1.426583843516592367e+02,1.213864528642553751e+03
-1.661586626366372457e+03,1.936647510799131737e+02
5.365977397074409510e+02,1.096459214230844964e+03
-6.313574823581786859e+02,4.349850195385772622e+02
1.457682453145870909e+02,-8.254488023254081099e+02
-1.122092667883092645e+03,3.745354173303634866e+02
-1.250188126989941566e+03,4.592212368854946192e+01
-1.253626148316761146e+03,-2.552336306262436665e+02
7.634014428665763035e+02,1.125108731886086844e+03
-1.485799078680370030e+03,1.651070483485526097e+02
-3.789071751077826775e+02,9.444499013118792163e+02
-1.001220693566703858e+03,5.231105355206253762e+02
-1.063540713202246252e+03,4.952452092835694657e+02
-1.078885616754813782e+03,2.827642797754052708e+02
-8.495082470510875510e+02,3.433082404953352693e+02
-1.607952446322237165e+03,1.942525584004216626e+02
-1.127408856817681226e+03,2.259238379127307041e+02
-1.069801817442733181e+03,3.447912807536146147e+02
-1.337583540977010216e+03,-3.154219750206113417e+02
-6.412111299165226228e+02,5.543575359831257856e+02
7.253171983025393956e+02,-2.417572595604289290e+03
-4.099483238457261791e+02,-2.775919150279620681e+03
-9.620113766580640231e+02,1.043398761602178126e+02
-1.367037400461146262e+03,4.425164395641134973e+01
-7.731158807569179316e+02,-2.536510393362359082e+03
-1.230342213447801896e+03,4.932310071052709759e+02
-1.666247431439390766e+03,1.947471635871606566e+02
-5.757319924444223034e+02,2.831282531590327949e+02
-6.576639898621804150e+02,4.644309097522333332e+02
-4.116122444680356125e+02,-2.807084058045942584e+03
-1.207721473075578388e+03,4.657312973363244737e+02
-6.128323988824564594e+02,3.437817630895949037e+02
-1.556775604237133393e+03,2.834829405184420352e+02
-1.320125098531252434e+03,1.044236536333560252e+02
-1.196230406166287821e+03,-2.257246639110334741e+02
-9.519415717781197372e+02,5.861152383245597548e+02
-1.619438511910964507e+03,2.233991633828721035e+02
-1.505708284191794974e+03,2.553029662375196267e+02
-6.696485300203818269e+02,5.263371674369178663e+02
7.923266746528036037e+02,1.036063687047418171e+03
-1.081718404906001751e+03,3.729622440838578541e+02
-9.949757204062560731e+02,4.932865377752792142e+02
-4.403612027819171999e+02,7.637994899269739335e+02
-1.784923754909028276e+03,2.855267684259097223e+02
-1.371997967184612207e+03,1.029077534575044268e+02
5.144338476800613762e+02,1.095853603745236569e+03
-8.537196918339218428e+02,5.248517851189251360e+02
-1.708318368752522247e+03,2.543914650418541612e+02
-1.372391835069221088e+03,1.645728279051116658e+02
-1.385701654570489609e+03,4.974539931795682151e+02
2.875436407864719968e+02,-6.728736325209739562e+02
-1.413107210692282024e+03,-2.577991829716909820e+02
-1.455271390735571458e+03,4.458445239116682046e+01
-1.374963832687511740e+03,-3.444235064754941504e+02
-7.185700665814767945e+02,3.172031382797562742e+02
-6.666864894051293504e+02,3.441765642520647361e+02
-3.725326701177658038e+02,7.032419775951985912e+02
-2.080325602663818643e+02,8.536780502877245453e+02
-5.992355927589807152e+02,8.845604063313909364e+02
-4.498526950467056622e+02,1.063751495435855986e+03
-7.495889035893181926e+02,-2.565117769783942549e+03
-1.170892318897902669e+03,-4.635267706864563024e+02
-1.604671004686663764e+03,4.476956767441957652e+01
-1.312375434685489154e+03,1.647996876746136650e+02
-1.392791588793768824e+03,6.135243337828519543e+02
-7.935634082160244134e+02,-1.052150997417245151e+02
-1.861167782435033359e+03,3.137575680084325427e+02
-1.149886110546154441e+03,5.547408146013756323e+02
-1.144653965826223157e+03,5.230709089674066945e+02
-8.322923520604682608e+02,1.958299963422045096e+02
-9.791141392753307855e+02,1.677038874249293485e+02
-6.044200046866258162e+02,8.849804076749884416e+02
-1.184468130900248980e+03,-4.352514386689371690e+02
-8.791289208706480167e+02,1.306607747405593273e+03
-8.358290815025494567e+02,1.335497531429811488e+03
-5.251380330515964943e+02,3.433272182067819358e+02
-1.038922585052178647e+03,1.575884187123086377e+01
-1.210676171179213270e+03,1.032160352022749379e+02
-6.661045725543731351e+02,-2.595186688575676271e+03
-5.836473200755760899e+02,5.545900765470257738e+02
-1.208394615401051396e+03,4.417322570717946206e+01
-1.002149134585352385e+03,1.967210695811029950e+02
-1.502186524729459506e+03,1.359527413204314996e+02
6.855700547161526401e+02,1.063875841384021669e+03
-1.621175364998127407e+03,3.434985471475479812e+02
-1.025968094033644547e+03,1.631378395639400480e+02
-1.201593450620122894e+03,-1.951613409481734038e+02
-1.288775685366442076e+03,1.436075791413610858e+01
-5.017424166879364975e+02,6.134497569534289596e+02
-1.122276235871271638e+03,7.453150572080382119e+01
-7.052452383677428998e+02,9.753914620673893978e+02
-7.711285046858424721e+02,5.248900476744062189e+02
-8.021250507071613356e+02,5.882140951053127083e+02
-6.044200046866258162e+02,-6.754111523251655171e+02
-1.042633980882515743e+03,7.506285584687275048e+01
-9.965923911064999174e+02,3.145521684675359211e+02
-6.523782693018902137e+02,1.095034400889348717e+03
7.922211185630263230e+01,-2.892873508050523469e+03
-5.172566985969945108e+02,1.065869808251240556e+03
-7.843114203561403883e+02,-2.567846552269968925e+03
-8.139626872088975915e+02,1.033191488640706666e+03
-9.447865431337161226e+02,2.550939662633734315e+02
-9.681019701043584291e+02,2.825487387563808852e+02
-1.183740074915695686e+03,5.836910382777030009e+02
-1.127073425818184887e+03,3.151872716621764425e+02
6.847663164521331964e+02,1.125548975253129584e+03
-1.117541591105835778e+03,1.935628534837631491e+02
-8.383936514285111343e+02,4.663181520560451077e+02
-6.585145097272950352e+02,3.756087187171128221e+02
-6.290479124077423876e+02,7.656488740219014062e+02
-1.137535471923810064e+03,3.445706322544086788e+02
-6.264139048851882308e+02,4.348012250546451014e+02
-7.879847018163418397e+02,2.541702979989674702e+02
-8.298506970797304803e+02,1.093463365074111607e+03
-4.748820845552627929e+02,-2.778082350726287132e+03
-1.319927332261119773e+03,2.552371115185694066e+02
-6.240990636996949661e+02,5.538774745345883730e+02
-9.551925726516983559e+02,5.847337849525466709e+02
-1.374747042475105445e+03,-3.756873190625622101e+02
-8.710532822862583089e+02,4.048584240031983086e+02
-8.729191656155351211e+02,2.853474171451204597e+02
-7.481009417636470289e+02,8.546906233551003425e+02
-8.545268270098846415e+02,3.751429486818402097e+02
-1.286251688948202855e+03,4.034637477941743100e+02
-1.329990886584475675e+03,3.432537735757848623e+02
-6.854579664710386169e+02,1.006201302869485744e+03
-1.705665989014188654e+03,1.940710269187485437e+02
-9.174975287032507367e+02,1.047553830324122544e+02
-2.423334984352700587e+02,-2.807604951538841306e+03
-8.354266305947940054e+02,5.547502988670253217e+02
-5.399128429097444268e+02,8.829700425487229722e+02
-1.243051184657178965e+03,3.145734922977030692e+02
-9.807446250714672260e+02,4.044082274525297862e+02
-8.355994143444994506e+02,4.361563432105380116e+02
-1.084600264996456417e+03,2.245506314401737882e+02
-1.367129452349702206e+03,-3.755980798147830342e+02
-8.758918973569025184e+02,6.160084020999729546e+02
-4.741081881696460982e+02,9.155325867658209518e+02
-1.408236447069534734e+03,1.347735073070344356e+02
-6.725798840257411939e+02,1.156932825137356303e+03
-5.791864134454128816e+02,1.091861935555302125e+03
6.202875447463271712e+02,1.127685765571304501e+03
-6.350316093253462668e+02,7.386781226233232474e+02
-6.312916198465666184e+02,6.451220663400703188e+02
-1.161101299466924502e+03,-4.955685224783521221e+02
-1.207300070611701813e+03,2.245420230529711603e+02
-8.010593924196657554e+02,3.776135452184667542e+02
-8.474600760518588913e+02,5.231813094260518255e+02
-5.945131537420957102e+02,4.359937299087343376e+02
-5.460178158955591243e+02,3.456379198336588843e+02
-1.355804591873983554e+03,1.455475372206287688e+01
-1.284154313307026086e+03,1.345698144640979876e+01
-7.749724484091135537e+02,-1.615258249862402238e+02
-7.113334593054534025e+02,-4.286114939253701550e+01
-1.181806362642240856e+03,3.157021280840957047e+02
-1.497357338026251909e+03,-1.674116021283034854e+02
-7.469722208786707824e+02,1.094127293161354601e+03
-6.520925866665015747e+02,1.042676119319091583e+02
-1.152472333286385492e+03,1.635327650552178511e+02
-1.024083534596888512e+03,1.338878434879032397e+02
-9.769646737410046171e+02,5.529698918364332485e+02
-7.968212567292899848e+02,5.258887417544332266e+02
-1.245167680368024776e+03,3.757857793485929392e+02
-7.031072091174190746e+02,3.130269127826349518e+02
-9.827913019138683239e+02,5.840786210299324921e+02
-1.163928455790028011e+03,4.363379374796805905e+02
-1.018135179747592474e+03,1.943906896921160410e+02
-6.951184969001438958e+02,1.214464384330326538e+03
6.282363940679846337e+02,-2.473963283564440644e+03
-7.887003411513912852e+02,6.438104519467498221e+02
-6.687721212427678665e+02,2.266187906540834547e+02
-8.724117759803424406e+02,2.558414782122761437e+02
-1.084166616375586955e+03,3.453307817133401727e+02
-1.121021435159029579e+03,5.535997422210659806e+02
-7.227564731960026165e+02,3.773547917677590817e+02
-5.946193140348173074e+02,9.118519694131841788e+02
-1.167768910679849796e+03,3.145809694451636460e+02
-8.386586569891276213e+02,4.376258509129836511e+02
-9.160470643939354431e+02,3.747203917913410578e+02
-8.155086894668266950e+02,4.037892678016071955e+02
-1.542609420391759386e+03,3.730706847646554820e+02
2.164586834108130233e+02,-7.364006024497639373e+02
-1.077779035676509693e+03,-4.355918314018326214e+02
4.226534010948434457e+02,1.183615386541323005e+03
-3.844143512921477281e+02,-2.802937065340046502e+03
-1.204917903860502747e+03,4.287086659702130476e+01
-7.267125956186495159e+02,4.332508345425787866e+02
-5.621871846858556410e+02,6.749276976746488117e+02
-1.087184849603562270e+03,3.162193700310606914e+02
-1.120874866853938101e+03,2.233830316868746309e+02
-6.210973180052308180e+02,2.558605054688791256e+02
-1.295489226807678733e+03,-3.751557638547662918e+02
-7.268622933186898081e+02,4.375983872486757491e+02
-1.714307891683004073e+03,3.159808465855049349e+02
-1.354608254686259443e+03,-4.525302232493628907e+01
-5.435532884984370412e+02,-2.744442809635780122e+03
-1.337389865914349002e+03,1.555179864962943270e+01
-9.004211848426293727e+02,1.915448279814040689e+02
-7.877171937752081021e+02,1.333012515233459681e+02
-6.466612031065782276e+02,-2.686489074440373770e+03
-1.580005530196529207e+03,4.052047772726787116e+02
-1.209104891020437265e+02,-2.863636020595247373e+03
-1.245263724102086087e+02,-2.864725291534086409e+03
-1.084311734212665442e+03,1.034817919052083425e+03
-3.699425619790949327e+02,9.144016548812575138e+02
-1.161267896904489135e+03,1.030929849949839365e+02
-7.286840520444694675e+02,4.621100144250298172e+02
-1.452510323374031032e+03,-2.847262687125414686e+02
-1.210183472404644817e+03,-4.052318160165939389e+02
-8.711622305972197182e+02,1.048329120321645007e+02
-8.344257960605647213e+02,1.638432275560243738e+02
-5.553616841785895986e+02,4.048343534713769714e+02
-7.094682587422292954e+02,3.440305575682484118e+02
-1.187689883612864378e+03,2.855363439252453190e+02
-1.043223216713704232e+03,2.248473366440848622e+02
-1.122607725658612026e+03,2.868744804424853214e+02
-1.288369809040510518e+03,4.303264625537310906e+01
-7.885745485423085483e+02,4.044321662277181986e+02
-1.370866168583586386e+03,1.049969691133060792e+02
-4.563278244329118252e+02,8.250131008301262909e+02
-7.495984559365197128e+02,1.639515460054309983e+02
-3.683007466682151971e+02,9.746431736438591997e+02
-1.355242062189775879e+03,4.645905006802585717e+02
-9.789584346854766181e+02,4.948825176751473691e+02
-1.332903490426798498e+03,4.648349004885427576e+02
-9.160751869148491551e+02,5.555092152501496230e+02
-6.327950072352526831e+02,5.841419068017298741e+02
-8.231331444297875350e+02,1.122845069879696894e+03
-9.127373224655738113e+02,5.823573280263327661e+02
-1.251220834319653022e+03,-2.254019791105614843e+02
4.337928759305892754e+02,1.156903032207104161e+03
-9.815212156238151238e+02,1.344474372172778942e+01
-1.040873454778519090e+03,7.390757540666672298e+01
-9.996330273890777107e+02,3.752222508801518757e+02
-9.635775613667973403e+02,1.966755407056734555e+02
-9.274786162368590112e+02,4.622613013029372269e+02
-9.596219701434046101e+02,5.236896478541467559e+02
-8.816258459876289635e+02,4.037226581270845145e+02
-7.919979295455108286e+02,1.305482204260393019e+03
-3.971782817873191789e+02,8.527750038568998434e+02
-1.753227461895170336e+03,3.160647279542199612e+02
-9.021133977534283304e+02,1.034220337246130157e+03
-8.711585364948869028e+02,1.095864932309982578e+03
-8.706893119547829656e+02,1.095148650101654766e+03
-1.107852228442379328e+03,1.310931382582323863e+02
-1.001625732288887775e+03,3.172741642969031091e+02
-9.182209997866198137e+02,1.216394699523634017e+03
-9.598230380319978394e+02,1.215131020543652312e+03
-9.503591030737579786e+02,1.342674226228719192e+01
-9.583111457552615775e+02,1.416283378100582979e+01
-1.062201346874567662e+03,7.768715342219448416e+01
-7.011670001172836919e+02,4.947042503608822699e+02
-8.328440871754767159e+02,5.248397629820070733e+02
6.200522647032785244e+02,1.065663003108566500e+03
5.880597266379256780e+02,1.093456295625482198e+03
-1.542114724846310992e+03,4.337625436435843085e+02
-1.402869544692157433e+03,5.857166684806352350e+02
-8.078252397990462441e+02,1.304013395001717527e+03
-1.119906052930961550e+03,3.154194762216292816e+02
-1.167817745269862371e+03,4.562298891067938911e+01
-1.412075676766235802e+03,5.520994510958806814e+02
-1.307218656116286638e+03,6.131302705762958567e+02
-1.200480627758687433e+03,6.143613153534549838e+02
-1.125897104286082822e+03,3.760291018103250735e+02
-1.267248064061284140e+03,3.440549149952695416e+02
-2.882422692682836214e+02,7.930029827321365019e+02
-1.033600634701361514e+03,1.003544568095328486e+03
-1.127055944110650898e+03,1.005835633653237096e+03
-6.928753038306987264e+02,1.126616822342813521e+03
-7.130161495882477993e+02,1.127017949703126760e+03
-7.132272398696960636e+02,8.568081839361846050e+02
-7.215378766725348214e+02,4.327458221849084907e+02
-7.423141837831373095e+02,4.640440273974672323e+02
-1.756872458150402565e+02,9.166527660579514531e+02
-1.074166158942793572e+03,2.843012661368260865e+02
-6.477448192799945446e+02,5.530296478743624675e+02
-5.763871867645771090e+02,5.854573382947736491e+02
-1.420035640783241206e+03,4.528998087938432349e+01
-1.443819494885465247e+03,7.941774501350798801e+02
-7.698380480413866280e+02,4.928165432170540043e+02
-8.768737401761108003e+02,5.255064274488649971e+02
-8.855422160365246782e+02,5.849327571213019610e+02
-6.718169901410421971e+02,1.097202513293668289e+03
-6.210891847737663056e+02,7.657397715375337839e+02
-9.831471792312161142e+02,2.229772326676543912e+02
-8.708583656159781867e+02,1.015667213907145765e+02
-3.300953985121804521e+02,1.095913858367429384e+03
-3.376601247202150944e+02,1.095310675309402313e+03
-7.535456933332591234e+02,2.840102639555096857e+02
-8.276494533745212721e+02,4.631912560177153182e+02
-7.835309494404166344e+02,3.442031405605698637e+02
-1.337924661622540953e+03,4.347156819655517666e+02
-1.078341053951096910e+03,2.543684293112415844e+02
-9.789584346854766181e+02,2.848298076748077392e+02
-1.064537846632750416e+03,7.559949508184419642e+01
-1.236069693224749244e+03,7.424320458678843693e+01
-5.185343919227344713e+02,8.517132688737582384e+02
-3.347775156402967696e+02,8.236287245521192517e+02
-5.848480433805360690e+02,8.248549702665102359e+02
-8.709810239577243465e+02,3.127333317719838988e+02
-3.843709566465831244e+02,1.007330048764736830e+03
-5.879574990271277102e+02,-2.715638154848558770e+03
-8.422135753030605656e+02,4.646348573910466939e+02
-8.290707109057927937e+02,4.639652603610746837e+02
-2.925719869089596727e+02,8.236272356277781910e+02
-8.589564265311655618e+02,1.954986918390605410e+02
-1.396279772310732824e+03,4.329370065973997157e+02
-4.453866938935958615e+02,-2.806770469859362038e+03
-1.003510536527992826e+03,-7.192391967853617984e+01
-1.420225726935027751e+03,4.345341256062717434e+02
-4.623351234563380103e+02,-2.774499915511878498e+03
-8.656202101130606934e+02,3.422307475196586211e+02
-7.538594526101466045e+02,3.178035959072214496e+02
-5.844748643844632170e+02,3.450659341934016311e+02
-5.382583036730492267e+02,3.741216268945943852e+02
-7.495671977536767372e+02,1.124980236787728927e+03
-9.128405462767391327e+02,4.048878984135316159e+02
-1.143754595458840413e+03,6.767183026335681006e+02
-2.099987265140588875e+02,1.003842639999296694e+03
-8.359100902464181218e+02,1.307293064790680774e+03
-1.063401871400317077e+03,2.246307395543388452e+02
-1.354533567834844007e+03,4.368726388530736244e+02
-1.542996619180872585e+03,7.050195855400442042e+02
-9.329034404966382681e+02,5.241759440591532666e+02
-3.012619320043874609e+02,1.005298107548911958e+03
-6.258958758533198079e+02,1.004915286848255278e+03
-7.896854349683459304e+02,1.624882304769956249e+02
-1.299557376715104510e+03,4.040876052033324868e+02
-7.670179614946338233e+02,4.020177554927375922e+02
-7.780347061394702450e+02,4.352209250138089942e+02
-9.594060762024023461e+02,2.542334001836124457e+02
9.135774132521746651e+02,1.096957835959067552e+03
-8.141673232947943006e+02,2.548547847998626708e+02
-5.487176417323502164e+02,6.472323873867042039e+02
-6.421501653258293345e+02,9.715264028357765937e+02
-9.929627053516983324e+02,3.725807038980611878e+02
-9.130401414375351123e+02,5.555824404602269624e+02
-1.069792206473677425e+03,1.405951174897668210e+01
-1.255125323931251387e+03,-4.439674093777468755e+01
-6.288621788998079865e+02,4.346478674703333809e+02
-9.129187896127746171e+02,1.093640148485674899e+03
-1.034087052472050345e+03,1.632684358065170045e+02
-7.829243737442490101e+02,1.305332695368146233e+03
-7.418475261338332984e+02,1.034643039767327537e+03
-7.556872383944250942e+02,1.005522450816159335e+03
-1.050828436947153477e+03,2.223222731018317404e+02
-1.043559262704890898e+03,1.936935723920607302e+02
-8.707701688444058163e+02,1.659504304442099283e+02
-8.702355460357005086e+02,1.349949699040727751e+02
-5.346857262287508092e+02,1.033551456781736533e+03
-5.989073143395792158e+02,1.034825314133370284e+03
-1.871251635592139792e+03,3.443282841399501422e+02
-6.592470837104883685e+02,5.255796898075436729e+02
-7.086528106897826547e+02,5.550693629171079237e+02
-1.413314925246013445e+03,-1.075524631389476156e+02
-1.450914227243626783e+03,-1.747262899212696396e+01
3.309555937661097005e+02,-6.730416248639567129e+02
2.085163777313243259e+02,-6.758134104679903658e+02
-1.454159346862346922e+02,-2.865960842325548583e+03
-1.260085554543662170e+02,-2.836501231596392245e+03
-1.208323347688196634e+02,-2.867427289759357336e+03
-7.551792594040412041e+02,5.267900958233246911e+02
-7.037443762579270015e+02,5.227141927283184941e+02
-7.416981223201191824e+02,5.246633797135201576e+02
-9.191441390186811304e+02,6.474670642376119076e+02
-9.601420246150620414e+02,5.871378401433753424e+02
-9.334477522957802194e+02,6.142594626811948046e+02
-7.112583062589133078e+02,4.060197992770552560e+02
-7.501824384507193599e+02,4.642243204176467657e+02
-5.790399878452176381e+02,7.640967112383718813e+02
-5.818313546884571679e+02,7.662540786068029774e+02
-6.263852971107692156e+02,7.358269005562893881e+02
-1.251965396578643094e+03,7.389773005996104871e+01
-7.001740688141211422e+02,5.845404675886987889e+02
-7.489163306825203108e+02,5.831219582247463222e+02
-1.348290172781598130e+03,4.916566662024646348e+02
-1.330269399249214302e+03,4.927291293987265703e+02
-1.327438490432513163e+03,4.655214879543152620e+02
-9.095969326064989673e+02,1.312500522497744981e+01
-8.723362367690302790e+02,1.317105750778905104e+01
-8.506506180720137991e+02,1.392519890263746163e+01
-8.343869703486509479e+02,2.252020523312570788e+02
-8.379837945812299722e+02,1.667913008531429000e+02
-8.358765324923473372e+02,1.639212359537299051e+02
-7.484685837892091058e+02,5.539237514431670206e+02
-8.200527531753781432e+02,3.153666456852506030e+02
-7.995798876821036174e+02,3.482957470169171188e+02
-1.208188917453635668e+03,1.040970513343316668e+02
-1.206998439371542645e+03,1.338216722319459677e+02
-1.028798221589406694e+03,4.649011774231971117e+02
-9.378370046866384655e+02,4.948825176751473691e+02
-4.217565001673447114e+02,7.082249368577536188e+02
-4.861686918901858121e+02,7.940435465701107205e+02
-4.452342702923383513e+02,7.338752362129813491e+02
-3.954786846866389851e+02,7.049352276746973303e+02
-4.594987396297900659e+02,6.447154747562871080e+02
-1.200898733852383884e+03,3.734147548710888600e+02
-8.320926261001437751e+02,5.836488045934464708e+02
-9.600538158307240337e+02,3.468337718634300586e+02
-7.467409501822393167e+02,8.535340408383360682e+02
-7.499018787086833981e+02,8.861441287903845705e+02
-1.391295271487833361e+03,-4.755111156103662040e+01
-7.909154279280541004e+02,5.836826371770421247e+02
-6.627240181600178630e+02,6.142917130922641036e+02
-5.210657546854381508e+02,7.949578176748428859e+02
-6.016424376935219698e+02,-2.714725236471897006e+03
-1.345997148267909324e+03,1.650851962859969717e+02
-1.497760463065588738e+03,1.355017412632539902e+02
-1.629496973636638131e+03,1.948337213798499761e+02
7.111216817235518874e+02,1.125077233071248429e+03
-8.309790089731527587e+02,1.942392464934757186e+02
-9.964709961172790145e+02,3.442457641708923575e+02
-8.354571389353078530e+02,3.458808225040354500e+02
-7.926859885119022238e+02,3.167626092162632290e+02
-1.566072708931899797e+03,4.669311073654836832e+02
-1.493822554093108010e+03,4.927225816564867955e+02
-9.031118758097825321e+02,5.556849699284828148e+02
-9.139828487225572644e+02,6.134864117464762785e+02
-9.140465023051496019e+02,5.540328038044845016e+02
-9.705583925440799931e+02,4.290629689503395383e+01
-1.670452969300859195e+03,3.178778099956597316e+02
-7.037710633117808356e+02,5.835650047704992858e+02
-7.510077664280318004e+02,5.262581802601980598e+02
-8.169247412015002965e+02,1.003882595180467433e+03
-7.498573314535732379e+02,1.005519725204758402e+03
-4.148137262561275520e+02,8.826393497892740925e+02
-4.597669445076746229e+02,8.841320585265796126e+02
-8.056400552046801522e+02,1.903072541429139903e+02
-1.130318846122462674e+03,6.155030045101545966e+02
-1.074905833672403787e+03,6.129480307836749944e+02
-8.956041846858682902e+02,5.548975776744547375e+02
-7.137073334388779813e+02,7.952770059826614215e+02
-8.811193338734386771e+02,1.156221437859383968e+03
-5.880040776952428132e+02,7.960588325972696566e+02
-3.774917029329844240e+02,-2.806466662688962970e+03
-4.301725140230025772e+02,-2.777186210834974190e+03
-4.611770266053746354e+02,1.064836744893699915e+03
-1.131230064535634483e+03,3.163590258123687136e+02
-6.273268621043364419e+02,8.233935578422336903e+02
-7.059078387537738308e+02,7.942526782811476096e+02
-1.120623258516805663e+03,6.130783127343338492e+02
-9.350886472070650370e+02,3.751622157009898615e+02
-1.464233362622557706e+03,5.848235299865631305e+02
-6.175815919963044962e+02,1.033654264770528698e+03
-9.316320494790371640e+02,1.161102141376062491e+01
-4.563178992556451590e+02,1.033126449827189617e+03
-1.297030165089453249e+03,-7.463466192817980982e+01
-1.040171178432309034e+03,1.064396668979651395e+03
-1.079251024510200978e+03,7.699845363256019937e+01
-6.714587470101031386e+02,3.770861824761541357e+02
-8.346557879407596374e+02,3.742806074877316860e+02
-1.484331343155414288e+03,5.577448897110353982e+02
-8.288590375771976824e+02,1.946162849174504288e+02
-1.725213749403515749e+03,2.250167995068914593e+02
-4.503111752024155976e+02,9.152143325863595464e+02
-7.571559290163788773e+02,4.950941638257683053e+02
-8.774828734478940078e+02,1.125865948341257081e+03
-7.888977575493289578e+02,3.433403505089826240e+02
-8.706137447031550209e+02,3.735615764171575961e+02
-8.612889626294618211e+02,2.846648812585912083e+02
-8.967121884808959749e+02,3.133479964548596399e+02
-4.217315520710879468e+02,7.662560984753283719e+02
-5.415125263005709257e+02,1.094448944080606680e+03
-6.078175531138199403e+02,1.125278764095706720e+03
-5.687490518343331587e+02,1.128142598003103330e+03
-4.212344414969824697e+02,7.070781562421050239e+02
-4.548583066026907886e+02,7.342724067513345290e+02
-4.151625558973914281e+02,7.342173110173583837e+02
-1.125070038297222027e+03,-4.954377130099742317e+02
-5.456304179987242833e+02,1.006475642897859188e+03
-5.449758690812252553e+02,1.006245287785492451e+03
-5.797800279360039895e+02,1.032460329061959328e+03
-1.043040220571707778e+03,1.352261784282033830e+02
-1.062117861746280369e+03,1.643054307759512085e+02
-1.043030511333617142e+03,1.648129748966370300e+02
-1.041786391781600969e+03,1.950869906255593094e+02
-9.852528033338560363e+02,1.941719546554338081e+02
-9.963038390121323573e+02,1.937196498280651724e+02
-9.991419858755076575e+02,2.238868156958226336e+02
-1.047029234328957500e+03,1.949081697993465241e+02
-9.789584346854766181e+02,5.248900476744062189e+02
-9.599779463915476754e+02,4.974826175051018708e+02
-9.440799706143920957e+02,4.948259859102724931e+02
-1.873391432431064629e+02,8.849070524937673099e+02
-2.219615402446600001e+02,8.816788587963260397e+02
-2.191187360528839463e+02,9.133334769785491289e+02
-1.080202519703464077e+03,1.619202876725329361e+02
-1.006880202618514318e+03,1.646763844324545971e+02
-1.079423506075516798e+03,1.941185503199689890e+02
-1.731249514106105380e+03,2.570306189857876120e+02
-1.708220127088244681e+03,2.532575089127365402e+02
-1.722843724044284045e+03,2.542286033698817960e+02
-1.787155534979273170e+03,2.849333419257828837e+02
-1.773908729684856098e+03,2.825869343887854939e+02
-1.121203638368467409e+03,4.663416355456774909e+01
-1.062312684686664397e+03,7.477709767446809508e+01
-1.088569312815392777e+03,7.483145963551879731e+01
-8.094619284402751873e+02,1.061384934721865875e+03
-8.065327094915862745e+02,1.063074446559304079e+03
-8.253714968253248117e+02,1.095495569307277037e+03
-1.390244563630515586e+03,1.629070398607902064e+02
-8.296350305268310876e+02,1.966665809624482790e+02
-7.954395578181471365e+02,1.678831511946317505e+02
-1.496521474624440543e+03,-1.952755476569896587e+02
-6.575808535036808280e+02,1.041084420919105753e+02
-6.631707064405949268e+02,7.207335641048172192e+01
-7.335681862876210744e+02,8.576284019047277525e+02
-7.779461599426676912e+02,8.546341161961790931e+02
-1.255606794691523419e+03,3.173801116338978545e+02
-7.039685698086198045e+02,5.526265846101123316e+02
-7.183698424972777730e+02,5.557277622947881355e+02
-1.432841665884029680e+03,2.219265608691656553e+02
-3.746453854684301632e+02,7.940038337882618862e+02
-4.713079168077887857e+02,8.529525506934618306e+02
-8.122499346862599623e+02,3.148373376748562578e+02
-7.980248202604809649e+02,1.006671218462650245e+03
-7.774634919885269255e+02,1.035127339398087088e+03
-8.732584101358793305e+02,4.961197278755648767e+02
-8.366478578981489136e+02,4.953886180362375740e+02
-4.857014072253700192e+02,7.650795318842282313e+02
-4.365865107242859722e+02,7.647112245755622553e+02
-9.861763855567885457e+02,4.649379981135490425e+02
-1.023308234390252551e+03,5.252977378252936660e+02
-7.774595754589242915e+02,1.034675915806422836e+03
-7.531843834282161652e+02,1.064600422500795048e+03
-1.215191722646894050e+03,4.640886804844744233e+02
-1.236278366440139735e+03,4.938039741320992562e+02
-1.123856678319304820e+03,7.395736192781001250e+01
-1.135025279645303044e+03,1.351372930895148556e+02
-1.169338443191279111e+03,3.146848797449807762e+02
-7.094214125128969499e+02,1.157584284985431168e+03
-7.140785854963658039e+02,1.125466224398431450e+03
-1.570841074621911048e+03,7.052273274636444285e+02
-1.545768166082123798e+03,7.358647718155921211e+02
-6.585222772817072610e+02,5.527959639695093301e+02
-6.619878325212960135e+02,5.222656553086343365e+02
2.226514065558102686e+02,-7.057533773288074599e+02
-8.201689084792405993e+02,5.538658183053121320e+02
-8.130913623218427801e+02,5.554037191136440015e+02
-1.038619406531160166e+03,1.093354893830728088e+03
-1.048525142663871065e+03,1.066198843731528314e+03
-1.374015158333588033e+03,1.640685560951180832e+02
-1.403929796145331011e+03,1.656386240401197938e+02
-9.604419546053260319e+02,2.242286150460299439e+02
-9.645380340713124951e+02,1.960565885125840850e+02
-9.613211992690343095e+02,2.241617178658770513e+02
-9.523285122469692396e+02,2.230128306555681945e+02
-1.045190991926512879e+03,1.968294723228196119e+02
-1.050591554700299639e+03,1.957037267350367244e+02
-1.242703549842292887e+03,3.449533549426796526e+02
-1.158161879072628608e+03,3.440756530807085483e+02
-1.001220257973649609e+03,1.644655292070000741e+01
-9.516752946142959217e+02,1.427597377486767982e+01
-9.475262123086600923e+02,2.031958507747851428e+01
-1.445217142483506450e+03,4.341751811863090893e+02
-4.198993802295900082e+02,1.038816662780737033e+03
-3.687239346055939677e+02,1.004160591143872125e+03
-4.101166915442030927e+02,1.032920062833315569e+03
-7.413594468472958852e+02,3.740986048390450946e+02
-7.568882802161451764e+02,3.761560187588377744e+02
-7.542593625542073141e+02,3.771095409128327560e+02
-8.700980396076123498e+02,1.650534578689188834e+02
-8.623561084309118314e+02,1.651200739036055438e+02
-8.769583751831951304e+02,1.927170614182033432e+02
-8.609497659832896943e+02,4.049449166101293827e+02
-7.921023485936929092e+02,3.452901815211999406e+02
-8.194909200989111469e+02,3.456768418206402202e+02
-9.179240795343031323e+02,3.447724586237509357e+02
-9.190104734599880203e+02,3.148880936811511901e+02
-9.592054015084023604e+02,3.461775208013169731e+02
-9.447662059984168081e+02,5.544460560443452550e+02
-9.243066010569622222e+02,5.245579496448566488e+02
-9.135548178085341533e+02,5.259338994384045236e+02
-8.755675238918263403e+02,1.124998723760483017e+03
-8.244905287956605662e+02,1.124191810209464848e+03
-9.981650472986802924e+02,2.845028522240055509e+02
-1.034581532961196217e+03,2.827069436061437955e+02
-9.865222141972362806e+02,2.856778112887892576e+02
-6.448317936736704041e+02,7.928246354167374648e+02
-6.608992406338074943e+02,7.640297238163838074e+02
-6.289592296435147318e+02,7.985697095742009424e+02
-6.116376569476855138e+02,-2.686095761980342104e+03
-5.744726865028292195e+02,-2.687189052402260131e+03
-9.968318780813647209e+02,2.238439865046889850e+02
-1.046433042995891810e+03,2.253245429065021312e+02
-1.001819581034408316e+03,1.922504050505662860e+02
-1.231101361137471258e+03,1.639594456670985210e+02
-1.250557247841287790e+03,1.063075718686075959e+02
-1.208087558165530027e+03,1.358763491324746155e+02
-4.612342105634503469e+02,1.068549181675352202e+03
-4.521163915270164466e+02,1.034235179612746833e+03
-4.614942524164426345e+02,1.067870624745796249e+03
-4.595242520038394787e+02,1.065011335102132080e+03
-7.785668110323757674e+02,1.125816962593505423e+03
-7.497597574422595699e+02,1.124929683126095142e+03
-7.358141768547459378e+02,1.123915227090868257e+03
-7.123963206006709470e+02,1.158412738030980108e+03
-2.926860768210320884e+02,9.448211625684668888e+02
-2.786671526133604289e+02,9.443909172536614278e+02
-3.335970418339886123e+02,9.438939838402104670e+02
-2.974657288771201138e+02,9.445757589866873332e+02
-4.592472998567456557e+02,8.247987765308479311e+02
-4.563732720358062807e+02,8.529281799649007780e+02
-4.915389042298892264e+02,8.246567379986754531e+02
-4.500512959055491820e+02,8.248697663501803845e+02
-7.506614836526064209e+02,4.051168632614887883e+02
-7.467802495550079129e+02,4.054231519540301178e+02
-7.504439333998132042e+02,3.763661384448301419e+02
-7.694420866520205209e+02,4.072484413802586118e+02
-4.115559191573690896e+02,7.333426058334398476e+02
-3.735508367306299533e+02,7.362804195921895598e+02
-3.954786846866389851e+02,7.349427576747458488e+02
-3.897866704681565011e+02,7.653213671147148034e+02
-1.661962828820468303e+03,2.839743500512852847e+02
-1.746950491499876080e+03,2.546092861536104692e+02
-1.709233680530598576e+03,2.835201445496342672e+02
-8.741231825378156373e+02,5.542732664951557808e+02
-8.544827546854508000e+02,5.849051076745032560e+02
-8.739830968018407020e+02,5.861841117594439083e+02
-9.027713656894550240e+02,5.555910614042917359e+02
-9.253791945434024910e+02,3.452133222765664868e+02
-9.278009404119261490e+02,3.454712630943168392e+02
-9.313489993340042474e+02,3.741603176721623640e+02
-9.190163392021744357e+02,3.452105599998545813e+02
-3.675505712604701216e+02,1.755048557667432078e+03
-6.637709532113294699e+02,1.723808298440985936e+03
3.378531096884995009e+02,1.724921095283712248e+03
-7.405720908321460456e+02,1.694709896660522418e+03
-3.674725922416050707e+02,1.695214025323393116e+03
4.214568502090838820e+02,1.664377076500238900e+03
8.795309071421270346e+02,1.666508754538495850e+03
-4.094888306044952628e+02,1.634557185891203062e+03
5.496862069282180983e+02,1.634952881616187369e+03
7.120338188211115948e+02,1.634054674718958267e+03
-1.179340959736246646e+02,1.605083344500430258e+03
-6.209303877354041106e+02,1.544846445498302728e+03
4.553665825970973913e+01,1.544939492706721694e+03
-4.492456688370791653e+02,1.513549900066643431e+03
-1.211537053899430703e+02,1.514554505757216248e+03
4.541149590702690375e+01,1.515613414034410653e+03
8.794743592573083788e+02,1.514536866824754270e+03
-3.712077887990365639e+02,1.484859611593292357e+03
7.968959410710702969e+02,1.485338414023913629e+03
-4.093241761457007897e+02,1.425326026441692875e+03
3.755322370083078454e+00,1.422626652376337006e+03
-3.713108665854483661e+02,1.393802492645028224e+03
-4.546334772456561950e+02,1.364693677102090078e+03
-1.035114266392135960e+03,9.427182087697029829e+02
-9.075348925297424785e+02,9.435080584887543864e+02
-1.157145562114539189e+03,8.830199330499399366e+02
-8.721522080914459139e+02,8.854614160488109746e+02
-7.887682550172621632e+02,7.644744207678354542e+02
-9.955348324538937277e+02,7.341805474302866514e+02
-6.638918369109628657e+02,7.327575742585974012e+02
-9.961999376263370323e+02,6.746798033147692877e+02
-9.546598203218954950e+02,6.131864103508548851e+02
-1.205073795273659243e+03,5.534288281858428036e+02
-8.662698118432522278e+02,5.548070432385840149e+02
-1.038192816629400795e+03,5.245106437953594423e+02
-6.165921982299379351e+02,5.245779250278633299e+02
-7.416573601822834689e+02,-4.580013385737053966e+01
-5.744914198391493301e+02,-2.384747540426774776e+03
-5.792789131182587425e+02,-2.538045132997823202e+03
-4.540476432919823537e+02,-2.536211091748242779e+03
-3.282381275477752069e+02,-2.598756045305263797e+03
-4.562158517478869726e+02,-2.656614064222661000e+03
-2.109023048824980151e+00,-2.773162282716625668e+03
-1.408368773765536162e+03,5.225363232638696900e+02
-1.395729684686676819e+03,4.948825176751473691e+02
-1.400224271703464638e+03,4.990428148641128701e+02
-1.389889984453121087e+03,5.247819955306096062e+02
-7.404553602753779842e+02,2.836713573885677988e+02
-7.414782987090711686e+02,2.846743831667072300e+02
-7.871371409278955298e+02,2.844709651153905270e+02
-7.794716607165750020e+02,3.144508278840298203e+02
-1.941450858954694922e+02,-2.836240789114664494e+03
-1.642553287246557261e+02,-2.805527023244126212e+03
-1.042945046858172304e+02,-2.835953312325500065e+03
-1.178849054860817489e+02,-2.837742390909815640e+03
-7.364581218974088870e+02,5.235980579658817078e+02
-8.202089009898515997e+02,5.236751931306019969e+02
-7.538447550292596588e+02,5.253359105985391579e+02
-7.369434713484930626e+02,5.242840632389520579e+02
-3.022925141880390356e+02,9.189775955201084798e+02
-2.912707295294043206e+02,9.453896576971834520e+02
-2.964444846050639057e+02,9.485276607424383428e+02
-3.093449615984220031e+02,9.423873766528539591e+02
-7.593877465795299031e+02,4.050214179687928890e+02
-7.853678861976933376e+02,3.815743061440923611e+02
-7.363402127108066679e+02,4.036932785372095509e+02
-7.557575225261601872e+02,4.011569898977751336e+02
-7.839132244865419352e+02,1.725136099984711336e+03
-4.910922518280917757e+02,1.724738316377563024e+03
-3.233530890857786062e+02,1.723455656951437959e+03
3.481489069936795886e+02,1.725449494495059071e+03
8.011051664014748894e+02,1.725462191869914250e+03
7.208238412312274477e+02,1.695754660780332415e+03
-7.594421698410636736e+02,1.667763867333103235e+03
5.914186511063891203e+02,1.664048418964839129e+03
8.826665726154773211e+02,1.664693024021793690e+03
-5.372394355247782869e+02,1.633236757656218970e+03
-2.423829765358410668e+02,1.635798452345039323e+03
-4.502620369212846185e+02,1.604295339279477275e+03
-6.161576424715289022e+02,1.574783719255311553e+03
4.663851584132222001e+02,1.575863532906683531e+03
7.533249699430036799e+02,1.573882114171579133e+03
8.050030132095197359e+02,1.544072451887621355e+03
-3.315461251739172610e+01,1.512278059373444648e+03
5.498089902984376067e+02,1.515857610918401406e+03
9.305392910144755660e+02,1.515015138731306024e+03
-1.577967251119138155e+02,1.484093340929799069e+03
7.377615153649699664e+00,1.395229553598513121e+03
7.542692195985922865e+01,1.396378034360859829e+03
-4.914073504541201487e+02,1.363353829613080279e+03
-2.401702488414512118e+02,1.365788782475062362e+03
-3.219139173084401762e+01,1.362878975591060907e+03
-7.646477941143773194e+01,1.303804005861187079e+03
-2.591637619441759171e+02,1.276887156404701273e+03
-7.203935155109666084e+02,1.065407604901804461e+03
-9.860677654615608390e+02,1.034020402065312965e+03
-6.594544223369899782e+02,1.033418774978684496e+03
-5.351506621925594800e+02,1.034141436928213125e+03
-9.870171454272715437e+02,9.743983852448749303e+02
-9.073183113767321402e+02,9.754537200717476253e+02
-8.663499242588591187e+02,9.437379078354156263e+02
-6.167796524662633146e+02,9.434915362309903912e+02
-4.251915021283152782e+02,9.167845413070447194e+02
-8.684213602183606326e+02,8.840660720225675959e+02
-1.074447691772547387e+03,7.940173916291826117e+02
-6.174120000997164652e+02,7.947837149926441498e+02
-1.658900249231382986e+03,7.643830834990613994e+02
-5.749965324313932342e+02,7.335597206455889818e+02
-6.173553747478791820e+02,6.741512020359425605e+02
-8.665856579614919610e+02,6.440349898260129748e+02
-1.409519882039242702e+03,6.135658380051012273e+02
-1.290869821005517451e+03,6.132609911658437341e+02
-1.117933399224406912e+03,6.141168216336457135e+02
-1.050840575801056730e+03,6.176325364937273434e+02
-8.609467846252248364e+02,5.851371038829121289e+02
-1.279400378660122897e+03,5.536484881802111886e+02
-1.094044128847036063e+03,5.570008154520929793e+02
-4.915274420677426406e+02,-2.597573527431167349e+03
3.417999193701329546e+02,-2.717853711325780750e+03
1.764465211628511554e+02,-2.805677237998491819e+03
-1.569612507146000780e+03,2.848516667063784098e+02
-1.611725916345508040e+03,2.842614273970386307e+02
-1.546620102504379474e+03,2.553374903795775026e+02
-8.368582070112240672e+02,4.670959409670547302e+02
-8.251820857385330328e+02,4.935333526051134072e+02
-8.122499346862599623e+02,4.348674576750503320e+02
-8.382085837351420423e+02,4.372940698539810569e+02
-8.812459024272667421e+02,3.418217113285861046e+02
-8.523238952268110324e+02,3.395013756168450527e+02
-8.661259640979139931e+02,3.438097755632460348e+02
-8.376499802589787578e+02,3.435231435016236787e+02
-9.146645764813112010e+02,5.842724612317958872e+02
-9.852610073847280319e+02,5.851645262559045477e+02
-9.495862949948021878e+02,5.561681913448207979e+02
-9.231297004419576524e+02,5.559021868617751352e+02
-6.121275765943452143e+02,1.815244188811820550e+03
-6.756683681821421033e+02,1.787229212096612400e+03
-5.686412751739248961e+02,1.753955368309261758e+03
-4.265585005414559987e+02,1.758180229269721849e+03
-6.745768529298495650e+02,1.696815770633742204e+03
5.137508773850130410e+02,1.635879930176667358e+03
7.631422948590599162e+02,1.634030342990032068e+03
8.060217510383937451e+02,1.634445022567882916e+03
3.882869345259032343e+02,1.604327283395819904e+03
-2.552495650007987251e+02,1.577199972417822892e+03
-2.351304575920115383e+02,1.575288603650019922e+03
5.130800103809643815e+02,1.574491596692491839e+03
9.078530461856036027e+02,1.546618755610539438e+03
-1.516866395634721698e+02,1.514655507918243984e+03
5.497915908308091559e+01,1.485864855771994598e+03
1.202466011515893882e+02,1.488562836596599027e+03
8.046934058878035785e+02,1.485909489935658030e+03
-2.359109128466013772e+02,1.453898471481987144e+03
1.178560287226857071e+02,1.455383842072292509e+03
-4.784206894086506168e+01,1.425411835916944710e+03
-2.352127798653137631e+02,1.303987489325676961e+03
-1.108714363889052095e+02,1.303858955790733262e+03
-3.387667810291352453e+02,1.277129623140877584e+03
-1.716944165721938020e+02,1.276477255337144015e+03
-5.515832861890680761e+02,1.035537473522932260e+03
-6.531884002303886518e+02,1.004348061158995165e+03
-5.279116219366437690e+02,9.142524617473834496e+02
-9.860444963254068398e+02,8.856629716705364217e+02
-6.316882091327385069e+02,8.852286715490243978e+02
-8.843739531070148132e+02,8.580306955109551836e+02
3.192791788313645895e+01,8.260966953581371399e+02
-1.379308739811770693e+03,7.962838446688490421e+02
-8.188065749897399428e+02,7.957204442004850762e+02
-6.107049674152992793e+02,7.941415122053241475e+02
-1.742073303903016949e+03,7.656710840035939327e+02
-1.612722853381665800e+03,7.656989824475753039e+02
-1.153452594795408913e+03,7.640300013711291740e+02
-1.235482340340090332e+03,7.039661432544356785e+02
-1.088483909267697300e+03,6.452067571735060483e+02
-6.125753312503100005e+02,6.446230681278865404e+02
-8.003761924369368899e+02,6.170168245807104768e+02
-1.194949217642196345e+03,5.856541086669901688e+02
-6.940460080776488212e+02,5.843214014720767864e+02
-1.135023423804096183e+03,5.556097948385335030e+02
-9.378370046866384655e+02,5.548975776744547375e+02
-7.168821790528487554e+02,4.654956012940120900e+02
9.488885387351725740e+02,-2.145260157112187244e+03
-4.459714507889544848e+02,-2.535150001190910189e+03
-5.464400915971590393e+02,-2.596141425224860086e+03
1.797000414147356651e+02,-2.686277331213149864e+03
1.151393548999205905e+02,-2.803290625633225773e+03
7.352493767009697478e+01,-2.833378674223610687e+03
-1.046408797992310838e+03,3.762193419635248688e+02
-1.042473235801890269e+03,4.062586634825719329e+02
-1.028509822606471516e+03,4.349086842706924472e+02
-1.111100307743750591e+03,1.095310409604746383e+03
-1.129404538855452302e+03,1.097760246499763525e+03
-1.139355857664389077e+03,1.094616616038422762e+03
-4.109835988764594958e+02,1.033438827814495426e+03
-4.470516794366838553e+02,1.062339903045590745e+03
-4.242200344786370465e+02,1.062941888447780229e+03
-8.673323736279706964e+02,9.126716833580782122e+02
-8.794477115852994302e+02,8.869473459442303920e+02
-8.724308325178642463e+02,9.131268309213130578e+02
-7.551261585717484195e+02,1.786347203781341705e+03
-6.111356561797857694e+02,1.725132581084601497e+03
5.799017051415108881e+02,1.729147396942139494e+03
5.779094351319308771e+02,1.696433893033111872e+03
-5.695861916533027625e+02,1.664511577017218087e+03
-4.206221828545113226e+02,1.666363743274043600e+03
6.633829549920874342e+02,1.667178717470582114e+03
6.458937453138163391e+02,1.635168657674621954e+03
7.461306262141573598e+02,1.635040940768467635e+03
4.125987156703440633e+02,1.603491306844843166e+03
-5.684099290889391796e+02,1.575156244369826027e+03
-5.038949897775422073e+02,1.576348700444758379e+03
-4.448624153901731404e+01,1.545307052683483334e+03
6.624641650255841796e+02,1.544417979736692814e+03
8.734166879372129415e+02,1.543812110983729781e+03
-5.698505507404436230e+02,1.515199701861667791e+03
-2.109880390055213013e+02,1.515061924778356570e+03
-5.057124974894254592e+02,1.484655523388853226e+03
-4.629891817709710153e+02,1.398973149809893357e+03
-2.126739410432027171e+02,1.398316136983499973e+03
-1.313976834445617214e+02,1.398811441828552461e+03
-3.817364201469627574e+02,1.334579297693369199e+03
-1.707907391576646887e+02,1.337944205961108310e+03
-8.677474014165085237e+01,1.337508491221934037e+03
-8.621231809536135415e+02,1.035483843944162800e+03
-1.046972392816830961e+03,9.480921998444056271e+02
-5.874814959926012534e+02,9.444623506371799522e+02
-4.636424547782929722e+02,9.137009707532213270e+02
-8.791711922152250054e+02,8.874498810377674545e+02
-7.972344645143366506e+02,8.839337950888873365e+02
-1.129872911964335117e+03,8.268886110051781770e+02
-7.962543092059954688e+02,7.349182072719468124e+02
-6.293675453758366984e+02,7.353910953162616124e+02
-1.087550766563755587e+03,7.081996393789099784e+02
-6.280544193332634677e+02,6.742120591245513879e+02
-1.047506750899306326e+03,6.447798734659689899e+02
-1.421317050919642043e+03,6.175472570363533578e+02
-1.297649936461240941e+03,6.148619251312200049e+02
-1.251642701822548133e+03,5.269585476640705792e+02
-8.376639724665649283e+02,-1.225798072008475259e+01
9.122400409014522893e+02,-2.114579642429339856e+03
-5.488939276786406936e+02,-2.264489101911533908e+03
-5.040006792491345777e+02,-2.352345055481573581e+03
-5.854450933104706110e+02,-2.445023826150081732e+03
-3.783358313892272236e+02,-2.593604930991979927e+03
3.301684124825275717e+02,-2.713064290195204649e+03
-2.543733470865416280e+02,-2.774321947716009163e+03
-8.777652894370373815e+01,-2.835363425817315601e+03
-1.291342758747398648e+03,-4.056157419603948711e+02
-1.249982294179251994e+03,-4.351757368059465989e+02
-1.060332560049089579e+03,1.171087713351219861e+01
-1.068951186608787566e+03,1.302460072510118039e+01
-1.083794529686744909e+03,4.439488279620064759e+01
-1.070736295511039543e+03,1.045155079738285053e+01
-6.877742546862341442e+02,1.245070767674780882e+03
-7.075281343873954256e+02,1.213791207425903622e+03
-7.134510449244515939e+02,1.215906242078992364e+03
-7.406178628397299235e+02,1.214018267011479111e+03
-1.371060217134914183e+03,4.346457191287065598e+02
-1.376681295198244243e+03,4.354457728464329307e+02
-1.382924019441345308e+03,4.351011068690754087e+02
-6.476160215558103346e+02,1.006807607287364817e+03
-6.167284923431714105e+02,9.754249226445665499e+02
-6.455414346854639689e+02,9.449954676750854787e+02
-6.286545443148334016e+02,9.765792111668945381e+02
-4.397001471955393868e+02,7.360506434245296532e+02
-4.765151836491269819e+02,7.329663306781051233e+02
-3.954786846866389851e+02,7.349427576747458488e+02
-4.037426103934931803e+02,7.351399730902378451e+02
-5.387792206110570987e+02,-2.596355197301754743e+03
-5.318483582335536539e+02,-2.571500211331527225e+03
-5.354316304886609714e+02,-2.595946775380596137e+03
-5.325032123646934679e+02,-2.589344267538352597e+03
-1.074564822511086732e+03,1.734596241801635585e+01
-1.027798836611887964e+03,1.555892907259983815e+01
-1.072632212930866899e+03,1.976852197136447131e+01
-1.063948862038305606e+03,1.336233958599196114e+01
-1.282575354891993356e+03,-3.909765408695101030e+01
-1.277720838760660399e+03,-4.447158135232526632e+01
-9.140985517140468346e+02,4.654972799327109101e+02
-9.549193573670763726e+02,4.944156384324862188e+02
-1.039125534149983196e+03,7.037286576614512796e+02
-9.951436960236028426e+02,7.334679662198655024e+02
-3.609738041682816174e+02,-2.807557744743331114e+03
-3.740739039078899850e+02,-2.808340521928434100e+03
-6.069346913204514067e+02,2.823346599172632523e+02
-6.580982773644448116e+02,2.840906579027413272e+02
-7.064909856984675116e+02,1.126056348694937242e+03
-7.062241275785961534e+02,1.121700523116476916e+03
-1.158065246618286892e+02,1.328489679889440140e+03
-1.531056328100279416e+02,1.305441577085332028e+03
-1.202580747806679028e+03,5.539930019582284331e+02
-1.199730497467516670e+03,5.853712575988807885e+02
-1.229021184685880826e+03,1.647996876746136650e+02
-1.260086574182031427e+03,1.987308820917189678e+02
-7.227134336993420902e+02,5.563622548892047917e+02
-6.960990689311050801e+02,5.238687467112880540e+02
-7.279397607676341977e+02,5.647479489104807726e+02
-6.455414346854639689e+02,7.649502876747943674e+02
-6.455414346854639689e+02,1.125040647674586808e+03
-7.288956846866516344e+02,1.125040647674586808e+03
-1.093092707537178057e+03,1.627282630400577546e+02
-1.732295355964153941e+03,2.234303668725690670e+02
-1.704155725879165857e+03,2.188048210198919321e+02
-8.266847408633915393e+02,1.737287841866339022e+02
-8.345289561089932704e+02,1.703616483065972318e+02
-1.755038990954978090e+03,3.423700099879198433e+02
-7.287083950959721506e+02,8.677725978876720774e+02
-7.386842655151440340e+02,8.457545313418205524e+02
-1.426402975472517255e+03,4.144624158524032964e+02
-4.359844047782730740e+02,-2.529909331389763338e+03
-4.478869370893376640e+02,-2.487685786356760218e+03
-5.433024210517066876e+02,1.617887247549954509e+03
-5.411386997633613873e+02,1.655186574911384923e+03
