date:2016-10-14, time:1000, wind_speed:4.35, wind_dir:337.0, temp:8.2
5.313370771114104940e+01 1.210908435576643001e+02
-1.312375434685489211e+02 -3.753358523254699719e+01
-1.187899754687042844e+02 -4.353509123247773260e+01
-1.136008673562732554e+02 -2.581491558796770036e+01
-1.263119784204778142e+02 -2.887775600545152344e+01
-1.104545504685855093e+02 -5.253735023257125647e+01
-1.312375434685489211e+02 -3.153207923253729561e+01
-3.041727014740181900e+01 7.150590161238397968e+00
-1.395729684685097425e+02 -1.052680823250333297e+01
-1.387497958735431496e+02 -4.832684317142089903e+00
-1.095027406204628733e+02 3.700526838374450733e+01
-1.345325261034803077e+02 2.801743311565018502e+01
-1.562438184685893532e+02 2.548222776747591922e+01
-1.262217924655259367e+02 3.116523756483178786e+01
-1.219250042045101452e+02 -3.192201511293445293e+01
-1.428182809979372792e+02 3.706345973351771761e+01
-1.303277784079701576e+02 2.207742783144483312e+01
-7.209960903765349371e+01 2.520674923594893357e+01
-7.288956846850722116e+01 3.448448676749047337e+01
-9.693261218891389319e+01 -2.289867703677259669e+01
-8.026852312718261828e+01 2.818922436081678740e+01
-1.876487546870049172e+01 1.035018057674441252e+02
-1.344697027693042060e+02 8.820037975800065055e+01
-1.720183917894498791e+02 7.915975169897669161e+01
-1.062312684685084889e+02 8.849804076749883563e+01
-1.637279824529094014e+02 6.102575694591899236e+01
-1.395729684685097425e+02 -1.652831423251303633e+01
6.877742546846548066e+01 2.145780122324383967e+02
4.468162669626069317e+01 1.751705262578626900e+02
1.029789146580653636e+02 1.632168327619679076e+02
6.547623648663984852e+01 1.841792897896966963e+02
6.881265653145865713e+01 1.545146067675266011e+02
-1.178672707241310320e+02 -1.093010084463023190e+01
8.632309153427078741e+01 1.722422375684444660e+02
-1.012731013480513980e+02 3.118734098661209586e+01
-1.562438184685893532e+02 1.647996876746136508e+01
7.376004442734254951e+01 1.840630595007326917e+02
9.881865197081785368e+01 1.511827089295272231e+02
7.800622895800367473e+01 1.692076449738174233e+02
9.793107453138289031e+01 1.875228897674220434e+02
7.801295154836941492e+01 1.841813704722559351e+02
6.140366437440436442e+01 1.211574065441294152e+02
-1.470901905901959594e+02 1.092119082588418166e+02
9.481032986677722363e+01 1.630404275066135256e+02
7.292479953134245818e+01 1.485131007674379475e+02
1.155804487920941597e+02 1.510815175738365497e+02
5.721282066246142506e+01 1.511944897929845411e+02
9.892595436657431662e+01 1.572028485137841187e+02
9.892487898871958407e+01 1.511332525553838195e+02
-1.512758047573487943e+02 3.115755758302328715e+01
-1.304198073274422143e+02 4.607667170461374440e+01
-6.455414346854639973e+01 4.048599276750017850e+01
7.714808153141949276e+01 1.575153597674524804e+02
-1.229021184685880854e+02 1.065025587675279439e+02
1.062664995313437259e+02 1.635168657674622068e+02
4.479128365078739193e+01 1.541817465790095696e+02
-1.562438184685893532e+02 7.477709767446809153e+00
6.545241110889531910e+01 1.690944262692540860e+02
1.029912748908458440e+02 1.510513577669138670e+02
-1.429492978259821143e+02 2.211793113674471556e+01
9.381893153149908926e+01 1.755198777674816029e+02
1.104897815314207463e+02 1.905236427674268782e+02
6.538094031554611263e+01 1.782232866582527606e+02
-1.304210843428695625e+02 9.123075133589911445e+01
-1.386368603722994521e+02 7.614287507779243924e+01
9.463625912801653328e+01 1.662250267173046723e+02
8.126022453130329382e+01 1.635168657674622068e+02
-1.053714989761498089e+02 8.515794976608482614e+01
1.279833087875136215e+02 1.540606832610483821e+02
9.381893153149908926e+01 1.635168657674622068e+02
6.133021707741357176e+01 1.601067579950280901e+02
-1.562438184685893532e+02 2.248147476747106666e+01
1.114480949972175807e+02 1.751954146733697542e+02
1.197492934117683347e+02 1.720940009215810846e+02
9.882974825327767121e+01 1.660447455028340755e+02
-1.387785459989194692e+02 3.718184468202414195e+01
-1.178577766053601579e+02 5.201439412269552776e+01
9.381893153149908926e+01 1.815213837674913009e+02
1.188252065313815820e+02 1.965251487675155602e+02
1.104545504684275699e+02 2.085765062325076826e+02
9.793107453138289031e+01 1.515138537675217663e+02
1.062868379683681894e+02 2.055757532325028194e+02
6.980551743043288582e+01 1.991518374670226592e+02
-1.052495429350201874e+02 4.018642653542059406e+01
-1.479083934686285318e+02 1.005010527674392762e+02
8.548350653138031419e+01 1.545146067675266011e+02
1.354960565314611927e+02 1.935243957675107254e+02
1.321688131419417971e+02 1.932060019405171829e+02
1.479436245313058294e+02 1.995259017675204234e+02
8.225938674435450082e+01 1.542369409583079687e+02
1.447945107080398373e+02 2.082003469934123814e+02
-1.720030174375214642e+02 4.614941734111077665e+01
-1.562438184685893532e+02 4.648749876750988363e+01
1.479639629683302928e+02 2.055757532325028194e+02
9.884925502486599669e+01 1.961149216234950359e+02
1.280882018042137247e+02 2.082942576957266283e+02
3.958309953134120462e+01 1.185055707674683845e+02
1.396285379683694430e+02 2.085765062325076826e+02
1.030536153260566010e+02 1.962374408734139024e+02
1.154511873960031068e+02 1.871405770135948501e+02
1.396285379683694430e+02 2.115772592325125174e+02
1.321731296495755430e+02 2.112454208482478464e+02
1.613098866842390748e+02 2.110931616029778866e+02
1.354608254684680162e+02 2.055757532325028194e+02
1.312727745313841581e+02 1.845221367674961641e+02
9.476725568850724812e+01 1.780715218416603705e+02
1.155422094016981305e+02 1.871460267417503758e+02
1.354960565314611927e+02 1.995259017675204234e+02
1.396285379683694430e+02 2.115772592325125174e+02
1.489011991823218750e+02 1.960588797505281775e+02
1.487755542863501148e+02 1.992180261689713632e+02
1.404411175216265804e+02 1.841499175035074529e+02
1.312931129684086216e+02 2.115772592325125174e+02
-1.271254004686651058e+02 -3.153207923253729561e+01
-4.788329346862472846e+01 4.948825176751473265e+01
9.878953889882163253e+01 1.541594017329377095e+02
1.364404239457940946e+02 1.900834626277898849e+02
-1.145666934686272498e+02 3.148373376748562436e+01
9.793107453138289031e+01 1.485131007674379475e+02
-1.021191254686246737e+02 5.849051076745031708e+01
1.396081995313449795e+02 1.995259017675204234e+02
1.062664995313437259e+02 1.785206307674864661e+02
1.530099208716814303e+02 1.990476556697779529e+02
1.154823367922446948e+02 1.572021932438716760e+02
7.804877836920317691e+01 1.570485637140622259e+02
-5.111287398805851012e+01 4.015790633289448408e+01
-9.298928116636258778e+01 4.608456164093191632e+01
1.070950944985744826e+02 1.571656341184622079e+02
7.294513796836692165e+01 2.235802712324529580e+02
1.447247217366301868e+02 2.112085376308662603e+02
1.479436245313058294e+02 1.965251487675155602e+02
1.279241529952337970e+02 2.111675449429295099e+02
-1.429760844760239706e+02 1.121248508726068138e+02
-8.870049495902122771e+01 6.404438143761646529e+01
1.396285379683694430e+02 2.085765062325076826e+02
7.802443070780557832e+01 1.570569748588704329e+02
7.799644757840650300e+01 1.512011222603634621e+02
1.062868379683681894e+02 2.235802712324529580e+02
1.271254004683492411e+02 2.415847892324820805e+02
1.104897815314207463e+02 1.935243957675107254e+02
9.888892792073183102e+01 1.842487663117721013e+02
1.531160866009455219e+02 2.410961215593872566e+02
1.479639629683302928e+02 2.265810242324578212e+02
1.146222629683290251e+02 2.325825302324675192e+02
-8.458863697850736685e+01 -1.249263227223580799e+02
6.458937453138163676e+01 1.845221367674961641e+02
1.188252065313815820e+02 1.545146067675266011e+02
1.072536184283044918e+02 1.990714522750850506e+02
6.047723153149782860e+01 1.845221367674961641e+02
8.548350653138031419e+01 1.725191247674767396e+02
1.155395309821770127e+02 1.961117244766901706e+02
7.801053369641218183e+01 1.931952471290552182e+02
1.448103874898647803e+02 1.991777951238607045e+02
-8.544827546870301660e+01 7.649502876747942537e+01
1.146222629683290251e+02 2.145780122324383967e+02
8.641546698270573756e+01 1.930874795053075559e+02
9.793107453138289031e+01 1.905236427674268782e+02
6.558831686233418168e+01 1.841653414360492604e+02
7.796838685579638195e+01 1.991464777283173646e+02
8.959564953142206889e+01 1.905236427674268782e+02
1.531433562087056828e+02 2.020749389266415790e+02
9.793107453138289031e+01 1.875228897674220434e+02
6.542395209313684745e+01 1.931506896865479632e+02
6.458937453138163676e+01 1.905236427674268782e+02
9.381893153149908926e+01 1.995259017675204234e+02
5.294989708452201427e+01 1.930477735080811499e+02
6.458937453138163676e+01 1.755198777674816029e+02
8.126022453130329382e+01 1.845221367674961641e+02
8.223097167658691831e+01 1.812170862277376102e+02
-1.187899754687042844e+02 8.849804076749883563e+01
8.211176594741668566e+01 1.871227933554195317e+02
-6.779783662693787960e+01 4.311832741167085459e+01
-4.788329346862472846e+01 5.548975776744546806e+01
7.714808153141949276e+01 1.815213837674913009e+02
9.381893153149908926e+01 1.755198777674816029e+02
6.881265653145865713e+01 1.965251487675155602e+02
7.714808153141949276e+01 1.905236427674268782e+02
7.797263359446853315e+01 1.900662149198022632e+02
9.043454915612288403e+01 1.841843880583012663e+02
6.979047297864725863e+01 1.871218090473110465e+02
1.238195201477499694e+02 1.871510368711486194e+02
8.214742377172807153e+01 1.871273565155670724e+02
6.047723153149782860e+01 1.815213837674913009e+02
6.047723153149782860e+01 1.845221367674961641e+02
8.632396531956526076e+01 1.691674265979417839e+02
9.793107453138289031e+01 1.665176187674670416e+02
6.133254797264641667e+01 1.842237039146660322e+02
1.062664995313437259e+02 1.905236427674268782e+02
1.280445417559707266e+02 1.841576214734159578e+02
6.544482894370830195e+01 1.840961756041944284e+02
1.104897815314207463e+02 1.875228897674220434e+02
6.131619159054957180e+01 1.812503968076252931e+02
1.354960565314611927e+02 1.875228897674220434e+02
6.967598991699389899e+01 1.690591843050630132e+02
-1.469952339864731243e+02 2.516996146051175032e+01
6.555467422147474110e+01 1.870813023833802333e+02
3.547095653145739647e+01 1.755198777674816029e+02
7.794869884417256856e+01 1.812023587565279570e+02
9.054911494397286731e+01 1.931266797530961696e+02
8.210232484527976737e+01 1.721414937003571026e+02
1.271606315315003570e+02 1.965251487675155602e+02
6.965821768058016517e+01 1.841442819417681562e+02
1.188252065313815820e+02 1.815213837674913009e+02
7.386538603997601626e+01 1.511861245970839889e+02
7.387197264870889057e+01 1.632295227762007244e+02
9.381893153149908926e+01 1.485131007674379475e+02
7.386343879324672912e+01 1.900526988802578785e+02
6.540393397857785374e+01 1.930696129434922454e+02
-1.219489673288449012e+02 4.908400680082538514e+01
7.714808153141949276e+01 1.755198777674816029e+02
6.881265653145865713e+01 1.665176187674670416e+02
5.710491672359476212e+01 1.900692606060218850e+02
6.142105872689425894e+01 1.931189639902716806e+02
7.292479953134245818e+01 1.845221367674961641e+02
7.812311946365677784e+01 1.781789563750752450e+02
8.126022453130329382e+01 1.845221367674961641e+02
6.554839346808485345e+01 1.901234362007638765e+02
7.812426418404047013e+01 1.900833550875563560e+02
1.312727745313841581e+02 1.905236427674268782e+02
-1.345167974910492035e+02 1.900854373153811849e+01
8.637213948733246127e+01 1.871257452237713892e+02
6.458937453138163676e+01 1.845221367674961641e+02
7.793437575485877744e+01 1.811010485465559157e+02
7.292479953134245818e+01 1.785206307674864661e+02
5.720156425691089908e+01 1.601566496194212448e+02
-4.294097873899268336e+01 4.318257238867117564e+01
6.141939686389792996e+01 1.750414270817264253e+02
6.980698566963165774e+01 1.722443172807904261e+02
-6.779046524093389792e+01 4.316644900471468560e+01
8.634751795035560917e+01 1.842148033557913038e+02
1.271606315315003570e+02 1.845221367674961641e+02
-4.704982336304131962e+01 4.008102307812868048e+01
-6.455414346854639973e+01 4.048599276750017850e+01
-1.470584079811127367e+02 -1.392577488774373329e+01
1.146019245313045616e+02 1.905236427674268782e+02
1.197704899309418636e+02 1.992338225331797048e+02
1.188252065313815820e+02 1.845221367674961641e+02
7.292479953134245818e+01 1.815213837674913009e+02
6.537478085792247384e+01 1.751712786624992191e+02
7.292479953134245818e+01 1.785206307674864661e+02
1.322258396918813617e+02 2.081820259838232232e+02
-7.621421470045875424e+01 4.015982694314008938e+01
1.113446691550560672e+02 1.902167406445704501e+02
6.966034272050563914e+01 1.870727761220518062e+02
1.114740649105986137e+02 1.571187909544699437e+02
9.465586389824990476e+01 1.571648893975892349e+02
7.292479953134245818e+01 1.755198777674816029e+02
9.047888592597274737e+01 1.540855879140841012e+02
1.487827587397657396e+02 2.081879070073026128e+02
9.464023128496855009e+01 1.841204712785560105e+02
9.889423368941032777e+01 1.691954756541443032e+02
8.548350653138031419e+01 1.965251487675155602e+02
7.386310781659842917e+01 1.811074755631067319e+02
7.292479953134245818e+01 1.665176187674670416e+02
7.388671145426145870e+01 1.630378343301103143e+02
8.548350653138031419e+01 1.725191247674767396e+02
8.126022453130329382e+01 1.545146067675266011e+02
9.887881391213882409e+01 1.841245554632344579e+02
1.271254004683492411e+02 2.145780122324383967e+02
9.381893153149908926e+01 1.845221367674961641e+02
6.458937453138163676e+01 1.875228897674220434e+02
-8.859681608104402528e+01 7.920342541746587983e+01
1.321484384657231601e+02 2.052574086710363588e+02
1.237522611123288954e+02 1.842099456905954185e+02
1.146019245313045616e+02 1.845221367674961641e+02
7.801085899866336604e+01 1.872211581060855394e+02
7.714808153141949276e+01 1.485131007674379475e+02
1.197939453431430366e+02 1.901809148887127492e+02
