date:2016-05-06, time:1800, wind_speed:3.07, wind_dir:161.0, temp:13.0
1433.432149 2212.419175
-65.952817 5.200910
896.870298 2315.491034
812.805630 2175.787652
686.291687 1917.954133
-609.166264 107.621789
808.222399 2252.399392
941.607797 2218.130331
690.094074 2157.467017
893.902164 1833.029268
-109.325850 -326.991793
-107.597242 -357.762634
433.997987 -2757.189391
188.578175 1323.790087
17.742571 -208.028679
-102.918691 -392.070830
-1025.526023 -2467.836075
1274.044834 2367.472713
641.905001 1741.563844
-62.061685 14.762038
521.418065 -435.350912
-67.287071 -520.813753
600.732296 -2696.819136
1184.066390 1822.353979
937.228274 1497.803125
-97.464793 -4.510206
565.047496 -421.639299
-357.992853 -957.985682
-351.422842 -961.232691
941.303596 1827.522350
898.505306 1827.530223
981.341848 1377.929739
608.427217 1137.407423
348.252653 -639.822583
1023.730201 2307.267465
1058.281663 2181.526660
-895.604185 -105.268082
-193.369076 -312.561931
180.039721 -416.946705
-271.003005 -585.388562
-228.770185 -615.396092
439.354793 -2757.749957
1101.200788 2462.101459
1268.177431 2432.282510
304.398263 1952.497912
772.031126 1774.314563
891.229682 1430.125250
-652.034528 -43.326256
1396.285380 2295.817772
1230.196105 2284.546603
1310.060580 2154.840294
1147.792083 1947.414442
723.904451 1576.896032
-683.797700 -1.746394
54.110574 -28.142732
-442.879372 -218.008714
-68.207015 -357.597298
-514.281694 -842.537022
1017.048121 -2076.424034
437.326391 -2824.346702
933.581671 2104.115931
1106.504850 1647.018844
-400.494881 -97.534607
-395.478685 -1125.524102
1017.504836 1593.251530
-976.194181 26.983831
-142.812990 -32.518934
-649.583803 -87.280505
-21.156030 -275.210875
767.293749 1743.690668
648.116996 2007.281190
771.128505 2055.757532
356.937970 1946.047270
1150.534004 1138.613900
899.689241 1437.121996
-62.061685 -135.275612
-186.967647 -273.846675
-101.862493 -272.212396
-523.236734 -333.353712
-232.515460 -517.493942
226.342799 -786.370643
1143.273833 2424.201324
-900.099367 3.522739
854.835065 1485.131008
898.221299 1497.288463
-485.407536 -328.168305
-186.083814 -332.033785
