2.713553153133862565e+02,-2.625900602325160435e+03
6.392745015149839674e+02,1.330687838133319019e+03
8.126022453146123325e+02,1.425115947675071993e+03
6.881265653145866281e+02,1.335093357674926438e+03
9.723811812073671490e+02,1.467597541518314301e+03
6.458937453138163391e+02,1.425115947675071993e+03
6.881265653145866281e+02,1.275078297674829400e+03
5.214180653137905210e+02,1.455123477675120512e+03
8.501380166227847894e+02,1.269501523942143876e+03
8.050590993198989054e+02,1.251373097947860970e+03
7.202864977727440419e+02,1.315492455310452897e+03
7.666246585795862529e+02,1.419721425601680494e+03
8.932748711548958909e+02,1.286941998641120790e+03
7.714808153141948424e+02,1.335093357674926438e+03
5.999781183456299232e+02,1.180882551141477052e+03
8.548350653138031703e+02,1.275078297674829400e+03
5.145047822084524114e+02,1.161665634114975319e+03
5.152751830956353842e+02,1.710085041052402858e+03
5.967091951553516083e+02,1.686220146539737470e+03
6.881265653145866281e+02,1.575153597674524917e+03
6.391094232847958665e+02,1.504112493416386087e+03
5.558427252842768667e+02,1.419554754939312488e+03
6.396141103872804479e+02,1.349193260182334370e+03
3.547095653145739789e+02,1.305085827674877919e+03
5.123526822016483493e+02,1.614346992900508894e+03
5.977916658074803991e+02,1.708642989005228173e+03
6.460971296840609739e+02,2.205795182324481175e+03
7.294513796836693018e+02,2.265810242324578212e+03
5.625394953142080112e+02,1.365100887674974956e+03
6.384702725296449444e+02,1.442266784251276249e+03
6.881265653145866281e+02,1.275078297674829400e+03
5.972598049446069126e+02,1.260863558929509963e+03
6.877742546846548066e+02,2.325825302324675249e+03
8.126022453146123325e+02,1.395108417675023475e+03
7.714808153141948424e+02,1.215063237674732363e+03
6.044200046834671411e+02,2.325825302324675249e+03
3.894010935350759155e+02,1.441201130974364332e+03
6.047723153133988490e+02,1.455123477675120512e+03
8.067486287389973540e+02,1.591774619826293929e+03
9.657299795539535125e+02,2.273725252052561245e+03
9.378370046834797904e+02,2.265810242324578212e+03
7.711285046842631345e+02,2.295817772324626731e+03
8.544827546838714625e+02,2.235802712324529693e+03
8.961598796844652952e+02,2.295817772324626731e+03
8.544827546838714625e+02,2.115772592325125515e+03
6.877742546846548066e+02,2.205795182324481175e+03
8.897800187793435498e+02,1.198487174886534376e+03
7.714808153141948424e+02,1.305085827674877919e+03
6.047723153133988490e+02,1.275078297674829400e+03
5.575699870956755149e+02,1.541337169002855489e+03
6.008515587934862197e+02,1.467496422566070351e+03
6.383209810161793030e+02,2.276867238025351071e+03
9.795141296840736231e+02,2.175787652324432656e+03
1.146222629683290279e+03,2.205795182324481175e+03
6.822115528250712941e+02,1.419353404107918323e+03
5.926279575071471299e+02,1.374961465779409764e+03
8.544827546838714625e+02,2.145780122324384138e+03
6.047723153133988490e+02,1.215063237674732363e+03
9.795141296840736231e+02,2.115772592325125515e+03
8.904787696583811112e+02,2.306812641395464652e+03
8.899316035117699357e+02,2.231624282536238752e+03
8.544827546838714625e+02,2.175787652324432656e+03
8.502387008774829837e+02,1.899768042638661882e+03
1.056815001576941768e+03,2.230586580223226974e+03
1.016444715651302204e+03,2.289876418081936663e+03
6.047723153133988490e+02,1.185055707674683845e+03
7.212567585185240659e+02,1.465327983991314341e+03
8.880873725118926814e+02,2.183857011071314901e+03
1.104545504684275784e+03,2.115772592325125515e+03
8.005103959609489266e+02,1.494915039115630179e+03
7.292479953134246671e+02,1.515138537674427880e+03
5.530366263443758044e+02,1.526769174610210484e+03
6.405757730726352293e+02,1.389814380243207097e+03
6.047723153133988490e+02,1.335093357674926438e+03
5.214180653137905210e+02,1.305085827674877919e+03
3.488176568085858662e+02,1.269271156290288218e+03
3.067232287627843448e+02,2.111769328297464654e+03
3.474975278811505746e+02,2.065436743071450564e+03
3.493718888936540452e+02,2.067628737384585293e+03
3.547095653145739789e+02,1.335093357674926438e+03
3.124767453138036899e+02,1.995259017674414508e+03
3.543572546846421574e+02,2.055757532325028478e+03
3.543572546846421574e+02,2.085765062325076997e+03
3.485647697547177017e+02,2.035791214431458002e+03
3.926302721079391063e+02,2.010272233348251348e+03
1.599192218159576441e+03,1.689401468231572153e+03
3.905288472550099641e+02,1.990449342622132235e+03
1.880010653137779286e+02,1.245070767674780882e+03
