date:2016-08-10, time:1300, wind_speed:4.75, wind_dir:195.0, temp:22.0
80.794844 106.400729
-98.455768 -47.016622
-110.976957 -253.742850
9.078970 103.105084
1.337919 120.444939
-2.094025 -139.559187
-161.020693 49.358879
-89.560418 -1.524549
-139.155585 45.784078
-65.074585 7.287146
-110.454550 -13.527561
-123.397822 40.371979
-102.278352 93.665487
27.135532 -70.541868
-6.206168 70.493523
-78.778021 -14.040660
-77.671043 7.301672
-168.802525 19.480722
-118.789975 -4.525302
-98.423163 7.361711
18.597150 120.662418
67.812870 103.238556
-27.659124 106.419364
-86.850513 115.039141
-77.615589 103.312587
-111.003957 16.393353
-102.119125 10.478463
68.575322 102.721307
-132.910583 76.053504
-69.264733 55.353231
34.933248 127.355179
-122.902118 88.498041
-64.681619 69.625539
-57.025284 60.565569
-140.644161 31.244313
-169.314630 25.363839
-147.778798 30.715568
-85.938232 1.336091
-81.784097 127.380823
-119.323841 70.357679
-90.038912 51.723703
-95.402519 66.912871
-93.783700 64.492017
-81.224993 148.513101
-69.711120 51.787927
-77.112850 -31.532079
-115.023097 109.419539
-110.454550 22.481475
-122.902118 130.508583
-148.408829 40.304729
-94.453912 147.670060
-153.110345 85.290684
-98.501763 78.450547
55.698196 157.417784
-178.492638 79.171487
-102.625282 22.292538
35.470957 157.515360
93.295643 106.337598
-122.902118 97.500300
64.589375 136.510089
-124.501991 75.951237
-85.950838 25.331181
-110.454550 -19.529067
-177.137950 79.495782
-56.218718 136.510089
-97.895843 10.478463
-81.224993 22.481475
72.402901 103.370864
76.600645 -235.698576
-164.579243 49.488252
-118.789975 13.479216
-77.676751 100.375216
68.812657 103.501806
64.589375 106.502559
-2.094025 154.514607
-144.310326 19.395411
22.912250 175.519878
-31.212443 115.504818
-112.212901 91.070915
-122.902118 55.489758
-72.889568 49.488252
-114.566693 7.477710
-177.137950 79.495782
-115.262950 54.500638
-114.566693 58.490511
-57.204868 148.307380
-115.051620 115.325839
-140.100129 79.329790
-98.357995 49.320004
-85.970634 13.386368
-139.572968 100.501053
-135.460825 103.501806
-31.212443 127.507830
-27.658183 151.372563
-28.015219 138.668447
-81.699817 142.395877
-43.771150 121.506324
-152.662379 94.354524
-161.019693 76.404174
-140.018147 6.581560
-168.802525 19.480722
-89.560418 73.494276
-102.119125 70.493523
-97.895843 85.497288
-73.764566 90.525732
-173.433640 22.393654
13.688344 -107.512052
68.257260 142.351322
-6.745168 145.426356
68.812657 103.501806
34.642945 132.781905
-140.061699 127.378948
55.763075 106.322069
-165.057868 55.397421
-147.908393 49.488252
-106.668683 -35.449460
-81.224993 -4.525302
-94.839171 100.328558
-97.895843 97.500300
-119.317463 127.365184
47.918525 133.509336
-73.070388 123.586074
-27.100300 106.502559
-177.649640 61.365384
-73.392369 -1.676599
-106.231268 -22.529820
-2.574592 -283.681038
52.141807 172.519125
-93.783700 163.516866
-81.224993 127.507830
-99.617768 109.067952
-69.284557 100.310494
72.924800 103.501806
-172.914668 46.487499
-98.420970 30.552127
47.366951 -208.724741
-86.009732 142.395853
-31.700643 133.367627
-69.176658 93.578632
-40.068239 67.346674
-149.251595 64.100676
-160.951285 52.305554
-102.119125 148.513101
-23.437641 130.333417
-68.777425 49.488252
-60.955219 -157.719769
-69.289927 -166.727141
-44.312940 -247.686735
-48.341430 -277.737219
-72.889568 70.493523
-157.218888 88.281889
-119.315859 55.339712
-110.454550 25.482228
-106.231268 10.478463
-15.044142 -286.767501
-35.903385 -280.776329
-39.547868 -280.594578
2.129257 136.510089
47.358357 139.342730
-177.137950 79.495782
-156.777194 40.299452
-82.910303 -107.056322
22.912250 -208.576506
-135.460825 79.495782
-139.572968 79.495782
85.483507 175.519878
-106.231268 151.513854
52.141807 118.505571
77.148082 115.504818
-115.096052 67.359325
-115.106710 49.377810
-73.422074 16.309472
-122.902118 -13.527561
-115.077319 151.361581
-89.560418 139.510842
72.924800 130.508583
-114.566693 61.491264
55.785379 -256.690032
43.254995 -284.749094
-118.789975 94.499547
-172.914668 76.495029
-122.902118 22.481475
-64.554143 -193.572741
-156.243818 79.495782
-140.111798 49.381725
-68.777425 55.489758
-81.790416 1.336545
-81.701863 4.320846
-85.448275 13.479216
-147.908393 100.501053
-47.883293 -250.587048
-98.357540 130.376684
92.836591 130.225764
-64.554143 43.486746
21.840364 -283.887694
59.965768 106.331191
68.812657 103.501806
-106.730644 64.399260
-123.378522 61.341839
52.141807 151.513854
-122.902118 70.493523
-68.777425 -259.589307
-65.515150 -263.142957
-52.601953 -274.720983
-89.560418 76.495029
-144.715629 51.746030
-172.914668 46.487499
-6.206168 46.487499
-64.554143 40.485993
-64.554143 -271.592319
14.576825 133.509336
-127.125400 76.495029
-148.463558 64.372554
-93.783700 46.487499
-77.597475 -232.686867
-160.960670 46.400203
-86.005082 97.386995
72.924800 160.516113
-68.777425 73.494276
-131.748841 19.359217
51.580249 130.331811
-97.895843 100.501053
-144.312456 25.354026
-145.548927 73.039583
81.260225 190.523643
-148.450142 82.404097
-73.122506 -86.526251
52.141807 -241.584789
-64.554143 31.483734
18.800107 -208.576506
34.918623 -208.712917
-81.224993 -88.546386
5.755651 -274.731981
-40.159525 126.604196
80.767937 103.327253
-166.307333 43.070209
-81.727226 -226.749614
-137.027218 81.947898
-139.572968 85.497288
-27.594237 139.392335
-57.879393 133.023893
-102.627790 55.302925
-93.783700 58.490511
-19.426711 111.692953
-14.997083 112.420716
-81.776518 103.347807
-91.166664 109.030966
-106.696220 -25.658387
-73.405157 157.341545
-77.627323 151.394209
-81.224993 73.494276
-89.560418 52.489005
-35.435725 127.507830
-31.684846 130.375917
-27.100300 130.508583
68.812657 181.521384
-91.162402 160.124971
6.241400 115.504818
-61.759493 58.152851
-140.503690 -29.030563
-40.558840 141.523378
-181.250093 82.496535
-106.231268 34.484487
-72.889568 -163.565211
-165.121463 7.395823
-106.231268 52.489005
35.470957 -64.540362
-114.416337 -11.216970
93.338230 193.371818
-102.839289 150.664163
10.464682 151.513854
-81.224993 91.498794
-82.193539 6.716949
-60.903812 -16.671913
68.343048 -226.713577
-160.467100 4.476957
-160.467100 4.476957
-110.648322 93.763883
-106.231268 91.498794
60.477232 136.510089
-81.224993 31.483734
-77.112850 -112.552410
-85.912543 -244.667379
-40.068035 -280.675748
72.383652 139.377021
-65.562419 112.282477
-39.174559 114.855937
-86.212851 81.622265
-106.717625 76.373776
-124.264586 -40.929844
51.656289 -196.685397
42.175685 172.008707
-127.660489 70.357823
-115.026280 49.320825
-97.895843 -19.529067
-127.651094 -31.677174
-77.112850 -256.588554
-23.867075 -283.855168
-114.752170 108.786521
-120.455347 112.140282
-131.693129 142.400283
-123.450831 154.422411
-31.212443 130.508583
-31.552856 126.571132
-64.554143 67.492770
-97.895843 25.482228
68.812657 142.511595
-52.650039 133.349258
26.671464 148.346064
27.135532 139.510842
-52.106575 118.505571
60.477232 169.518372
75.529689 162.953071
-48.396769 121.392733
-18.764875 106.502559
-48.429921 -268.726592
60.477232 -265.590813
-56.725866 -274.773728
-90.070828 7.329223
2.652549 153.838076
-82.179898 -46.750750
55.688822 148.329021
50.353045 151.163856
-90.067947 52.387665
-106.703710 13.326587
56.253950 -217.578765
-147.908393 70.493523
-122.902118 19.480722
-72.889568 28.482981
-114.566693 64.492017
-157.965135 64.006180
-152.131675 88.498041
-93.783700 4.476957
76.614626 175.354569
-60.442000 -22.529820
-73.546601 27.471462
-131.237543 40.485993
-14.541593 -286.596084
-73.418713 97.323080
68.812657 103.501806
-135.460825 43.486746
-131.237543 43.486746
-91.227547 39.941135
-93.783700 40.485993
-97.895843 73.494276
-64.554143 70.493523
-106.756270 61.326557
-135.460825 109.503312
-14.541593 142.511595
-64.554143 31.483734
-85.907374 -19.688297
-98.286079 72.455078
-90.977397 73.170188
109.890134 205.426279
72.924800 190.523643
-61.715378 178.068217
31.247675 172.519125
81.260225 163.516866
-2.598443 157.326436
-40.928163 130.151741
-139.572968 106.502559
-145.219119 73.086710
64.100561 -229.696331
2.129257 -274.593072
51.218045 -241.917274
-93.783700 100.501053
-89.560418 100.501053
-90.123511 103.383183
-90.829508 100.114625
-115.107206 151.340339
6.241400 112.504065
6.241400 115.504818
-157.169954 94.211559
-148.410792 94.342387
-81.224993 4.476957
-85.864186 138.938846
-81.224993 139.510842
-32.167356 127.260556
-31.744751 127.357728
-28.064943 127.221549
-161.399606 43.291373
-164.579243 43.486746
-82.912290 0.981404
67.429178 148.078031
-146.953927 82.046815
105.754281 208.460253
46.928143 181.192533
-78.106185 166.250445
-36.472110 163.222350
-36.401860 160.260542
-73.359866 148.421785
-82.252088 145.232514
21.933203 145.227258
-107.228540 115.210961
-40.504879 94.298154
-82.166066 67.233612
-86.459871 1.236891
-61.447191 -10.822525
-61.417446 -208.919517
-61.506966 -256.920654
80.764091 175.364227
97.455117 157.358697
105.297124 145.244087
64.088450 130.388339
-90.092803 94.361770
-85.931123 76.356540
-94.271497 61.409772
-11.421790 40.249081
-81.732813 22.370170
-78.105579 -13.700328
-69.296193 -13.624532
76.652310 -229.722070
-56.776043 -232.744670
-3.104266 -274.764489
-31.709414 106.361469
-32.639342 106.138766
-29.596812 106.292632
-31.774328 106.380737
-73.378635 178.403850
47.366085 178.350008
-65.020251 166.415847
-27.577115 157.363467
93.333812 154.325674
-73.416822 139.429374
-35.890619 136.323254
-94.337842 118.382751
-31.773394 109.339423
80.780836 109.374126
-48.425645 100.331288
-86.001566 82.312707
-69.291667 -16.643681
-52.665314 -163.749702
59.940314 -244.743881
-118.789975 127.507830
-120.322891 127.942487
-114.566693 130.508583
-52.106575 118.505571
-53.707522 118.017690
-52.106575 115.504818
77.148082 202.526655
18.800107 169.518372
-35.435725 166.517619
10.464682 160.516113
97.931075 151.513854
-97.895843 103.501806
-156.243818 73.494276
-68.777425 34.484487
-39.547868 -196.573494
-60.442000 -253.587801
