-6.393018714738758490e+02,-1.142516358149585358e+03
-9.746851483650442560e+02,5.090634543465478146e+02
-1.191884727311069810e+03,2.819063502015741278e+02
-1.066344050306872077e+03,5.154235377128800337e+02
-1.066197856341733086e+03,1.930930818060899128e+02
6.826816669763329628e+02,1.025684320887848799e+03
-1.062312684686664397e+03,-2.565885542325063398e+03
6.881265653145866281e+02,1.035018057674441252e+03
-1.494451738637115454e+02,-2.874152033426770686e+03
-4.781940103778888442e+02,1.356631295174768866e+03
5.625394953142080112e+02,1.065025587674489771e+03
-5.547188628933552081e+02,-1.139273946118379399e+03
2.261101693282000156e+02,-2.558000111967492558e+03
4.744020175907400017e+02,1.087488600150023103e+03
7.694277268989751519e+02,1.094007883913412115e+03
-1.062312684686664397e+03,-2.565885542325063398e+03
-1.062312684686664397e+03,-2.565885542325063398e+03
6.881265653145866281e+02,1.035018057674441252e+03
5.625394953142080112e+02,1.065025587674489771e+03
6.881265653145866281e+02,1.035018057674441252e+03
4.749938128612126320e+02,1.084627483498316678e+03
3.547095653145739789e+02,1.185055707674683845e+03
6.839627656068424812e+02,1.027683889018986974e+03
5.625394953142080112e+02,1.065025587674489771e+03
5.625394953142080112e+02,1.065025587674489771e+03
5.625394953142080112e+02,1.065025587674489771e+03
6.881265653145866281e+02,1.035018057674441252e+03
6.881265653145866281e+02,1.035018057674441252e+03
6.823633416149965569e+02,1.027391824811895958e+03
-1.065743208561511665e+03,-2.573104780224599381e+03
-1.067925978330960334e+03,-2.574833700727124778e+03
-1.062312684686664397e+03,-2.565885542325063398e+03
-8.157781236063152619e+02,-1.284714732790848757e+03
-7.703241253182401351e+02,-1.358023760592683857e+03
6.881265653145866281e+02,1.035018057674441252e+03
-1.062312684686664397e+03,-2.565885542325063398e+03
4.791852453145997401e+02,1.095033117674538289e+03
6.881265653145866281e+02,1.035018057674441252e+03
-1.277282537544792604e+03,2.026402969190775138e+02
6.838155175396792629e+02,1.026985782696847082e+03
6.881265653145866281e+02,1.035018057674441252e+03
8.548350653138031703e+02,1.065025587674489771e+03
8.504610366711808638e+02,1.057225139405433765e+03
4.791852453145997401e+02,1.095033117674538289e+03
5.625394953142080112e+02,1.065025587674489771e+03
5.572581975743697740e+02,1.056900921397959110e+03
2.739740544449442723e+02,1.493097544754247565e+03
-4.319125095239449479e+02,1.416151749956539334e+03
-8.966868000629207245e+02,1.319026140563566742e+03
-9.778586733660612254e+02,1.235341988145305322e+03
-1.230329862279400004e+03,1.160818462107045207e+03
-1.231699817132724547e+03,1.159399996671183544e+03
-1.190870963858533059e+03,1.182759208505641709e+03
-1.109892659749041513e+03,1.131521280337596636e+03
-1.485532903980414858e+03,8.405530987032361736e+02
8.548350653138031703e+02,1.065025587674489771e+03
9.337361726808962885e+02,1.055105909425814389e+03
9.381893153134114982e+02,1.065025587674489771e+03
-1.270908141135583946e+03,4.268852678572805530e+02
-1.233456398709445921e+03,4.017102220819881495e+02
-1.104281201990483623e+03,5.917543200742563414e+01
-1.729146684686689468e+03,2.248147476747107021e+02
3.547095653145739789e+02,-6.754111523251655171e+02
8.959564953142206605e+02,-2.385840362325562182e+03
-1.062312684686664397e+03,-2.565885542325063398e+03
-6.075777680593746481e+02,6.121746595222266478e+02
-1.191888283612481700e+03,5.219617315941923152e+02
9.750776124649595431e+02,1.026055868619521107e+03
-8.042562616832140066e+02,6.299197198412448273e+01
