date:2016-10-31, time:0200, wind_speed:3.0, wind_dir:323.0, temp:5.4
-54.147726 -256.488365
-68.551176 -7.709718
-34.957960 70.105941
115.403879 105.794375
-81.224993 49.488252
-117.709808 -20.419727
-88.711715 87.890955
-46.965002 81.811319
-67.970562 84.858135
-46.759047 114.770766
-60.156017 118.343681
165.933952 168.650838
-84.468809 -23.220294
-17.526926 51.788188
114.601925 181.521384
-35.435725 121.506324
128.059251 108.960961
-84.574881 36.934308
-71.791729 132.787354
-89.560418 91.498794
78.512671 114.735523
-135.460825 67.492770
-67.502270 108.620258
52.414023 121.334121
-4.481206 64.929038
-155.183708 36.749049
-55.122695 0.728459
-63.282509 45.644973
-63.179531 3.644649
119.038041 151.360197
-13.987477 109.153059
-38.497040 96.752737
115.198506 124.114616
-38.444964 117.827018
40.366339 123.971591
-96.806931 108.770284
-34.374255 24.591165
-105.150185 9.573712
120.138871 186.853948
144.929395 174.703488
-42.935398 108.881961
114.909605 145.293987
136.296662 147.861538
107.297253 138.778542
-56.218718 115.504818
90.521760 150.750957
157.085857 156.893663
143.831482 121.506324
147.943625 166.517619
173.724309 195.910446
61.670056 114.588833
-76.252432 54.870875
-25.868654 120.699176
-126.048823 -2.195301
78.227049 111.782459
119.920893 126.804839
61.638582 120.770947
-34.312977 126.859920
-38.560779 120.784497
166.678887 199.525394
7.428793 99.793195
128.496431 189.663843
-25.863625 111.745301
-51.313680 120.894849
115.422555 147.914442
-126.110642 -17.374772
-42.618131 111.760803
73.545895 112.044886
-72.091627 72.934614
6.757484 91.053020
152.749313 169.152906
115.691304 126.641676
-17.651312 36.738353
-38.733236 117.809689
-25.972679 117.707771
-39.547868 142.511595
15.458754 129.902848
-63.584532 93.662153
-17.611221 42.677651
-21.482232 57.758525
157.162259 198.847294
3.237018 141.838898
-113.465090 96.765945
-5.167298 138.890413
-60.127176 13.309853
-59.431791 -5.337467
-13.338130 126.718854
60.477232 115.504818
11.492652 153.834636
-84.678583 81.866886
72.924800 112.504065
-96.803036 57.629225
48.197886 124.316615
-72.674168 -4.772970
-68.777425 1.476204
-67.591297 111.828837
56.488916 121.336019
-59.405732 81.734107
-101.445247 72.847767
-105.343676 61.025110
-96.840592 90.756765
152.166907 139.510842
-9.333619 63.642746
-71.754968 24.665239
-43.022590 120.893172
-93.783700 82.496535
11.622352 87.804443
-30.446408 129.870420
-55.166803 144.880159
-1.186909 66.918162
-67.969123 75.874777
61.224299 117.901603
56.253950 118.505571
123.766044 105.865853
53.165246 120.796706
-22.877018 46.487499
-22.114652 45.876443
-80.160891 114.682449
174.058729 201.733028
-46.536493 66.652150
-60.197366 133.351612
-42.679888 72.733248
-59.610852 75.951730
-26.243436 129.935648
-38.733556 0.944363
-56.218718 115.504818
-92.648214 -5.297292
132.421718 165.757159
-88.693465 54.895745
-27.100300 112.504065
-34.355438 102.737005
-117.995335 21.899056
-59.229851 81.788319
69.376770 112.144898
-59.156460 6.695927
161.560877 150.791696
-108.445222 136.530600
-35.204337 97.345626
-84.360204 141.722700
144.945923 174.668356
115.744115 147.733277
20.122158 126.611702
-38.816332 99.943295
81.260225 109.503312
-18.764875 115.504818
-13.705763 27.912111
-13.365681 111.784000
-79.812280 81.688768
-146.583170 24.633659
107.139549 162.895916
-42.330415 36.737938
116.795486 172.663516
135.745877 124.274412
-9.348840 45.798704
-52.106575 127.507830
-89.560418 94.499547
-46.700138 126.785819
-109.283510 63.804409
-25.967644 132.843098
65.159368 112.000365
-34.567287 72.971995
28.234321 126.717888
20.193433 117.697803
6.989915 90.992604
7.164960 129.977752
11.265806 108.835909
85.752881 169.301395
81.260225 181.521384
-30.320496 120.997349
11.533323 117.726512
-54.838570 90.701613
-93.045530 12.831621
103.293234 132.674040
78.283250 126.802067
11.688714 105.747397
132.335628 114.715117
83.517387 124.591974
136.560344 117.777278
81.260225 115.504818
27.135532 121.506324
132.357224 156.756161
-33.183960 115.481823
-22.094680 66.816388
107.321238 201.850464
127.985082 138.824882
86.914982 132.732948
-5.333313 129.921940
57.083076 123.892671
18.800107 142.511595
2.672562 97.070325
-42.671076 123.782522
-13.613368 111.811177
103.564347 165.736944
-34.602142 72.940200
69.523417 114.830564
94.935817 138.748802
44.688099 126.897694
32.597290 132.667580
115.480697 108.948858
-63.310878 99.686439
-35.435725 145.512348
127.984446 144.934773
-33.475182 49.667355
-34.178944 120.693382
115.908119 129.657006
123.235716 139.306920
-68.777425 73.494276
143.831482 151.513854
65.331447 129.929150
44.956482 135.830824
-43.771150 160.516113
-42.595708 153.800746
-50.994205 51.833508
-63.493699 75.796917
-68.777425 82.496535
57.056487 117.853796
36.664411 156.773029
44.924435 153.808570
78.223533 111.774209
11.228591 99.925962
60.477232 124.507077
-121.735849 75.816750
65.892910 123.693935
-21.867624 102.757984
49.071005 126.694535
-43.771150 136.510089
-38.458975 78.810695
52.141807 124.507077
-67.714305 114.813495
97.931075 148.513101
52.981151 156.915887
-71.687753 108.750200
132.476544 192.821872
150.266359 184.529299
131.272775 181.521384
57.143730 123.996798
-42.669750 87.730431
-22.877018 100.501053
99.074369 129.813262
-34.938292 106.080937
-84.608351 78.879886
97.931075 127.507830
-34.591496 57.864282
149.080732 120.698206
-59.865556 118.021393
19.378713 118.010563
7.451189 66.733873
-38.758050 78.791232
-21.863893 84.635364
-38.440526 6.733936
52.141807 127.507830
-9.845115 111.988838
131.822847 136.081092
122.937350 142.511595
-59.118812 126.645746
149.101014 120.764414
-10.429450 7.477710
-5.132735 126.721363
-5.523882 111.813858
-1.273135 87.925864
-1.284888 84.953919
-51.255564 96.867771
-25.783385 99.642645
-30.097813 105.668087
-38.154524 99.742669
40.649914 153.667504
-122.902118 -25.530573
90.957507 120.733606
-9.092688 39.688106
-68.777425 79.495782
-42.681160 93.683965
-104.837660 81.686804
114.601925 130.508583
57.010096 117.816212
-13.378978 105.814113
-47.403391 25.046747
6.241400 151.513854
-52.106575 91.498794
-59.341110 129.724033
44.885338 129.702001
-38.425432 81.757235
124.337151 132.725819
-84.552127 105.904290
136.846961 180.667049
10.693509 100.322113
-88.263043 66.684662
-5.682113 52.055829
114.601925 124.507077
127.912508 138.901215
-67.917522 6.862024
99.826614 172.623173
95.033626 174.838426
118.825207 145.512348
131.859005 133.086525
123.789689 138.889910
144.743021 120.887506
90.702272 126.737905
11.585644 60.709303
-13.492489 48.738421
-9.409595 90.740913
-59.346044 78.801365
44.689740 123.941522
93.818932 142.511595
-0.158004 85.673403
-76.012819 117.804734
-84.309989 114.781456
119.558729 162.952147
48.830764 168.907193
43.806382 148.513101
111.325034 144.924670
124.066085 144.830592
-25.927072 120.792366
56.793508 121.083080
-59.545445 108.953119
144.722276 150.837302
136.577679 147.750302
115.420777 165.894102
123.695097 123.985192
-1.879201 67.237154
111.590185 108.692203
2.129257 97.500300
-42.928607 54.985122
172.949900 196.525149
-67.897793 15.831373
-77.112850 109.503312
-67.991586 117.901468
-47.150667 78.932063
-47.883293 31.483734
-46.819795 30.772672
19.928436 117.884616
-0.913664 114.733861
-2.094025 121.506324
-88.442968 90.849453
-55.388683 78.959602
-63.222700 81.666342
-50.886863 90.625988
-33.244302 79.496418
-92.967301 6.887803
-47.656599 118.311775
57.258355 162.868406
-88.772726 105.922825
-22.877018 127.507830
11.271491 87.999594
11.302030 96.895833
131.272775 148.513101
-30.106360 129.788593
120.100055 129.665617
103.523167 153.725949
-76.307585 93.879921
57.620183 120.695256
-97.895843 79.495782
31.247675 151.513854
-2.094025 91.498794
152.875700 180.942149
132.444014 129.782468
-34.181306 135.690771
-25.754600 36.618565
-52.106575 31.483734
115.600851 168.835220
-34.180609 114.656666
120.070709 144.698538
-67.470576 126.594471
153.316862 180.840973
2.975146 96.900551
-43.771150 46.487499
128.033675 156.957622
-51.054633 69.699419
2.964477 60.920070
-59.458658 33.690616
-38.531108 3.703906
124.067169 162.725128
-55.158555 75.825387
86.538247 126.832955
-38.402303 75.763398
-4.930980 102.696762
52.975474 123.849691
-93.501546 58.335694
-63.282756 3.554373
-67.543440 6.733051
-51.099784 15.754998
-80.639813 109.041351
-38.666899 123.919584
-84.339478 -11.283474
-93.534390 13.235102
-31.212443 136.510089
-71.718634 87.758623
115.663425 129.770209
65.761941 147.765647
-35.435725 82.496535
-122.061056 -29.059950
-71.803121 87.838179
-1.794755 58.276794
18.800107 142.511595
19.651157 147.906973
123.755528 147.882012
145.096571 138.649127
-34.575347 132.881581
-72.889568 97.500300
106.863510 145.060689
-76.248990 129.824388
-51.849045 82.345552
39.821008 124.252715
45.056022 127.184944
143.831482 118.505571
35.470957 154.514607
