1.036401466972193703e+03,1.029086932495979454e+03
-3.399133325888554964e+02,9.925982769525887761e+01
7.853300415414704503e+02,1.029793778513410871e+03
-3.543572546862215518e+02,-1.652831423251303704e+02
1.112088908797092472e+03,1.032916125593300649e+03
-1.495324234162340815e+01,7.333612498526518948e+02
6.536030496831419896e+02,1.061904810775682336e+03
9.523023398846880809e+02,1.058144955590004201e+03
1.021543565314599164e+03,1.035018057674441252e+03
-1.187899754685463449e+03,1.647996876746136650e+02
-1.265329508434518857e+03,-2.269165807042334677e+02
-1.745241848616076368e+02,4.094935493834201878e+01
-2.146665402887961704e+02,4.897904138517978936e+02
5.625394953142080112e+02,1.095033117674538289e+03
8.126022453146123325e+02,1.035018057674441252e+03
1.118481311141705191e+03,1.028783094218897986e+03
6.592290379904975453e+02,1.060487259417946234e+03
5.703119448336371988e+02,1.093197265335488510e+03
5.214180653137905210e+02,1.095033117674538289e+03
5.363154023208904846e+02,1.090362533925979960e+03
6.458937453138163391e+02,1.065025587674489771e+03
9.793107453138289884e+02,1.065025587674489771e+03
7.350221745021019615e+02,1.061776744956016728e+03
4.937978776890599306e+02,1.120613310878383572e+03
-9.300742434848301627e+02,-1.367854096495590284e+02
1.479436245314637745e+03,1.215063237674732363e+03
-2.567353280702379834e+02,-2.136916713917760546e+01
-3.121244346854513196e+02,3.748523976749532949e+02
1.118551651988982485e+03,1.028441453986505849e+03
-9.136540743777786133e+01,-1.997071057834284034e+02
8.959564953142206605e+02,1.065025587674489771e+03
4.791852453145997401e+02,1.095033117674538289e+03
-8.544827546854508000e+02,2.548222776747592206e+02
-8.404877006928635410e+02,9.846812070329249877e+01
8.198031604337579665e+02,1.032637222412597794e+03
-7.711285046858424721e+02,-1.952906723251788890e+02
7.837167661911628329e+02,1.029561480528092488e+03
-5.553534358387386192e+02,1.930863680409847234e+02
-4.377115046858298797e+02,-3.753358523254700003e+02
-7.711285046858424721e+02,4.476956767441957652e+01
-4.960310406014171747e+01,4.592357516760264957e+02
5.625394953142080112e+02,1.095033117674538289e+03
8.126022453146123325e+02,1.035018057674441252e+03
8.126022453146123325e+02,1.155048177674635326e+03
8.185108080955951664e+02,1.032020491188932965e+03
8.188435630612242448e+02,1.032508588966853495e+03
-3.470387662751540461e+02,1.329795825699411864e+02
-3.003179629888634281e+02,9.770956684398798586e+01
-5.149337098139945965e+02,2.816504114077221175e+02
3.687680179114581733e+02,1.210865722236994316e+03
-2.646827009667692323e+02,-1.070008340998504082e+02
1.104897815314207492e+03,1.035018057674441252e+03
3.958309953134120178e+02,1.185055707674683845e+03
3.620567632516287517e+02,1.212599278504643280e+03
3.958309953134120178e+02,1.185055707674683845e+03
6.592719518032420183e+02,1.059583155867691403e+03
1.069759358224565858e+03,1.031837796778044094e+03
7.793017351838202558e+02,1.062652199444485404e+03
-5.911358365969824717e+02,-3.224863677808169768e+02
8.190777628650859015e+02,1.031417357902703088e+03
-1.355996001142041507e+01,-4.664956912105019171e+01
6.530193852545316986e+02,1.062860920211064922e+03
4.525302442867069317e+02,1.180479497812317959e+03
-6.206168468662637849e+01,1.476203767437105796e+01
-5.549991607820537638e+02,2.815313013283427495e+02
8.267777820109390632e+02,1.029907080926782101e+03
1.062664995313437203e+03,1.035018057674441252e+03
8.203781559556861112e+02,1.033015477009063261e+03
8.959564953142206605e+02,1.065025587674489771e+03
-1.064207582517082983e+03,4.614926964253015740e+02
6.531440554944610994e+02,1.061600047740706259e+03
5.367562900545157163e+02,1.089326064466082698e+03
-6.739600781982092030e+02,-2.620706454886435495e+02
1.104897815314207492e+03,1.035018057674441252e+03
5.356805804162295317e+02,1.119906054778046609e+03
-5.140144474991014931e+02,-2.582279958763267587e+02
-3.954786846866389851e+02,-1.524549232488777051e+01
1.075278707841783898e+03,1.029745593547737144e+03
-5.907204740319655230e+02,6.999060793036770178e+01
7.783664572447380579e+02,1.031460920126822657e+03
-4.847919653953694592e+02,-2.905638480580465171e+02
-6.044200046866258162e+02,-1.952906723251788890e+02
-1.456997403909529964e+01,-7.701030114214965749e+01
6.458937453138163391e+02,1.065025587674489771e+03
-1.354608254686259443e+03,-2.252982023252274075e+02
-1.182118076506497573e+03,-1.386784814582583465e+02
1.368165301478814172e+03,1.120498534710618060e+03
6.819610336174568488e+01,5.518112796708318228e+02
-9.696421292068170317e+01,5.218495023909763404e+02
-1.302567648627148174e+02,1.587654114470313971e+02
1.278293850378918933e+03,1.093124413321892462e+03
1.354960565314611813e+03,1.125040647674586808e+03
-5.621871846858556410e+02,7.049352276746973303e+02
5.761291393734107942e+02,1.089196438646019487e+03
-3.053607479787085595e+02,1.931995200168143469e+02
7.434643787770946801e+02,1.029070385681222660e+03
1.953907128632096715e+02,1.183380182981338976e+03
4.505265931687711713e+02,1.179871524386800502e+03
-1.725314395107123175e+02,-3.805451192512276748e+02
5.625394953142080112e+02,1.095033117674538289e+03
-3.061532078256717000e+02,4.265387984970392665e+01
4.455579192025415409e+02,1.183543822909479786e+03
6.586816045827512198e+02,1.060112329220131414e+03
-5.210657546854381508e+02,-3.453283223254214818e+02
8.262693218687001036e+02,1.027911066507662099e+03
-2.161473511769277707e+02,1.004081643249496096e+02
-1.876487546854255584e+02,4.348674576750503320e+02
1.107469976624198296e+02,8.232466140853057368e+02
8.271379401529841289e+02,1.028710823089487576e+03
-5.146778222820851170e+02,2.215810344036312642e+02
4.090934268437313222e+02,1.180448481599995375e+03
-5.479676880237807381e+02,-4.423531917376350293e+02
1.076134065571089195e+03,1.029880116974415387e+03
1.118659030039102845e+03,1.029502908484362024e+03
-4.663619670157401060e+02,-1.105347342418526182e+02
-8.956041846858682902e+02,4.948825176751473691e+02
1.076463415091383922e+03,1.030357953375568741e+03
3.547095653145739789e+02,1.215063237674732363e+03
1.104897815314207492e+03,1.035018057674441252e+03
-8.544827546854508000e+02,1.948072176746621835e+02
-2.710030046866132238e+02,-1.352756123250818518e+02
-2.148994041944627043e+02,2.209184684670409240e+02
6.458937453138163391e+02,1.065025587674489771e+03
-6.090322802158578952e+02,1.324362868587219282e+02
7.367416425508537259e+02,1.033293959874056554e+03
1.271606315313424147e+03,1.095033117674538289e+03
1.271606315313424147e+03,1.095033117674538289e+03
-6.206168468662637849e+01,7.477709767446809508e+01
-1.876487546854255584e+02,1.047846276745166136e+02
1.235892875332157701e+03,1.062181227532636512e+03
1.493296373557925563e+03,1.208924535048532789e+03
-5.210657546854381508e+02,-2.252982023252274075e+02
-6.877742546862341442e+02,5.849051076745032560e+02
6.945279892699049924e+02,1.062752921154974501e+03
1.243188153595341646e+03,1.058959644948485447e+03
1.069164849593154713e+03,1.032821674665732417e+03
1.242638213115819781e+03,1.059345986617450308e+03
-8.828892046456189746e+02,1.000207128831781631e+02
5.698331368151689276e+02,1.093270303688306740e+03
3.197767994757762153e+02,1.212358482477097823e+03
-5.486763665265448253e+02,1.884331607484854771e+02
1.046468153141696291e+02,8.249653476748914045e+02
1.880010653137779286e+02,1.185055707674683845e+03
7.427308706789689268e+02,1.030355881732592024e+03
-8.486155992791245808e+02,5.228016010172358392e+02
-4.377115046858298797e+02,-1.524549232488777051e+01
-6.310094248048137615e+02,-1.110089589092980589e+02
-4.309300260670709122e+02,-2.274631186065752217e+02
-9.018007518479652163e+01,8.370943929156730690e+00
-2.094025468620891672e+01,2.248147476747107021e+02
1.104897815314207492e+03,1.035018057674441252e+03
8.284566798323410239e+02,1.090442820649090891e+03
5.701411083728304448e+02,1.091455303553600743e+03
-2.650409061452025412e+02,4.015166955158103974e+02
-5.629609573886308738e+01,7.119721083420606078e+01
5.280317613186198287e+02,1.121591293017241696e+03
9.793107453138289884e+02,1.065025587674489771e+03
5.625394953142080112e+02,1.095033117674538289e+03
-2.710030046866132238e+02,1.347921576745651464e+02
-6.455414346854639689e+02,3.448448676749047763e+02
-9.670563211597023212e+01,-1.377690277142033892e+02
8.126022453146123325e+02,1.035018057674441252e+03
5.347652814611408303e+02,1.088079639422532409e+03
8.126022453146123325e+02,1.035018057674441252e+03
1.068864742895518475e+03,1.031753969580489866e+03
-2.710030046866132238e+02,-1.952906723251788890e+02
9.852010301016950962e+02,1.062470160645365922e+03
8.250974674049653004e+02,1.030511482551640484e+03
-1.042945046858172304e+02,4.348674576750503320e+02
-1.042945046858172304e+02,-1.052680823250333333e+02
-3.474322841896464524e+02,4.243658496136455227e+01
-5.484695328863244868e+02,-2.891498867957201924e+02
-2.710030046866132238e+02,-1.524549232488777051e+01
6.614240457831313051e+02,1.059128146930603634e+03
-6.921955022855943298e+02,4.322894546878889628e+02
-8.956041846858682902e+02,4.948825176751473691e+02
7.355820451544699381e+02,1.063523060777929004e+03
-6.455414346854639689e+02,7.049352276746973303e+02
-2.710030046866132238e+02,1.647996876746136650e+02
1.438314815314220141e+03,1.185055707674683845e+03
-9.378370046866384655e+02,-1.352756123250818518e+02
-1.454159346862346922e+02,2.248147476747107021e+02
-6.044200046866258162e+02,2.248147476747107021e+02
-2.352270039780302966e+02,3.714068354592581613e+02
-5.409919795566427183e+02,2.559846575118016574e+02
-1.046870563797368447e+02,1.395394792418498753e+01
