date:2016-09-24, time:0700, wind_speed:2.44, wind_dir:341.0, temp:10.8
-118.519799 73.426084
-64.681566 -26.729748
-64.554143 64.492017
47.918525 118.505571
-118.219936 -2.796221
-60.442000 58.490511
-134.896611 70.272139
-77.112850 52.489005
-68.777425 64.492017
-72.889568 -34.532832
-50.795431 120.778007
-56.169271 2.952851
-13.249903 129.837341
-142.476626 -29.147011
-26.582810 111.129451
72.924800 -244.585542
-121.799552 70.084961
-114.051230 -7.782941
-39.547868 115.504818
-126.402381 75.129858
-126.180525 78.260008
6.500496 139.429476
-35.435725 115.504818
-63.906043 129.123394
-81.224993 121.506324
-76.457308 51.211244
-80.723604 45.225970
-126.485707 66.010674
123.762946 186.147793
23.188165 130.445787
-30.701960 98.957173
48.192916 112.397687
-89.560418 67.492770
122.937350 172.519125
136.307242 169.209052
-122.264945 108.279485
-114.018880 -1.694146
139.628538 205.575753
94.531382 186.035371
-1.355323 153.072197
-88.684350 30.169353
-127.125400 73.494276
-26.431171 108.249758
-93.297562 80.929120
-60.442000 52.489005
-93.783700 148.513101
-6.206168 130.508583
-71.933796 96.242551
-172.353737 79.233275
-31.212443 67.492770
-102.119125 -1.524549
152.166907 202.526655
-156.243818 94.499547
-143.554268 49.364638
127.681732 190.362397
-122.526151 156.300004
-18.459999 124.454065
-68.553372 82.439727
-159.820236 66.163184
-135.195130 37.364242
102.154357 148.513101
-101.839798 -28.623123
-143.580773 124.377952
-46.740961 165.874248
-152.131675 121.506324
-80.718591 90.227942
85.987169 157.338113
-101.809445 -16.645516
90.012255 186.293110
94.888108 192.930778
98.134225 178.419859
-10.193737 157.436322
56.941010 141.180455
-47.044274 142.252856
-114.566693 70.493523
156.279050 187.522890
131.537865 211.466309
-68.742228 105.326342
98.598724 188.899156
-117.433920 105.820096
73.231953 148.390516
-64.158574 74.981883
-68.559410 142.467112
-105.601786 21.411874
-93.559847 7.435185
-43.008642 69.151025
115.419593 186.248505
123.203027 178.385792
-31.207555 105.067564
-84.211948 114.799213
114.825910 106.459144
106.266500 187.522890
-127.125400 85.497288
-101.908597 -22.630653
-105.720963 -23.874339
127.160632 169.518372
52.819426 111.219314
-18.764875 145.512348
-9.840785 96.259135
47.918525 112.504065
135.794872 202.395946
110.489782 163.516866
-93.783700 130.508583
-77.112850 127.507830
-109.813968 -5.756512
-102.119125 112.504065
-101.510238 105.321723
-43.115108 156.314555
106.936934 153.335750
-106.231268 145.512348
-51.628402 144.157362
-1.576513 126.038972
-52.106575 100.501053
-47.660454 97.357989
-55.259699 105.410726
119.456872 151.309264
127.160632 166.517619
-76.871996 163.442710
-143.796250 112.504065
19.960030 118.035113
-131.026987 97.406815
114.857851 106.437714
-26.883023 88.356934
85.483507 157.515360
-22.314753 115.262611
-68.777425 64.492017
-135.178647 88.440274
-52.106575 70.493523
115.226905 195.243119
43.806382 187.522890
93.818932 148.513101
-97.510335 120.213118
-127.125400 76.495029
81.260225 190.523643
-42.829008 120.246444
-96.642608 132.881594
-9.790544 99.203287
-142.954217 78.133836
-118.789975 58.490511
-102.119125 16.479969
-5.352161 109.122438
-130.101004 111.932164
-139.037132 118.321715
73.342853 177.152421
-51.796840 136.377929
-59.935297 123.140320
47.918525 187.522890
-130.683337 97.235113
-31.212443 109.503312
-35.435725 112.504065
-35.233706 109.431268
10.968298 116.978935
69.108507 145.379460
69.612951 144.360733
111.842219 165.761536
-106.231268 112.504065
86.204456 152.928805
-84.169061 105.801707
127.710914 150.272080
-88.941343 113.920574
-143.796250 37.485240
-60.177953 157.478803
-64.554143 154.514607
111.322674 178.214685
-80.589058 162.184274
-89.560418 85.497288
-72.889568 130.508583
-76.662813 147.303765
-130.577273 122.998407
-142.964787 100.267875
-85.448275 76.495029
-139.274420 67.451791
-72.661359 67.440613
-101.444406 140.937313
-76.615354 108.122373
-97.349366 120.098702
-110.196645 127.432835
-117.938043 4.179983
-72.316860 115.387402
-72.675924 133.448812
-97.895843 82.496535
140.162694 115.410574
140.377235 114.056153
-89.034724 150.259746
-93.258139 74.977300
-97.678505 79.410760
110.489782 145.512348
-26.804822 85.458872
-72.454469 42.212213
-110.454550 106.502559
-27.100300 115.504818
147.943625 196.525149
70.214633 144.701850
-93.783700 106.502559
-155.620533 120.184835
-51.817086 106.393702
-59.039193 105.810914
-77.112850 100.501053
-122.605648 49.443583
-130.852680 45.091162
-93.783700 -22.529820
-143.079089 132.069376
-47.883293 88.498041
-105.714148 78.208921
-93.783700 73.494276
-68.242771 -2.883934
-72.889568 103.501806
98.491507 176.931056
-59.834686 100.304205
119.344938 181.280506
102.590691 146.945150
-30.241886 72.252916
-134.887708 93.248147
-18.217113 147.342546
-27.100300 151.513854
-39.547868 154.514607
102.607811 147.239256
-59.874885 85.297505
-18.076385 153.303761
-76.245524 85.093372
-97.270734 105.200963
-139.008538 57.258217
2.933486 129.196520
6.241400 130.508583
-106.231268 58.490511
-122.639490 58.433124
-176.850835 82.412306
106.876367 193.330443
-84.112693 177.890749
69.335206 144.019240
-35.435725 133.509336
-102.119125 103.501806
94.379414 220.310712
135.460825 208.576506
-101.874846 127.388487
-18.764875 100.501053
-39.266897 91.459274
-97.654971 16.355727
-101.588105 -11.908598
-47.641687 172.449819
-142.455039 138.774472
2.129257 133.509336
-110.042762 99.184768
-109.711575 171.317148
-113.902283 165.193621
-6.206168 109.503312
-110.454550 28.482981
144.514074 174.351514
-18.133352 150.258398
23.528735 124.244483
-68.564550 70.445298
-102.119125 52.489005
-101.646200 39.097979
118.825207 196.525149
119.689179 199.184504
106.801496 192.153460
-89.560418 58.490511
-118.789975 169.518372
-51.013214 127.142589
52.703391 141.276395
56.253950 142.511595
53.109554 136.074185
-97.354134 144.268657
-101.219836 145.215696
-84.718597 144.299472
-85.448275 145.512348
-130.030910 84.817558
-134.860836 85.304890
110.489782 145.512348
-72.608100 19.362521
56.253950 142.511595
-102.119125 103.501806
-97.618469 130.426328
119.113879 105.055320
115.259358 106.314601
-39.547868 91.498794
-39.547868 88.498041
-97.443040 86.976967
85.654810 210.120448
143.831482 181.521384
-109.689769 148.229278
-51.718018 144.077538
-71.552603 135.919768
44.057417 133.464742
-122.902118 112.504065
-42.837858 106.208523
-138.988586 102.144390
-27.100300 94.499547
-30.748450 63.068295
-77.112850 22.481475
-102.119125 166.517619
-96.596813 141.790838
-14.111768 98.929473
-55.948525 79.407343
-155.639184 58.285431
-43.771150 91.498794
-46.855717 87.989014
-47.883293 94.499547
128.335772 162.887441
-81.224993 100.501053
-113.780811 88.235760
-139.317372 88.415034
-134.564262 81.197271
-59.586637 82.163379
-97.143250 62.917546
-63.976750 24.255950
-101.222875 19.181372
-101.807832 10.418301
-97.895843 169.518372
39.583100 139.510842
-117.951562 118.152476
-34.840722 106.245411
89.839819 208.458375
-38.998919 151.240245
-84.961285 148.300221
-109.838870 127.387108
-160.467100 100.501053
-80.932346 52.387910
-97.895843 52.489005
-56.218718 178.520631
135.955651 162.276465
6.508905 142.414476
-55.245263 139.198487
-17.954508 136.109569
-93.783700 130.508583
-126.833516 55.378736
160.974317 198.194869
164.832682 202.463113
161.364123 202.271331
160.795407 199.437254
164.614475 202.526655
174.129846 195.945665
18.800107 157.515360
-77.112850 151.513854
78.098851 147.302167
102.396073 148.470210
118.825207 145.512348
-130.987755 61.406731
-97.895843 1.476204
119.934210 151.038273
119.334973 153.186453
122.937350 154.514607
118.825207 148.513101
156.347490 156.346955
-105.726339 142.355071
-84.884626 129.241569
-71.877698 117.303706
-6.206168 106.502559
-85.203350 94.370214
-46.624991 96.847047
-42.840497 40.005608
-89.560418 7.477710
-93.783700 142.511595
-101.004698 139.013851
-93.222836 139.377023
-143.796250 136.510089
-143.066396 132.192128
-47.407479 153.321055
-43.771150 151.513854
-46.518380 156.897068
139.628538 217.578765
-72.328864 114.085777
53.390779 108.850560
-109.877562 95.930728
-134.113429 57.892919
-68.777425 40.485993
102.828844 192.118845
97.931075 187.522890
114.818587 166.389081
118.825207 166.517619
114.601925 166.517619
119.448451 177.129964
6.241400 169.518372
-126.855026 100.427853
-114.286437 99.179007
-31.212443 172.519125
-138.718575 144.194434
-85.011695 102.308210
-60.442000 97.500300
-72.666123 43.389299
-67.813069 13.088005
160.598368 228.257006
120.114599 216.909280
118.825207 175.519878
47.918525 154.514607
-131.237543 112.504065
-130.699589 96.194489
-110.454550 97.500300
-147.434940 85.359430
-151.704769 60.152180
-64.268189 37.350454
-51.643639 30.113496
-105.969452 1.362271
122.937350 154.514607
110.489782 154.514607
122.937350 151.513854
-122.460492 90.311067
11.415863 135.279669
22.912250 139.510842
-60.060827 126.255262
147.943625 124.507077
-118.581339 124.399884
-60.442000 73.494276
-22.227973 69.318181
-151.586702 57.143123
-72.169864 162.152270
6.241400 157.515360
15.273013 156.106385
102.229426 147.168658
98.652702 147.104294
-93.507045 106.445303
-63.676380 99.163763
-159.106396 78.947682
-93.576416 43.370213
-77.112850 -13.527561
156.954745 210.238524
102.154357 196.525149
127.734980 192.425070
-5.559575 168.021157
152.166907 163.516866
48.168057 139.427841
115.262327 144.423251
-43.565524 127.413823
-134.611728 79.196532
-18.764875 79.495782
-85.448275 22.481475
-1.819507 133.426819
-26.879297 133.396676
-30.793686 126.079647
-76.439552 102.210091
-35.435725 67.492770
-85.448275 52.489005
-93.486385 -1.608090
115.959255 219.890326
152.166907 184.522137
106.266500 157.515360
77.148082 154.514607
-80.999318 139.437261
-30.898160 138.105631
6.802996 138.051088
10.959824 132.091335
-43.771150 130.508583
32.264478 135.308210
-34.081393 120.793449
52.526424 117.129608
-147.908393 88.498041
-76.355997 75.358774
-56.218718 31.483734
-84.442507 3.332035
-26.808711 115.371916
-21.782348 118.075749
-31.212443 112.504065
-26.477543 111.330397
139.909697 235.479850
-27.100300 151.513854
14.786000 127.376901
2.781484 111.286880
-93.524240 88.371108
-64.554143 85.497288
-68.777425 79.495782
-43.771150 52.489005
-88.923855 27.264035
93.783700 208.576506
132.411972 177.961987
-72.889568 154.514607
-52.106575 157.515360
48.637601 141.265426
81.260225 148.513101
157.616051 144.757087
52.141807 130.508583
-72.327547 99.047380
-126.568014 92.984559
-126.868824 61.380591
-42.598352 54.938260
-147.672011 52.355445
-89.560418 28.482981
-105.952195 15.263086
127.729602 201.210533
136.173687 183.082681
-51.814471 178.431933
-68.194079 162.097072
147.943625 148.513101
44.298507 132.146669
39.583100 127.507830
52.141807 130.508583
-59.831429 84.399814
-35.435725 76.495029
-147.567021 114.217132
-139.068331 114.098094
114.601925 148.513101
118.825207 151.513854
114.601925 154.514607
-109.847717 3.166421
-106.231268 7.477710
-105.873021 0.298714
-101.436062 138.321129
-151.926691 55.429620
-89.106779 107.979900
-88.947344 105.013796
-101.228644 112.147448
-102.119125 46.487499
144.768034 198.245630
148.245254 196.450307
148.507203 189.209899
-64.554143 82.496535
-67.836013 81.360492
52.406770 145.407696
52.655656 136.291694
56.467851 139.452971
52.666179 136.304690
-97.692790 84.045004
-47.883293 85.497288
-59.241152 24.934005
-127.125400 115.504818
-126.493747 107.962681
-52.106575 145.512348
-139.572968 130.508583
-30.708943 88.366226
-60.442000 37.485240
-143.796250 136.510089
-138.946059 135.135917
-26.625386 118.322193
-22.382793 114.199659
-110.153074 55.371017
-142.876212 133.214606
-72.889568 88.498041
-67.589586 84.983347
-59.129326 63.815077
-89.560418 148.513101
-168.730375 75.301511
72.924800 172.519125
148.893384 162.306590
31.247675 157.515360
-39.034445 150.429714
156.279050 148.513101
-135.460825 145.512348
-110.454550 133.509336
-117.481482 105.863416
-56.218718 100.501053
-60.442000 31.483734
-77.112850 16.479969
115.306096 180.411501
111.533447 181.061487
110.489782 175.519878
115.162677 173.997878
-142.814642 133.008287
-138.994849 136.357575
-89.560418 22.481475
-93.783700 175.519878
-93.535108 172.421328
94.208366 171.166445
98.232079 172.390586
-134.850166 96.130143
-134.176990 93.900349
118.825207 151.513854
115.264010 150.092518
-43.771150 157.515360
106.266500 196.525149
-5.107471 166.022453
-1.484196 165.180849
-22.877018 67.492770
120.381919 228.982799
-122.465282 111.121878
-118.480492 109.377993
-118.202643 105.185962
-117.637055 109.071521
-117.672285 109.031405
-88.915196 150.163670
-89.560418 151.513854
-89.177030 153.068437
-97.094048 54.075039
-101.253991 55.224368
-97.421251 54.184483
-27.195928 111.233621
-14.298767 106.418037
-63.937330 43.332413
-150.749682 64.286457
-151.667896 97.361714
-151.245907 94.236450
-75.454884 70.260705
-96.800798 73.026498
-22.572480 109.393796
-21.918353 112.142689
-53.275116 95.328359
-56.218718 94.499547
-52.094775 129.849372
-51.846166 127.477223
