date:2016-06-04, time:0100, wind_speed:1.71, wind_dir:173.0, temp:12.4
4.701264299633410815e+01 -2.712389222216761937e+03
8.012056499153725326e+02 1.519459492886214093e+03
6.459660664937846377e+02 1.342098353668289292e+03
7.979471729240892728e+02 1.309366591367832598e+03
8.390169472219218960e+02 1.397549342377214543e+03
6.820551817810029434e+02 1.185099462074625080e+03
1.048321538188045679e+03 1.248014447433155965e+03
6.383043666126374092e+02 1.222485968597972487e+03
7.244441431192085474e+02 1.364680304835971810e+03
9.269610476211630612e+02 1.277659238684232378e+03
7.684474056214675102e+02 1.185197989605925841e+03
4.353711298567742460e+02 1.155644955658993240e+03
5.938181867973769386e+02 1.253887013994198696e+03
7.688063222222275499e+02 1.214727474980127681e+03
7.688824035731604454e+02 1.188960635337641861e+03
6.637195856540239447e+02 1.185850597213269793e+03
7.714808153141948424e+02 1.215063237674732363e+03
5.185413940337000440e+02 1.158766671049985462e+03
7.252201994888530407e+02 1.523374511068591119e+03
7.672857709320464892e+02 1.519940351534005686e+03
8.554013217508702382e+02 1.185904624055116074e+03
9.375395559500221907e+02 1.427603749527700529e+03
6.019712874852920095e+02 1.520332084560156318e+03
7.345229209839014857e+02 1.545083634268103651e+03
9.276077374702240377e+02 1.486709890126753180e+03
1.006482458118398768e+03 1.278893981570611913e+03
6.801417979767883253e+02 1.186135054680018357e+03
4.829989577190614796e+02 1.219276261873284966e+03
7.538081547808966434e+02 1.609142340476679010e+03
7.614879612845139718e+02 1.640719468328694120e+03
7.227802937443184419e+02 2.274246736089134629e+03
5.894213073506087994e+02 2.061777845885751049e+03
7.590537569413403389e+02 2.149026666637212202e+03
5.868190038967725286e+02 2.209800132890110945e+03
3.518309568078158804e+02 1.186339207148647574e+03
9.338330032732200152e+02 2.236142575533893250e+03
6.708508786544315399e+02 2.146249023581948222e+03
9.717121619233523688e+02 2.207435599964448102e+03
8.126022453146123325e+02 1.365100887674974956e+03
6.767918591265355417e+02 2.268092558710124649e+03
9.001566166187028557e+02 2.271973590782886276e+03
1.047723434004466071e+03 2.358277277707775738e+03
4.775992483412449019e+02 1.218641057218472042e+03
5.594756507047720788e+02 1.245464160056188121e+03
1.006975838799837106e+03 2.209322877764039731e+03
5.585272098148269606e+02 1.605084918768159014e+03
7.762244377030189071e+02 1.547190523686438382e+03
5.625394953142080112e+02 1.575153597674524917e+03
1.010569315387658321e+03 1.995999442593027652e+03
8.961598796844652952e+02 2.175787652324432656e+03
1.101833035969142657e+03 2.145201331868544003e+03
8.533135149092983056e+02 2.238969125027543214e+03
8.086366460265016940e+02 2.235708478535676932e+03
7.611524392921870685e+02 2.124991078743738854e+03
1.014114754860322819e+03 2.095718071911038805e+03
8.925103105866164697e+02 2.178563651635823135e+03
8.371345054418047766e+02 2.180324771479370611e+03
8.917188134366289205e+02 2.266062486220089795e+03
8.001914908502114940e+02 2.208397284312581178e+03
8.126022453146123325e+02 1.155048177674635326e+03
7.220969824816206710e+02 2.265087077865236552e+03
5.860063905980046002e+02 1.547391605526486501e+03
1.063145218916148451e+03 2.093538705124670741e+03
9.315882061457772352e+02 2.145795574597876566e+03
1.004386757027695239e+03 2.119145863976347300e+03
8.060131367150906954e+02 2.117586062327092350e+03
9.631894814225277059e+02 2.118897658433559627e+03
9.313631179014813597e+02 2.088567108768904291e+03
8.871526076692090328e+02 2.154261302230795536e+03
6.397050096962990438e+02 1.576737660197762580e+03
6.764190319816209467e+02 1.582825930742225182e+03
9.243883899798944412e+02 2.028262622253760583e+03
1.054181296076101262e+03 2.064488260932043886e+03
6.458937453138163391e+02 1.545146067674476399e+03
7.640379747093028300e+02 1.575437240162936405e+03
9.344857727504492004e+02 2.055725683226566616e+03
9.482551427439008194e+02 2.059583335356229782e+03
9.645209650763521267e+02 2.328421611496100013e+03
2.234286160546165547e+02 1.965977570941999829e+03
4.732081405166599097e+02 1.215518333421662192e+03
5.039689355332359924e+02 1.217509527705924029e+03
6.349956692105180309e+02 1.189330246041648479e+03
2.252446718865209903e+02 1.215330094080186427e+03
