date:2016-06-03, time:2100, wind_speed:1.84, wind_dir:167.0, temp:13.4
1267.249327 1635.025504
615.314403 1096.230869
986.752493 1126.289279
734.456642 1756.841041
505.837278 -2713.839499
403.987920 1427.427097
-687.236974 -642.930133
614.736515 1096.682073
-96.422699 616.517189
652.123973 1846.165449
-512.153907 -674.910375
883.840039 1607.199023
816.425426 -2085.185587
-454.493402 -433.334879
678.507015 2207.161903
1338.595540 2238.976571
1073.795273 2086.906681
1005.821587 1819.459593
795.195073 1753.505491
-1202.685740 -71.692876
657.412480 1635.708613
626.725785 1393.853070
-873.156310 -1063.978545
-127.835578 -223.341885
-535.007718 -373.088524
-1060.167114 -133.386180
-516.664171 -344.977903
545.581924 1908.625446
-1084.982340 -106.517655
155.807711 -2772.974041
-1033.128824 -71.105140
-348.443686 -373.279259
-450.882043 -372.850418
942.775997 1998.740927
629.818147 -2711.473332
796.903259 1965.800212
1046.587535 1848.695645
902.186334 2269.803253
-413.181132 -645.716451
872.386904 2385.226085
713.430041 2206.730074
897.041632 1159.015266
-728.895685 -975.486452
901.637224 2328.110916
1064.236228 1668.215751
35.540922 1214.971408
458.950394 1125.822991
771.480815 1395.108418
852.760799 1755.573875
791.482345 1756.531944
-783.828681 -133.190157
833.722215 2326.706849
752.503402 2326.530479
-118.963443 -371.749140
1128.866555 2173.655907
1088.442789 1547.981866
-157.206531 -342.199267
-572.385849 -1035.030664
692.593316 2147.950986
-661.331739 -192.810249
-329.243465 -341.582180
-438.216895 -703.141971
60.609435 1515.825436
-491.917068 -401.704242
858.736772 -1904.840912
1047.366001 2088.427513
-1077.677599 -252.151651
-170.580817 -1635.410713
-94.955898 -191.006625
449.211447 1125.209179
-486.086118 -224.587654
729.247995 1395.108418
-640.463092 -434.126058
691.562098 1575.411446
421.601161 1548.104216
-661.145514 -1032.276462
650.269351 1638.261130
1038.988344 2357.695358
1006.250517 2118.408164
966.977145 2028.332248
-181.883195 -254.368166
-328.074230 -552.859582
-662.190694 -1062.861333
-272.673922 -223.229390
-310.336666 -252.680900
423.585343 1517.968032
-604.262982 -494.784293
292.951938 -647.286483
300.083873 1967.875627
1215.752763 1698.289862
-324.416027 -461.858790
-686.197077 -1092.776427
-144.452167 616.748837
-126.273997 615.408700
964.590625 2269.456043
-135.162497 615.527202
883.522708 1606.900006
864.179202 1606.446411
-1106.463179 -162.792061
-9.357774 827.060724
