1.232198339626910865e+03,2.218430717711854413e+03
8.993312965525058189e+02,1.766506867247790069e+03
7.341682631202068023e+02,1.699781879943981039e+03
9.416414404594559073e+02,1.676780510999464013e+03
1.884467078583075477e+02,1.287206828766555645e+03
9.403282181963037374e+02,1.226956920708370262e+03
9.392826513936315678e+02,1.227682238868965442e+03
1.147190536441877612e+03,1.138212634503889603e+03
7.746341262531133225e+02,-2.042580627689627590e+03
1.063825737683063608e+03,1.856572255056785025e+03
1.146019245314625095e+03,1.785206307674864547e+03
6.909134792391261044e+02,1.706159320433969469e+03
-1.931215204367883587e+01,6.867682242060011504e+02
4.395025595169796588e+02,-5.124711317273778377e+02
8.139405053196403514e+02,-2.133164772508670467e+03
8.150245929206678284e+02,2.037811437456552994e+03
1.229464196507381303e+03,1.138965318798907674e+03
3.560273691148307194e+02,-4.543006765940862692e+02
3.565987039983334057e+02,-5.143996092305053480e+02
1.274300322462502663e+03,2.248985185942898170e+03
8.962470280239881504e+02,1.977325733951445955e+03
9.399499652692431937e+02,1.918213684010627276e+03
1.108240496111777247e+03,1.917587943906850796e+03
1.066284618685477653e+03,1.886575275792166167e+03
1.147386684914984471e+03,1.106545288077825489e+03
2.235258110525916209e+01,8.967062153645479157e+02
1.472110791375787642e+02,-6.935167809307301923e+02
7.311245941260175414e+02,-2.463870559095974386e+03
1.052198981751095488e+02,-7.224775026847430581e+02
6.459470942004018070e+02,1.708274700955524168e+03
1.189751953666256668e+03,1.918824520253830087e+03
4.414019053542259599e+02,-5.122281136595883027e+02
8.972223720427897433e+02,1.887898207129153434e+03
7.313458501116992920e+02,-2.522852957444404183e+03
8.148052447630710731e+02,1.976813651902711399e+03
1.064680530687611508e+03,1.887821215852285150e+03
1.312776568617603516e+03,1.886229626594577212e+03
-2.702553108136454512e+02,-3.617895093967312050e+02
3.972194738671868208e+02,-5.126978841432501213e+02
8.973468645171620892e+02,2.068524450949067614e+03
1.894725073392007175e+02,-7.539078401163244507e+02
6.898963971045052403e+02,-2.613634145609416919e+03
6.897376772204443114e+02,-2.643423397432981346e+03
4.398650176835345746e+02,-5.126020410283770161e+02
4.397013073782130164e+02,-5.430417318542107523e+02
8.139272741095454649e+02,2.008241961988981757e+03
8.163507141997224608e+02,1.996722851697569922e+03
1.108195471744866609e+03,1.885943053523594244e+03
9.793107453138289884e+02,1.785206307674864547e+03
9.376112060276603870e+02,1.777395790313050384e+03
7.306416410621663999e+02,1.677166933488471386e+03
7.741099468763289906e+02,1.738592533498333751e+03
1.889589664225197225e+02,1.287213839612283437e+03
1.974027513490956949e+02,1.254754298791211340e+03
4.401598048265565239e+02,-5.431986916351430636e+02
4.381013333182578435e+02,-5.121273507833445819e+02
9.395407694620610073e+02,1.706879897801449033e+03
8.983781028858979880e+02,1.648299000077727442e+03
9.402632778216049019e+02,1.587593998009930374e+03
9.863394462962080524e+02,1.599005918510970560e+03
6.442435201998908667e+01,-6.648598116808196892e+02
1.472588791925082035e+02,-6.935880825228692856e+02
1.360161739268885185e+03,2.118066322978903827e+03
-2.628509783452176976e+02,-3.814101286209974546e+02
