date:2016-07-16, time:0500, wind_speed:2.06, wind_dir:284.0, temp:21.3
4.742085526883027455e+02 1.221058250167470078e+03
1.888021822552389040e+02 1.181501938321928264e+03
3.950744756934130919e+02 1.163905904300537941e+03
2.714917784124023683e+02 1.210086394931507812e+03
-3.139320397404499658e+02 8.336072706292660541e+02
6.070679831898965517e+01 1.189744375100477100e+03
8.488455265989957752e+02 1.189751748870397478e+03
3.509341003651393294e+02 1.217753379440856179e+03
4.333913520605636904e+02 1.190299412888972029e+03
7.703015041480759919e+02 1.195255879421452164e+03
8.618391768171485410e+02 1.215407535233233602e+03
1.053847177628402108e+02 1.171029538732452693e+03
7.229699840623675300e+02 1.091535886100937432e+03
5.817591639700300732e+01 1.188898511342112670e+03
1.969225400323830399e+01 1.227451058106390064e+03
8.541879416263793701e+02 1.075462841587634784e+03
7.286751851893309322e+02 1.194015696375829066e+03
3.579857014314846424e+02 1.169845536337327076e+03
1.021393815368662530e+02 1.155014292942275233e+03
4.364757482030000233e+02 1.129396303666310359e+03
4.812762880597816775e+02 1.089573107371050355e+03
6.896443953169199403e+02 1.078511320678142056e+03
4.411835366997893288e+02 1.235103770744934081e+03
-1.560886088634335465e+03 3.967934864310537080e+01
3.535090552417324261e+02 1.165265998288167111e+03
4.371316653296539698e+02 1.163384068607859717e+03
-1.234684912108958088e+03 1.217153063091317335e+03
2.313796985298270101e+02 1.221046301722062253e+03
-1.515492811874299150e+03 -4.714118849587226379e+01
4.389108893286792750e+02 1.121484559847002174e+03
3.560325452601450706e+02 1.180315853814114689e+03
1.011526425032665060e+02 1.218857931418367798e+03
4.405491480396442512e+02 1.114523156213122320e+03
3.548235388705496121e+02 1.181104443996423470e+03
-5.233959115580464641e+02 8.615894517534773058e+02
-1.230630949454674010e+03 3.474852543456023568e+02
1.455456106484598990e+02 1.166263292936272364e+03
-6.548279612524498816e+01 1.183952940913235352e+03
4.751074278220767155e+02 1.129942052662723427e+03
7.257470726438410793e+02 1.159867157090108776e+03
2.745508805174643499e+02 1.204138840778213762e+03
5.214180653137905210e+02 1.095033117674538289e+03
-1.149057446500940841e+03 1.158819887459740585e+03
-1.018134213591774142e+03 1.322311242360592814e+03
-9.720918915298194634e+02 1.183558468251577324e+03
3.985543291218077115e+02 1.257105029590851473e+03
4.394524291892510632e+02 1.109650596865116086e+03
-1.232758102140697019e+03 4.065719730522741884e+02
4.348504913619131003e+02 1.191252434223880300e+03
2.304195447163850190e+02 1.197332530755702692e+03
1.031262598449486063e+02 1.212741092904605011e+03
2.721824810906456378e+02 1.198409515448141974e+03
-2.662624617116725858e+02 1.456043877480942456e+03
4.375380689000718348e+02 1.134670142795873289e+03
5.225660719406788530e+02 1.104979182651608426e+03
-9.391142475731504646e+02 6.785302186502069617e+02
1.881136523192566017e+02 1.224746488455918552e+03
-5.641380245998158216e+02 1.421636960392983838e+03
6.103991244198969923e+01 1.162563670422561472e+03
3.978533806063187512e+02 1.164870406283448347e+03
5.164214849332374797e+02 1.159460024202986688e+03
4.793622152430656911e+02 1.231921745706933052e+03
-1.100668496200981508e+03 6.120639936463727508e+02
-9.416844409738548620e+02 1.368553316092812338e+03
1.013657433262104348e+02 1.249903724054452823e+03
3.124767453138036899e+02 1.215063237674732363e+03
4.431400891860664615e+02 1.123255287154960342e+03
-8.134145334616440550e+02 1.279790962769318639e+03
-7.345330694886846459e+02 7.700851632124738444e+02
5.650397303745625095e+02 1.170411507509904141e+03
3.547095653145739789e+02 1.185055707674683845e+03
-3.145420716874536993e+02 1.426735544917832613e+03
1.010941996038743582e+02 1.220022563838498172e+03
4.879102620995038251e+02 1.181450855600310888e+03
4.341271419761046104e+02 1.159130122385287677e+03
4.772782353802400621e+02 1.099455377509712889e+03
3.957968249635706570e+02 1.225049220863631490e+03
2.713553153133862565e+02 1.215063237674732363e+03
2.762223958152312662e+02 1.210171941160409006e+03
-3.558289211241950625e+02 1.525290554599572715e+03
-6.869386878035757036e+02 8.075473052522089574e+02
-3.962827879880617843e+02 1.434390549988016346e+03
-6.501244497345671789e+02 7.407748566594639215e+02
-7.271008951394077258e+02 6.854408350084331687e+02
3.114039933286651944e+02 1.194807503017998442e+03
4.380638153141822499e+02 1.125040647674586808e+03
5.292355823140505890e+02 1.124901076597807105e+03
-9.508171413757506230e+01 1.549243404611376491e+03
-2.278268042073913193e+02 9.873869044966731963e+02
3.547095653145739789e+02 1.185055707674683845e+03
4.397510330576832303e+02 1.111682438503389676e+03
6.145003639436313279e+02 1.182710610903204724e+03
4.405653263257777326e+02 1.105790055271254914e+03
-1.847538687816893912e+02 1.499218627649299833e+03
-2.320250556615644655e+02 1.578760989346428914e+03
-2.495426192794305109e+01 2.001684714838674836e+03
-1.484884490030986228e+02 1.549848469039711517e+03
4.407633802357879063e+02 1.145599752706757499e+03
-6.924890081011652399e+01 1.213610232112695712e+03
3.950534304224771631e+02 1.164348426142237713e+03
-1.054243520264350309e+03 5.817351413502859714e+02
4.390225372473366861e+02 1.133383285547007290e+03
1.856564653916134944e+02 1.195475274470057002e+03
-1.028775515502287590e+03 1.335973082889535590e+03
5.181353226606333919e+02 1.129324070460977055e+03
8.111708692362409465e+02 1.133877645617890494e+03
2.224668395859753787e+02 1.972171127953141422e+03
-6.057146831169684447e+02 1.701600845072360471e+03
-6.481444282478913976e+01 1.971435200487801239e+03
-6.031671484567240782e+01 1.945061797290632967e+03
-6.121979643744840871e+01 2.007113657445994704e+03
-1.026362362224795788e+03 1.699413501289184524e+03
-8.952983376361969476e+02 1.769030865114320932e+03
1.451365608976188355e+02 1.995687638869935427e+03
3.546749989098818219e+02 1.170608430994342825e+03
4.338600503069682759e+02 1.131197729295265844e+03
4.340799639837506447e+02 1.132293972892789043e+03
-2.121718700576394667e+01 2.038895620705633974e+03
4.800704463200592045e+02 1.075155383356961465e+03
3.562825575735870416e+02 1.180025672330070847e+03
4.409443022709744469e+02 1.141146146185802309e+03
1.410947391109476996e+02 1.907654652754533799e+03
-9.429221306432978054e+02 1.732035853405528997e+03
-6.033684608665365090e+01 1.950293185173949951e+03
-1.148347461200061389e+03 1.129467442950286340e+03
-1.273898743843262992e+03 1.133287864611512532e+03
-2.094025468620891672e+01 1.965251487675155659e+03
1.976577923316480678e+01 1.855124951956662926e+03
1.653696392721981567e+01 1.580058594995263093e+03
-8.552147283225461933e+02 1.616789694988196288e+03
1.852148228342940683e+02 1.761718228337626442e+03
3.918386771611512813e+02 1.791622138560893745e+03
2.172760696770399136e+01 1.855217082004795657e+03
-5.246604836569892996e+02 1.610974860156130035e+03
-1.138010441595153452e+03 4.623566749115151424e+02
-1.192237025353341551e+03 4.114501583135862575e+02
-1.063562210902429115e+03 1.643727698335910645e+03
-1.148238008029169123e+03 1.659947774257002948e+03
4.392053790222934140e+02 1.163214382021111987e+03
4.373002679040753264e+02 1.136031868002890633e+03
-8.584471028533357639e+02 1.605212419188671674e+03
-1.191942976414196210e+03 1.550773422110153433e+03
4.381638345755929436e+02 1.253685985109978446e+03
4.773458175478439216e+02 1.102917801663626506e+03
-1.103417471617789488e+03 1.542163577290426929e+03
-9.410234860777018184e+02 1.607954777586886848e+03
-1.020725833252557777e+03 1.620695979827548854e+03
4.783985399803942755e+02 1.226111657283468730e+03
3.553280049024519940e+02 1.171007716053475633e+03
-8.979397864069001116e+02 1.554841066201333888e+03
6.177228888262733619e+01 1.854235054443908211e+03
-1.063740036035255571e+03 1.577184350312000106e+03
-3.140354328311625522e+02 8.321965056770678757e+02
1.874423863242893731e+02 1.163553005347539965e+03
3.980325202620089158e+02 1.175786382671882393e+03
3.148866363625766667e+02 1.205716333972243092e+03
3.567666062408355856e+02 1.169310255693874751e+03
3.547095653145739789e+02 1.185055707674683845e+03
3.553292635215748305e+02 1.171347738997402303e+03
1.680298602746171355e+01 1.819064539627579506e+03
-4.713510846543592265e+02 1.720970368951653654e+03
2.853455331617279001e+01 1.843787506387384838e+03
2.381953776677475787e+01 1.885276807395851847e+03
-6.075123942206259926e+02 1.372552003980900281e+03
-4.818516976809791572e+02 1.372470860245828135e+03
-4.784334352546836158e+02 1.435904202746932697e+03
-5.206814148824337281e+02 1.434745951803741718e+03
-1.186142955981872092e+03 1.665736973727105578e+03
-9.403514351560540945e+02 1.671397288111978014e+03
-1.108904095853777335e+03 1.698807503882280798e+03
-5.200512614613356845e+02 1.726648231212982637e+03
-1.179043979018939126e+03 1.693709192374617942e+03
3.946900583996993532e+02 1.827066227679440090e+03
2.392089117927024517e+02 1.781744106771077895e+03
2.710189180996345044e+02 1.734776826350916281e+03
-6.515101580760342586e+02 1.668881636291284167e+03
-6.020971108970263685e+01 1.948852335219881525e+03
2.183361030951999737e+01 1.826708782215251858e+03
-1.107575628681853459e+03 1.699358866589708214e+03
-9.438197692234693932e+02 1.731620125900240510e+03
-1.023036955474694764e+03 1.608541460488996336e+03
-8.990822966817770521e+02 1.670399029043003566e+03
4.397352958892758465e+02 1.109527501629696189e+03
1.866477791773005777e+02 1.794508916902831515e+03
2.311260341018744384e+02 1.201967434702085029e+03
2.318273246589913015e+02 1.198800766299788847e+03
1.962799480731510471e+01 1.849509097277119054e+03
-1.107323292555277476e+03 6.187713356745098281e+02
3.563849595084724911e+02 1.181449212875137846e+03
7.072922577508560948e+01 1.837010234708338885e+03
7.560992116743256020e+01 1.840312582047390606e+03
