date:2016-09-18, time:1500, wind_speed:2.31, wind_dir:185.0, temp:23.7
-1064.854362 1035.207414
-981.324488 224.898256
-443.223921 -2808.082348
-699.758714 875.554010
468.542213 1504.788944
-442.467692 -2808.994655
-782.963000 1235.476743
-399.893691 1092.685064
474.880905 1093.453736
-782.127038 995.491261
-446.690036 1297.435243
-524.138084 1274.509758
-1482.178960 404.516162
-1565.529185 374.416635
-613.014647 878.080219
-981.264899 -1186.286180
-235.289648 -2840.974825
-1320.183495 -412.741788
-156.687551 -2995.515133
-1231.501348 194.725471
-1240.211301 124.877104
-647.851612 735.159248
389.181840 1271.291077
-1481.168849 674.395226
-940.159496 45.011872
-523.936641 1364.968224
-572.683311 1295.050848
-1110.608641 341.078690
-1365.782011 -385.259801
-773.759072 1185.217741
768.567096 1485.405491
-64.913522 1394.412220
-984.408346 39.064998
-948.820484 844.886537
-648.312988 -2566.609217
-281.660714 964.647825
-1614.906756 574.572141
-608.801393 1302.135916
-481.165351 1275.118122
-439.940372 1244.577885
-565.253663 -1875.692464
771.480815 1485.131008
-1064.397641 -15.482818
-1271.254005 164.799688
-815.269282 1544.816564
-397.857088 1185.005905
-273.254818 1545.270428
-616.005877 516.070800
-572.809608 1295.117933
-562.187185 1335.093358
-1570.639905 967.180735
974.920168 2083.982389
843.099123 2075.434973
-1190.414888 975.064111
-982.904598 1363.484369
-29.103106 1147.535586
-1739.997284 785.263748
-1437.962505 614.912638
-273.107522 1605.052706
-648.431244 494.968373
-1199.586679 934.707971
427.427659 1115.556214
-1066.615193 432.677465
-740.701512 1685.735412
-109.209581 1483.124987
134.453666 1415.114072
-569.346356 1060.965098
-1148.323751 884.976131
-987.211255 159.039208
-1239.594062 1533.806140
-815.211892 1485.252439
-524.066973 465.164666
-697.759351 1084.497022
-572.659527 1115.594455
-692.991834 1153.058796
-819.551754 881.117280
-857.299920 885.138450
1259.530160 2347.465755
801.742742 1564.812886
-774.218749 1304.930855
-773.830200 855.152791
1437.962505 2175.787652
-1364.482687 1415.720701
-354.357255 1305.085828
-1444.964516 817.954994
-940.370926 314.300909
518.633274 1904.473776
-1450.911000 576.086735
-740.393333 395.481390
-1064.513729 1664.502115
-1234.149337 852.880172
-1148.298526 314.206272
1060.099254 1575.157326
-68.458780 1451.259413
-1148.607538 1425.172829
-1400.462845 853.326844
-317.654370 703.304491
-690.593883 1724.810770
1218.640795 1474.949203
-1064.881408 825.096471
976.888919 1665.462527
-240.371852 1534.550093
1175.834585 1716.297385
1186.011764 1694.674336
1218.626354 1745.707941
-687.774255 914.987938
-1273.353636 404.109886
-1275.135615 342.577621
-1074.773890 305.776678
-1064.539404 314.118476
-1065.059699 344.995805
-1397.830895 914.314566
-1276.674959 1393.216250
51.631840 1385.627326
-1737.488205 757.532373
-731.690146 464.282231
-1157.785744 155.214266
-448.599212 1295.066006
-1406.347597 1385.407526
-525.837376 613.332764
-941.408297 583.105095
1302.321066 1775.993820
1432.888632 1872.967674
1218.591364 1746.406853
-944.512647 1510.578287
-1274.064853 1484.527267
-448.792603 1475.606198
-817.499266 342.545102
-1023.503747 135.055284
758.674665 1476.094611
685.261676 1485.298529
384.414391 1324.580514
-400.160142 972.688011
-606.540018 914.656623
-449.420669 1356.247798
-562.187185 374.852398
-478.832935 734.942758
1309.796787 1904.916248
59.497920 1394.789665
-1441.037849 854.869078
-1024.980452 73.535341
-776.193501 192.611903
-564.508301 1335.323373
-573.824596 1325.376110
-613.470131 1297.664918
1552.396773 1895.493391
-739.885413 1505.934237
893.832524 1484.404780
1475.290926 1873.799394
432.155707 1119.871669
1301.066678 1835.767022
-1108.437563 852.577505
-864.975195 455.420103
-690.004983 434.672634
-857.187181 614.464524
-854.482755 614.912638
-1231.467242 884.231461
345.216656 1177.593775
-1406.285246 605.745611
-1491.456925 606.153099
-1023.508782 585.104951
-236.492799 1058.476861
639.658260 2171.457152
593.332273 1984.885151
675.961965 2165.903443
-1610.966884 1300.449263
-395.478685 1035.018058
-1738.943485 966.497095
-1196.750300 817.681352
-1157.005091 665.723784
-607.194796 1484.871235
1393.699004 1455.233830
-574.010769 1145.083695
-1738.031502 757.750350
1387.141827 2168.524163
-1156.515182 875.827067
1102.650990 1064.332675
-1354.608255 644.920168
470.490214 1417.343013
-739.241351 1175.025079
-652.800883 1060.214249
-1236.331830 880.728582
-814.915559 794.336908
-1187.899755 644.920168
-1107.632490 194.968905
-1319.896566 217.766256
1142.957636 1724.666553
812.602245 1485.131008
-568.061809 850.354204
-986.290017 1480.884325
-1150.643129 1453.893599
-983.811716 1513.116677
-987.570362 1687.607379
847.888339 1631.440143
-1194.648408 1210.738333
-1148.532658 14.613402
-1862.079014 279.065155
1343.556261 1265.354738
-940.242129 -75.664286
-771.128505 404.859928
-897.969913 434.626608
-116.303369 1445.990160
1051.575916 1445.543622
310.085880 1305.127220
-1068.826773 790.230015
-939.933077 494.403082
-1150.424198 -167.582942
933.780487 1903.752218
884.108038 1745.024957
-647.633461 1154.423309
-737.453145 457.093355
-865.011730 365.800946
-1026.133264 -198.316836
-1107.070548 824.835429
-1071.514869 847.489605
1476.349538 1874.770040
-1733.149765 763.298090
-1190.806971 434.116775
-897.804579 1785.482133
-1192.389075 1393.684558
852.128585 1484.386331
938.189315 1485.131008
634.353622 1474.809415
-1198.578815 1266.639449
-1154.953954 1298.531240
-1732.242812 825.127729
-523.847110 314.205391
-825.027121 1026.064905
-406.657693 1086.273126
-320.492311 1057.784695
-1365.648540 245.367176
-1145.666935 -15.245492
-907.234023 515.271538
-481.111484 1184.763696
-780.350723 937.338832
-692.086284 1003.009318
1344.106541 1415.474845
-1023.743715 1515.281880
-733.098003 793.791804
-655.693333 1265.296905
-656.590806 1295.481065
-988.584731 1417.792826
-1573.950910 724.319786
1346.777145 1207.366810
-1192.938251 252.587319
-1607.193200 884.677877
-945.012534 1361.115378
-981.598434 1394.648133
935.836259 2025.123301
-656.402134 1324.932649
385.299811 1325.997765
-1486.914216 967.032940
-1199.405774 814.495079
-1192.200824 372.810982
1477.049522 1905.460252
852.054356 1635.074736
-728.895685 1605.161128
-816.838635 343.427903
-1281.227278 -445.914849
1427.782252 1954.510846
-1481.768352 1424.999263
-1069.562020 1569.885672
-320.043370 1567.173379
1312.727745 1455.123478
-1070.672458 1416.849462
227.019168 1305.032914
-1323.548523 635.089729
-937.837005 -165.283142
-816.510428 -257.733189
-406.950673 1265.136973
-1778.443378 610.245734
-1776.165012 612.831114
1101.572584 2265.798362
804.499891 1567.794947
385.172922 1325.945650
-273.601091 1095.098565
-62.061685 1155.048178
1344.957903 1174.958836
-485.219350 1269.368372
1226.727348 1754.714532
-780.592224 1388.365288
-64.085475 1034.349105
-1024.246666 884.508424
-656.674330 694.953061
-657.204213 545.688357
-1147.810366 -135.658670
-1064.579852 -165.395577
-1865.077440 274.727804
-1866.000711 274.314483
-907.275715 64.435552
-199.267953 1175.604886
-1731.664135 645.114483
-271.003005 1275.078298
-1315.242624 1485.404875
-771.128505 824.965348
-1029.989495 1027.142445
-983.253107 1092.474345
-1187.899755 104.784628
-950.303057 1505.515766
427.105046 1114.325719
438.063815 1125.040648
18.930254 1454.365103
21.292565 1425.115948
1180.914544 2110.563338
-440.358976 1514.480082
-442.582717 1513.226142
-1484.092481 403.008301
-990.640104 -115.214843
-1231.585809 914.877584
1102.708148 1064.883018
-940.160373 1425.185307
-564.205137 1334.841335
677.991706 1475.002803
-398.582918 1154.577752
-397.926340 1124.803110
-1774.044490 644.453721
-397.496754 1485.455413
-440.117870 1514.457318
-481.615166 1514.590331
-1231.407973 254.295997
-1156.573819 274.801270
-1148.635000 285.056858
1430.882541 1868.403159
-1274.235909 194.769059
-854.482755 344.844868
-812.249935 314.837338
-1736.613365 547.164235
-774.069231 1335.339720
393.371851 1274.354032
393.155778 1305.021996
348.212958 1301.567069
-1314.702996 854.594999
-1487.577137 577.947949
-906.593575 1115.950879
-773.529943 1155.156570
-692.842566 403.345518
-656.550797 396.209925
-824.188251 364.636746
-731.842318 374.902895
-1106.790715 885.049408
-1231.751114 854.401661
-398.337793 1274.403910
-322.810621 1205.043936
-1524.169393 284.144304
-1231.095239 1634.425096
-1106.786371 1635.344106
717.527618 1474.925969
-1566.919082 1333.355982
1185.373865 2325.501268
1513.502397 2018.753379
-356.483996 1844.479630
-1190.041058 1604.941147
-780.718124 1567.963254
-449.165966 934.462011
-1190.710651 735.055508
-612.961207 1568.305242
-532.966243 1564.948760
-572.947337 1535.381732
-481.431793 1605.048972
-1154.201534 1388.267178
-1323.224233 1415.174030
-1199.307056 1384.941590
-1282.538532 1534.402698
-1440.717957 404.824696
1060.237117 1454.633572
-906.842898 1144.512910
-523.117502 1244.993308
-1233.065217 703.389058
-648.421550 1395.015771
-648.306020 1454.526556
809.833863 1484.763892
1016.233261 1690.901496
975.041238 1902.164487
1134.984703 1985.087423
-1193.466098 132.520848
-900.344673 372.132128
-1690.474390 734.303152
1096.322515 2138.891024
1134.887071 2107.085604
-738.385643 1629.293783
-740.156892 1655.347033
-947.969739 1294.769599
1180.754591 1987.583738
1271.606315 2025.266548
-354.357255 914.987938
1471.050944 1868.970173
1476.820766 1874.794753
-728.895685 284.829808
-898.686790 1664.927455
-898.368786 1634.674527
-1564.503061 884.334152
-1565.181459 824.585696
768.978035 1485.177634
1058.711430 1453.995876
1060.541406 1455.230960
1104.897815 1455.123478
1054.168189 1448.137928
-570.964235 847.606343
-523.719855 824.742469
-1073.923471 -175.536492
-1190.332662 1455.026535
-1145.666935 1425.115948
-1153.239025 1421.956682
-1192.289874 1422.895713
1393.380184 1814.891011
1346.514363 1838.779517
1352.499625 1845.484987
1347.296629 1836.789085
-895.604185 644.920168
-899.469515 582.833614
-897.988228 585.162998
-323.360040 1865.822005
-736.843907 967.921850
-740.471104 936.194879
-1481.957660 885.004436
-1190.202079 825.282152
1176.558601 1985.324206
-1074.443411 1866.191123
-648.050060 1695.394438
-782.320062 1624.991799
-991.438714 1445.568697
-1157.041889 1326.071328
178.801254 1328.365088
-1323.949083 1295.913439
-863.075007 1267.683779
-1024.212406 1124.558218
-945.459111 249.399634
1222.036871 2227.771914
-612.267010 1837.584343
-861.034025 1540.628752
-863.153620 1178.364371
429.598122 1147.195215
-487.413463 1056.987024
-1406.574390 905.295435
-1319.648502 907.774128
-1030.022205 306.445597
-948.725596 1294.883516
-946.881971 1298.211538
1392.263183 2263.181317
1266.744488 1632.657763
98.055648 1330.011716
-863.687047 1146.916195
-817.704163 972.880602
-1609.390870 942.642544
-1653.288206 850.879894
-1071.075124 307.156194
476.783610 1874.572730
-1442.632145 613.162029
-1446.427981 577.134052
-1402.587988 579.529909
847.502022 2050.716922
850.298318 1752.402056
-1236.435192 1480.667117
-779.161294 1477.647998
349.685410 1483.357033
-1565.247598 1215.157842
-1363.274938 1178.156133
-1025.450706 882.833844
-1529.977919 787.283441
-233.293562 793.152631
-1150.238457 702.640523
-656.834511 1265.597526
-607.344069 1304.827388
-650.443770 1303.401877
-645.541435 1305.085828
1556.902788 2351.188569
1391.785609 1782.597327
1185.417973 1455.055493
-818.327171 1329.698244
97.263190 1300.376304
1352.419501 1275.372245
-775.508571 523.392685
-1358.729336 1182.959890
-1320.807836 1177.133361
-1273.749878 1184.424163
-1395.729685 1185.055708
-481.235989 1214.685664
-440.368879 1215.260339
1305.061584 2198.787543
1310.644177 2175.419952
1303.163556 2197.463457
-861.452774 1480.961924
-773.779178 1484.989993
-862.854764 1478.872476
-529.869298 1116.820964
180.504669 1418.074619
266.788202 1423.161230
-1606.855969 734.998819
-740.023468 1625.769368
1349.884613 2324.085576
-606.457007 795.216261
1514.360846 1899.531722
1472.969221 1900.916802
-1155.600963 307.756444
-773.587404 344.348969
1348.467685 1419.658965
1345.631720 1417.530716
1348.434098 1420.858433
-572.550082 843.851358
-487.850834 1117.745146
-489.888579 1145.088390
-445.927103 1297.625431
-442.154786 1333.061664
1098.842765 2231.587439
1350.832409 1393.160537
-1231.893875 1094.783265
-728.895685 74.777098
-1231.979746 1545.191561
1100.305841 1063.203348
1098.785292 1060.470493
-734.236820 1134.837514
-734.463695 1152.960220
891.180455 1602.939688
893.142965 1605.470238
1047.624761 1579.187877
1026.574809 1538.115059
-1062.418254 1430.461162
-1091.118595 1428.656871
