date:2016-05-23, time:0500, wind_speed:2.95, wind_dir:336.0, temp:10.7
3.171750199607835157e+02 -2.853956336086889678e+03
1.021543565314599164e+03 1.275078297674829400e+03
8.210971683619349051e+02 1.075076776388381177e+03
9.913425175455205363e+02 1.372903810410292408e+03
8.959564953142206605e+02 1.275078297674829400e+03
1.032196205315890211e+03 1.239936799130127838e+03
1.032388867637335352e+03 1.207869426227805434e+03
9.921887680064360211e+02 1.086073938310973745e+03
1.021543565314599164e+03 1.125040647674586808e+03
1.113272252304024505e+03 1.223351390183600643e+03
8.225052201127117542e+02 1.072134128856825100e+03
1.029747748429577314e+03 1.252687013865312792e+03
1.146019245314625095e+03 1.155048177674635326e+03
1.031535764356366144e+03 1.103342085431833539e+03
6.881265653145866281e+02 1.065025587674489771e+03
9.913842417675323304e+02 1.039967045108926413e+03
9.876593141694723954e+02 1.043602455398270422e+03
1.032947186242274711e+03 1.118319937113196374e+03
1.025886996645484032e+03 1.104802959811822120e+03
9.852418443417035405e+02 1.093086337198027422e+03
9.923280780266758256e+02 1.073672680673822924e+03
9.491887253620810725e+02 1.058954090791159615e+03
7.785223894438083789e+02 1.121700965147084844e+03
9.523232300747044974e+02 1.057472111009283026e+03
8.671365152333044080e+02 1.462136204354634174e+03
9.793107453138289884e+02 1.395108417675023475e+03
9.793107453138289884e+02 1.215063237674732363e+03
1.104897815314207492e+03 1.365100887674974956e+03
9.023874838514251451e+02 1.422852692706542712e+03
9.793107453138289884e+02 1.485131007674379362e+03
6.881265653145866281e+02 1.215063237674732363e+03
1.021543565314599164e+03 1.335093357674926438e+03
1.108802401320116587e+03 1.255972336402830706e+03
3.228399513611674365e+02 -2.871937264134743145e+03
1.032551209758772075e+03 1.118436457606872409e+03
6.939077869310674487e+02 1.032586377420074768e+03
9.024476981188749960e+02 1.483505190935120936e+03
9.054646616878601435e+02 1.492953959346326883e+03
9.795141296840736231e+02 2.115772592325125515e+03
1.021543565314599164e+03 2.025266547674463027e+03
1.187899754683884112e+03 2.055757532325028478e+03
8.961598796844652952e+02 2.085765062325076997e+03
9.909147629519573002e+02 2.093760288467693044e+03
6.935943896923403145e+02 1.061416106807167353e+03
6.522689215609425446e+02 1.062382515304907884e+03
1.021191254684667456e+03 2.175787652324432656e+03
1.194428762835568023e+03 2.063692376435272763e+03
1.199516548661138586e+03 2.095523830762984289e+03
1.066351275345771001e+03 1.283048158219934749e+03
9.051435009789979631e+02 2.170861108262177368e+03
1.146222629683290279e+03 2.235802712324529693e+03
1.187899754683884112e+03 2.235802712324529693e+03
1.146222629683290279e+03 2.205795182324481175e+03
7.773979475261784273e+02 1.122185208202077092e+03
7.714808153141948424e+02 1.125040647674586808e+03
