date:2016-07-13, time:0100, wind_speed:0.71, wind_dir:262.0, temp:19.6
60.068838 116.091686
43.111609 125.026727
-48.676881 14.478612
-102.748425 -249.606245
-102.294011 -248.185153
-36.069036 80.413123
72.201665 113.477663
59.617338 113.123368
-31.976554 44.523534
-31.762289 98.251803
38.763240 123.572106
72.036756 107.654166
-15.272008 107.174897
-6.622149 91.927449
-102.910020 -249.333182
34.742196 -279.515676
-73.398035 -147.224649
39.070689 -280.095278
81.164235 112.330392
5.878457 178.894504
18.344750 131.146259
39.157420 128.017140
38.938469 128.334865
-102.162037 -244.649230
-6.972723 155.266470
-69.490949 11.271587
-73.607744 11.417675
84.709415 116.534881
39.175484 127.640594
47.168356 125.609827
47.160874 119.563123
-61.188033 83.635479
-73.375644 112.779116
-86.224131 17.605434
60.477232 115.504818
-65.404412 152.451193
84.859354 110.346590
84.820288 113.586382
-48.630952 53.168766
-10.764213 151.813251
-102.641029 -249.612111
-98.527383 -240.659943
-107.108582 -239.878945
76.383506 116.895636
71.618367 108.631441
-119.273933 133.802941
72.262323 113.527153
72.067068 113.339549
76.759029 110.141631
59.891436 113.357872
105.513291 104.818587
-106.539455 97.246856
-139.931338 82.387208
-127.175416 154.434793
-14.539856 103.469931
-19.202319 104.261403
-122.875476 130.156620
-35.435725 160.516113
22.073697 179.864731
-52.096279 148.409836
63.633516 105.617118
-152.227941 76.323394
-131.825727 107.597101
60.405090 117.246459
60.250449 115.753071
-105.018752 96.958540
-106.482742 97.302161
-107.025158 98.320387
-35.471203 187.425595
-168.802525 97.500300
