5.561727392845605209e+02,1.283659233957189599e+03
-5.621871846858556410e+02,-1.005493982324909553e+03
-4.401986507087347036e+02,-1.001535274012308832e+03
6.803199685216399075e+02,1.253769043471577334e+03
-3.543572546862215518e+02,-1.215546692325249069e+03
5.158046218321171636e+02,1.282950750619224209e+03
7.292479953134246671e+02,1.275078297674829400e+03
6.846633606491498085e+02,1.220571018486105459e+03
1.015922608454483907e+03,1.644589915812431400e+03
1.101824788845414332e+03,1.759037770273384922e+03
-6.072742574942046758e+02,-1.091644759576917295e+03
1.021543565314599164e+03,1.275078297674829400e+03
8.045275938049313709e+02,1.254015300121605833e+03
8.080486130875856361e+02,1.308815611048879191e+03
6.881265653145866281e+02,1.245070767674780882e+03
6.458937453138163391e+02,1.275078297674829400e+03
-4.422065537597660523e+02,-1.091723884879120760e+03
7.292479953134246671e+02,1.275078297674829400e+03
7.654066060720427913e+02,1.284352750385724221e+03
1.096170596497436918e+03,1.674159084053441802e+03
6.385078802061891565e+02,1.253659904433875454e+03
6.427610179519427902e+02,1.249844059983831585e+03
8.875715742787213003e+02,1.252711919130358410e+03
6.458937453138163391e+02,1.335093357674926438e+03
7.640342808296626345e+02,1.374549064490638784e+03
1.055226909843222529e+03,1.284559448927343055e+03
9.381893153134114982e+02,1.305085827674877919e+03
6.808052548796446217e+02,1.282154648659175336e+03
7.266855366934142921e+02,1.249681687876282695e+03
7.266358381319018918e+02,1.278568752901964899e+03
6.881265653145866281e+02,1.305085827674877919e+03
4.791852453145997401e+02,1.245070767674780882e+03
9.381893153134114982e+02,1.305085827674877919e+03
8.870355914215185749e+02,1.312928589491129060e+03
6.047723153133988490e+02,1.335093357674926438e+03
5.625394953142080112e+02,1.245070767674780882e+03
7.227060286821744057e+02,1.313503569864432166e+03
7.262301561487015533e+02,1.279498186384167411e+03
5.625394953142080112e+02,1.275078297674829400e+03
6.790658262514165244e+02,1.253704868335795254e+03
6.458937453138163391e+02,1.305085827674877919e+03
6.881265653145866281e+02,1.185055707674683845e+03
7.222165418772887051e+02,1.342232302951576457e+03
6.796086541454876624e+02,-2.227175500887492490e+03
-6.906352803435307806e+02,-1.091069791650709476e+03
-5.288774929199784083e+02,-1.027689054443468649e+03
1.013940274889468697e+03,1.584182900514482753e+03
7.213980632264413089e+02,1.345130069741107263e+03
6.047723153133988490e+02,1.425115947675071993e+03
1.229576879684477944e+03,2.175787652324432656e+03
8.931708091777235268e+02,2.210441446656171593e+03
9.728336450648954497e+02,2.185127586630447695e+03
8.126022453146123325e+02,2.025266547674463027e+03
9.748336165334064845e+02,1.999773291771781260e+03
8.895501550421597585e+02,1.943665461580259716e+03
5.152701957952300518e+02,1.794198750764029455e+03
8.056906922117856311e+02,1.854936067233063341e+03
6.380052351080328208e+02,1.794276792845965929e+03
2.669332305746161751e+02,1.369548596014064515e+03
3.477123142723238516e+02,1.313850473558961539e+03
3.919080191357500098e+02,-4.604046040215337143e+02
8.512996865639713633e+02,1.969347596384945746e+03
8.452478306148900629e+02,1.943308271482104601e+03
5.968066040819517184e+02,1.764536840989419943e+03
6.881265653145866281e+02,1.665176187674670473e+03
7.641920579295732523e+02,1.674196245196565314e+03
4.380638153141822499e+02,-2.685915662325257472e+03
1.180168224657517612e+03,2.275117891635836259e+03
1.100898025886621781e+03,2.210549499317215123e+03
9.354243647471903387e+02,1.789078601690941696e+03
5.152281424888253696e+02,1.734112983478341448e+03
1.317020704867637448e+01,7.438825111508875807e+02
-3.986148147741543539e+02,-2.506343456182534339e+02
-3.543572546862215518e+02,-3.453283223254214818e+02
6.799021655267943061e+02,1.312690488841699562e+03
5.180315428081430582e+02,1.309382622773188587e+03
6.421595280084235355e+02,1.278522056297583276e+03
6.425535203939928124e+02,1.310355721538805483e+03
-6.123902657901844577e+02,-1.056625402757124903e+03
-6.524791652661843955e+02,-1.056398453746325004e+03
9.793107453138289884e+02,1.305085827674877919e+03
9.354946680273308175e+02,1.189716581417573025e+03
-6.914674678722154795e+02,-1.121185994980573923e+03
1.021543565314599164e+03,1.605161127674573436e+03
6.881265653145866281e+02,1.275078297674829400e+03
4.791852453145997401e+02,-2.715923192325305990e+03
1.062664995313437203e+03,1.335093357674926438e+03
3.547095653145739789e+02,1.275078297674829400e+03
4.704625171305486333e+02,1.253463405283089969e+03
9.297029890314225895e+02,1.254484275169391367e+03
7.213366897713273147e+02,1.283713350330149751e+03
9.721336285195407072e+02,1.795201817239637421e+03
1.021543565314599164e+03,1.965251487675155659e+03
4.755544744513820774e+02,-2.711975206732741299e+03
4.765445980951328693e+02,-2.651810684846700497e+03
4.537286366981712717e+02,-2.651030462342998817e+03
3.886595782289684848e+02,-2.617384138327908204e+03
1.058518190489817925e+03,1.788641820347369730e+03
1.184084359565132900e+03,2.181227774141621921e+03
6.385459784871786724e+02,1.705579020846408412e+03
-3.608181693112212542e+02,-2.763583466841388372e+02
-4.433377665102453875e+02,-3.065703071411018072e+02
6.794610004034690292e+02,1.252532249278320478e+03
9.684587702977692913e+01,-6.653050545868849213e+02
4.306439881390546134e+02,-2.646537590308027575e+03
1.013400174103261293e+03,1.585892351070406448e+03
6.881265653145866281e+02,1.695183717674718991e+03
1.018263628223436967e+03,1.670054464384464154e+03
9.351463330716306928e+02,2.059711391756471585e+03
4.717062758684239157e+02,-2.647113307632758733e+03
7.622207836631459941e+02,1.194207304896911637e+03
7.217380312703232903e+02,1.313340461257947709e+03
5.625394953142080112e+02,1.245070767674780882e+03
5.214180653137905210e+02,1.275078297674829400e+03
6.789106323225566939e+02,1.285028660458882086e+03
6.817236134068634783e+02,1.286028081307283628e+03
6.047723153133988490e+02,1.275078297674829400e+03
-5.655817299958641797e+02,-1.060988293106880064e+03
-5.697550577046641820e+02,-1.056939635081277856e+03
-6.044200046866258162e+02,-1.095516572325054995e+03
6.431442955222737510e+02,1.279394507403530497e+03
5.625394953142080112e+02,1.335093357674926438e+03
6.384463551511096284e+02,1.283404008198211386e+03
-5.306969716225188449e+02,-1.055795871857252905e+03
-5.210657546854381508e+02,-1.035501512324957957e+03
-4.850194420210201542e+02,-1.025599867628728589e+03
1.056423892932686385e+03,2.245158578137735276e+03
1.100711142359325322e+03,2.240376217543345774e+03
1.181430493710596238e+03,2.154401609836519583e+03
8.503456801499012272e+02,2.000626632204581938e+03
3.055520711847610755e+02,1.344511682970861102e+03
4.764084219189556961e+02,-4.016995815410514297e+02
7.222133218906722050e+02,1.252934173260624448e+03
6.390440698247897444e+02,1.673085433378868402e+03
6.047723153133988490e+02,1.695183717674718991e+03
1.262881262911917474e+03,2.244954092284060607e+03
7.209947279115857555e+02,1.942827325163708565e+03
9.381893153134114982e+02,1.905236427675058621e+03
9.793107453138289884e+02,1.905236427675058621e+03
8.897293708571417028e+02,1.824204458738190624e+03
9.314710708175591662e+02,1.825094561609063931e+03
8.878896186225213114e+02,1.795592042865857820e+03
7.649827007470182707e+02,1.733916474485648223e+03
1.018503524586279923e+03,1.159078051120137843e+03
-3.201076182887162531e+02,-1.570874200342850600e+02
1.146222629683290279e+03,2.325825302324675249e+03
1.312931129684086272e+03,2.205795182324481175e+03
1.229576879684477944e+03,2.175787652324432656e+03
1.012688794465540582e+03,2.006041720488153715e+03
7.714808153141948424e+02,1.935243957675107140e+03
6.458937453138163391e+02,1.665176187674670473e+03
9.765301743822618619e+01,1.284751948259122400e+03
8.859374575917851189e+02,1.196773755559849860e+03
1.012123156569031266e+03,1.163445752085037384e+03
1.104897815314207492e+03,1.125040647674586808e+03
9.745960028834871025e+01,9.545845598577607234e+02
-3.121244346854513196e+02,-2.252982023252274075e+02
-3.121244346854513196e+02,-2.553057323252759261e+02
-2.710030046866132238e+02,-2.553057323252759261e+02
-3.121244346854513196e+02,-3.153207923253729632e+02
7.714808153141948424e+02,-2.475862952324917842e+03
5.436111128857003223e+02,-2.686148993079122192e+03
1.097119953546341321e+03,2.244615861786599453e+03
1.146222629683290279e+03,2.205795182324481175e+03
1.221552427456684882e+03,2.125370307485317426e+03
7.714808153141948424e+02,2.025266547674463027e+03
7.714808153141948424e+02,1.995259017674414508e+03
8.959564953142206605e+02,1.965251487675155659e+03
8.126022453146123325e+02,1.815213837674913066e+03
8.548350653138031703e+02,1.155048177674635326e+03
1.225686901727551970e+01,7.146380228276178741e+02
5.968686524836071783e+01,6.803433827720348290e+02
-1.042945046858172304e+02,5.849051076745032560e+02
-4.030879801237003903e+02,-3.357170818777033219e+02
8.051677301754436940e+02,-2.406576670878106597e+03
6.800171302733434686e+02,-2.618067590893802389e+03
1.096261307749657362e+03,2.213246168639520420e+03
1.095700249005388514e+03,2.214289304632368840e+03
1.229576879684477944e+03,2.235802712324529693e+03
1.054700352096774395e+03,2.155792513023162428e+03
7.672846587104108949e+02,1.939920306267149044e+03
8.959564953142206605e+02,1.785206307674864547e+03
1.880010653137779286e+02,1.305085827674877919e+03
2.129256531456131540e+01,6.749276976746488117e+02
-2.797000042068164021e+02,-2.757964696819502137e+02
5.625394953142080112e+02,-4.353509123255670374e+02
4.380638153141822499e+02,-4.353509123255670374e+02
3.547095653145739789e+02,-5.553810323249714429e+02
9.381893153134114982e+02,-1.965734942324882695e+03
7.629817501054375271e+02,-2.498537695426590290e+03
5.974859026244762390e+02,-2.646770763895401160e+03
6.818401050223625361e+02,1.283359367254268818e+03
8.126022453146123325e+02,2.025266547674463027e+03
1.188252065313815820e+03,1.845221367674961584e+03
-2.710030046866132238e+02,-3.153207923253729632e+02
-4.001672894915873826e+02,-3.710064874938461799e+02
4.292941832834304705e+02,-4.864017826919784397e+02
3.915877476163510664e+02,-4.618415756180392577e+02
3.897988320619755882e+02,-4.578735730384351541e+02
6.047723153133988490e+02,-2.685915662325257472e+03
9.793107453138289884e+02,1.995259017674414508e+03
8.362587913213969841e+02,2.021800593441586670e+03
7.714808153141948424e+02,1.935243957675107140e+03
8.080539794234409783e+02,1.940094705254494784e+03
7.292479953134246671e+02,1.905236427675058621e+03
9.381893153134114982e+02,1.755198777674816029e+03
6.837903603871852738e+02,1.700269116759910730e+03
-2.765855783234428600e+02,-2.763187960991068621e+02
4.791852453145997401e+02,-4.353509123255670374e+02
4.718483911253062502e+02,-4.272621448062151330e+02
3.485309276237688891e+02,-5.774222222570356280e+02
-1.070174756712585122e+03,-2.376928233161962453e+03
2.681954717974365963e+02,-2.712183005873337152e+03
1.271254004683492440e+03,2.235802712324529693e+03
7.714808153141948424e+02,1.755198777674816029e+03
7.674669316052611521e+02,1.730162093305331155e+03
-5.210657546854381508e+02,-1.095516572325054995e+03
6.818166467933367585e+02,1.283447340098949780e+03
1.104545504684275784e+03,2.205795182324481175e+03
1.097180222207644647e+03,2.274992581701920699e+03
1.309695061065178152e+03,2.239365860411910035e+03
1.354608254684680105e+03,2.235802712324529693e+03
1.347059453554968741e+03,2.213366374286761129e+03
7.292479953134246671e+02,1.725191247674767510e+03
7.714808153141948424e+02,1.935243957675107140e+03
6.846887820272099816e+02,1.910683585094760019e+03
7.689590147066435293e+02,1.760487423988722639e+03
7.714808153141948424e+02,1.755198777674816029e+03
1.021543565314599164e+03,1.695183717674718991e+03
8.922956096541254283e+02,1.189699335539139383e+03
8.872187868812939087e+02,1.854349601447557916e+03
1.187899754683884112e+03,2.235802712324529693e+03
6.811816454331819841e+02,1.193707878851168289e+03
-3.121244346854513196e+02,-2.252982023252274075e+02
9.793107453138289884e+02,1.905236427675058621e+03
1.354608254684680105e+03,2.235802712324529693e+03
7.646739975936069413e+02,1.734115922680380208e+03
7.714808153141948424e+02,1.665176187674670473e+03
-6.089511029647588884e+02,-1.090763122056680459e+03
7.645165818558818955e+02,1.929839067522812911e+03
-3.181136300477452892e+02,-1.859871066885385460e+02
6.799428944249947335e+02,1.333924500827396059e+03
-4.008971569509789106e+02,-3.184788048421867188e+02
-3.954786846866389851e+02,-2.553057323252759261e+02
6.422701640197775532e+02,1.738924879832507713e+03
