-1.392634757620975279e+02,-2.994263274011482281e+03
6.947465630937242622e+02,1.027553334623667297e+03
6.881265653145866281e+02,1.035018057674441252e+03
6.881265653145866281e+02,1.035018057674441252e+03
5.625394953142080112e+02,1.065025587674489771e+03
5.688442684485725067e+02,1.056461475451283604e+03
6.881265653145866281e+02,1.035018057674441252e+03
9.793107453138289884e+02,1.035018057674441252e+03
5.625394953142080112e+02,1.065025587674489771e+03
5.699893202162367061e+02,1.056854269381849008e+03
5.679959019451446238e+02,1.057586927736321513e+03
6.119628154594749958e+02,1.055531366174412597e+03
5.625394953142080112e+02,1.065025587674489771e+03
5.625394953142080112e+02,1.065025587674489771e+03
6.881265653145866281e+02,1.035018057674441252e+03
6.946820494659712040e+02,1.026009704941445989e+03
6.881265653145866281e+02,1.035018057674441252e+03
4.862252286845968570e+02,1.086232944703286421e+03
5.681869482353110925e+02,1.056834372952057720e+03
9.941662963119849792e+02,1.182334191398839039e+03
9.559458914287480411e+02,1.334109800249004820e+03
1.118148507595921046e+03,1.449045329048944950e+03
9.954510902135685910e+02,1.454210858479656963e+03
6.935200600888251756e+02,1.026109809897656078e+03
6.458937453138163391e+02,1.065025587674489771e+03
5.689055856809108036e+02,1.057605799334741505e+03
8.700689311665167907e+02,1.214000567812238387e+03
4.851652114882506339e+02,1.085629887342600114e+03
1.036901477529958811e+03,1.365381489560402088e+03
5.696572012717450662e+02,1.057052193285969224e+03
1.081608509161194888e+03,1.545579056871742523e+03
1.068336783946663445e+03,1.207317258942259741e+03
9.547249965722864999e+02,1.123158394753593257e+03
1.035034765890007293e+03,1.297769167270810613e+03
9.114059490019459417e+02,1.363618722394106271e+03
9.903815433230429335e+02,1.304915548706846721e+03
1.076826249121993442e+03,1.363559308417547300e+03
9.944185521412932758e+02,1.123549547936369663e+03
8.661207899094516733e+02,1.147440822062322013e+03
1.120486832983347085e+03,1.302410522779917756e+03
9.793107453138289884e+02,1.305085827674877919e+03
1.021543565314599164e+03,1.155048177674635326e+03
9.515555578337015277e+02,1.240292564919544020e+03
1.021543565314599164e+03,1.215063237674732363e+03
9.438582981493150328e+02,1.056657730404623180e+03
9.548276200863145959e+02,1.149939095489057308e+03
1.116897046370938369e+03,1.358586725498001670e+03
1.028323077338116036e+03,1.175815913713261125e+03
9.793107453138289884e+02,1.035018057674441252e+03
6.881265653145866281e+02,1.035018057674441252e+03
6.948917499228673478e+02,1.025577600385817732e+03
6.944207813364034791e+02,1.027469065985403859e+03
-5.500051923504378237e+01,1.957749560807195394e+03
5.350333566655948516e+02,1.603345632341794726e+03
2.752944737035208789e+01,1.836159270419855375e+03
1.121109361310125223e+03,1.422645177281064662e+03
5.214180653137905210e+02,1.095033117674538289e+03
-2.094025468620891672e+01,1.965251487675155659e+03
5.214180653137905210e+02,1.095033117674538289e+03
6.941995218745059901e+02,1.027409906424880774e+03
4.851098546582500148e+02,1.147460580767792408e+03
5.368358537492247251e+02,1.544327486662419915e+03
5.625394953142080112e+02,1.065025587674489771e+03
5.697466801272917110e+02,1.056951063552086453e+03
-5.590780827983134316e+01,1.956191615063112295e+03
2.724583241685466817e+01,1.836460937305835614e+03
9.866873241871803657e+02,1.117479445183771531e+03
6.881265653145866281e+02,1.035018057674441252e+03
5.698039502310800799e+02,1.056220916482386201e+03
6.945653867735901486e+02,1.026001598606825837e+03
4.791852453145997401e+02,1.095033117674538289e+03
5.694674196860534039e+02,1.057125993073767177e+03
3.749924931177989151e+01,1.843917671267277456e+03
-1.709880078677616098e+02,1.129172207802650973e+03
8.959564953142206605e+02,1.065025587674489771e+03
7.820928212701211635e+01,1.936831833907928512e+03
-5.576368364703593272e+01,1.957395314338871231e+03
-3.058313906474368196e+02,1.086768335360834044e+03
7.502630800708233494e+01,1.837130736416712352e+03
-4.697495434496801181e+01,1.187445326826035398e+03
5.686008839566837878e+02,1.057404345042889645e+03
5.686239145227232257e+02,1.056192258354168189e+03
5.625394953142080112e+02,1.065025587674489771e+03
2.789549109317803754e+01,1.926041829513788343e+03
6.952680649551825809e+02,1.025611304858779704e+03
6.945723439701422421e+02,1.025632624792615843e+03
5.685950151315472567e+02,1.057570441900643800e+03
1.122745823112875541e+03,1.364943138516668796e+03
3.649052176507365175e+01,1.843345482956216983e+03
5.691973252250837731e+02,1.056465230984398431e+03
6.946509817153142876e+02,1.026079596935982636e+03
6.881265653145866281e+02,1.035018057674441252e+03
2.129256531456131540e+01,1.845221367674961584e+03
2.421588901413554993e+02,1.874898812604987370e+03
5.680860277637746094e+02,1.057091511941390536e+03
5.625394953142080112e+02,1.065025587674489771e+03
5.679744527192982559e+02,1.056152805586468503e+03
6.458937453138163391e+02,1.065025587674489771e+03
5.678982595466691237e+02,1.056878749402728999e+03
