8.126022453146123325e+02,1.215063237674732363e+03
-4.078546691137020161e+02,-1.361633447775229342e+03
1.139768694182957006e+03,1.217517139547664556e+03
1.021543565314599164e+03,1.185055707674683845e+03
7.714808153141948424e+02,1.215063237674732363e+03
7.587744264087888268e+02,1.188413727579207716e+03
8.548350653138031703e+02,1.245070767674780882e+03
6.771278394234037705e+02,1.190429598012570068e+03
4.680908395927639276e+02,-2.651013984242335482e+03
9.637839727834166297e+02,1.190462410604015304e+03
-5.210657546854381508e+02,-1.215546692325249069e+03
-3.237587696396398087e+02,-1.241440435624973816e+03
7.164533898515506962e+02,1.157884653552198415e+03
5.099917129736348897e+02,1.217600237265838359e+03
-1.500528436107458106e+02,1.006357593330418581e+03
5.562419839314349019e+02,-2.503365286559389460e+03
1.095300210575591109e+03,1.518865336561612139e+03
1.140749437462952528e+03,1.427356387751402053e+03
8.079181550810488943e+02,1.216565411828574952e+03
3.384186445494045188e+02,-2.680624072589997922e+03
4.264633283520224722e+02,-2.622761120255119749e+03
-5.248073803657608778e+02,-1.203872005481175620e+03
1.021543565314599164e+03,1.245070767674780882e+03
9.282408331613066821e+02,1.187484682984628762e+03
-3.179625075588344316e+02,-1.302489658029057409e+03
2.998472282122622801e+02,-2.741044041257428034e+03
5.987962706980970324e+02,1.217482489101783813e+03
6.047723153133988490e+02,1.155048177674635326e+03
3.892027243681463915e+02,-2.683567502896329188e+03
9.271003074329069022e+02,1.158842881935363494e+03
-5.738194047125740553e+02,-9.695134174127600772e+02
9.307872552856187554e+01,9.496236166637581846e+02
5.559578656894898359e+02,-2.683626688695094799e+03
4.791852453145997401e+02,1.275078297674829400e+03
1.009794219285902727e+03,1.189334911702069348e+03
9.810087842343471038e+02,1.195304375594514568e+03
1.010333438795341635e+03,1.189015394235627127e+03
9.737328288395652862e+02,1.216883854040354208e+03
1.880010653137779286e+02,-2.685915662325257472e+03
5.924116714171011608e+02,1.220075170455092803e+03
8.503527663139007018e+02,1.157490943468201749e+03
-6.455414346854639689e+02,-1.245554222325297587e+03
-2.710030046866132238e+02,-1.245554222325297587e+03
-3.248736945960813500e+02,-1.180515082475001236e+03
5.519838420190749275e+02,1.189329788919273369e+03
5.152116737862639866e+02,1.218395179071642360e+03
3.012748026656774982e+02,-2.711265454046923423e+03
2.658928797855522816e+02,-2.803897996608121503e+03
1.015436663052716767e+03,1.216851200584887010e+03
9.381893153134114982e+02,1.155048177674635326e+03
1.009671431608713419e+03,1.159892107042137241e+03
6.881265653145866281e+02,1.185055707674683845e+03
7.171089711435408844e+02,1.189366783508859498e+03
1.312727745313841524e+03,1.485131007674379362e+03
5.943329380483698969e+02,1.189620446171065169e+03
7.573370645474402636e+02,1.191565593010946259e+03
9.276614230332828583e+02,1.190155922351259960e+03
5.166361296461116126e+02,-2.714177531072772126e+03
1.052804312268665626e+03,1.159365978343002325e+03
3.905984347790043785e+02,-2.713649863266859938e+03
2.236960282084206710e+02,-2.773329447761316715e+03
3.391811450973659134e+02,-2.650473244008525398e+03
3.856950374580463858e+02,-2.710055568954159753e+03
6.002692282146149410e+02,-2.623154629814690907e+03
4.319535746579716715e+02,-2.713585976882049181e+03
-1.042945046858172304e+02,9.449954676750854787e+02
3.958309953134120178e+02,-2.655908132325208953e+03
8.126022453146123325e+02,1.155048177674635326e+03
6.412393260965693571e+02,1.216993697967276603e+03
5.189073429336986010e+02,-2.584312833279064762e+03
9.670910733184564378e+02,1.130846344297415726e+03
9.793107453138289884e+02,1.245070767674780882e+03
3.124767453138036899e+02,-2.745930722325354509e+03
4.272768375715718889e+02,-2.591864773677220001e+03
4.380638153141822499e+02,-2.745930722325354509e+03
-5.257755963764643639e+02,-1.184132406838073166e+03
9.330377011578872271e+02,1.246298939316164024e+03
-3.207807461265349502e+01,1.007531531051891989e+03
3.831945839220312564e+02,-2.682049027492919322e+03
4.330384518811769112e+02,-2.744073120879594626e+03
6.241399531339939699e+01,1.005010527674392733e+03
4.232403504573421742e+02,-2.680178560239304716e+03
2.713553153133862565e+02,-2.715923192325305990e+03
9.264794138830707197e+02,1.130121168528209864e+03
1.176840445338816153e+03,1.219936220121316410e+03
1.015206513949962982e+03,1.217810824977457060e+03
7.178846110622189371e+02,1.159930604766537726e+03
8.064599254063422222e+02,1.186941876327693308e+03
7.184498723997464822e+02,1.099505855114714677e+03
6.881265653145866281e+02,1.215063237674732363e+03
6.349625710939855026e+02,1.161089720630435977e+03
5.924118545193838372e+02,1.221091837893438651e+03
-4.442960867343679183e+02,-1.153059415237060875e+03
4.380638153141822499e+02,-2.715923192325305990e+03
8.490183786979580418e+02,1.637127160526430544e+03
4.266222617145850791e+02,-2.680581198497875448e+03
6.828106822174939907e+02,1.126783438419433423e+03
2.291224953141954188e+02,-2.685915662325257472e+03
-3.114583917418104875e+01,1.007819997595183622e+03
6.881265653145866281e+02,1.185055707674683845e+03
1.670268389274288268e+01,9.176673297239893827e+02
5.926976659232182101e+02,1.248079403761174262e+03
3.547095653145739789e+02,-2.685915662325257472e+03
6.402095387217800635e+02,1.216798014511866540e+03
3.958309953134120178e+02,-2.715923192325305990e+03
3.441440709962884057e+02,-2.621282659640267866e+03
3.958309953134120178e+02,-2.715923192325305990e+03
1.016482609002974982e+03,1.188400516267723788e+03
8.903839108874684598e+02,1.216631906175177392e+03
9.336338067969428494e+02,1.218251953660532990e+03
1.046351265381321809e+03,1.190190809783926852e+03
-6.683487966479394515e+01,9.772860791353414243e+02
1.021543565314599164e+03,1.185055707674683845e+03
3.913059420734418836e+02,-2.774778783886990368e+03
3.059678445149757522e+02,-2.714328645883526406e+03
4.328494912430894601e+02,-2.714176290971092385e+03
4.321775653909789980e+02,-2.654584981198516743e+03
6.830998680413184729e+02,1.246946847679146913e+03
7.606762007610197998e+02,1.189220411833441858e+03
7.182781411805821108e+02,1.161120815229766094e+03
9.381893153134114982e+02,1.455123477675120512e+03
5.515525909762910715e+02,1.130754400007293270e+03
6.409251921275274526e+02,1.127473301640526415e+03
7.181026193621144103e+02,1.220785701893793885e+03
8.548350653138031703e+02,1.245070767674780882e+03
8.849852404654202473e+02,1.189510845881698515e+03
-3.121244346854513196e+02,-1.395591872325540180e+03
2.973595400244666962e+02,-2.739715893226119988e+03
5.932913183363068583e+02,1.249347997901792041e+03
1.880010653137779286e+02,-2.625900602325160435e+03
1.021543565314599164e+03,1.245070767674780882e+03
9.319163756100574574e+02,1.217078830295910393e+03
1.718906037559089555e+02,-2.680723338487061937e+03
1.880010653137779286e+02,-2.775938252325403027e+03
9.677574699137488778e+02,1.189721785043312821e+03
8.126022453146123325e+02,1.185055707674683845e+03
3.816349474640981612e+02,-2.678767049053661140e+03
2.579822791650528302e+02,-2.651866483242181403e+03
3.547095653145739789e+02,-2.625900602325160435e+03
9.682237747232027232e+02,1.219088310612333999e+03
1.011837616444275113e+03,1.219241205854418922e+03
-1.454159346862346922e+02,9.149879376750369602e+02
6.350428379287516236e+02,1.221007526000689950e+03
3.831747874859579497e+02,-2.650905807295127488e+03
3.490281264030987813e+02,-2.714578546414756147e+03
-5.621871846858556410e+02,-1.035501512324957957e+03
3.958309953134120178e+02,-2.655908132325208953e+03
9.381893153134114982e+02,1.215063237674732363e+03
8.422590865391825901e+02,1.248443747797691231e+03
8.494860320232752429e+02,1.187294671648081248e+03
1.015457555649708638e+03,1.158279115717295781e+03
9.681266475611859050e+02,1.188513879698869005e+03
3.547095653145739789e+02,-2.805945782325451546e+03
3.547095653145739789e+02,-2.655908132325208953e+03
3.547095653145739789e+02,-2.655908132325208953e+03
3.847437855698798330e+02,-2.710052404316921638e+03
1.057631106005577749e+03,1.128365769222583594e+03
3.124767453138036899e+02,-2.685915662325257472e+03
8.548350653138031703e+02,1.185055707674683845e+03
8.451751642629623120e+02,1.189292514550384567e+03
9.684804814322312723e+02,1.219401008036388930e+03
1.880010653137779286e+02,-2.805945782325451546e+03
-3.204685171790193010e+01,9.480698338625943506e+02
1.758286869087536957e+02,-2.651101261616429838e+03
2.572230209645725836e+02,-2.680103698213305506e+03
5.987168251189143575e+02,1.217171862542860936e+03
7.651077799911365673e+02,1.187740265007553262e+03
4.668446508916124458e+02,1.188264512255042064e+03
5.937406198151107901e+02,1.189540296776640162e+03
2.713553153133862565e+02,-2.625900602325160435e+03
2.167125481057520915e+02,-2.771162962113846788e+03
5.163692833842267191e+02,1.126363760622132304e+03
4.755679587318811059e+02,1.284502652983493590e+03
4.277939373451019378e+02,-2.623605044682292373e+03
6.361419031521454599e+02,-2.560173087561364355e+03
1.057802087226054482e+03,1.187487458232790004e+03
-4.060588286547817347e+02,-1.240553934366350404e+03
-6.206168468662637849e+01,9.750029976751339973e+02
2.713553153133862565e+02,-2.715923192325305990e+03
2.592084095673174033e+02,-2.711943446858993866e+03
1.093960738958532602e+03,1.249933135983716284e+03
4.274792102919520858e+02,-2.741519119538008454e+03
4.380638153141822499e+02,-2.655908132325208953e+03
1.177413026989772789e+03,1.398623339150054107e+03
3.547095653145739789e+02,-2.715923192325305990e+03
1.817879487996499961e+02,-2.653992844696638258e+03
7.607005984353861550e+02,1.189017607228392080e+03
6.827343772200097192e+02,1.156466414957974166e+03
8.414496576546513325e+02,1.219611000165320092e+03
6.458937453138163391e+02,1.245070767674780882e+03
9.739936000250555708e+02,1.187706432790373810e+03
-4.493961883691766275e+02,-1.332540183262847222e+03
3.829805168090217649e+02,-2.741547622396571114e+03
-5.724736381946697747e+02,-1.240176415825014601e+03
5.148680312717449397e+02,-2.712746392422623558e+03
4.266995323609065167e+02,-2.710409412858217820e+03
7.191366377368944995e+02,1.249003163083165191e+03
7.666498266171684008e+02,1.186779918077768571e+03
2.228573767994251398e+02,-2.654233797138889713e+03
8.838156314791418708e+02,1.220675438211051869e+03
1.016043357590925666e+03,1.186535965713417681e+03
1.050685011406463673e+03,1.219613295638846012e+03
-5.733166807559651943e+02,-1.362401818875379377e+03
7.229664366370723201e+02,1.157082625891953285e+03
6.759335907922388742e+02,1.188172076295182478e+03
7.246529421116987351e+02,1.127107618820286461e+03
1.008866267578187035e+03,1.188563604170903091e+03
9.273298264861597318e+02,1.248867835108376767e+03
-4.498037886912368890e+02,-1.212640827654730856e+03
5.161277853182419904e+02,-2.593498920511365213e+03
4.657588437467291556e+02,-2.530895118480386827e+03
7.230172039920034877e+02,1.186456676522881253e+03
7.648860429025606891e+02,1.186980983111632213e+03
7.292479953134246671e+02,1.155048177674635326e+03
-5.210657546854381508e+02,-1.335576812325443143e+03
2.713553153133862565e+02,-2.775938252325403027e+03
3.900673931453695786e+02,-2.683253194000666099e+03
5.991666209058101913e+02,1.246485017586208642e+03
7.230612253277275840e+02,1.187338544007979863e+03
5.573997530973362018e+02,1.186647432233153950e+03
-4.443445412686510849e+02,-1.332661769266255760e+03
7.134331220091668229e+02,1.160819334015720187e+03
3.439549705135620457e+02,-2.591111812367604671e+03
9.265455534148079551e+02,1.249457413003304509e+03
9.670193903502259900e+02,1.128750827225035209e+03
6.819472325559365800e+02,1.247720474530110778e+03
1.845243069272336243e+02,-2.703291033923626401e+03
7.240477834322717854e+02,1.217037348221309458e+03
9.743842689556538517e+02,1.576929001250811098e+03
1.021543565314599164e+03,1.185055707674683845e+03
2.713553153133862565e+02,-2.685915662325257472e+03
7.292479953134246671e+02,1.185055707674683845e+03
-3.651290537592652186e+02,-1.421843374934406711e+03
5.785489612978541629e+01,1.037761936256879835e+03
1.017889434807266753e+03,1.195139807996102263e+03
9.682265226583529056e+02,1.188491454380534151e+03
9.329356381737826496e+02,1.186310279176218046e+03
9.793107453138289884e+02,1.245070767674780882e+03
9.381893153134114982e+02,1.215063237674732363e+03
2.713553153133862565e+02,-2.715923192325305990e+03
7.189037871264503110e+02,1.128677313372963681e+03
4.666678899656847648e+02,-2.681486968727762360e+03
4.747019568251162127e+02,-2.712736277313044411e+03
4.262487163323181676e+02,-2.681826009271156181e+03
6.347980700356499710e+02,1.190340757512484970e+03
6.881265653145866281e+02,1.215063237674732363e+03
6.397190639814233464e+02,1.276801185842936775e+03
3.502158242833046415e+02,-2.743249484998879780e+03
8.413549844861801148e+02,1.220735366610688743e+03
1.051648991636392793e+03,1.579793447969563658e+03
1.104897815314207492e+03,1.575153597674524917e+03
9.334171074304846343e+02,1.486413144662072227e+03
4.246820856461059179e+02,-2.650879927297439735e+03
3.891955054461868144e+02,-2.713822374045970719e+03
-1.454159346862346922e+02,1.005010527674392733e+03
5.947620746422359161e+02,1.160825902673691871e+03
9.793107453138289884e+02,1.185055707674683845e+03
4.380638153141822499e+02,-2.685915662325257472e+03
6.770027794698349908e+02,1.190361158120704658e+03
6.458937453138163391e+02,-2.595893072325111916e+03
4.791852453145997401e+02,-2.625900602325160435e+03
8.905965769212626810e+02,1.217985861123883524e+03
7.187869662812553315e+02,1.250950191939321030e+03
1.021543565314599164e+03,1.215063237674732363e+03
1.062664995313437203e+03,1.215063237674732363e+03
4.279725191147509804e+02,-2.650163846459295200e+03
2.231458980658709379e+02,-2.743502856332564988e+03
6.409872589763433552e+02,1.216631014092289661e+03
7.246142588962030686e+02,1.188100134364670112e+03
6.831167044220068192e+02,1.246764452684783919e+03
9.731993687958201917e+02,1.187248433685438613e+03
6.773090079714079366e+02,1.250604945037503512e+03
1.612482565894796949e+01,9.468801553756752583e+02
3.958309953134120178e+02,-2.715923192325305990e+03
6.306283120529933512e+02,1.221624199498009148e+03
3.077683123082878183e+02,-2.654446755958181711e+03
9.267425098751253927e+02,1.160235221099995897e+03
7.246356320085596963e+02,1.157138387143571435e+03
1.056298587901956807e+03,1.186543783241787878e+03
5.993705918278461695e+02,-2.624188260263689699e+03
9.336978336281360953e+02,1.247961607920370170e+03
3.851167581299072822e+02,-2.710172195288419061e+03
3.026264720048767458e+02,-2.741641890369528937e+03
8.510611968255474267e+02,1.227518312515490607e+03
7.246695062893714976e+02,1.188119025120971855e+03
6.767840194355129597e+02,1.129046670400084167e+03
1.049633091496468523e+03,1.099924555574975557e+03
1.056371648843070489e+03,1.156833638671270364e+03
9.327939035348891821e+02,1.216600372940116813e+03
7.603560505648682692e+02,1.160950676006872754e+03
1.826737902848372528e+02,-2.804100458182851526e+03
6.348716346458419366e+02,1.248040215824732968e+03
3.844926363759395258e+02,-2.742175053567189025e+03
4.317595031850991631e+02,-2.712938261911800510e+03
1.822348361595196593e+02,-2.773906803242073693e+03
4.259651543433351435e+02,1.158906638604890077e+03
5.095670462704883903e+02,1.129725953267260365e+03
4.675917823109716096e+02,-2.712303913858309897e+03
3.433162099111182215e+02,-2.680420269574238318e+03
9.665488646598702189e+02,1.159802831482038755e+03
6.402925885602538756e+02,-2.563315939411176259e+03
6.765409348458094883e+02,-2.562056111875329407e+03
9.282889148102462968e+02,1.128381467480591027e+03
1.015835448741844289e+03,1.188364480971548801e+03
9.646053021823259996e+02,1.192318716746388873e+03
7.616190685774024587e+02,1.158903636753577530e+03
7.292479953134246671e+02,1.215063237674732363e+03
6.881265653145866281e+02,1.155048177674635326e+03
2.654922757986643091e+02,-2.772601085870564020e+03
2.183199667400309636e+02,-2.682421878777080565e+03
3.438534381917224323e+02,-2.743122600127578153e+03
3.444283482423332430e+02,-2.710373662055005298e+03
3.489326277542022012e+02,-2.713718558263371051e+03
9.737908796736210206e+02,1.276480497504575851e+03
6.772814590260979912e+02,1.098951498222286318e+03
6.767762162186962769e+02,1.160816248518064413e+03
5.937867603915919972e+02,1.219555921453114024e+03
8.912000545131618310e+02,1.247508548823669798e+03
1.021543565314599164e+03,1.245070767674780882e+03
8.800417784451211674e+02,1.250702544493421783e+03
1.021543565314599164e+03,1.155048177674635326e+03
9.333022303095274310e+02,1.156275848398220433e+03
3.547095653145739789e+02,-2.805945782325451546e+03
2.237057064843422154e+02,-2.743806228536923754e+03
8.849941002149273572e+02,1.160751697213407397e+03
3.547095653145739789e+02,-2.655908132325208953e+03
9.793107453138289884e+02,1.245070767674780882e+03
6.772270460273766730e+02,1.221385249032274714e+03
9.257921152066084005e+02,1.188935338794580957e+03
9.690448785439788253e+02,1.161230209220493407e+03
1.880010653137779286e+02,-2.775938252325403027e+03
3.433253221829845074e+02,-2.682485327470630182e+03
3.075682038094480504e+02,-2.714097846001116523e+03
2.129256531456131540e+01,1.005010527674392733e+03
-6.206168468662637849e+01,9.449954676750854787e+02
4.272260013825141414e+02,-2.741199355901474064e+03
9.793107453138289884e+02,1.185055707674683845e+03
9.282929003461277944e+02,1.219474451238836537e+03
1.021543565314599164e+03,1.215063237674732363e+03
2.713553153133862565e+02,-2.715923192325305990e+03
3.124767453138036899e+02,-2.685915662325257472e+03
3.958309953134120178e+02,-2.685915662325257472e+03
7.187790605768792602e+02,1.159836814880647808e+03
7.607217325922592863e+02,1.220837357813543576e+03
4.250933709701103567e+02,-2.742954240389967254e+03
4.255594175761744964e+02,-2.711711771064970435e+03
-3.954786846866389851e+02,-1.395591872325540180e+03
3.439229596012830257e+02,-2.740469615459785473e+03
1.011654559273449081e+03,1.220741589738971243e+03
4.663106845664943876e+02,-2.681367675157572648e+03
7.714808153141948424e+02,1.155048177674635326e+03
6.448453860264171453e+02,1.223137808760795224e+03
8.959186260970565172e+02,1.167636359037467173e+03
-4.907619918030189865e+02,-1.421373459081434248e+03
9.793107453138289884e+02,1.155048177674635326e+03
6.357310399806699479e+02,1.188816597782393501e+03
3.424762221237959920e+02,-2.741292603349240380e+03
6.402590531228250939e+02,1.186328033478454017e+03
3.066418173685733564e+02,-2.713679330257265065e+03
6.343988545308409357e+02,1.248190362926348598e+03
4.791852453145997401e+02,-2.655908132325208953e+03
5.625394953142080112e+02,-2.685915662325257472e+03
8.849991135672088376e+02,1.221110051797676533e+03
-4.481427003256061425e+02,-1.241366137624856037e+03
5.509610256730492210e+02,-2.622709261719845017e+03
7.602086519022252560e+02,1.219577056761355379e+03
2.136906278873927931e+02,-2.679365538803427626e+03
6.458937453138163391e+02,1.155048177674635326e+03
3.859667284749576197e+02,-2.650567347343734127e+03
8.887450545406219362e+02,1.169234914913519788e+03
9.286141050454662036e+02,1.159503658617415567e+03
4.624018204871682656e+02,-2.620881561800149484e+03
4.636589432657498833e+02,-2.679406882752545243e+03
1.052362466339298408e+03,1.219071247960953997e+03
1.008999165637080750e+03,1.189759681022284440e+03
3.491303799046760332e+02,-2.743498896933846027e+03
2.663727242754238205e+02,-2.773393995183856987e+03
3.124767453138036899e+02,-2.715923192325305990e+03
3.482401819235281550e+02,-2.654147287506239991e+03
4.728436467801715821e+02,-2.654381057811086066e+03
9.793107453138289884e+02,1.185055707674683845e+03
-2.351602228120383700e+02,-1.333396138939172033e+03
3.517170441780101555e+02,-2.642410579767786203e+03
4.791852453145997401e+02,-2.655908132325208953e+03
3.840945929891802280e+02,-2.681660179714021524e+03
6.307303067099524014e+02,1.191474823701500327e+03
6.826297189431114703e+02,1.216845190417859385e+03
2.602613728458692322e+02,-2.771350506956054232e+03
3.547095653145739789e+02,-2.805945782325451546e+03
6.392524994539542149e+02,1.156600447807846194e+03
1.332288477173137267e+02,-2.830616369340307756e+03
-6.701693072780064142e+01,1.006215120332079550e+03
4.326424125430812637e+02,-2.594425260400008938e+03
3.498148220414893217e+02,-2.624269495152689160e+03
4.325480620609338871e+02,-2.744090402376210022e+03
4.237218319273911220e+02,-2.739068506418695961e+03
5.577555078721550217e+02,1.186524391696407747e+03
-1.876487546854255584e+02,-1.185539162325200550e+03
-3.175509371851359219e+02,-1.154258957505211129e+03
9.381893153134114982e+02,1.185055707674683845e+03
8.486572965695455650e+02,1.216719564378897303e+03
1.880010653137779286e+02,-2.655908132325208953e+03
5.071109764131780651e+01,-2.710728977160389604e+03
1.331799562269712283e+02,-2.651398917870967125e+03
3.830912199708830030e+02,-2.742579359261125774e+03
3.071046151374831652e+02,-2.773573526055966795e+03
-3.262671783983378759e+01,1.009215569555995444e+03
6.394941988087844038e+02,1.246635565492660817e+03
2.713553153133862565e+02,-2.715923192325305990e+03
2.234033773508269292e+02,-2.624097676520359528e+03
7.714808153141948424e+02,1.155048177674635326e+03
1.346591700616563969e+02,-2.711670914148529846e+03
1.455850502212279025e+02,-2.678125327095212924e+03
3.124767453138036899e+02,-2.715923192325305990e+03
4.380638153141822499e+02,-2.595893072325111916e+03
1.021543565314599164e+03,1.125040647674586808e+03
1.880010653137779286e+02,-2.715923192325305990e+03
-3.234625669550181897e+02,-1.270136800634856172e+03
1.051976811590156103e+03,1.278397591372339321e+03
-4.377115046858298797e+02,-1.215546692325249069e+03
3.958309953134120178e+02,-2.745930722325354509e+03
-4.808939008871396936e+02,-1.236221091269699855e+03
6.312758217614656360e+02,-2.559098054018618313e+03
9.284157845329225438e+02,1.217937257511905045e+03
6.032688759552079318e+02,1.198942014191083445e+03
5.515526534818411619e+02,1.128816312034194198e+03
7.186247294586747785e+02,1.249129331843749469e+03
7.226802427405248181e+02,1.186921043439169125e+03
6.047723153133988490e+02,1.185055707674683845e+03
2.713553153133862565e+02,-2.775938252325403027e+03
4.380638153141822499e+02,-2.715923192325305990e+03
4.380638153141822499e+02,-2.715923192325305990e+03
5.214180653137905210e+02,-2.685915662325257472e+03
3.058323232730137988e+02,-2.683604092060601943e+03
3.064801474455566108e+02,-2.712584313407762238e+03
-4.546823287839976047e+02,-1.300766894017605409e+03
-4.119114054391363311e+02,-1.270377736661029985e+03
5.214180653137905210e+02,1.245070767674780882e+03
-3.600134127070830345e+02,-1.243754346806661033e+03
-4.432759467001805547e+02,-1.243271776556137183e+03
4.249744721770530305e+02,-2.651933557067321090e+03
3.898366330435983969e+02,-2.684729422678087303e+03
-4.055515096605264489e+02,-1.150213552286535332e+03
-3.607704650330648519e+02,-1.184154972977893749e+03
9.315562860020567086e+02,1.187907145233139545e+03
8.548350653138031703e+02,1.215063237674732363e+03
9.331670548523243269e+02,1.156342865314343726e+03
3.850433343388317553e+02,-2.740732125459149302e+03
3.426346797391425980e+02,-2.771566040948416230e+03
3.435370204152463316e+02,-2.621110158435359608e+03
4.268662176609701646e+02,-2.649318229892092404e+03
2.665451175897131861e+02,-2.653060449791307747e+03
9.668551463060068727e+02,1.189669551289160609e+03
2.291224953141954188e+02,-2.745930722325354509e+03
3.019726454500710702e+02,-2.679609610551547121e+03
-5.621871846858556410e+02,-1.365584342325491662e+03
4.738879930236245741e+02,-2.713335392829822467e+03
4.334058284160891503e+02,-2.714361704840906441e+03
3.911347453686506128e+02,-2.742729955085972506e+03
2.165576620944319188e+02,-2.800166898363792825e+03
9.668243448483249267e+02,1.248883924480933729e+03
9.731481416785798046e+02,1.187312070893806776e+03
3.491967294260641665e+02,-2.713175920675925227e+03
4.380638153141822499e+02,-2.715923192325305990e+03
4.256845258256098532e+02,-2.711359002227629389e+03
4.380638153141822499e+02,-2.625900602325160435e+03
5.214180653137905210e+02,-2.625900602325160435e+03
6.406059045335531437e+02,1.156711577027253952e+03
1.183183143058676023e+03,1.456859677973656289e+03
1.188252065313815820e+03,1.425115947675071993e+03
9.745577978679848457e+02,1.157545485277222269e+03
4.380638153141822499e+02,-2.715923192325305990e+03
4.380638153141822499e+02,-2.715923192325305990e+03
4.268965911824328714e+02,-2.771577233211862676e+03
5.108125908767108854e+02,-2.681435457015689281e+03
1.062664995313437203e+03,1.215063237674732363e+03
1.099034655482303378e+03,1.246617355568460880e+03
1.011901783259092781e+03,1.190326996720421221e+03
6.881265653145866281e+02,1.245070767674780882e+03
8.126022453146123325e+02,1.245070767674780882e+03
4.380638153141822499e+02,-2.685915662325257472e+03
4.380638153141822499e+02,-2.685915662325257472e+03
9.270213803847699410e+02,1.219454392001008046e+03
9.322719607515477946e+02,1.246733128824205778e+03
8.085441209272141805e+02,1.257144690871481771e+03
5.917794501309037969e+02,1.220482613033398593e+03
7.714808153141948424e+02,1.245070767674780882e+03
7.714808153141948424e+02,1.275078297674829400e+03
7.714808153141948424e+02,1.245070767674780882e+03
7.613022519916365809e+02,1.249764875548054761e+03
-2.336866864289930561e+02,-1.213493457993463380e+03
1.187899754683884112e+03,2.205795182324481175e+03
8.502454402253883927e+02,1.936443127137672718e+03
7.714808153141948424e+02,1.875228897675010103e+03
8.443346262085289027e+02,1.880594765004795363e+03
6.414451216749505420e+02,1.847057738232339943e+03
8.014300863747373569e+02,1.759568297731114853e+03
5.897066115949346568e+02,1.730753500747944372e+03
8.910869012809353080e+02,1.667400518066824588e+03
7.650505483357792400e+02,1.637274052622622321e+03
7.604565854070425530e+02,1.639928750080841382e+03
2.181427501897701688e+02,1.308603074635606390e+03
5.216900610168296737e+01,1.250087399454698470e+03
1.021543565314599164e+03,1.095033117674538289e+03
-4.479399166094386260e+02,-2.498086424497024893e+02
-4.377115046858298797e+02,-4.353509123255670374e+02
4.684092830664678786e+02,-4.914481517850647379e+02
2.650500675847532648e+02,-6.431101801561843558e+02
6.836829832452085611e+02,-2.593897636688812327e+03
5.164300501409757089e+02,-2.772690499432954766e+03
1.093527750938694453e+03,1.458790192376555297e+03
1.010851325123893162e+03,1.487535424957067335e+03
1.052388668281791070e+03,1.458829171946158567e+03
3.958309953134120178e+02,-2.625900602325160435e+03
-5.773862465824626042e+02,-1.149376028516295037e+03
8.548350653138031703e+02,1.215063237674732363e+03
8.906147635882996383e+02,1.247955974650311418e+03
4.791852453145997401e+02,-2.715923192325305990e+03
3.958309953134120178e+02,-2.715923192325305990e+03
8.066767552264446977e+02,1.186471705540647918e+03
8.909231976295424147e+02,1.248363460509162223e+03
8.426015238365814639e+02,1.969664049707741924e+03
7.653131738304775809e+02,1.848259444383218124e+03
9.793107453138289884e+02,1.875228897675010103e+03
8.834433662239971454e+02,1.790077600121478326e+03
8.066981372101798797e+02,1.758113770256223233e+03
7.714808153141948424e+02,1.725191247674767510e+03
5.920016395397494762e+02,1.130294279697641514e+03
2.129256531456131540e+01,8.549728776749399231e+02
1.113921370734404093e+01,6.182680317592320307e+02
-3.569396840727103495e+02,-2.114552526187608237e+02
-3.219928880201216543e+02,-3.419426985889676303e+02
2.601215674688290846e+02,-6.414030813921148138e+02
7.187057734795790793e+02,-2.561805000633105465e+03
4.741091880452312353e+02,1.157212972762245045e+03
9.381893153134114982e+02,1.215063237674732363e+03
8.433684775480469398e+02,1.158935897574341652e+03
9.328677551863736426e+02,1.156369662128802702e+03
6.047723153133988490e+02,1.095033117674538289e+03
6.819049817022380466e+02,1.128054010550521298e+03
9.337013195823752767e+02,1.787762111849709981e+03
8.865117875471106572e+02,1.761208608756601734e+03
9.322135574014148460e+02,1.128182504200587573e+03
5.936478215557033309e+02,1.129917246307941014e+03
9.822630711110406310e+01,8.866069184357525046e+02
1.597529120206395703e+01,8.580444752745337382e+02
5.606700561368013780e+01,8.575359401362164817e+02
4.271181757344707535e+02,-2.800626213375918724e+03
3.958309953134120178e+02,-2.655908132325208953e+03
4.263175058539435440e+02,-2.621152507961624906e+03
2.178597512134963665e+02,-2.682675347974690339e+03
5.515250183592310123e+02,-2.622371580931184326e+03
-6.110312613213905024e+02,-1.332497172213192698e+03
6.408028107711600114e+02,1.576541543161428535e+03
6.356099241784838796e+02,1.610763191591735222e+03
6.395900687462710721e+02,1.546961247968290309e+03
8.437052867589129619e+02,1.701511232042149913e+03
6.772119993466118331e+02,1.730087144876969887e+03
7.615174944793776604e+02,1.730075500893417939e+03
8.548350653138031703e+02,1.155048177674635326e+03
-3.185815213698622301e+02,-1.214206283190483646e+03
6.763417016015616809e+02,-2.590446688609015382e+03
6.047723153133988490e+02,-2.595893072325111916e+03
4.221545586640341980e+02,-2.740244057400425390e+03
4.791852453145997401e+02,-2.655908132325208953e+03
7.292479953134246671e+02,1.125040647674586808e+03
-3.211344744570790510e+01,5.880610514859873774e+02
9.609696574371525912e+00,1.248967209854743260e+03
9.435281571321183947e+00,1.279511563651393089e+03
5.930480164981212283e+02,1.219258797433904419e+03
9.336051271370347422e+02,1.486633956056970646e+03
1.011321633793197407e+03,1.428546177770991108e+03
1.831880355592775231e+02,-2.714735680826965563e+03
3.124767453138036899e+02,-2.745930722325354509e+03
9.726599352677314982e+02,1.188043794697437761e+03
2.608288096453504181e+02,-2.802033149021363897e+03
1.188252065313815820e+03,1.515138537674427880e+03
1.062664995313437203e+03,1.335093357674926438e+03
9.644672069360358364e+02,1.342407332295612605e+03
3.124767453138036899e+02,-2.655908132325208953e+03
3.837371358604794409e+02,-2.621807126288144445e+03
1.107370466417552279e+01,5.878671320963707103e+02
-6.206168468662637849e+01,6.449201676746002931e+02
6.241399531339939699e+01,6.449201676746002931e+02
-4.426412660805531232e+02,-1.332394252951538874e+03
-4.481245934788641421e+02,-1.272005510105451776e+03
9.793107453138289884e+02,1.155048177674635326e+03
3.443556702961755605e+02,-2.741953613260733164e+03
3.962629280530082383e+02,-2.673968843684534022e+03
7.292479953134246671e+02,1.215063237674732363e+03
6.047723153133988490e+02,1.185055707674683845e+03
9.672290245868698548e+02,1.249403803108350075e+03
1.016695688654327569e+03,1.217232879531078197e+03
3.021931811483649426e+02,-2.741878951651761327e+03
3.432005545237267370e+02,-2.769572977961265224e+03
2.176558934256215139e+02,-2.800952525325638817e+03
4.680202733695139159e+02,-2.710626935876178777e+03
3.905051187877175494e+02,-2.684519527402276708e+03
6.458937453138163391e+02,1.155048177674635326e+03
8.027547106161749753e+02,1.189178743072944599e+03
6.047723153133988490e+02,1.155048177674635326e+03
1.015649392190646154e+03,1.128004998506089578e+03
8.959564953142206605e+02,1.185055707674683845e+03
8.070888455652661833e+02,1.278150907865598356e+03
6.759662107387862306e+02,-2.560162765923345887e+03
6.783313539811740611e+02,-2.533006768617297894e+03
-4.788329346862473130e+02,-1.245554222325297587e+03
2.656138240003979263e+02,-2.713639054014162866e+03
5.897075138332369306e+02,1.191350538940891965e+03
1.104897815314207492e+03,1.305085827674877919e+03
5.162856475499032740e+02,-2.653148352047960543e+03
2.664688068085387158e+02,-2.714723598983949159e+03
6.342058904988202812e+02,1.249887561095414185e+03
1.880010653137779286e+02,-6.754111523251655171e+02
2.713553153133862565e+02,-6.454036223251169986e+02
3.500618740326310672e+02,-2.713870531849463987e+03
4.332017791378434595e+02,-2.654570427118533644e+03
2.713553153133862565e+02,-2.835953312325500065e+03
6.818066187289275604e+02,1.217518157998340030e+03
7.292479953134246671e+02,1.245070767674780882e+03
1.009898027921017501e+03,1.189524509320767947e+03
4.325654535416367708e+02,-2.714663699775996065e+03
7.174375081280101085e+02,1.278960392099507999e+03
-4.069578579834428638e+02,-4.908586907547942815e+02
3.958309953134120178e+02,-2.745930722325354509e+03
-3.954786846866389851e+02,-1.275561752325346106e+03
9.680204800096329336e+02,1.129470642232808132e+03
7.615211055268447353e+02,1.189751285849827127e+03
7.292479953134246671e+02,1.215063237674732363e+03
6.772243648573650034e+02,1.219439629955350028e+03
6.458937453138163391e+02,1.215063237674732363e+03
8.850292781619435800e+02,1.159682464895167641e+03
5.111576277059599533e+02,1.251403273570617785e+03
1.049976044134565200e+03,1.188370454733073757e+03
5.576468404286888472e+02,-2.653755490134561569e+03
1.010848315812378473e+03,1.189765966863805488e+03
6.458937453138163391e+02,1.215063237674732363e+03
-3.667854967871495546e+02,-1.211773627193461152e+03
-3.954786846866389851e+02,-1.155531632325152032e+03
3.026819583645842613e+02,-2.653258783403230609e+03
3.124767453138036899e+02,-2.745930722325354509e+03
9.682195836499430470e+02,1.519162029953339015e+03
9.739596973343529953e+02,1.547599241455513720e+03
6.308919143674849010e+02,1.190638498588424682e+03
6.047723153133988490e+02,-2.625900602325160435e+03
1.016103696259835033e+03,1.218208243251857766e+03
6.289554659047303176e+02,1.250069439534536059e+03
5.625394953142080112e+02,-2.715923192325305990e+03
5.625394953142080112e+02,-2.715923192325305990e+03
6.003236912686322739e+02,1.216386649534981416e+03
5.982447172070715169e+02,1.216941888184309846e+03
9.954033666180131945e+01,-2.794443925601685805e+03
2.713553153133862565e+02,-2.685915662325257472e+03
3.074367518531605583e+02,-2.654391492262651354e+03
4.322212581903550017e+02,-2.594623351466517306e+03
4.324692761083048822e+02,-2.683578287272998296e+03
3.958309953134120178e+02,-2.715923192325305990e+03
6.458937453138163391e+02,1.275078297674829400e+03
6.413582878200301138e+02,1.278381727907216373e+03
7.714808153141948424e+02,1.125040647674586808e+03
-4.485163583018862710e+02,-1.302800696499018613e+03
1.046468153141696291e+02,-2.655908132325208953e+03
-3.954786846866389851e+02,-1.335576812325443143e+03
-4.537032812371223258e+02,-1.329451493149742646e+03
3.856521076682920466e+02,-2.682833091832596438e+03
4.747192539236388029e+02,-2.744800673653879585e+03
1.010018879276524103e+03,1.071183851852131738e+03
1.359662081258784951e+02,-2.772947097415872122e+03
2.246581217471097034e+02,-2.744605590135508010e+03
1.015336153505895595e+03,1.187358885304945943e+03
3.958309953134120178e+02,-2.685915662325257472e+03
6.351514980960131425e+02,1.247575773502517904e+03
9.793107453138289884e+02,1.185055707674683845e+03
3.000236234074387198e+02,-2.681423832773600225e+03
3.547095653145739789e+02,-2.775938252325403027e+03
-2.804270234435749671e+02,-1.330537525976208599e+03
1.006018906257047774e+03,1.191422413784862101e+03
2.606059605704665501e+02,-2.743087628033026704e+03
-3.590207592137357437e+02,-1.049101638144479921e+03
-6.455414346854639689e+02,-9.754864523248610340e+02
-5.621871846858556410e+02,-9.754864523248610340e+02
5.214180653137905210e+02,-2.685915662325257472e+03
3.893267349973158389e+02,-2.653808683006813681e+03
8.011051520622821727e+02,1.280238042087055646e+03
7.714808153141948424e+02,1.305085827674877919e+03
5.919635539490797100e+02,-2.563416177933989275e+03
6.458937453138163391e+02,-2.565885542325063398e+03
6.764585164593262334e+02,1.067856657632192082e+03
9.683028141363428176e+02,1.219308814726972514e+03
9.270100679131181778e+02,1.219581876033082608e+03
4.745713164080652291e+02,-2.684577332135732831e+03
4.279173787940825946e+02,-2.712194051274958838e+03
7.588576523876374722e+02,1.639656767851494578e+03
6.458937453138163391e+02,1.575153597674524917e+03
6.405450876567534806e+02,1.578004826205961990e+03
-1.152925234411111006e+02,9.789462577100739509e+02
-1.454159346862346922e+02,9.449954676750854787e+02
9.688394427341886512e+02,1.431447790776908278e+03
1.056534721926925613e+03,1.578347982730194872e+03
7.613399049505899256e+02,1.130431189645954419e+03
1.058116249009560761e+03,1.487278472828152417e+03
6.780985905209283828e+02,1.610714942106012131e+03
7.181978943218164204e+02,1.640723381517907683e+03
1.050853774370101291e+03,1.129922041714444049e+03
9.381893153134114982e+02,1.725191247674767510e+03
1.133613911227731251e+03,1.100273232998736376e+03
6.458937453138163391e+02,1.125040647674586808e+03
1.062664995313437203e+03,1.155048177674635326e+03
2.713553153133862565e+02,-2.745930722325354509e+03
8.063613223956729144e+02,1.187117523981697559e+03
1.104897815314207492e+03,1.485131007674379362e+03
8.899116234000988470e+02,1.216278126458709266e+03
9.793107453138289884e+02,1.185055707674683845e+03
9.335491165857829401e+02,1.187979899284100384e+03
1.011730408120666652e+03,1.189082193472097515e+03
1.021543565314599164e+03,1.215063237674732363e+03
4.686188906068485949e+02,-2.621844020392825314e+03
4.671344093070869121e+02,-2.680963226241492976e+03
4.327316556840326029e+02,-2.652865147118141977e+03
8.126022453146123325e+02,1.125040647674586808e+03
8.079754686920231279e+02,1.156355669609288952e+03
3.417504621079041272e+02,-2.741484917947237591e+03
3.078550320940539677e+02,-2.773454948694415634e+03
4.269319603355314712e+02,-2.650402148058793045e+03
2.185798276055306246e+02,-2.711437271815332224e+03
-5.727232925100057628e+02,-1.359735623394396953e+03
-5.716715756546030889e+02,-1.389841484446113327e+03
-5.777847327326621780e+02,-1.389149630368919361e+03
1.089414974481796889e+03,1.550163333523417577e+03
1.104897815314207492e+03,1.545146067674476399e+03
1.104897815314207492e+03,1.575153597674524917e+03
6.047723153133988490e+02,1.215063237674732363e+03
6.881265653145866281e+02,1.125040647674586808e+03
7.292479953134246671e+02,1.125040647674586808e+03
7.618385906231778790e+02,1.159883085529353139e+03
-7.327244427515987013e+01,9.788522535157180755e+02
1.668783756109225180e+01,9.481115449394249026e+02
3.017633268004370279e+02,-2.771747340671841357e+03
3.547095653145739789e+02,-2.775938252325403027e+03
3.434749158160851721e+02,-2.801488378533101695e+03
4.249382326275360242e+02,-2.741783507191398712e+03
4.663485658438056589e+02,-2.712191505037713796e+03
5.901260215759485845e+02,1.190771350359633516e+03
5.928921434594736866e+02,1.188262536192995185e+03
2.663896840988878694e+02,-2.744098983699153905e+03
3.022812452804308805e+02,-2.802612702755320697e+03
3.547095653145739789e+02,-2.805945782325451546e+03
7.997462532003236220e+02,1.640780026097909058e+03
7.602077552691432629e+02,1.640461604084822966e+03
7.292479953134246671e+02,1.575153597674524917e+03
7.188410022771890908e+02,1.608828317256144373e+03
8.484655802304955614e+02,1.188319151126451061e+03
8.840506760129146642e+02,1.159010448366892660e+03
5.566367351223157129e+02,-2.624068411321042731e+03
3.446276216312666065e+02,-2.740105757697053377e+03
2.959430041576476924e+02,-2.740491626347181409e+03
3.076990545651929665e+02,-2.712590462103805294e+03
9.381893153134114982e+02,1.215063237674732363e+03
9.333485597435527552e+02,1.216950277483842001e+03
-1.850042216079192201e+02,9.567918529073127729e+02
-1.502910588181477181e+02,9.471863344094813328e+02
6.028902477516221552e+02,1.558240797530151895e+03
5.938640869211224071e+02,1.520590294964679060e+03
5.992925284795556991e+02,1.196601534097128251e+03
8.833193631142567028e+02,1.789479423577806301e+03
9.238590310100087208e+02,1.851383856715122874e+03
9.268965970264731595e+02,1.819819179820697855e+03
1.104897815314207492e+03,1.575153597674524917e+03
1.011532220479798298e+03,1.068024765960117520e+03
9.738738635303288902e+02,1.067368717327952027e+03
2.662995595579764085e+02,-2.804555528563355892e+03
2.594216265552531127e+02,-2.860733227527787676e+03
4.336009751515216522e+02,-2.713207449412911046e+03
6.814978876868209454e+02,1.067747094864160545e+03
6.768379863383017891e+02,1.099159052724788808e+03
-3.170763446334543687e+02,-1.154206921146732384e+03
7.292479953134246671e+02,1.485131007674379362e+03
6.881265653145866281e+02,1.515138537674427880e+03
1.021543565314599164e+03,1.455123477675120512e+03
5.214180653137905210e+02,-2.715923192325305990e+03
1.021543565314599164e+03,1.245070767674780882e+03
8.548350653138031703e+02,1.155048177674635326e+03
6.402767618220376562e+02,-2.594687416290490546e+03
4.380638153141822499e+02,-2.715923192325305990e+03
4.380638153141822499e+02,-2.655908132325208953e+03
1.880010653137779286e+02,-2.745930722325354509e+03
5.512701273056599121e+02,-2.682524555304583828e+03
9.267046775664966844e+02,1.549395290899599104e+03
8.959564953142206605e+02,1.155048177674635326e+03
1.050051069406089937e+03,1.159037685374350531e+03
9.669392179497597226e+02,1.098150331815427762e+03
-6.206168468662637849e+01,-1.185539162325200550e+03
7.607524782330661992e+02,1.100239837683127689e+03
7.714808153141948424e+02,1.125040647674586808e+03
9.731866388667807541e+02,1.186902830374371661e+03
-3.651924574696982972e+02,-1.359013643741845272e+03
4.791852453145997401e+02,-2.745930722325354509e+03
5.153844959607098417e+02,-2.682853123856914408e+03
7.292479953134246671e+02,1.155048177674635326e+03
1.007016718010808177e+03,1.251340354428239152e+03
5.943670838767545774e+02,1.187723840724269849e+03
6.881265653145866281e+02,1.125040647674586808e+03
1.833956227075683501e+02,-2.743871165115582698e+03
8.064653988794522093e+02,1.257500074681483284e+03
-1.876487546854255584e+02,-1.125524102325103513e+03
5.754972648890932874e+01,1.306466124014291381e+03
1.762503951959118922e+02,-2.710056919634563656e+03
3.485641672985678383e+02,-2.682744599643488982e+03
-1.514449038434133001e+02,9.013792487570390222e+02
9.793107453138289884e+02,1.785206307674864547e+03
9.261168082529469530e+02,1.818665384740171703e+03
1.458826599077404751e+01,9.597570479964917922e+02
5.920595388670230932e+02,-2.711647471753580248e+03
1.021543565314599164e+03,1.155048177674635326e+03
9.676843040828384801e+02,1.218750768125257537e+03
3.432796630552816737e+02,-2.681330504515267421e+03
7.247036389883686525e+02,1.126318354124186499e+03
7.714808153141948424e+02,1.155048177674635326e+03
-5.210657546854381508e+02,-1.455606932324847548e+03
2.713553153133862565e+02,-2.685915662325257472e+03
1.021543565314599164e+03,1.155048177674635326e+03
3.497731221419323333e+02,-2.713313188144581545e+03
4.791852453145997401e+02,-2.715923192325305990e+03
3.124767453138036899e+02,-2.685915662325257472e+03
1.104897815314207492e+03,1.545146067674476399e+03
1.088867575698802284e+03,1.580897203882605936e+03
4.319642864787051053e+02,-2.714595287652793104e+03
3.958309953134120178e+02,-2.745930722325354509e+03
5.625394953142080112e+02,-2.625900602325160435e+03
9.381893153134114982e+02,1.245070767674780882e+03
1.392816315332994463e+02,-2.743206927035494118e+03
1.825210605238902133e+02,-2.714058173505307877e+03
8.545685954624384522e+02,1.161922813032618706e+03
8.825087422809782538e+02,1.189592448095043665e+03
5.473376683177471023e+02,-2.679069632849596019e+03
4.791852453145997401e+02,-2.745930722325354509e+03
3.913599206778584403e+02,-2.673317011463624567e+03
-4.849729128064574297e+02,-1.243596718849990111e+03
2.291224953141954188e+02,-2.745930722325354509e+03
-4.433376010085754615e+02,-1.182450895841345528e+03
-4.112960408270834023e+02,-1.119612277583896685e+03
6.757718570843741190e+02,1.909412429137890740e+03
7.714808153141948424e+02,1.845221367674961584e+03
9.267828355101838724e+02,1.879496529756742802e+03
9.334908240481222492e+02,1.877086091188980390e+03
6.836860147422765976e+02,1.638154454950682521e+03
5.508524370769799816e+02,-2.680564475566434794e+03
5.102167416058051685e+02,-2.651229619131820982e+03
4.380638153141822499e+02,-2.655908132325208953e+03
3.422718871404134688e+02,-2.592155041564415569e+03
-4.487111036599567910e+02,-1.242648818938821478e+03
6.000893673554965062e+02,1.576527112679790207e+03
6.401901839498983691e+02,1.547656409411309369e+03
3.897805799438444296e+02,-2.653443464652277271e+03
1.146019245314625095e+03,1.575153597674524917e+03
9.259089822581499618e+01,9.788732150463373500e+02
1.046468153141696291e+02,9.449954676750854787e+02
-3.121244346854513196e+02,-1.185539162325200550e+03
6.047723153133988490e+02,1.245070767674780882e+03
3.913885155045188071e+02,-2.744731119464283438e+03
9.279507082743516548e+02,1.850508875765896619e+03
8.548350653138031703e+02,1.845221367674961584e+03
6.047723153133988490e+02,-2.655908132325208953e+03
3.415675034667107184e+02,-2.741325250859920743e+03
8.064259217237533903e+02,1.816769385774576676e+03
-3.597489154383905543e+02,-3.735923896886032480e+02
-3.237209398027410998e+02,-3.119533399786116661e+02
-6.794354895851090248e+01,8.965649839343433314e+02
8.548350653138031703e+02,1.215063237674732363e+03
-6.044200046866258162e+02,-9.754864523248610340e+02
-6.168097108998003932e+02,-1.000206491954620105e+03
1.051185006055132362e+03,1.550063313712382751e+03
1.094160523438051769e+03,1.489960673107462526e+03
1.767040292083202360e+02,-2.650449997027916652e+03
4.327633283057116387e+02,-2.683443416324242662e+03
4.746080185169737433e+02,-2.743685716374633103e+03
1.046468153141696291e+02,-2.805945782325451546e+03
6.818223788394113853e+02,1.158202160051502233e+03
6.773244367342471151e+02,1.158448716906167192e+03
-4.501151607239233954e+02,-1.300782014113489140e+03
6.411312852769286792e+02,1.157796502103309422e+03
6.768369271317206994e+02,1.189429897740226806e+03
3.067600582708158186e+02,-2.712645446139276828e+03
5.562655356802993083e+02,-2.652935334873729062e+03
8.839041561458338947e+02,1.760512360437840243e+03
8.486945319324818229e+02,1.787721135681379337e+03
9.321045341757131837e+02,1.786812204299156747e+03
8.498336417512864500e+02,1.787100978844484871e+03
6.828770649469298633e+02,1.188188366960533585e+03
4.262570507910323272e+02,-2.621300559716925818e+03
3.958309953134120178e+02,-2.655908132325208953e+03
3.066060044033260397e+02,-2.714001312823454555e+03
4.262741301783143513e+02,-2.592094926538899017e+03
4.732200621852561540e+02,-2.593358278914904076e+03
1.880010653137779286e+02,-2.715923192325305990e+03
1.050577072013039015e+03,1.188914317987454297e+03
1.015292500467415607e+03,1.187598345614345362e+03
1.824322623717258693e+02,-2.654687234697724762e+03
2.227850767026028791e+02,-2.653353231427108312e+03
3.547095653145739789e+02,-2.685915662325257472e+03
3.423157900510526588e+02,-2.771564122067039079e+03
3.428101633066015665e+02,-2.803020918443384289e+03
-4.832685438075586717e+02,-1.304050373442141336e+03
-4.899342340124715065e+02,-1.242625854099477920e+03
6.881265653145866281e+02,1.605161127674573436e+03
6.396731646884318252e+02,1.606678474931457231e+03
6.395859877100081121e+02,1.620215164873309959e+03
7.585755821469273315e+02,1.160366950260406384e+03
5.150828400980136621e+02,-2.623940636214728784e+03
2.713553153133862565e+02,-2.805945782325451546e+03
6.881265653145866281e+02,1.155048177674635326e+03
9.667481180017309725e+02,-2.052726034918975984e+03
8.548350653138031703e+02,1.815213837674913066e+03
8.959564953142206605e+02,1.815213837674913066e+03
1.021543565314599164e+03,1.095033117674538289e+03
9.366425370270300164e+02,1.554262307525781580e+03
8.999402097850420432e+02,1.882395585149139379e+03
1.021543565314599164e+03,1.125040647674586808e+03
6.107964241665531517e+02,1.130435411540028554e+03
8.072527607619994114e+02,1.967360878691923972e+03
6.458937453138163391e+02,1.155048177674635326e+03
6.769192780376063183e+02,1.638367499120469574e+03
1.100633135421756606e+03,1.584929235019665839e+03
-5.781788906151632546e+02,-1.149913884649482497e+03
5.993666139061565445e+02,1.637768481280458900e+03
1.099561306541691465e+03,1.547429810448015587e+03
5.509766965864579333e+02,-2.683219823012250345e+03
8.844334436977270570e+02,1.849148024116427223e+03
6.773117533132158314e+02,-2.563247600286135366e+03
7.656004806230560007e+02,1.126766296010933729e+03
9.328245943980531365e+02,1.877111690172290537e+03
7.243906562785023198e+02,1.516938110974718029e+03
-6.098944862829361000e+02,-9.743249198734573611e+02
1.092793101806300456e+03,1.609747817815799863e+03
8.857036623319426099e+02,1.849732402421721190e+03
-4.377115046858298797e+02,-1.215546692325249069e+03
-6.584302085064183530e+02,-1.254845992691927449e+03
4.144060866517233990e+02,-2.714559100298632075e+03
9.326917022823671459e+02,1.156656850460760324e+03
3.902157036363112752e+02,-2.684504340815276919e+03
1.880010653137779286e+02,-2.715923192325305990e+03
2.713553153133862565e+02,-2.655908132325208953e+03
-4.962658449383137054e+02,-1.246752376116107143e+03
9.381893153134114982e+02,1.845221367674961584e+03
9.381893153134114982e+02,1.845221367674961584e+03
3.851672689192660641e+02,-2.621785086954532289e+03
1.005203407024786316e+03,1.250934761572621255e+03
5.890413786759047525e+02,-2.590704789057879680e+03
-1.454159346862346922e+02,9.449954676750854787e+02
5.625394953142080112e+02,-2.685915662325257472e+03
1.021543565314599164e+03,1.215063237674732363e+03
1.092834633287072393e+03,1.189185029292727222e+03
3.844244390902948680e+02,-2.713515032025301480e+03
8.434667657266501237e+02,1.219712053375864116e+03
6.356282424457951947e+02,-2.500696112372121206e+03
1.787234427063091857e+02,-2.717138625810658141e+03
1.061804978082504022e+03,1.553873884302439819e+03
1.093402615966146641e+03,1.539435403181646734e+03
1.098622222296369955e+03,1.577496129928222899e+03
1.056325282336254077e+03,1.579662397814701762e+03
5.605734642614746122e+01,1.307053935725476776e+03
6.699933158340004411e+02,1.633796024410463133e+03
6.363688525917469860e+02,1.609438125379706207e+03
4.001139909651184894e+02,-2.707719595613657475e+03
-3.543572546862215518e+02,-1.155531632325152032e+03
8.899730680663064959e+02,1.146003742922661104e+03
9.316830325662456289e+02,1.187607480630865666e+03
7.158312014626660584e+02,1.217806884618955792e+03
1.021483568739437374e+03,1.200733681257905118e+03
4.455972404797339550e+02,-2.624182823376132092e+03
1.016840057735690607e+03,1.156983013656557887e+03
3.060150241025037303e+02,-2.682860228796585943e+03
3.597842764955863686e+02,-2.665521303363828792e+03
3.061343982416145195e+02,-2.692428729154692974e+03
4.489565224140521877e+02,-2.664859409727528600e+03
7.326048555335694346e+02,1.185611497307372247e+03
2.291224953141954188e+02,-2.775938252325403027e+03
-6.419018311891175017e+02,-1.407510405196665715e+03
9.793107453138289884e+02,1.185055707674683845e+03
9.519119020174105117e+02,1.192903321263147518e+03
6.458937453138163391e+02,1.545146067674476399e+03
6.003873810032370102e+02,1.576098644620182085e+03
8.970630228815446117e+02,1.823332369792805821e+03
8.871131242196801168e+02,1.853803206659172019e+03
9.310811931359003211e+02,1.215018113554169304e+03
5.625394953142080112e+02,-2.655908132325208953e+03
6.501726823153944679e+02,1.210106522792615579e+03
4.287577333434913953e+02,-2.779299330715443375e+03
3.715852735487435439e+02,-2.728635918230726475e+03
9.601725166595311975e+02,1.153795400203685176e+03
6.673562031741978444e+02,1.144707242207412719e+03
7.572603881555475027e+02,1.890260362796246227e+03
7.426728173463337725e+02,1.872649835201717451e+03
1.073877729402010573e+03,1.546115412998078227e+03
1.065289876629253740e+03,1.561063291425825810e+03
6.178993570662038337e+02,-2.503442883485124639e+03
9.012384279933210109e+02,1.168383575756780829e+03
