-8.897595690974125091e+02,7.508120671496013188e+01
-1.312375434685489154e+03,-3.153207923253729632e+02
-1.434500168317853195e+03,-2.892815319781173571e+02
-1.593244820970612636e+03,1.400682310545605276e+02
-1.185875588371327240e+03,1.646034460188657249e+02
-1.217922607661466600e+03,2.938407402360957690e+02
-1.271254004686651115e+03,-4.353509123255670374e+02
-1.307425495953994641e+03,2.229515313736753797e+02
-1.096737683593717065e+03,-7.420246471687084977e+02
-1.642879735614450965e+03,7.280660832366567092e+01
-1.604671004686663764e+03,4.476956767441957652e+01
-1.514403246970164673e+03,1.874290794255579726e+02
-1.556610601510794368e+03,2.445241615354409817e+02
-1.176331232942534598e+03,3.056010289814320799e+02
-4.377115046858298797e+02,-2.805945782325451546e+03
-1.017995901472894275e+03,7.263588924476317743e+01
-1.267331058231344741e+03,3.367093066309269602e+02
-1.688025254686272092e+03,1.948072176746621835e+02
-1.428823367158361407e+03,-2.971993703839034993e+02
-1.595693966352969483e+03,3.094095704706969627e+02
-1.386884913518986195e+03,-3.206813151013246852e+02
-1.846169151275046033e+03,2.800636593382300248e+02
-1.719054462668809947e+03,2.130694130450358728e+02
-8.462402260533093568e+02,1.790586641978656957e+01
-1.300272093876915051e+03,4.014061952979850503e+02
-1.010078677227254843e+03,1.538762867131264613e+02
-1.562438184685893475e+03,4.476956767441957652e+01
-1.187899754685463449e+03,-4.653584423256155560e+02
-1.642620908927094661e+03,3.311897971638510398e+02
-1.683917649437546515e+03,1.925386827836952079e+02
-1.222259149593852271e+03,1.367064602421368136e+02
-1.347188105914580319e+03,-3.826481807337117971e+02
-1.347937908354854244e+03,3.482141215945801349e+01
-1.509633739404075413e+03,-1.268351155669648733e+02
-1.387564251795557311e+03,3.010805032740302067e+02
-4.377115046858298797e+02,-2.805945782325451546e+03
-1.562438184685893475e+03,4.476956767441957652e+01
-1.479083934686285147e+03,-1.952906723251788890e+02
-1.095712093409126737e+03,-3.854104258524787952e+02
-1.516623532058742740e+03,9.965055488366419922e+01
-1.013274845065952832e+03,1.860933294299525755e+02
-4.316128357707423220e+02,2.243954231413233344e+02
-1.224564750778265761e+03,-4.372297084318858538e+02
-1.257946657738224758e+03,2.624606802041254809e+02
-3.433161296249060115e+02,-2.812917866131655046e+03
-1.845422712535508936e+03,2.760880521362321360e+02
-1.601661065878535510e+03,4.169948591496380885e+01
-1.683801955614358803e+03,1.926989236985272100e+02
-1.351153570715309797e+03,-3.773212417739729290e+02
-5.571866910323818729e+02,-1.414893254255932220e+01
-1.263700739533617707e+03,3.521803569054077343e+02
-1.354608254686259443e+03,-3.753358523254700003e+02
-4.377115046858298797e+02,-2.805945782325451546e+03
4.436704449375314425e+02,1.119020807807095935e+03
-1.688025254686272092e+03,1.948072176746621835e+02
-1.054847865886756381e+03,-4.439713285306999779e+01
-1.176502185623611467e+03,-1.905808669788494569e+02
-1.681495176499776562e+03,1.881827364458261513e+02
-1.512419272099049749e+03,-1.707201126028813860e+02
-1.099552283574298144e+03,1.907638495689741944e+02
-4.670710388741942438e+02,6.184994171778915870e+02
-1.058831079496637585e+03,4.259045367732588261e+01
-1.015080370563700512e+03,1.624883820074684593e+01
-4.686187483536549507e+02,6.176925924970170172e+02
-1.141570423907352051e+03,-5.272573742859144659e+02
-6.771512527917147963e+02,8.610359300128088762e+02
-4.687970216624574959e+02,8.750320956410816962e+02
-6.335602024095450133e+02,5.050794810547991460e+02
-1.688025254686272092e+03,1.948072176746621835e+02
-1.225008869426239016e+03,1.026040982779675232e+02
-1.597769153462015993e+03,4.004615114755225136e+01
-5.176678092273364200e+02,8.522771801041967592e+02
4.484614504486075361e+02,-2.734977761156074848e+03
-6.455414346854639689e+02,-2.715923192325305990e+03
-1.604671004686663764e+03,4.648749876750988506e+02
-1.437962504685867771e+03,1.948072176746621835e+02
-8.026128050378056287e+02,1.040442351419627812e+03
-1.136372353608868480e+03,2.533385987767300378e+02
-7.198295043334017009e+02,6.243751270411149790e+02
-1.688025254686272092e+03,1.948072176746621835e+02
-1.599559652466636408e+03,7.398825334382831898e+01
-1.303476228076084908e+03,-4.127354737628318162e+02
-1.521316754685476099e+03,-1.524549232488777051e+01
-1.229021184685880826e+03,3.148373376748562578e+02
-1.097843384492921587e+03,7.263030610257316084e+02
-1.850508781889118154e+03,2.821891485839297502e+02
-5.621871846858556410e+02,3.448448676749047763e+02
-1.683565469450784576e+03,1.917696833476714744e+02
-1.386204078004216854e+03,1.401680630441248638e+02
-1.389760828410216845e+03,2.536902926989748721e+02
-8.922150742110129613e+02,7.409848603834149117e+01
-1.052696963546055940e+03,1.355310615687247378e+02
-3.954786846866389851e+02,-2.805945782325451546e+03
-6.434831375486342040e+02,9.347046035259993459e+02
-7.668911726283261032e+02,-2.567916147506866309e+03
-1.430206458823806543e+03,3.730338169329638731e+02
-1.645792434685501803e+03,1.948072176746621835e+02
-1.473452723741400860e+03,3.333084523699065471e+01
-7.611967282365097844e+02,7.969210481319423707e+02
-1.391836188316090329e+03,3.428464928989518512e+02
-1.513405640249960015e+03,1.124357398449942593e+02
4.895542582169597381e+02,-2.754422595035972336e+03
-1.437962504685867771e+03,-2.853132623253244446e+02
-1.513736381854899946e+03,-1.437966284142643758e+01
-8.462884740867924620e+02,-1.462918008867396225e+01
-1.135181287610399522e+03,3.625977306405834355e+01
-1.434912750151890350e+03,-2.876702982309755043e+02
-6.378444289717283482e+02,1.368031802944313426e+02
-6.767588892288242732e+02,3.995084472967680540e+02
-1.601606655098843248e+03,4.120792320672329367e+01
-1.260401647664327356e+03,2.907638170968264149e+02
-1.516224793332484978e+03,4.218631865516049828e+01
-1.559467577027663083e+03,4.193168625747155431e+01
-6.455414346854639689e+02,7.349427576747458488e+02
-8.478602188123521728e+02,1.597702980374767492e+02
-9.789584346854766181e+02,1.948072176746621835e+02
-1.684636778735301959e+03,1.915232086965862663e+02
-1.262367445752166532e+03,9.666213231132465467e+01
-7.711285046858424721e+02,-5.553810323249714429e+02
-1.645792434685501803e+03,7.477709767446809508e+01
-1.271254004686651115e+03,-4.353509123255670374e+02
1.107832698397202421e+03,1.062960052270662345e+03
-1.392143055597977764e+03,-3.179883813171808811e+02
-5.621871846858556410e+02,6.449201676746002931e+02
-1.600234393311220856e+03,4.124285004413588496e+01
-1.301004899060834987e+03,2.336124986822471072e+01
-1.263859756652290798e+03,7.464367717714212347e+01
-1.562438184685893475e+03,4.476956767441957652e+01
-8.457190754791705558e+02,2.942611633144760503e+02
-3.954786846866389851e+02,-2.805945782325451546e+03
-1.011456357655066199e+03,1.398562086339843802e+02
-1.182462948922269788e+03,1.607326520554423155e+02
-1.179692476936115099e+03,1.902698328213859895e+02
-1.009136366346126465e+03,2.344531739105874522e+02
-7.638238972497737223e+02,1.068762649528877375e+02
-1.725351303686823485e+03,2.219197272069933433e+02
-9.751444776381833890e+02,3.124419055144535946e+02
-1.267353015240554669e+03,-4.372688814187038702e+02
-1.141967808594653889e+03,-5.281421768579766649e+02
-1.559670969166878876e+03,4.009376820925522793e+02
-5.536756001426123248e+02,6.756608069058373758e+02
-1.729146684686689468e+03,4.048599276750018134e+02
-3.954786846866389851e+02,-2.805945782325451546e+03
-4.313583668160012508e+02,-2.810034627767445272e+03
-6.877742546862341442e+02,2.248147476747107021e+02
-1.100103646543112973e+03,1.963663376018345161e+02
-4.377115046858298797e+02,-2.805945782325451546e+03
-1.177922760988994696e+03,-7.920684008464326098e+01
-1.134786024641902486e+03,2.640440051481313617e+02
-1.433588702960693126e+03,-2.876949935016320410e+02
-1.426828378211051358e+03,-2.960853476791889989e+02
-1.178034823502846621e+03,-2.172495615716989334e+02
-1.688025254686272092e+03,1.948072176746621835e+02
-1.267626285339145397e+03,2.859139330988317624e+02
-1.100261249454762719e+03,-5.279581845977406829e+02
1.487692258546312871e+02,1.181754026298659255e+03
-1.479083934686285147e+03,2.548222776747592206e+02
-1.089950293907719242e+03,-6.828270950242114168e+01
-1.688025254686272092e+03,1.948072176746621835e+02
-1.093834106299242421e+03,5.060865008611473286e+02
-1.475658780375546257e+03,1.027493177955422965e+02
-1.432786619225344339e+03,-7.395434323635646479e+01
-1.424412960525652124e+03,2.603575214452468458e+02
-1.729146684686689468e+03,2.248147476747107021e+02
-6.837733195067714860e+02,1.017392177177072483e+02
-1.387735770188504148e+03,2.541400106563843337e+02
-1.303274049741079352e+03,-4.118994841851273918e+02
-1.722159123781506196e+03,2.201219327934002763e+02
-1.433559549407761324e+03,-2.873743824147042005e+02
-1.184230902789667198e+03,4.328040338764667467e+02
-1.345804876561929632e+03,1.554671699144518868e+02
-1.226111352856359190e+03,-4.388993082084070352e+02
-9.694352685434017758e+02,-5.887500855474887658e+02
-9.323622715929867582e+02,4.169712508431693010e+01
-8.064793346668401455e+02,-3.241958937971567707e+02
-9.346229271773380560e+02,3.438573384000102351e+01
-1.595527051396813022e+03,1.696049229091543680e+02
-8.059878051690164966e+02,7.306201507645383231e+01
-1.056683141294019606e+03,-4.663099212867986694e+02
-4.377115046858298797e+02,-2.805945782325451546e+03
1.163773736995584613e+02,9.765129074925439454e+02
-1.306337992902259430e+03,1.270167995828069110e+02
-1.345248343204641060e+03,-1.038173846820382948e+02
-1.550586336692267651e+03,2.344470625779414945e+02
-1.058116879722401563e+03,9.769944508024343577e+02
-1.300313627505643808e+03,2.564001322475578490e+02
-1.101039797236628146e+03,1.924677374863004218e+02
-1.342029781146393589e+03,1.278225518234738729e+02
-1.640386627838838649e+03,2.447880982647335770e+02
-8.500572122949344021e+02,9.123729239775558426e+02
-8.899568751977558350e+02,3.398802751832161562e+02
-1.229021184685880826e+03,-3.753358523254700003e+02
-1.133532278593944284e+03,3.200789477686812461e+02
-1.433472399950037243e+03,3.376060783390670395e+02
-1.688025254686272092e+03,1.948072176746621835e+02
-1.052307203946756317e+03,1.286580480099166124e+01
-8.515102064806956150e+02,3.924444480296584743e+02
-1.306170392803082905e+03,-4.129734665034794148e+02
-6.841369215567965512e+02,-2.688248713787152610e+03
-1.562438184685893475e+03,3.148373376748562578e+02
-1.390760734889595369e+03,-3.172427297920565934e+02
-1.311850356669810026e+03,-5.358093534847096606e+01
-1.431814469296062498e+03,-2.918001931316476316e+02
-1.223372018423147892e+03,1.523612714237167722e+02
-1.688025254686272092e+03,1.948072176746621835e+02
-1.395729684686676819e+03,-3.153207923253729632e+02
-1.437962504685867771e+03,-2.853132623253244446e+02
-1.054785423859336788e+03,1.069316420644989876e+02
-1.513956900579594958e+03,1.299774813514701748e+02
-7.711285046858424721e+02,7.349427576747458488e+02
-1.302781084480851632e+03,-3.695624169909017951e+02
-1.600371353967113919e+03,7.503272832650840485e+01
-1.138506257592387328e+03,3.764557548146401587e+02
-1.308269826073395961e+03,1.922646030853469483e+02
-8.880193265956240793e+02,3.282346069292997726e+01
-9.697577749789419386e+02,-1.466132099341828621e+01
-1.096544565892742639e+03,1.281492537363753854e+02
-4.377115046858298797e+02,-2.805945782325451546e+03
-1.392519286027634735e+03,-3.186898355091403232e+02
-1.141268600369758815e+03,-5.291394434776116213e+02
-8.896790462656507543e+02,9.153830571876422937e+02
-8.060165825372795325e+02,8.852674388988920100e+02
-1.060237332267052807e+03,9.628925261648286948e+01
-1.016406323932530427e+03,1.308946379743188686e+02
-7.253675052713062996e+02,4.015214049716540785e+02
-1.218552889216099402e+03,2.015227489864664676e+02
-1.229021184685880826e+03,1.047846276745166136e+02
-6.822510220475435290e+02,6.954032995641218804e+02
-9.761606937923327223e+02,-6.220716398239084128e+02
-4.345703399196625014e+02,-2.808553798197615379e+03
-4.299762481987893921e+02,-2.811803942384585298e+03
-1.433360205460018278e+03,-2.877603396159409499e+02
3.547095653145739789e+02,1.185055707674683845e+03
-1.517275997983839034e+03,7.557299047719939722e+01
-6.771986362630098029e+02,6.064438392306331025e+02
1.108532137112103328e+03,1.063224565799073844e+03
5.663023226083109876e+02,1.093174952936519048e+03
-1.683614811347187924e+03,1.919111319679211647e+02
-1.392120386578911621e+03,-3.192789160904156347e+02
-1.312375434685489154e+03,-3.753358523254700003e+02
-1.101517976083730673e+03,1.926265903660180641e+02
-1.471687655014648044e+03,3.698214468078712116e+02
-1.343312213127558152e+03,2.151965012883990198e+02
-1.098423475047936108e+03,1.078647845631213897e+02
-1.090937060398843414e+03,9.234294002636198684e+02
-1.268879289616986625e+03,3.130365860329687848e+02
-1.511997249390464276e+03,2.471071663414600152e+02
-1.427229668127490640e+03,4.998124238658663643e+01
-1.433295771194540066e+03,9.398809026111884179e+00
-1.595920640934617268e+03,3.617490755354354803e+01
-1.098603355431352384e+03,3.044238518398585711e+02
-1.182177913439490112e+03,1.031635259805283624e+02
-1.175724172419294291e+03,2.305540278633408207e+02
-8.956041846858682902e+02,7.477709767446809508e+01
-1.299265723534598692e+03,1.874886544981059160e+02
-1.851195479320815139e+03,2.827573229681704561e+02
-7.675594753696634598e+02,7.304310219287789323e+02
-1.178208556336850052e+03,2.044225875374273755e+02
-1.058127819725666086e+03,1.919740587402856136e+02
-1.555794207292744431e+03,2.238073181202855437e+02
-1.688025254686272092e+03,1.948072176746621835e+02
-1.430859516926446531e+03,3.371848543080355967e+02
-1.050540657480832806e+03,3.244231915137791589e+02
-9.769826505889637929e+02,3.297108307303848278e+02
-1.101136353800172856e+03,7.443159992601388808e+01
-9.293587251713667001e+02,4.948754628318361881e+00
-8.083917106954099836e+02,1.908192157560127384e+02
-7.288956846866516344e+02,2.548222776747592206e+02
-1.267093784501945720e+03,-4.383885251090579800e+02
-5.566074680040519524e+02,2.215077503103122183e+02
-1.552997977294699467e+03,2.270182857115537729e+02
-1.392605415643249444e+03,-3.175380646783401630e+02
-1.434881136346329185e+03,-2.889293924882427405e+02
-1.187899754685463449e+03,1.476203767437105796e+01
-1.348632118713290311e+03,1.529234636907216895e+02
-1.058719183269407267e+03,2.820889975121871771e+02
-1.766421471967360048e+03,2.529329368161220373e+02
-1.271254004686651115e+03,2.548222776747592206e+02
-5.539091937598282129e+02,9.370482403602915156e+02
-8.862143021214926648e+02,2.268294638291225169e+02
-1.473214157755239967e+03,6.623598496747666786e+01
-1.507091775971098059e+03,2.013682023334072824e+02
-1.263969340033602748e+03,-7.817100514389311172e+01
-1.056558104653681767e+03,9.084348149378801907e+01
-9.724060371910129561e+02,1.346380274440435443e+01
-8.063775958157716559e+02,4.586985694896329164e+02
-5.148800120012630259e+02,1.999051537778701118e+02
-6.423758916160281842e+02,7.928752027858118936e+02
-1.305216234250478465e+03,4.527540798503494557e+01
-1.053298217950291018e+03,-1.343710672440929699e+01
-1.395729684686676819e+03,-3.153207923253729632e+02
-1.142091564161820770e+03,3.720926272293464194e+02
-1.181251308003338636e+03,7.189491788587707788e+01
-1.432581034247834168e+03,1.018848690473001284e+02
-1.688025254686272092e+03,1.948072176746621835e+02
-1.683772783660068626e+03,1.915480819333810985e+02
-1.429339350869203145e+03,-2.826919326359545721e+02
-1.433193359260598754e+03,-2.892511947460729971e+02
-7.191354192640365000e+02,2.570346254445080945e+02
-7.598526683873540151e+02,2.463031839344829450e+02
-1.139725928078585412e+03,1.041981317346950391e+02
-1.141285000184494947e+03,1.626668923117436236e+02
-1.184400259862430403e+03,1.093435623025094117e+01
-1.018092852338177750e+03,3.710764574742279933e+02
-9.747421985480391413e+02,3.461167162421033936e+02
-5.663308675534069891e+01,8.759381864488198062e+02
-1.597063076477962341e+03,1.875313765827827979e+02
-1.060265110165631540e+03,3.406013621716681996e+02
-9.254582737174387148e+02,3.091902835338244699e+02
5.665102459687374221e+02,1.091238611651293240e+03
-8.432251182765702424e+02,8.924666996670472372e+02
-8.059480762206320605e+02,8.768176029103972269e+02
4.380638153141822499e+02,1.125040647674586808e+03
-8.066059538334855006e+02,2.562890602601498813e+00
-1.637185480677184614e+03,2.594973992139603070e+02
-1.678088408068035278e+03,2.451260541948469154e+02
-1.466568984183763405e+03,1.403784234805661981e+02
-1.145666934686272498e+03,1.347921576745651464e+02
-1.343867730009975730e+03,-3.840616038119750328e+02
-1.386564199831573433e+03,8.141399321216677265e+01
-6.003793021766816764e+02,7.258686588873154051e+02
-5.520646710705426585e+02,6.689293510100558251e+02
-7.633039702435734171e+02,1.954782095658297010e+02
-1.383314899416620392e+03,-3.072635001165236304e+02
-5.621871846858556410e+02,-2.745930722325354509e+03
-1.511968773816483917e+03,1.980558873965166526e+02
-1.267228746025785540e+03,1.268106504570132103e+02
-1.303284606924699119e+03,4.058298501823014135e+02
-1.645792434685501803e+03,1.948072176746621835e+02
-1.645792434685501803e+03,1.948072176746621835e+02
-1.636440213318126553e+03,2.837323584076719953e+02
-1.427702049317907040e+03,3.220568376606879042e+02
-1.641586543515107223e+03,1.928852442715515849e+02
-1.434972449516130837e+03,-2.882231434007098869e+02
-4.347318702333679994e+02,-2.808697635207116491e+03
-3.469252681931616280e+02,-2.812975163155188966e+03
-1.180841161601971180e+03,3.682545248642111346e+01
-1.131548537693788830e+03,-6.793144403127337227e+01
-1.683408422559927885e+03,1.927797319961496498e+02
-1.391359212719779407e+03,1.329209081839544808e+02
-4.745589780895006697e+02,1.092009768481161245e+03
-1.093005365232395434e+03,2.914784074525711048e+02
-8.501568947314099205e+02,-1.775276349947355925e+01
-1.308631956243751119e+03,2.227297280451049915e+02
-1.805176670676167760e+03,2.787097046935544995e+02
-6.410431373113626705e+02,-2.719429139293854860e+03
-8.910460235340495956e+02,3.119458321272106218e+02
-1.437962504685867771e+03,3.148373376748562578e+02
-8.521091968165901562e+02,1.275688974482761608e+02
-1.051948875066528899e+03,3.835178191056988339e+01
-6.322908782099142400e+02,2.633905274476099976e+02
-9.751010689724608937e+02,2.516076814685780505e+02
-4.300793116854930531e+02,-2.813054209129863921e+03
-1.181949544467195210e+03,2.564303451073612905e+02
-1.303037361138870892e+03,-3.998196714520880732e+02
-1.260730405681473712e+03,7.952954921546695743e+01
-6.877742546862341442e+02,7.649502876747943674e+02
-4.742192309014052398e+02,8.520341366612955198e+02
-1.684589578502116183e+03,1.924115468312191695e+02
-8.901179990374395175e+02,1.583755782888895283e+02
-8.505771054518587562e+02,1.166945990905113462e+01
-1.011856803934525374e+03,2.733110951534535502e+02
-1.346713910750746436e+03,-3.816820283174637325e+02
-9.272658676488626952e+02,-5.614896264394369609e+02
3.181157088247823026e+02,1.209610676398630403e+03
-1.348064055905942041e+03,-3.816511407590814997e+02
-1.309043110310206657e+03,-4.072526367178447799e+02
-4.318097412028654389e+02,-2.810372967017866813e+03
-4.303873065784966911e+02,-2.812920233812073548e+03
-1.433580188359454723e+03,-2.882248006238031053e+02
-1.688025254686272092e+03,1.948072176746621835e+02
-1.681396994280210492e+03,1.887517016099302509e+02
-1.101344929814189527e+03,3.729766653671860013e+02
-1.431672667456121644e+03,2.173353210406153835e+02
-8.900674899411762908e+02,3.432941408156657417e+02
-1.387299501715479209e+03,-3.210683408022154595e+02
-1.554698804231878057e+03,1.661393548931695818e+02
-1.104545504685855121e+03,7.477709767446809508e+01
-1.098946513556287073e+03,4.598808017249266555e+01
-9.758360913345032941e+02,-7.726477932797307631e+02
5.668207900587448194e+02,1.091675192971103343e+03
-7.180491094040205553e+02,7.451461668594920411e+02
-1.347125900427771967e+03,2.172153099264214404e+02
-1.261515393495009448e+03,3.028191620373368664e+02
-7.997155017995171420e+02,8.350014576671321720e+01
-4.330352471608492237e+02,-2.808291273701910541e+03
-1.432948000226026807e+03,1.005398306520886251e+02
-8.449819532537862870e+02,4.383832809745854888e+02
-1.140463216759585066e+03,-5.427398560794076587e+01
-4.312528828896839173e+02,-2.812258520919251623e+03
-3.954786846866389851e+02,-2.805945782325451546e+03
-1.176612566058084894e+03,1.558936631802553450e+02
-1.271254004686651115e+03,1.047846276745166136e+02
-1.052275709858213077e+03,1.717209261700490686e+02
3.590198682648430122e+02,1.181755175196661412e+03
-7.211949335975850772e+02,5.586185086517533591e+02
-7.669403153222452829e+02,5.170626417965638666e+02
-1.229021184685880826e+03,1.047846276745166136e+02
-1.176325738844298940e+03,1.105133413596045386e+02
-1.722668471568574432e+03,2.188843606464263587e+02
-1.349774775025555982e+03,-1.735175511844954599e+02
-1.381862324957460032e+03,-1.295831486118407270e+02
-7.288956846866516344e+02,-3.153207923253729632e+02
-8.488203284221016247e+02,-3.223212250858577477e+02
-1.430500370715395547e+03,1.545263088703740380e+02
-1.140096221935592894e+03,3.411415840623789677e+02
1.108738090808551988e+03,1.061663398068089236e+03
1.107908255761910596e+03,1.061149526488424726e+03
-3.434832014482610134e+02,5.355103259641271052e+02
-6.324546249562747562e+02,6.210503799681079045e+02
1.916591872954613791e+02,1.183042427424820289e+03
-1.684231642195785753e+03,1.918568783262911950e+02
-1.181160173314553504e+03,1.285814009486931582e+02
-1.351672145149798325e+03,1.653699658177374090e+02
-1.432919423298482116e+03,1.017712880596934895e+02
-1.553694760329205110e+03,2.512977826730389381e+02
-1.555148840749480541e+03,2.577612895947481206e+02
-1.684179610215348703e+03,1.927191080232660738e+02
-1.684157005236990244e+03,1.925941595999979654e+02
-1.430725443235382272e+03,-2.025347901493948939e+02
-1.435519942198015315e+03,-2.250194203295761213e+02
-1.684972585988959736e+03,1.916530358434000050e+02
-1.600684344954511744e+03,4.233509377921989625e+01
-1.557729795064371956e+03,4.114792161544995963e+01
-1.639262415525181950e+03,1.877550950954012592e+02
-1.514135273694169427e+03,-1.616466529155902094e+02
-1.511230622678609961e+03,-9.466782340010871621e+01
-1.516222165248600049e+03,-1.075080119591132473e+02
-1.258966917991672972e+03,1.599732465216920900e+02
5.239572867974687824e+02,1.574442914905142743e+03
-9.302330265899004189e+02,1.450254840712268788e+03
-8.435532301313789958e+02,1.427127048963075367e+03
6.493403800131520711e+02,1.451473011506701368e+03
-4.788329346862473130e+02,1.485131007674379362e+03
-4.666784493114760153e+02,1.405135761763737946e+03
4.053568852198026775e+02,1.384942781067537226e+03
5.625394953142080112e+02,1.395108417675023475e+03
-5.159724593468813509e+02,1.361985223590705573e+03
-4.788329346862473130e+02,1.335093357674926438e+03
-2.247929889914289276e+02,1.332739585522096149e+03
-5.955723221590001231e+02,1.339629155335616360e+03
2.820856178352301527e+02,1.325865785863128167e+03
-3.531923904628308719e+02,1.169821056731824001e+03
-3.849671815746445418e+02,1.193089711354169822e+03
-1.834479177242983212e+02,9.714936564369446614e+02
-9.257745748377357131e+02,7.873249272565433330e+02
-8.497705731474228514e+02,7.936148077162941945e+02
-1.141908900172953054e+03,7.037352877478356277e+02
-1.187899754685463449e+03,6.749276976746488117e+02
-1.104545504685855121e+03,5.548975776744547375e+02
-8.876363690187736211e+02,6.046645729081674290e+02
-1.224339929940407956e+03,5.452124383051930181e+02
-7.196809555629512261e+02,5.553888896750438562e+02
-1.719781551777347659e+03,4.534355107101094973e+02
-1.684478837837872561e+03,4.527043406482260934e+02
-1.097632576141891604e+03,4.649328707347565341e+02
-1.053940193213681368e+03,4.073911043282830065e+02
-9.753808958805128668e+02,2.809605705206443531e+02
3.574231500386963489e+02,-6.854630161514332940e+02
-5.912181357939607551e+02,-2.591366643598203154e+03
-4.788329346862473130e+02,-2.775938252325403027e+03
7.030338584516459832e+01,-2.901092801901188523e+03
6.838002495735364050e+01,-2.901573534662113616e+03
-1.437962504685867771e+03,-2.853132623253244446e+02
-1.265634488947776845e+03,-3.158270528087641651e+02
-1.223191449891151251e+03,-3.243720475398496887e+02
-1.138678960427287393e+03,-5.308011799569042068e+02
-1.183059813905205601e+03,-4.689315764982694645e+02
-8.082709791895891840e+02,7.035470252952895862e+02
-7.711285046858424721e+02,7.949578176748428859e+02
-9.757790210365224084e+02,2.211491042850164490e+02
-8.544827546854508000e+02,1.647996876746136650e+02
-8.819127116561637649e+02,2.309528252319847184e+02
-1.392406186595414738e+03,-3.179409048969930609e+02
2.363075884459003078e+02,1.386850593795315717e+03
1.960992523299776167e+02,1.337290056031369204e+03
2.418461773523004013e+02,1.402134450364077566e+03
5.675383526540027788e+02,1.483169314925515891e+03
-4.752580250628378735e+02,1.458469534050366292e+03
-4.283632142914890437e+02,1.420478006999924901e+03
1.969614445443123145e+02,1.385930272433359050e+03
-2.195289094853432630e+02,1.368779918422554829e+03
3.629957659124873999e+02,1.387337742751115684e+03
6.925212750057016819e+02,1.453315832485702458e+03
-3.067146497307314803e+02,1.273511989575440111e+03
4.418945503809073898e+02,1.333032639603347434e+03
-6.793521570375825149e+02,1.247783946547157257e+03
-1.367507439413379302e+02,1.191386294768902417e+03
-1.374487284498327710e+01,1.245056566171681425e+03
-2.216314153497762049e+02,1.147333832897455977e+03
-2.642386172120423566e+02,1.187141303672237655e+03
-8.927808794933927174e+02,7.634441184700943950e+02
-1.141275988476502789e+03,8.226052871803811968e+02
-8.001723186688933538e+02,8.004820155572597287e+02
-1.763708410540852810e+03,6.087391636456401329e+02
-8.869561565931767291e+02,5.367180626915735502e+02
-1.558381937244959545e+03,3.456948365566593679e+02
-7.167627847671643622e+02,2.584102497033200052e+02
-7.651997638605262182e+02,1.834394449608410014e+02
-5.592943839872339140e+02,-2.749024721376479647e+03
-6.877742546862341442e+02,-1.524549232488777051e+01
-1.264855583321005270e+03,-1.375155084415555393e+02
-1.266602344373349752e+03,-1.371824301420567735e+02
-1.299384569211521239e+03,-7.051092718906107848e+01
-1.551891062937168726e+03,1.443288770797271923e+02
-3.871902092963935047e+02,-2.812101249317341626e+03
-4.377115046858298797e+02,-2.805945782325451546e+03
-7.240708209270519546e+02,1.543237003168660294e+03
-6.349842585677529314e+02,1.520760311850362768e+03
-4.679605036328306937e+02,1.310634307667623489e+03
1.585149296699375441e+02,1.283759792268163665e+03
6.921492431008201720e+02,1.451929630595825301e+03
-3.028486089135457178e+02,1.303981153315144411e+03
-1.750286368133357087e+02,1.224029469474632833e+03
-5.151935828470391243e+02,1.033223690159693433e+03
-1.101490336832620869e+03,7.618590123429726191e+02
-1.178928796032056880e+03,7.266409959406122425e+02
-7.667868332535566651e+02,7.621058305210927983e+02
-9.727834541568812483e+02,6.778389650178221473e+02
-7.646823301460092352e+02,7.371859056189301782e+02
-7.229529669863718482e+02,6.151842416526108082e+02
-1.682974602693182987e+03,5.218891511336969415e+02
-1.262238339121750641e+03,5.770876974561373345e+02
-1.058252304841706291e+03,5.237667481706330364e+02
-7.213673327066202319e+02,5.563109092276363299e+02
-1.058570342785857747e+03,4.925787697243839602e+02
-6.751153018170543874e+02,3.462853859599247244e+02
-8.472216837532952241e+02,1.967521616305239718e+02
-5.537447452711619462e+02,-2.752505360022160858e+03
-5.572383077953483053e+02,-2.748789150927269020e+03
-2.179207240430333741e+02,-2.844302507350897031e+03
-1.680581983995624341e+03,1.895180857850566554e+02
-1.095249467187754135e+03,1.820118587078764563e+02
-1.057692659524247119e+03,1.021552350361003079e+02
-8.530591185002271004e+02,-2.656883219705786701e+02
-6.769295648960934386e+02,-3.354314514297740288e+02
-1.555788440100722710e+03,3.398321219717707891e+02
-1.556080621012163874e+03,3.673069213766427765e+02
-1.015424955761289652e+03,7.068791654627233356e+01
-1.218044176181926105e+03,1.134981188054010488e+02
-7.711285046858424721e+02,8.249653476748914045e+02
-7.238562828697216673e+02,6.725946330628344185e+02
1.108603744506991916e+03,1.061260368364088663e+03
1.107849516138046056e+03,1.063173468473717321e+03
-4.333312616939097097e+02,-2.808520333175272299e+03
-4.333978768907351764e+02,-2.807801740135525961e+03
-1.177854637041868727e+03,3.093333044175692521e+02
-1.137563712906134242e+03,3.734011833408903840e+02
-5.155350005060687408e+02,1.473046913787341964e+03
-7.711285046858424721e+02,-2.565885542325063398e+03
-1.604671004686663764e+03,4.648749876750988506e+02
-1.592479156663548565e+03,4.441033388405251685e+02
-1.349780391397825952e+03,2.524182408150066408e+02
-9.678871943945332532e+02,1.072545628156836131e+02
-9.258858181981594271e+02,1.411445552470487712e+02
-6.772687088983653894e+02,5.337000356524705467e+02
-6.354845115872255974e+02,4.565447170562775909e+02
6.112140949135786059e+02,1.448058587261695720e+03
6.973977915239215690e+02,1.460708156844477116e+03
-1.092767000672486120e+03,1.898580594720639851e+02
-6.766541231987131368e+02,5.458589807309592743e+02
-1.269534965103210880e+03,-1.779810378545883225e+02
-1.220077668802372273e+03,-1.933234799763088176e+02
-1.474248217348683966e+03,1.322571589401955805e+02
-6.726201100524502863e+02,7.115681860300284143e+02
-7.177330027212177583e+02,8.052553529197094804e+02
-1.135846413491675776e+03,3.408866147576270578e+02
-9.378370046866384655e+02,1.948072176746621835e+02
-1.347894238988741790e+03,1.588273472309830083e+02
-6.802947665289632369e+02,7.652512663695508763e+02
-8.087548766453998041e+02,2.815644889467708936e+02
-2.214543803161003837e+02,-2.841449183591599194e+03
-5.621871846858556410e+02,-2.745930722325354509e+03
-1.684325193993271796e+03,1.929857202644408574e+02
-1.176135480243148777e+03,4.421853888341978518e+02
-3.423421732921758576e+02,9.211379627727339994e+02
-1.260666545323269247e+03,3.844794720715478888e+02
-1.598799184892107405e+03,7.833784393996816675e+01
-8.040508073583499709e+02,4.924928585891680086e+02
-1.688025254686272092e+03,1.948072176746621835e+02
-1.010895825258195714e+03,2.480064029069123706e+02
-1.133389051557652749e+01,1.266765072979382921e+03
-1.479083934686285147e+03,4.348674576750503320e+02
5.666223476022572640e+02,1.093057835438713482e+03
-5.972583488429448835e+02,2.595226129248482607e+02
-1.010250791859911033e+03,2.310304687794434528e+02
-1.055671237893317311e+03,7.953999677707219007e+02
-1.051453345726798034e+03,2.044330299190604592e+02
-3.904683158527576552e+02,-2.809514360794132699e+03
-8.068729940148278956e+02,7.271468015743563740e+01
-1.009914418659055627e+03,3.799662016805528424e+02
-1.176171656318955684e+03,7.122673820644774878e+02
5.661879569822607436e+02,1.092759807206976348e+03
-5.547067011368599196e+02,2.149796740071501802e+02
-7.211838296436018254e+02,4.265874144210760051e+02
-3.071813456831637268e+02,8.810032358647511046e+02
-1.688025254686272092e+03,1.948072176746621835e+02
-1.100771815836301357e+03,1.628103380503367816e+02
-1.015906648206522732e+03,2.221838721909876995e+02
-1.219514498990638458e+03,4.885733091824213261e+02
-1.224465848726173363e+03,3.440048897065890969e+02
-1.722328922858027909e+03,2.198561499858394654e+02
-9.294705987881901592e+02,9.757109345799335642e+02
-4.305375954563329515e+02,-2.811467551793174607e+03
-1.050333526525452044e+03,7.949774520436085368e+01
-1.135623729136668544e+03,3.993393552084633029e+02
-1.132905119958801379e+03,-2.318698725546175865e+02
5.676374442806778688e+02,1.542193858115697822e+03
-9.294827015895820068e+02,1.891075668126423466e+02
-8.024383091989187733e+02,1.301070858791983937e+03
-6.812891136706489306e+02,3.154434284531368462e+02
-8.477956068729209846e+02,3.930092569655781887e+01
-8.074445700823195011e+02,4.112135552948311101e+01
-4.710077359661498804e+02,1.053438249559327687e+03
-3.505465249712420928e+02,1.062888032774420253e+03
-1.100379147945802288e+03,7.277366446677486067e+01
-1.136338949689586343e+03,7.799497725411001170e+00
-6.877742546862341442e+02,-2.595893072325111916e+03
-6.840326657533501020e+02,-2.598053161637623361e+03
-7.711285046858424721e+02,-2.565885542325063398e+03
-1.302852750755033412e+03,1.110223552135827987e+02
-1.307741667573013729e+03,1.030588571273107164e+02
-8.065752089492018513e+02,-3.158896342046394352e+02
-8.079980146568411783e+02,-2.798769488715170155e+02
-8.496610759149822343e+02,-2.831789526187790216e+02
-1.683270520880893400e+03,1.928963510131407872e+02
2.427979878577610862e+01,-2.959490329180866411e+03
6.676506836947719137e+01,-2.898902618382179298e+03
6.568569990115581447e+01,-2.898811425757780398e+03
-1.351588621841574877e+03,-3.790622997081700305e+02
-1.312375434685489154e+03,-4.053433823255185189e+02
-1.056302486121805032e+03,4.236401175812117259e+01
-1.051565775884030700e+03,2.082354924869297719e+01
-1.015874944036724514e+03,-2.818536373732416678e+01
-1.394975259749652878e+03,2.113715289487878977e+02
-1.808476750405118764e+03,2.818108215499818812e+02
-1.767030095055121819e+03,2.520257037469371824e+02
-1.301784705155423580e+03,5.214036898790794083e+01
-1.341944429301287755e+03,3.923151932352186577e+01
6.156766728106837263e+02,1.553647986665284861e+03
5.701231053877086197e+02,1.550528516596180225e+03
5.295378339268484069e+02,1.535882879873778620e+03
-6.404500861035547814e+02,1.326815071087349452e+03
-5.546411551393539412e+02,1.335698149129508465e+03
-5.549699391183517037e+02,1.339374187475997360e+03
-4.753950099290497064e+02,1.002491920907608801e+03
-5.210657546854381508e+02,9.750029976751339973e+02
-4.699706516164324057e+02,9.977724604043248746e+02
-1.516649763590923158e+03,4.234442513236011791e+02
-1.057103811097643984e+03,6.626911015403279634e+02
6.926864684248246249e+02,1.452196081071354001e+03
-1.267076031000455714e+03,6.462601607643000534e+01
-1.475192162589798045e+03,2.509902975320962639e+02
-8.906887996845399584e+02,1.017414814306873438e+02
-7.245621273927033599e+02,-3.189325260032141500e+02
-7.656550788656995792e+02,-3.453150208163249317e+02
-4.279188073308223466e+02,-2.814859925526504412e+03
-4.377115046858298797e+02,-2.805945782325451546e+03
-9.743601648833251829e+02,7.269322977808893711e+02
-8.854940918390828983e+02,6.864480493991579806e+02
-9.284227682756966260e+02,-1.882270092212442307e+02
-9.708198463076769258e+02,-2.234224898410504920e+02
-1.050361283137144483e+03,1.574963712191677132e+02
-1.051720715955955257e+03,1.450444450607489557e+02
-3.908298879854509664e+02,1.422133206184577602e+03
-1.265814145659371661e+03,3.427641174676611513e+02
-1.308637268905950123e+03,3.608936418268877446e+02
-1.138714121452824202e+03,-2.531758419424347721e+02
-1.140112518899511997e+03,4.829516484525752276e+02
-9.708156523330958407e+02,2.332769140682856914e+02
-5.094144471353380936e+02,8.954260742388016752e+02
-4.788329346862473130e+02,8.849804076749884416e+02
-1.179023520124483412e+03,-8.579461380861840780e+01
-1.145666934686272498e+03,-1.352756123250818518e+02
1.108011625853688884e+03,1.062650822801440427e+03
-1.430300329092250877e+03,-2.907987019290437161e+02
-9.789584346854766181e+02,4.476956767441957652e+01
-1.016982823945170708e+03,4.224869476714813032e+01
-9.715731623350255859e+02,3.663354559989029724e+01
-1.228059300399272161e+03,-1.693874678479738094e+01
-1.180588792156790760e+03,4.954619735436006067e+01
-1.050935166848076051e+03,2.350774240910650406e+02
-1.050983316732556887e+03,2.303427163107290312e+02
-1.021191254686246793e+03,2.248147476747107021e+02
-1.222640903188657830e+03,1.038884498393847906e+02
-1.139865049904620719e+03,3.389389026355446504e+02
-1.139016184767178629e+03,3.445894075445942804e+02
-1.390830962929643192e+03,-3.190727918090618687e+02
-1.390653811794150897e+03,-3.182765209579932844e+02
-1.017276217746360999e+03,7.606107434630841624e+01
-9.750606026083106599e+02,4.251512867024059261e+01
-1.384982930415338615e+03,-1.396351616255709018e+02
-1.389199652257984098e+03,-1.436786813501769586e+02
-1.391015611828245710e+03,-3.185135781172538714e+02
1.107862018769007136e+03,1.062826054701774638e+03
1.107847331188755561e+03,1.063210474998679729e+03
-1.688025254686272092e+03,1.948072176746621835e+02
-1.101062540240179715e+03,3.425747834214553222e+02
-1.140795862387883062e+03,3.729123208081330176e+02
-1.049865175564217679e+03,3.202842361006880765e+02
-6.331281111301866531e+02,-2.617396592255522592e+03
-5.938403228577594746e+02,-2.644754172185169409e+03
-6.847131609969768533e+02,-2.597437285104230796e+03
-1.683949979763673582e+03,1.922948891241517231e+02
-1.729146684686689468e+03,5.248900476744062189e+02
-1.053077114913365449e+03,5.224460960877268434e+01
-1.048816446679744558e+03,2.101058734440009346e+01
-1.057973824399482282e+03,1.622018628770569819e+02
-1.059283794733053583e+03,1.635554009775826501e+02
1.108709610973403869e+03,1.061269713213111572e+03
-1.729146684686689468e+03,2.248147476747107021e+02
-1.723430152563524416e+03,2.176207699158917421e+02
-1.389787987994089235e+03,2.552199712501298166e+02
-1.432767004323229003e+03,1.563638168349741022e+02
-1.139693749379273186e+03,1.067353394081133729e+03
-1.188598425320932165e+03,1.020514313661619212e+03
-1.178608089442378514e+03,1.088320401756370472e+02
-9.270354221075042460e+02,3.526003230619941178e+02
-1.435004495026312043e+03,3.432105427924935270e+02
-1.683393787004459455e+03,1.917096186593701646e+02
-1.725776040397575798e+03,2.214989066120459142e+02
-7.593976284359775946e+02,1.511938021699428646e+03
-6.424691389279678333e+02,1.512233518504558333e+03
-7.216284105177172705e+02,-2.532281072908238912e+03
-6.752799273242308118e+02,-2.526678606015382684e+03
-3.470201986837283812e+02,-2.812065856088961027e+03
-1.009676634521363098e+03,1.013909721895928669e+03
-1.725136028783883603e+03,2.223282553754261244e+02
-5.514752007535166740e+02,6.519200663084496910e+02
-4.334968250323000802e+02,-2.809689608224512085e+03
-8.514678691685671765e+02,4.117932672961066487e+01
-1.056360015291324544e+03,1.930256278541485813e+02
-1.688025254686272092e+03,1.948072176746621835e+02
-1.688025254686272092e+03,1.948072176746621835e+02
-8.919039013792313426e+02,3.119491207560589601e+02
-9.694242078691737561e+02,3.087707632765377070e+02
-1.187899754685463449e+03,3.448448676749047763e+02
-1.178776900518674665e+03,3.702718643817406701e+02
-4.707395927077831175e+02,1.362099154628976976e+03
-5.561072485985278036e+02,1.328346310527303558e+03
1.109231476668777987e+03,1.061099112854637951e+03
1.108366509535582736e+03,1.062092023130722509e+03
-1.181837117279197173e+03,1.554684602254174592e+02
-1.684020614086638261e+03,1.924066706078323250e+02
-1.683550125162673794e+03,1.923464099824153095e+02
-1.681733371184712269e+03,1.898014228395038003e+02
-1.513939378855305449e+03,-4.250980536933651166e+01
-1.517035514372697889e+03,-4.632799560248260917e+01
-1.304300421342967184e+03,2.245663803733841348e+02
-1.768087355261731318e+03,3.711844070064838093e+02
-1.806765007076409347e+03,3.746329232064264261e+02
-1.267610712557365559e+03,1.007767529078012672e+02
-1.351407930827065684e+03,1.022790714225202464e+02
-1.431956696144051421e+03,-2.823559801203837765e+02
-1.437962504685867771e+03,-2.853132623253244446e+02
-8.871588827077696351e+02,3.467740403998668057e+02
-8.921982900920147586e+02,3.125633441577427334e+02
-8.440272844318739089e+02,3.501301221127218355e+02
4.907493059607978694e+02,1.523891906144361656e+03
5.734878314944755857e+02,1.551657432988680966e+03
5.317916906001295274e+02,1.522002064922289037e+03
-8.837734801548236874e+02,1.099577253576557894e+02
-8.838546756114379832e+02,1.113997616133977147e+02
-8.836660214678687453e+02,8.110071758176522394e+01
-1.392829986492074113e+03,-3.184103320423558330e+02
-1.391957080441716698e+03,-3.174516196344433183e+02
-1.062312684686664397e+03,1.047846276745166136e+02
-1.093111292610763030e+03,1.555196912745248596e+02
-1.300192981156843871e+03,1.390531638300009263e+02
-6.399449542002294038e+02,2.573634945607843179e+02
-6.836157354197541736e+02,1.923032654348613164e+02
6.532719758129376260e+02,1.545457686655889347e+03
6.127915671239629773e+02,1.548374626167676070e+03
-1.681168247580192428e+03,1.896862324650709013e+02
-1.684937388181237793e+03,1.915170990996790863e+02
-6.374881697476174622e+02,-2.724300969368589904e+03
-8.544827546854508000e+02,3.448448676749047763e+02
-8.832227428464124159e+02,3.201254228262975516e+02
-1.173996050900722366e+03,2.324127913080615713e+02
-1.342845557676751241e+03,-3.396692167515486176e+02
-1.679714788336460060e+03,1.873965816424883144e+02
-1.684817022164522996e+03,1.928176833924131586e+02
-3.925487707585504609e+02,-2.809898188682115233e+03
-1.136082646531147020e+03,1.690076671875613954e+02
-9.736599316185805719e+02,1.867256753521472774e+02
-9.681836763688494329e+02,1.710555388002724158e+02
-9.273403520853346436e+02,1.998062145021558536e+02
-9.341683163798827536e+02,2.510122080546196628e+02
-1.766782687351237200e+03,2.510703573440771947e+02
-1.425695158373180902e+03,2.627023271796015820e+02
-7.288956846866516344e+02,-2.565885542325063398e+03
-1.432247431624123010e+03,-2.902809677248120011e+02
-8.122499346862599623e+02,8.849804076749884416e+02
-8.046734792492073893e+02,8.886967760416848705e+02
-1.383795974603752484e+03,1.703792968424804428e+02
-8.544827546854508000e+02,-4.525302232493628907e+01
1.109503464890293117e+03,1.061526437657789756e+03
-1.136696525165982166e+03,1.686773351861852461e+02
-1.258804806274955354e+03,2.603251053777283914e+02
-1.141141552627245346e+03,7.319898583232519513e+02
-1.134080043384081591e+03,7.755813970284524430e+02
-1.098238549942589316e+03,2.170624730297991078e+01
-4.377115046858298797e+02,1.395108417675023475e+03
-9.690168342924087028e+02,3.785400664854997785e+02
-8.446193311902117102e+02,3.498141437790391706e+02
-1.139101355964358618e+03,5.230657872364777177e+02
-1.055249323487568972e+03,1.600871544228335495e+02
-6.417566829552879426e+02,7.630342573608558041e+02
-9.758678948946964056e+02,1.925688283603234652e+02
3.592811283727388627e+02,1.461700249999795687e+03
-1.437962504685867771e+03,-2.853132623253244446e+02
-1.351178893955423632e+01,9.990858221567553983e+02
-1.262579549768260904e+03,1.513935291394123794e+02
-1.218298336481557044e+03,2.473210694492622963e+02
-1.007461343483461292e+03,1.571083437450665201e+02
-1.012562545782001393e+03,1.617138294501922076e+02
-1.061424869203679918e+03,2.106469010223446503e+02
6.916322111632482574e+02,1.452020042094321980e+03
6.502551304273921460e+02,1.452783405427668640e+03
-9.789584346854766181e+02,4.476956767441957652e+01
-9.718796594496828902e+02,2.084043368913064853e+00
-1.525714656177588950e+03,-1.470825298767467189e+02
-1.095671223657063592e+03,4.934131051350958046e+02
-8.350343333927206686e+02,7.345928673083268450e+02
-8.497317029301548246e+02,7.327199145785916699e+02
-1.017871538960979024e+03,6.541917669848641026e+02
-1.017473312835194406e+03,7.015534103637256749e+02
-1.009449763166317780e+03,1.054353918664273522e+02
-1.021481592209893961e+03,1.165910899706336465e+02
-6.381451742712093846e+02,1.287837781450368198e+02
-1.730789296916483408e+03,2.152270788697297803e+02
-1.347567339785195827e+03,-3.827192709329207787e+02
-1.264919282634550882e+03,3.681816855883162702e+02
-4.716029215909792356e+02,9.689173751731838138e+02
-4.670162855269405782e+02,9.852511318260587814e+02
-1.180921882533809821e+03,3.377675512454617319e+02
-7.715774876905295514e+02,2.169510878149752671e+02
-7.663440589503038609e+02,1.618122164324505547e+02
-7.645455873308659420e+02,5.174713345379909697e+02
-7.744481089116076191e+02,5.434320370464457710e+02
-5.621871846858556410e+02,-4.953659723248744058e+02
-1.354608254686259443e+03,1.347921576745651464e+02
-1.688025254686272092e+03,1.948072176746621835e+02
-6.877742546862341442e+02,1.215063237674732363e+03
-7.021607209652344181e+02,1.240309537370152611e+03
-8.956041846858682902e+02,7.477709767446809508e+01
-8.632790347846359964e+02,1.145526745564070836e+02
-1.036917220957449899e+03,7.277370228898178084e+01
-1.271254004686651115e+03,1.347921576745651464e+02
-6.405459439350923958e+02,5.109562378504505773e+02
-6.150423660919411759e+02,4.731179084760260594e+02
-6.581948568605897663e+02,6.392013362937142773e+01
-7.118990385501002720e+02,2.057098205247871903e+01
-1.145057596175614208e+03,4.137007537950115648e+02
-1.156085996248191350e+03,5.066248325875611869e+01
