date:2016-05-08, time:1000, wind_speed:3.51, wind_dir:183.0, temp:10.0
84.343744 205.671180
100.171811 187.570112
79.281670 178.714204
96.276119 223.584857
120.823506 217.721095
-174.895322 34.469834
-29.145634 -43.422157
-37.424573 -58.586277
-41.131488 -100.539823
-52.892391 -100.315209
95.960745 232.598923
75.910495 178.604461
-57.799958 1.560451
71.318869 -256.521753
106.443424 241.635000
83.138631 238.745749
110.946717 181.745279
120.865672 172.522515
-47.683069 -13.437004
6.321427 -16.451711
-18.597389 -52.503966
112.204574 220.533634
104.725306 229.634037
97.298741 247.575234
95.943574 223.701394
97.852442 206.000330
122.597394 187.530633
-7.749492 -46.422994
24.799825 -64.391525
-47.423598 -100.366584
88.237000 -181.556462
116.982184 181.586853
70.002050 178.656422
79.778155 169.569324
-21.729721 -22.439528
24.875007 -67.537968
83.261926 169.660228
91.812258 169.579372
20.930708 -70.356091
89.457554 235.673001
33.766507 205.605454
89.216880 193.789755
100.154713 181.554194
-83.080013 -4.384422
-70.867501 -1.545617
33.867720 -55.505940
124.786794 235.636470
58.661141 169.651360
62.636411 169.531489
70.939256 163.741486
-75.500944 100.498383
7.119024 91.607789
-64.152079 1.802817
-53.527427 -4.626272
-41.552264 -10.533118
54.567041 -274.280445
110.074801 241.549294
108.694298 238.625772
104.145909 238.623034
110.454550 241.584789
104.695519 211.666160
-41.129922 -1.399243
-7.988663 -55.620694
31.247675 -280.594578
58.433794 -274.442011
54.919507 -277.502224
52.275294 -274.565133
54.683537 187.713646
81.058563 178.875103
-28.961321 -22.493302
-10.369791 -148.345019
114.656372 235.774259
79.604879 220.701125
46.424882 208.691162
8.476478 67.542292
6.415873 70.752914
-71.170579 -1.374240
96.023344 244.738372
121.025623 223.603411
75.914245 175.552381
87.877766 160.542813
39.231412 206.085781
75.124596 199.573007
85.483507 169.518372
65.877334 163.724994
-41.845289 -61.417580
97.245953 -205.636995
50.614599 -280.570155
106.286838 241.584789
96.591777 148.572318
75.258891 115.617014
-81.072728 1.729840
127.188684 247.813727
-21.094609 -46.413732
-43.646413 -94.248463
-46.056800 -94.437011
-14.541593 -52.537350
74.826387 172.722250
67.089379 166.619997
62.634713 172.566089
-10.256873 -46.357963
109.103904 241.764282
133.537902 223.719824
113.120269 217.512701
96.359823 214.700834
121.521583 187.633303
-32.817424 -10.436349
-36.981895 -64.337306
96.391948 -205.422689
79.878445 157.615715
-49.068027 -34.436512
-62.199500 -109.492222
108.859466 238.531903
100.812961 193.558207
117.049945 178.642249
-20.142871 -34.336940
-3.672702 -55.406562
-9.886176 -52.497985
-10.067464 -55.324507
-14.450059 -52.508894
-41.407071 -61.502071
-38.653859 -58.397847
-41.312423 -64.466992
-42.394476 -61.541948
87.623419 163.465129
117.075868 157.699214
37.858014 -133.556609
87.961688 -184.557027
117.142709 157.579201
118.825207 157.515360
92.590139 211.652093
63.457357 196.507280
76.073790 190.482594
-99.090530 -19.491090
-15.744682 -22.540419
-3.161045 -28.460273
3.007966 -43.348931
34.258266 -58.437715
52.853709 175.812181
53.480891 175.390088
-39.130506 -73.859953
