date:2016-06-29, time:0800, wind_speed:1.94, wind_dir:145.0, temp:18.5
55.316718 122.061128
46.860866 119.018069
-86.421817 -120.344997
67.692714 104.027472
68.038128 104.005485
68.278402 103.828334
67.820542 104.052131
55.704142 106.814044
-7.041239 118.879581
55.377676 106.890952
67.503201 104.004262
51.082746 113.031827
43.042753 112.836785
47.056463 110.032286
-69.294778 -1.264788
71.834682 131.117923
71.737551 128.061677
60.477232 106.502559
67.781186 104.047095
-39.547868 40.485993
-20.133436 83.173485
-7.359683 -82.100711
67.740429 103.945058
68.354861 103.886850
68.812657 154.514607
-78.187188 -97.013328
-64.554143 19.480722
97.604199 103.732406
39.430322 133.667865
72.924800 175.519878
67.982748 103.944315
68.463517 103.768988
63.155838 116.030414
50.665025 128.206156
55.519140 106.982531
97.931075 103.501806
55.636818 106.903844
38.412054 149.170954
10.464682 127.507830
-32.108127 67.970588
47.692003 109.669679
75.571712 164.151688
25.807551 143.138837
55.565952 106.906093
-48.287264 34.790365
-39.547868 43.486746
-7.435211 -82.044146
-20.151657 -120.920508
88.151678 128.177954
-11.187719 -82.118483
-23.379650 -82.151111
72.760334 109.668651
-15.903527 -117.942640
5.705944 -286.352646
43.630022 136.683049
72.924800 109.503312
68.812657 103.501806
67.951549 104.033832
-19.829444 -129.972010
55.414126 106.814484
68.812657 103.501806
-77.112850 -88.546386
-70.084029 -96.915230
42.410321 125.145596
97.547375 103.726755
-106.656560 -256.332490
68.124996 103.965203
17.387327 -282.994192
-31.790856 106.782211
67.281742 104.142376
-32.702512 53.141388
68.042173 104.048841
-28.204799 74.035930
47.547343 109.709012
47.588429 109.712564
68.618219 103.629618
55.720334 106.776406
67.620032 137.109602
-3.485624 179.047299
67.766616 103.958567
55.696199 106.888198
68.268649 103.938665
31.046168 136.662911
97.591511 103.789611
46.780149 110.163433
47.313395 109.911969
47.120841 109.923652
39.227408 139.727406
68.509889 103.658361
67.304422 104.110599
97.750189 103.592671
-28.623227 50.055911
68.061900 104.010317
-32.400458 47.220045
68.452367 103.739245
22.433679 139.887486
68.325013 130.844276
67.966120 103.948407
9.094929 -66.969315
8.921206 -66.967636
-36.346872 52.978577
63.128504 -222.888338
68.441817 103.732950
67.446497 104.085368
-78.112277 -9.955652
67.983215 104.044133
67.996504 103.923383
-178.213467 25.964379
55.384403 107.152085
68.325703 103.709301
-15.484477 118.876576
27.135532 -274.593072
5.254582 -70.030149
-10.582367 -76.389164
96.912579 104.089946
68.064855 104.049420
68.812657 103.501806
68.262021 103.768160
30.843688 151.733307
31.247675 148.513101
27.135532 142.511595
-10.429450 118.505571
-2.459304 121.747092
56.043305 106.597668
67.339674 -219.855487
60.126596 112.713508
97.931075 103.501806
96.521599 104.213618
68.069026 104.075015
-19.750290 59.139517
85.483507 106.502559
67.906413 -210.976790
35.470957 118.505571
-18.764875 55.489758
-106.231268 -256.588554
139.608200 166.517619
55.441609 106.914225
97.064903 104.049896
5.050902 -289.111037
35.298506 118.597523
35.051079 118.895549
47.219281 110.001661
55.409254 106.897593
-3.236467 -289.066702
47.778132 109.665358
47.079281 109.995520
34.299930 119.094639
9.421581 121.906751
35.011572 118.752996
-35.435725 52.489005
97.447364 103.905489
97.303304 103.833398
97.443501 103.771874
67.695022 107.019887
34.656024 118.897254
35.258853 118.626424
34.650940 118.915431
1.998811 190.621225
79.955975 107.162765
68.628197 103.617198
97.192533 103.811842
-20.081847 89.066782
-6.366745 -286.526467
4.808112 -288.963711
6.241400 -289.596837
80.482826 106.858042
58.975313 131.082112
68.466589 133.780229
68.226198 103.758826
68.120135 103.986008
-49.104213 35.051046
47.918525 109.503312
96.920292 104.120143
96.853364 103.928151
68.228215 103.891444
55.495011 107.062195
68.500825 103.691480
56.056307 106.572930
22.912250 124.507077
50.743881 -265.082201
5.750849 196.827416
55.152513 106.971372
18.590271 121.628276
