date:2016-08-24, time:0000, wind_speed:2.52, wind_dir:214.0, temp:18.8
4.687721128580209324e+02 1.087570012477647879e+03
5.572103852208068702e+02 1.061870188291148224e+03
4.791852453145997401e+02 1.095033117674538289e+03
-6.973792976721772447e+02 -2.022333488628696045e+02
-1.271254004686651115e+03 -4.353509123255670374e+02
4.749225294319455770e+02 1.091518654710158216e+03
4.755211219614567426e+02 1.091261211245544700e+03
-5.613628826723302154e+02 -2.973391464713381538e+02
-1.487819392478761529e+03 -2.013421485944230938e+02
3.958309953134120178e+02 1.185055707674683845e+03
-1.071705171206733894e+03 -1.102081572537381362e+03
-7.799901005357526174e+02 6.772995231995668064e+01
5.947486261331187052e+02 1.059056435532740124e+03
-8.122499346862599623e+02 -2.252982023252274075e+02
-1.441971516591310092e+03 -2.890399085717317007e+02
4.745454185657503672e+02 1.091664803635322869e+03
-1.072598831206614250e+03 -2.618636462962131191e+02
-1.365039588108003954e+03 -1.409755215057861335e+02
-8.203890824505119781e+02 -2.302299446283256543e+02
-1.144471938109614229e+02 4.287562792515905699e+02
-1.280363447761418456e+03 -4.402451008113544049e+02
-1.070327252058766817e+03 -9.509297953682706748e+02
-3.163379082816306891e+02 3.122386996544437352e+02
-9.378370046866384655e+02 4.476956767441957652e+01
-3.205746293259154527e+02 6.692633645726964460e+02
-3.906951799647654298e+02 3.322449365234735410e+02
-9.889229328471393501e+02 -1.131293791017677904e+03
-7.038273947599186897e+01 6.987507620220591207e+02
-5.247480691136682935e+02 4.611334592648530588e+02
-1.362867903327341082e+03 -1.724602769237714597e+02
-7.199827587486514346e+01 7.886094209013708678e+02
-1.443028897099308097e+03 -2.888917308806035180e+02
-1.280891012321668995e+03 -4.398198185613654232e+02
-1.042945046858172304e+02 8.249653476748914045e+02
-3.543572546862215518e+02 9.149879376750369602e+02
-2.094025468620891672e+01 6.149126376745517746e+02
-9.920575793312455062e+02 6.959811239375850391e+02
-7.337257952546143542e+02 5.226222379297901171e+02
-1.280585124176525369e+03 6.407256868658411122e+02
-1.363714418500272131e+03 8.496346306144838536e+02
-1.982801939652862018e+02 9.679399004804918150e+02
1.659871207764700785e+01 8.215886849277936790e+02
-1.428510991322171435e+02 6.616759693819212771e+02
1.046468153141696291e+02 1.065025587674489771e+03
-1.096501197622827021e+03 -4.166553670353905545e+02
-1.317171128351308425e+03 8.223958427078455315e+02
-1.187899754685463449e+03 8.849804076749884416e+02
-1.354608254686259443e+03 -3.753358523254700003e+02
-4.456720203124194768e+02 -3.803364818332785262e+02
-4.047396768740713924e+02 -8.215080031882743583e+01
-2.287701846858429917e+02 2.548222776747592206e+02
-1.691702672220977320e+03 1.919870036111225602e+02
-1.166879102748749233e+02 9.664944696810871392e+02
-1.025105880879887536e+03 8.225927401214554493e+02
-6.044200046866258162e+02 7.949578176748428859e+02
-1.073217758331781397e+03 9.376140131848292185e+02
-4.877388047922443661e+02 8.187166969245306518e+02
-1.155879468049042543e+03 6.995689295784436581e+02
5.363001010456196127e+01 1.118288882521145524e+03
-1.042945046858172304e+02 1.575153597674524917e+03
-1.489721205112009329e+03 -2.022186248936986033e+02
4.791852453145997401e+02 1.095033117674538289e+03
-4.455823414441666159e+02 -2.249353515839859341e+01
2.713553153133862565e+02 1.215063237674732363e+03
4.737474550558250712e+02 1.091640879514413427e+03
4.791852453145997401e+02 1.095033117674538289e+03
-1.876487546854255584e+02 2.848298076748077392e+02
-9.050946741927027688e+02 9.700261904758604032e+02
-1.224977737186330614e+03 8.165511156467365481e+02
-1.487856204324584496e+03 8.486023437102492153e+02
-9.789584346854766181e+02 8.849804076749884416e+02
-1.358517774742191705e+03 8.816501096239477420e+02
-1.309291658092834496e+03 8.146562542660434474e+02
-1.156422005948380274e+03 7.889697157442984690e+02
-4.045818666766696197e+02 -5.160535513730463464e+01
-4.830137982812362907e+02 7.169166956817950620e+01
-8.594223620452071373e+02 8.513941403794362941e+02
-1.964544859346063959e+02 7.288594100456760998e+02
-1.031970971520654984e+03 7.595388254396425509e+02
1.251715354992968798e+01 9.085355812382201748e+02
-1.191803398150446810e+03 9.427767589011126574e+02
-1.316780557394401058e+03 9.413220174652186643e+02
-9.839322643314121706e+02 1.001983108305360588e+03
-1.238457724930023915e+03 8.784251309357061928e+02
1.365898040173176753e+01 9.692307449251678690e+02
-1.031928769799894553e+03 6.993747188800492722e+02
-1.322002764392049130e+03 8.494004531841218295e+02
4.791852453145997401e+02 1.095033117674538289e+03
-1.318098975339800518e+03 9.421387815851628602e+02
-1.031496094506808731e+03 7.576252196827618945e+02
-1.309767631640333093e+03 8.391674645918478745e+02
-1.155897296522130546e+03 9.390527546876761562e+02
-1.062312684686664397e+03 8.249653476748914045e+02
-1.530437058380701274e+03 -1.719146915250856296e+02
4.791852453145997401e+02 1.095033117674538289e+03
-8.956041846858682902e+02 7.949578176748428859e+02
-1.021191254686246793e+03 7.349427576747458488e+02
-1.285411481200602793e+03 6.668999040919793515e+02
-1.316400670950743688e+03 7.916484258942779206e+02
-1.145666934686272498e+03 6.149126376745517746e+02
-6.773080662328072776e+01 7.008224858362339091e+02
-3.051554721301226891e+01 9.083808324955697344e+02
-1.281366234586443625e+03 8.176076135994577498e+02
-2.800802680623208403e+02 1.059857604810122211e+03
-1.042945046858172304e+02 8.249653476748914045e+02
-1.237336388317056617e+03 9.397371497542219458e+02
-8.204452228236560813e+02 8.483882822040393421e+02
-1.113040098367654991e+03 8.503717491867618037e+02
-9.839765206394228017e+02 9.421197963479696682e+02
-1.067896692031124303e+03 9.725880431524494725e+02
-7.848472069737761103e+02 -5.028523259056530605e+02
-4.756072264175451210e+02 -4.161601570313283105e+02
-9.882082654737098437e+02 7.585791758970226510e+02
-4.458569508950567979e+02 -4.944051155166782507e+01
-9.789584346854766181e+02 9.750029976751339973e+02
-7.365088655695342368e+02 -4.419473432822357495e+02
-1.153270106345172053e+03 -5.327054765208490608e+02
-1.221517177271977744e+03 6.677933593631242957e+02
3.079216994451717824e+02 1.212201752227487532e+03
-1.445591513952680771e+03 8.782693754440081193e+02
-1.035273216755146905e+03 6.074647766472828607e+02
-9.043670351897875435e+02 1.268312485401122103e+03
-1.029779852653216949e+03 7.867551438811110529e+02
-1.156640007137906196e+03 7.287505779755166486e+02
4.746408385299263273e+02 1.092636687788876770e+03
5.119406947673426203e+02 1.418204006255567720e+03
-7.288956846866516344e+02 1.305085827674877919e+03
-4.433420832484686116e+02 -2.575183462624390813e+02
6.777846643414607115e+02 1.270222078454412895e+03
-9.473845664846317050e+02 1.267285107855670276e+03
-1.373311248148587538e+02 7.560217231375039546e+02
-9.471858128412875431e+02 6.994338500622691299e+02
-7.749926747477343270e+02 8.508644605000295087e+02
-1.229021184685880826e+03 7.649502876747943674e+02
-8.956041846858682902e+02 1.335093357674926438e+03
-6.044200046866258162e+02 1.425115947675071993e+03
-8.220464479406617784e+02 1.330060254764150386e+03
-4.887138687727252204e+02 1.418780578032874473e+03
-8.221087740210440415e+02 1.389137951905918726e+03
4.700833210165957894e+02 1.328190788438777872e+03
-6.918713352265554022e+02 1.331799716812852694e+03
7.292479953134246671e+02 1.245070767674780882e+03
-7.754720273664976276e+02 1.361157385658459134e+03
-8.122499346862599623e+02 1.305085827674877919e+03
-5.286069105726768385e+02 1.329693920015255799e+03
6.348023438321054073e+02 1.268637325347190654e+03
4.692958085433069755e+02 1.238419807244840740e+03
-5.305806352490360496e+02 1.299714983549145018e+03
4.282871216353528325e+02 1.298484049357027516e+03
-1.016641879778002249e+03 7.549666074196234149e+02
-1.312375434685489154e+03 8.549728776749399231e+02
-1.153706862451828329e+03 3.958131465547649697e+01
-8.163772746172937786e+02 -3.793784533830611281e+02
-5.210657546854381508e+02 -2.553057323252759261e+02
-5.315850971425710441e+02 9.081312103498389661e+02
-3.207122151715566929e+02 -1.110766488632818607e+02
-6.877742546862341442e+02 1.305085827674877919e+03
-8.637877975124271188e+02 5.481627144151814264e+02
-8.081417863360710498e+02 1.476664918410780047e+03
5.955153702876833677e+02 1.388724796628945569e+03
-1.021191254686246793e+03 1.305085827674877919e+03
-3.631471234510744921e+02 7.291104878271518146e+02
-3.592365187147382244e+02 7.625703093443634089e+02
5.214180653137905210e+02 1.395108417675023475e+03
-6.555863967443169713e+02 1.419812447383735389e+03
-1.113921175398242440e+03 9.790152761660155534e+01
-1.066462966338864135e+03 1.122408928166935738e+01
-7.288956846866516344e+02 1.455123477675120512e+03
-6.970111989372478547e+02 1.448216773778013476e+03
5.139456753948807091e+02 1.328585603166544161e+03
5.158581148750492957e+02 1.437063831546132633e+03
-9.723886496903480747e+02 1.383740409884676637e+03
-6.455414346854639689e+02 1.425115947675071993e+03
-8.635867003484428324e+02 1.449364385545641881e+03
-4.377115046858298797e+02 1.395108417675023475e+03
-8.122499346862599623e+02 1.365100887674974956e+03
-7.803205635901477990e+02 1.538575200914479638e+03
5.120639387495779147e+02 1.300800940718562060e+03
-9.348332459647342603e+02 1.384599168762612635e+03
-7.387799749891836427e+02 1.328024806626234977e+03
6.000838802523355753e+02 1.451806665038573783e+03
-6.970455873378964498e+02 1.449155437739212630e+03
-5.709661024596960033e+02 1.389122417808687260e+03
-6.142380924069843786e+02 1.418094479268394252e+03
-6.983428741872614864e+02 -5.172731053720589500e+01
-8.544827546854508000e+02 -2.252982023252274075e+02
-8.122499346862599623e+02 1.365100887674974956e+03
-6.980299405834837216e+02 1.387770208092455505e+03
-4.472048974345854049e+02 1.387729620137353095e+03
-9.323515485128521050e+02 1.413464626576258979e+03
2.609722525892303224e+02 1.388750810818670516e+03
4.380638153141822499e+02 1.365100887674974956e+03
-4.377115046858298797e+02 -3.153207923253729632e+02
-1.154518325026830553e+03 -5.323265751713577174e+02
-6.090732672937572261e+02 8.217983931955145636e+02
-5.710384631620740947e+02 9.402497735098270368e+02
-5.210657546854381508e+02 -4.653584423256155560e+02
-1.145666934686272498e+03 -4.525302232493628907e+01
4.749029935051570419e+02 1.091558090116521271e+03
-4.474003556237898351e+02 8.199118460803703101e+02
-1.399689425458265532e+03 -3.174246098539915693e+02
-8.635454102553998155e+02 8.485911048148128657e+02
-6.877742546862341442e+02 -3.153207923253729632e+02
-8.175191782048614186e+02 -3.787166378723808862e+02
-6.964792378279553304e+02 1.299691943160150458e+03
7.292479953134246671e+02 1.455123477675120512e+03
-6.556168668322428630e+02 1.420481021351241679e+03
-5.259175681766653270e+02 4.204680405780570851e+01
-1.238467364762252373e+03 6.977496452715438409e+02
-9.036098277670924972e+02 1.299695401919832193e+03
-1.062312684686664397e+03 1.275078297674829400e+03
-8.593341794659451125e+02 1.361539332817361810e+03
-5.210657546854381508e+02 7.649502876747943674e+02
-3.635360048976195912e+02 7.578514574141688627e+02
-1.401118074803086301e+03 8.519599871008035734e+02
-1.364115419963452950e+03 9.081256643989725035e+02
-2.710030046866132238e+02 1.005010527674392733e+03
-2.287701846858429917e+02 9.449954676750854787e+02
-1.026274175494922474e+03 1.331012938099064741e+03
-9.834781588977101592e+02 1.331459707304713220e+03
-9.789584346854766181e+02 1.305085827674877919e+03
-2.391078400607672165e+02 1.000584662977393464e+03
-1.977050118048431386e+02 9.391905339844887521e+02
-6.531339482020243850e+02 1.509190035945144018e+03
5.500902830497686864e+02 1.477113718229477172e+03
-7.288956846866516344e+02 1.545146067674476399e+03
-1.352958532006337009e+03 8.446281734133368673e+02
-6.021391459505342709e+02 1.324356159272017749e+03
-6.057181497538086887e+02 1.474312742433260837e+03
-8.998631848128873116e+02 1.570985551100336806e+03
-9.061793903254470024e+02 1.479630112023238553e+03
-1.104545504685855121e+03 8.849804076749884416e+02
-9.870537115325937521e+02 7.875249876474626944e+02
-6.455414346854639689e+02 -2.553057323252759261e+02
4.745237565089481677e+02 1.481753029587878245e+03
3.958309953134120178e+02 1.485131007674379362e+03
-5.267824010420131344e+02 1.543104820279962723e+03
-8.064490962218675350e+02 1.442740258840275374e+03
-6.965227413859979606e+02 1.539282218975373780e+03
-5.210657546854381508e+02 1.455123477675120512e+03
-7.810589065374274469e+02 1.447617863533277841e+03
-4.075205230884455432e+02 1.505216186412449815e+03
-6.139592027963159353e+02 1.419056269427102734e+03
-6.536801666984149506e+02 1.479104470603953587e+03
-6.175814062596157328e+02 8.765488870840711115e+02
-6.092312366989988277e+02 1.302456957745757791e+03
-4.490306211200816051e+02 -8.166314281682332421e+01
-5.307865751890833508e+02 -3.528832206602230599e+02
-8.997623068393128278e+02 9.726842069162458984e+02
-8.956041846858682902e+02 9.449954676750854787e+02
-1.065996285106255300e+03 6.721019366912929627e+02
-1.060824127071407020e+03 6.613892129133116669e+02
-1.187899754685463449e+03 7.049352276746973303e+02
-1.187899754685463449e+03 6.449201676746002931e+02
