date:2016-10-10, time:1400, wind_speed:6.5, wind_dir:337.0, temp:12.9
-354.357255 944.995468
527.595347 1271.995641
-1014.394255 282.400477
-923.953139 158.762414
-1008.392630 1389.294575
-714.517776 1509.721025
-840.071181 1569.732047
-131.193522 1509.820163
1369.038277 1599.017138
1188.252065 1665.176188
1445.274959 1812.010249
-604.420005 1425.115948
-381.500689 1029.738425
-1174.466151 1179.580453
1160.488814 1570.148941
-1131.669121 1209.145362
-1549.162651 820.133037
1486.073562 1512.252045
-139.125596 1272.236984
-514.639799 1032.198030
-312.124435 1365.100888
-674.346485 189.396539
-381.650389 1389.085689
-639.162618 191.493383
1242.643650 1510.346318
-1305.974429 1331.832553
194.432189 1272.624552
-547.609656 668.352367
1492.656652 1419.687088
-424.178192 758.603575
-841.167970 999.335277
1076.503575 1569.838816
-978.958435 1305.085828
-757.796804 1149.563980
-639.396673 582.318770
368.080253 1359.554256
-1222.661728 1032.716786
229.122495 1605.161128
-298.719536 1059.152631
-437.711505 914.987938
319.170834 1842.450491
1535.645726 1660.064339
1521.669065 1815.213838
1229.373495 1815.213838
-798.430291 220.025029
-1340.359368 1088.871474
1492.647906 1960.083592
1444.810637 1692.539015
-90.656506 1479.298017
-395.478685 1845.221368
-521.065755 1215.063238
-1591.301009 848.831703
-631.548272 189.511787
1201.505392 1719.798245
1368.421034 1539.388353
1360.722018 2142.644826
618.140602 1419.007684
-1048.507155 1389.253243
-757.447651 -21.388684
-431.220623 1241.745981
-423.840371 1899.682902
152.398988 1242.455709
1493.416697 1270.404744
-297.948853 1779.793782
-631.810379 1419.949619
618.220929 1388.669313
-604.420005 284.829808
-1007.035200 1539.140528
-680.917280 1422.296175
-1007.606985 278.521936
-1264.556643 1331.717742
-597.618100 1062.621165
-798.613189 1149.934192
1117.841648 1719.833237
-687.774255 254.822278
-14.059608 1392.719831
1285.052037 2290.092419
645.893745 1455.123478
-548.138316 1239.135315
645.893745 1185.055708
-714.038710 728.378388
-848.037347 522.316909
-521.065755 1875.228898
-305.886336 971.891560
-354.357255 884.980408
-62.061685 1515.138538
-138.216159 1422.548243
-181.233469 1422.609321
-48.245881 1389.126910
-90.950383 1419.846060
-1062.312685 824.965348
-478.832935 1245.070768
568.995101 1181.942754
535.219058 1299.151830
1354.960565 1935.243958
326.037204 1839.767403
-923.346002 489.240625
-1091.376677 1298.814626
-1048.574947 1329.988219
75.878945 1299.967036
-89.446684 1479.730650
-840.117823 248.991854
1278.170546 1812.052673
-145.415935 1785.206308
-507.053852 1238.720254
-430.785509 1181.897831
1187.899755 2175.787652
-604.420005 1065.025588
-1472.519732 792.525304
1444.639155 1752.895983
1368.341627 1779.226139
-889.103746 702.110966
-562.187185 1695.183718
-507.439698 1659.378438
1486.376984 2202.428926
-881.346940 1809.516683
1409.242497 1629.522067
194.318718 1482.163482
-714.328510 1359.900524
1485.582877 1301.830598
-882.034054 1238.993831
1242.613944 1060.087120
-1008.054049 970.110388
1576.483885 1869.009578
194.720636 1632.842565
993.126022 1569.031385
-389.123232 1542.250192
1312.727745 1515.138538
-48.315254 1418.613289
479.185245 1275.078298
-687.774255 1155.048178
-562.187185 794.957818
-437.711505 344.844868
-764.872013 161.604563
1312.727745 1935.243958
-312.124435 1665.176188
-1187.899755 1575.153598
-1021.191255 644.920168
701.794935 1629.636104
1410.017810 1509.585049
1577.023459 1448.743143
62.413995 1185.055708
-757.992605 939.356988
1534.948337 1719.022790
1618.903201 1510.182549
-562.187185 1455.123478
1285.283364 1659.089855
1229.373495 1725.191248
1194.928846 1722.526247
-631.414759 578.794308
1319.238404 1902.234972
1278.299015 1872.451127
-131.381158 1058.465670
-1014.285822 1212.529497
-48.175092 -1311.611483
-431.187009 -1428.347696
318.757341 -1578.095498
-48.919147 -1851.865156
-257.588837 969.659752
1325.856914 1808.617845
1285.471283 1809.839328
-548.739071 1238.962205
-597.218824 1362.501984
1450.929129 2200.448543
-395.478685 944.995468
1368.621899 1959.461613
492.441150 1689.749629
361.715293 1662.450826
452.264906 1450.119495
1202.862510 1480.047332
-715.514077 1209.726859
76.839413 -891.768678
1361.057036 1932.401935
1402.867068 1962.807238
1319.075826 1331.818026
-173.989170 548.519314
277.782008 -1428.870477
1361.811771 1992.322967
-354.357255 1725.191248
325.636028 -2241.168246
-757.330587 1089.966524
-674.297816 699.110293
1368.878376 1749.529175
-257.437600 1508.415583
-548.453400 1449.372210
-1138.746691 971.895115
-681.372104 972.193503
-521.065755 884.980408
-437.711505 794.957818
-145.415935 794.957818
-757.826386 9.219377
-174.275663 -1851.256209
1562.993880 2115.772592
-465.334585 1780.175627
-472.261458 1302.338744
-728.895685 1275.078298
-1131.693435 1208.618801
-389.018590 792.151901
-965.953959 -20.867578
-174.040954 -1041.428236
-138.329923 -1458.432619
-55.227096 -858.025443
409.698829 -1792.013668
1312.727745 1785.206308
-174.103315 759.665216
-131.105062 729.369092
1152.609767 1782.589463
1396.081995 1785.206308
1492.795272 1269.501233
-48.227885 -1161.319331
-131.805370 -1371.066331
-48.973578 -1881.443314
-423.809937 1509.749230
-465.573473 1298.970132
-395.478685 1245.070768
-381.559349 1269.542773
118.265419 1299.142061
160.350624 1388.629610
159.306113 1299.171971
118.007144 1270.252110
-673.793952 249.359212
985.568272 1602.768302
944.374141 1632.611750
1021.543565 1545.146068
909.631501 1539.451113
908.851839 1569.622651
826.690397 1929.683024
652.562718 1662.027656
409.463867 1269.642269
-228.770185 614.912638
-548.379106 68.672557
-264.517639 -1488.760313
-264.679145 -1848.340027
-673.721645 1479.993237
-965.427566 1149.173109
-271.003005 674.927698
119.028205 609.238578
76.148874 549.579082
-674.682060 278.586806
-638.384124 101.878378
-854.482755 -135.275612
-47.669801 -1401.633352
-104.294505 -1485.614462
-131.895567 -1461.926764
985.870034 1902.615985
521.418065 1755.198778
-90.645045 1718.555021
1326.120629 1568.847853
575.950704 1509.617890
521.418065 1455.123478
-48.267859 1389.194260
35.897326 699.830874
-937.837005 -135.275612
-131.104757 -830.670093
-380.991283 -1550.816621
535.595853 1778.580028
528.295267 1632.416027
-299.082326 1358.877881
-931.181329 1271.954437
-381.404001 -802.071162
604.772315 -1965.734942
868.406756 1659.263456
826.162298 1449.448488
-638.675930 1362.229743
1396.081995 1335.093358
-1021.191255 1035.018058
-923.928404 1058.838576
-8.109448 639.040287
62.413995 -1515.621992
201.989841 -2241.493616
952.613869 1810.432503
1021.543565 1725.191248
818.902697 1602.478865
-187.648755 1035.018058
-354.357255 824.965348
-590.610471 519.514988
-131.949113 549.581727
-354.357255 -1875.712352
1612.090196 1482.098800
1576.653357 1479.439594
-923.856074 -170.424765
-1014.645595 -108.445483
-437.711505 -1485.614462
-506.781692 -1551.547173
-97.429423 -77.889201
-1048.067129 -110.989514
-347.619983 -1398.740766
492.768177 1359.190550
361.249197 1362.275486
688.126565 2025.266548
1618.488455 1869.737536
944.725834 1602.584855
785.688151 1269.117250
34.368267 -1431.282797
1277.839233 1992.689720
1277.808207 1992.281132
-674.564147 520.074756
-604.420005 554.897578
952.243084 1989.525001
979.310745 1665.176188
-174.462015 878.523848
-347.523504 461.687225
-687.774255 254.822278
-187.648755 164.799688
-437.711505 -975.486452
-173.562543 -1221.720910
-521.065755 -1485.614462
-424.033173 1780.285263
-257.490203 579.023689
-187.648755 584.905108
-228.770185 584.905108
-131.220596 579.765038
1354.608255 2115.772592
819.111943 1962.220636
812.602245 1785.206308
1035.305380 1749.327914
534.839467 1150.084090
-131.807102 1029.269402
-715.298843 939.793826
-604.420005 614.912638
-841.021435 249.155849
369.152129 -1730.966923
576.101352 -1911.689449
-215.140705 788.799769
-271.003005 824.965348
-555.413113 581.938400
-562.187185 554.897578
-521.065755 614.912638
-604.420005 134.792158
979.310745 1605.161128
-757.612301 729.241536
-923.552546 1330.363123
1286.352615 1870.443541
1285.873839 1870.011771
1326.681653 1839.928421
118.352476 1208.946685
-388.761797 1542.643797
-347.866455 1512.694808
-472.122705 1512.653387
1493.863295 2109.328640
34.390504 1808.968600
-437.711505 -1785.689762
645.893745 1575.153598
1409.611544 1449.243296
1035.419279 1419.912492
110.928546 1152.141788
702.115514 1120.263611
-348.262256 1062.681863
-271.003005 764.950288
-854.482755 314.837338
-632.088856 -21.414190
62.413995 -735.426212
-431.289967 -1458.559054
-354.357255 -1965.734942
402.209568 -2178.583441
76.779961 -2241.413708
-590.088637 1148.628860
-471.921598 1151.834029
-548.550961 1178.572042
-548.702178 1178.556219
34.882074 1389.439766
62.413995 1425.115948
-7.121603 1419.780433
-721.949553 1542.656463
-638.995492 1482.564281
-673.963682 1479.232017
1242.796085 1179.483297
1369.253692 1839.423374
1319.805252 1991.996657
1278.232862 1992.762058
-674.330961 488.803402
1354.960565 2025.266548
1062.664995 1905.236428
452.185572 1508.905206
1444.581202 1332.181917
-395.478685 644.920168
-354.357255 464.874988
-222.156502 372.545795
395.830995 -2325.825302
76.926573 1150.138748
-174.746233 -861.354109
285.008794 1508.825226
284.058580 1538.867797
1486.818325 2112.712685
1201.598974 1959.328311
1035.749841 1568.611639
-514.601248 401.903221
-131.010178 -1611.367894
-881.703300 8.013174
1285.828297 2169.885714
-1007.409517 -21.809846
-1014.052952 -48.208532
-889.497735 1392.600999
-854.482755 1365.100888
1152.995309 1721.900226
1062.664995 1725.191248
1118.261519 1719.495987
-673.759263 639.114029
-771.128505 314.837338
-478.832935 1305.085828
-631.501142 549.261132
34.811976 -1431.711904
-854.482755 1125.040648
-215.946217 1148.660941
562.539495 1365.100888
-214.503598 1508.813492
-424.057929 728.693925
1452.255033 1838.848127
159.696304 1539.371453
1451.873083 1509.684661
-841.222916 1239.024665
-798.304662 1209.498001
117.720498 699.818693
-104.294505 644.920168
-257.049714 368.136111
-131.745505 158.722293
-381.369976 -1760.889971
408.832047 -1760.517792
-271.003005 -1935.727412
62.413995 584.905108
62.413995 584.905108
119.025263 579.899297
-104.294505 1395.108418
-62.061685 1395.108418
-55.831816 1392.256326
-14.792608 1362.074379
-55.066164 761.653489
-20.940255 764.950288
534.850992 1719.175413
-757.638251 1179.047842
952.180784 1539.147239
944.351946 1542.740281
-562.187185 884.980408
812.602245 1665.176188
493.165513 1839.527889
535.302917 1869.967748
-382.161961 1269.583684
354.709565 1545.146068
325.303648 1509.741192
688.126565 1515.138538
652.469416 1482.079339
-645.541435 374.852398
534.555800 1869.652371
-97.657540 -1608.111628
-555.687443 641.626102
-20.940255 -1425.599402
-597.785349 1242.391016
