date:2016-09-17, time:1600, wind_speed:5.12, wind_dir:184.0, temp:20.0
-94.935238 -34.655296
-91.267984 -73.680321
-36.536640 103.360482
-141.280247 31.483683
50.975861 -268.729701
-82.871729 -46.683657
3.262402 130.040930
-98.507968 67.429550
-57.360610 127.472418
-90.698614 130.405627
-95.364640 34.281111
-57.336350 82.458985
-121.750310 106.112941
-107.311952 1.355457
54.142493 142.398628
-107.881880 7.285173
112.841352 106.401697
-61.543788 31.385865
-98.960075 121.469476
37.940721 142.285349
-159.193424 85.142336
-130.104594 -28.896552
-167.556116 67.109664
-91.198052 82.350534
-103.777296 103.294923
-85.448275 -16.528314
-15.697140 -286.771167
-15.747331 -286.678904
-82.370901 70.388443
-82.956871 82.376893
-95.477043 67.317722
108.796153 106.351460
110.489782 106.502559
-86.626588 136.512535
109.341171 190.377312
-124.523890 148.389934
-91.210715 121.432310
-40.630308 82.336395
-86.585591 1.412331
46.304910 130.299266
46.247708 136.299792
26.031045 133.443245
134.385387 205.436894
-24.578326 157.387442
-32.378802 139.407189
-49.555871 91.421245
-58.013143 58.285055
92.079519 193.404369
-3.857934 148.407374
-166.650310 76.353173
-78.179923 37.377862
129.547815 169.375524
117.710889 169.434489
108.772126 106.363849
-136.063485 52.457868
-74.570114 40.492097
-91.222752 73.276368
-62.173940 67.312714
-74.625385 73.338928
137.940601 199.307550
-127.670150 151.450234
146.737133 214.469502
143.796250 214.578012
108.783559 145.325536
104.653233 214.376241
-32.930176 163.498308
-94.939983 139.383331
-53.752862 55.317385
-45.433594 55.337218
109.341776 106.443328
58.706096 205.494546
-20.517507 112.400881
-99.509046 97.388881
-87.199620 49.282903
-107.407362 46.403805
144.404902 208.095198
-103.700417 178.297338
-32.835708 154.409524
-144.993195 142.455137
-7.264588 124.443568
-32.870075 88.378813
-103.218975 7.402392
100.049938 154.398292
-97.410371 139.073310
-66.857731 88.227499
-97.895843 64.492017
-103.734225 34.316110
42.070179 130.379982
122.937350 166.517619
-16.734401 100.382701
-178.290156 79.371055
-79.369145 49.372569
-99.548125 40.332754
-96.027679 40.328020
142.684529 172.426130
-140.167841 121.446288
-57.281031 64.405726
-62.176739 154.353661
96.804211 148.426687
112.874472 148.431291
-111.572853 106.409407
-124.598515 22.456432
112.393062 148.323037
-11.555239 151.375267
104.600238 145.464513
-82.369620 46.347810
146.210643 223.355050
-107.812400 163.409244
117.127245 145.394005
59.859680 145.511952
-90.733512 85.488813
-181.768070 82.432405
-90.714668 1.297609
4.523405 148.384326
-36.026414 121.425026
-65.748232 91.302864
-82.366534 25.394244
-111.599472 -1.640583
-45.466721 58.328883
-48.944830 55.364068
-91.123477 52.228751
-3.165070 148.509638
-44.923412 103.467934
-86.583522 19.454807
-119.831294 37.449673
-139.315499 127.016900
-137.164507 127.350953
151.032747 205.437011
-51.411812 127.115203
-93.783700 115.504818
-166.237910 67.341587
-114.566693 67.492770
-172.914668 76.495029
-178.244389 61.423691
-82.917693 106.353584
-82.456513 106.406392
-44.344281 166.507533
92.631511 148.492125
-2.666630 124.503135
-13.465289 118.133558
-178.280797 61.308055
-115.741934 118.397464
30.703737 121.487047
-132.416095 76.292183
-85.448275 19.480722
-94.918652 10.385968
121.798672 178.412739
-94.831944 22.394531
-107.401080 -4.602784
133.909194 112.274619
42.056781 112.358917
117.105102 211.441861
141.640880 181.340572
-66.254802 139.308784
-103.909491 133.372747
-132.978111 136.386251
-140.681562 109.345302
-22.141581 88.178413
-82.366762 31.342475
-32.856922 136.407827
-3.242402 133.361859
134.983316 127.470883
-91.272129 112.426478
-35.964472 109.464647
-154.393184 106.259175
-153.903969 64.335099
-150.089674 58.354706
-73.974260 16.318507
-137.138720 79.336126
-146.025425 82.426328
105.140829 208.434390
87.883836 160.304800
117.610512 157.375988
134.894638 112.512208
-66.174403 64.337315
-65.678448 61.401095
-44.891138 49.313255
-61.587436 40.392366
-53.768390 85.273998
-49.498837 85.313068
-49.653099 91.360268
-107.394572 46.349413
-142.494793 49.175162
108.818891 211.433712
110.489782 106.502559
110.489782 106.502559
117.142535 223.476392
-38.006831 169.201327
126.036887 145.417182
-105.533424 91.061211
-89.560418 76.495029
-128.825445 55.372361
-23.400781 163.448385
-27.100300 169.518372
-16.197287 166.290261
96.776520 199.372621
-47.092185 163.039992
86.573871 163.146348
-78.209200 97.424035
43.806382 112.504065
-53.223683 163.383190
98.700758 160.074656
-16.172912 154.304735
9.322655 148.369067
16.238761 124.255944
-57.865024 58.470529
-36.562966 58.283253
-41.278945 55.365309
-36.553046 58.355448
-57.427045 166.351484
-44.972398 166.450741
-55.029105 171.977371
120.781919 160.255517
-128.300643 88.300942
-178.236184 85.397243
-19.963396 79.400971
92.673969 199.425746
104.585586 193.440447
92.103297 151.296511
-78.808793 139.461879
-54.292845 139.247065
-7.867122 133.457614
42.695681 115.360140
43.806382 112.504065
-149.649802 67.326687
-94.878079 16.348259
108.710545 220.365551
-72.807927 178.010593
8.729577 139.406194
-13.454005 112.139278
91.661352 199.371975
151.102074 187.433650
-23.937626 163.414541
-145.494074 130.326305
138.416261 190.353852
-120.362849 151.365081
-125.169004 139.254166
-107.895337 49.381677
-137.038982 34.428535
-47.883293 127.507830
100.526985 205.479521
108.848527 193.385901
25.539282 142.308230
-90.704468 97.332238
-65.657419 85.315920
-71.569962 61.223899
-63.439680 58.114254
-91.196776 142.415283
126.617632 145.431865
-45.508645 43.261770
-82.954950 28.269882
-25.102949 148.317675
-113.489440 40.174023
-74.103692 34.323429
-110.454550 157.515360
-111.621175 157.470434
134.316331 214.515603
146.341585 214.443294
0.522749 136.417110
29.617619 133.400850
21.803702 121.455767
-82.869434 94.387896
-107.869732 34.291779
94.940157 193.255724
103.371091 190.217078
-78.797553 100.463684
-99.482347 -1.626426
14.576825 127.507830
-120.389855 73.485853
-140.732302 70.466644
-124.058629 34.371779
121.895857 199.455769
122.937350 193.524396
-149.621705 118.403601
-182.889247 40.279964
-37.260592 124.369580
-41.229277 130.419581
-32.959098 130.329578
-78.311772 31.349219
-106.231268 133.509336
-103.819845 133.499786
-53.264092 145.329710
133.803220 208.505312
117.693005 172.450091
101.000889 154.470090
-57.339891 127.491714
-127.722663 112.410565
-128.781782 64.324133
109.965752 106.423211
113.469793 106.299801
-8.458764 160.272561
-75.922600 154.082675
-108.556060 139.329960
-132.818461 142.494158
-120.495084 100.395037
-99.451305 97.271579
150.471539 223.490611
100.940429 217.527094
68.234730 148.459029
38.510533 130.409444
42.758913 112.386129
-28.814627 64.375084
-49.468024 -31.693571
-165.744983 70.344423
-141.830631 70.274913
-153.730243 67.294652
125.411878 232.453314
92.691721 208.534778
129.157385 193.324832
122.937350 163.516866
-55.102799 163.179240
61.539940 145.090606
-120.857163 130.333225
138.468825 124.340695
-90.665237 100.442060
-24.077623 91.383239
-111.555564 79.464920
-112.225001 19.332966
-24.063403 139.376391
37.894704 124.308786
128.277054 211.135320
57.530333 196.135580
-66.160071 85.423732
-116.155881 76.347042
105.743600 145.513851
100.943534 193.515526
117.139504 184.379323
121.133233 187.370185
121.331309 184.349739
104.584791 193.448788
137.936578 187.364365
-111.536197 94.391597
-91.212779 100.422661
-103.857970 94.342127
-57.356616 133.390774
-53.183249 133.418359
134.897571 112.470591
-136.551652 148.416821
121.199560 193.374581
-15.672082 121.384077
-52.106575 145.512348
-44.906037 82.302060
42.756145 118.404400
-35.435725 172.519125
25.469749 139.404039
-103.774685 -4.631615
133.746784 232.352901
-7.956673 115.377183
12.897906 121.445416
17.251565 136.317918
-15.079565 106.449846
-19.853568 109.312681
-80.686630 171.993027
-73.997558 172.397134
-23.449066 118.484031
96.754746 148.445241
0.528445 142.348195
121.868020 217.457634
117.156504 208.487251
-87.167780 61.318970
96.779532 154.383692
101.049280 148.404816
133.828668 172.460867
113.486661 169.414201
125.449904 172.445462
125.462390 235.464132
126.609450 232.551165
-123.494904 148.503272
-136.583748 148.396522
4.568822 139.334047
0.967453 139.419902
-123.967956 151.445521
-124.626039 148.237967
-132.348606 145.331460
118.297268 109.433945
-102.722863 79.414297
-108.401470 76.389517
30.733104 121.513258
46.288143 121.365276
36.651657 136.152717
42.699718 139.367855
-88.886848 24.988304
-90.113702 19.391319
-174.627189 40.321242
-107.983483 160.358263
-116.246030 157.454857
117.620202 211.416486
114.089619 214.574808
142.728136 187.484590
-91.262039 19.417922
-91.336734 22.422519
-65.629767 61.407409
121.342029 190.430488
112.992250 193.460352
-119.967689 40.428719
-113.827877 39.899441
117.695828 145.388362
112.378976 145.282813
-135.996344 55.421663
-113.498984 154.212844
-86.529138 4.353551
-48.949877 -31.614246
-15.650672 118.410173
-19.874534 97.414847
71.224081 157.291125
-44.899408 100.358656
-44.829507 100.451060
-53.198590 85.364583
-111.613212 88.356179
-110.454550 91.498794
-128.764971 70.376535
-37.688250 169.343083
-42.624180 175.078764
-119.836201 130.395375
-90.718299 22.408558
-91.235166 19.326839
125.487372 193.388110
125.431323 193.447408
121.169000 220.449646
117.192765 217.413102
114.053077 217.576899
125.956541 214.573427
92.142717 151.349116
91.596662 151.360443
-128.853368 88.432044
-136.609347 88.407192
-127.125400 88.498041
-52.669280 127.472569
-57.756696 127.401249
-56.832961 127.479859
-23.492613 148.493532
-38.173087 124.280141
-37.671560 121.384550
-37.537771 121.296963
-0.058410 151.398457
-2.094025 145.512348
1.528681 148.527802
-57.345258 85.304438
-62.569515 85.301180
-60.442000 85.497288
-65.685306 85.392362
105.735526 193.447738
100.977527 190.467220
105.139653 193.336251
101.008582 190.452676
-65.692962 43.283977
-72.889568 46.487499
36.560151 136.086664
37.902133 136.384349
42.253484 136.395498
38.390094 136.343637
120.066475 214.181736
116.222436 217.411933
120.061878 214.192640
-99.018630 -28.666345
-91.246009 -25.668675
-11.456169 160.373381
-12.942720 160.283589
-7.783947 160.496564
134.428371 232.515575
132.365897 232.265879
133.311595 229.418346
-57.850916 85.397556
-61.576678 88.348247
-57.960283 88.345220
-45.436964 130.315543
-43.771150 130.508583
-44.927070 133.435171
129.659597 205.430487
71.159640 163.461825
75.957610 163.433576
-36.556538 148.453651
-86.644267 133.408667
25.500671 133.324113
-85.995572 130.465867
135.496057 124.507077
109.976564 106.476475
-32.907598 67.359088
-95.441230 55.374408
155.188592 235.485456
155.770951 229.494647
134.369890 157.476915
21.727051 145.399856
-99.074981 133.438047
-111.614078 130.396551
18.246059 130.431919
-24.484006 79.465865
-90.083791 22.420290
-48.494835 55.417156
-52.106575 55.489758
-40.651564 55.377846
-49.594412 55.379185
151.637595 154.476473
-96.011736 187.425296
-90.106805 157.481571
-86.051218 145.501464
-12.584695 130.314976
-104.878948 127.312042
-73.476950 124.486576
-123.451456 121.467424
-13.253043 112.246927
-85.973315 34.477142
-115.146629 31.444633
-95.958095 121.234356
-95.462651 121.374376
-94.988235 121.457244
-104.288606 121.282996
-99.598394 118.281274
112.346400 232.394533
72.945138 223.580271
89.615988 211.577259
-46.353221 172.297581
-12.556674 154.300754
-77.700603 136.447308
-52.723907 133.436949
-47.883293 127.507830
-118.789975 124.507077
-2.094025 118.505571
-89.560418 109.503312
-86.045493 106.502258
-118.789975 100.501053
-79.352302 91.274916
-157.912465 88.416486
-125.900306 52.057899
-77.112850 28.482981
-91.189937 10.424024
131.272775 199.525902
-4.230263 175.309833
154.118406 169.282642
-31.212443 166.517619
-68.777425 160.516113
-112.227103 139.418193
-154.317506 136.381235
-141.844005 124.285205
-39.547868 76.495029
-93.783700 73.494276
133.272258 172.303500
133.877647 172.325724
-90.677760 1.364701
-86.645309 4.484878
-85.448275 22.481475
112.399819 106.215553
111.824802 106.203791
110.489782 106.502559
100.546025 190.415060
100.536407 193.370574
104.053794 193.401839
-25.359166 91.188637
-21.008063 94.394395
-132.919086 64.431349
-132.846442 61.349047
117.161638 154.320105
122.373554 157.502144
117.708857 196.404582
-69.877738 178.364141
-71.969129 178.093716
-52.720294 82.487681
-56.770486 85.445320
-113.787019 115.125321
-114.566693 118.505571
-52.106575 82.496535
-86.663136 13.349390
119.473251 168.992548
120.377470 169.262259
-136.641740 139.332912
120.795003 211.410848
121.327312 214.435676
-66.222772 46.314317
-65.115016 46.417267
98.867530 160.388928
101.258375 159.762600
101.576078 160.514635
117.650947 205.519683
113.654121 208.316570
134.335537 124.453835
-47.638502 99.923777
