date:2016-06-01, time:1400, wind_speed:0.71, wind_dir:45.0, temp:22.7
4.961360800964687456e+01 -2.659317002752455323e+02
7.777008336928695087e+01 1.282927739752004186e+02
1.104897815314207463e+02 1.245070767674780967e+02
1.196161972760147023e+02 1.430637595374952014e+02
1.151209392055418874e+02 1.281274163538426478e+02
1.108480637335406271e+02 1.278999238937211089e+02
1.152058392225128358e+02 1.252130284795970425e+02
7.840397898658157771e+01 1.295832669036258551e+02
7.765609925057458440e+01 1.282224673542760627e+02
1.113291258748345172e+02 1.251996120992580188e+02
1.114127619853915832e+02 1.344206441532151644e+02
9.811547441274461789e+01 1.309690548330612501e+02
9.871975923422560584e+01 1.160396388751685777e+02
9.873482322278614731e+01 1.370385231420067669e+02
9.852692045763517115e+01 1.161926712196146383e+02
9.862166097293052758e+01 1.239063178717427434e+02
8.623426290180624676e+01 1.236048228326713172e+02
6.561527005833212911e+01 1.104986424379028023e+02
9.383964377464569395e+01 1.187219603636159775e+02
6.101301461574423257e+01 1.161970930478210136e+02
9.430084346019526720e+01 1.278751539398615336e+02
6.998661173603899499e+01 1.134856172477076370e+02
8.628496798698886039e+01 1.101105909683574708e+02
7.790017104275865734e+01 1.432105874221694251e+02
8.989522644540259932e+01 1.189574424899383303e+02
7.435231610821293202e+01 1.209133218968962211e+02
9.033286362635074340e+01 1.132407352922430306e+02
7.426578995319360388e+01 1.241302940998014179e+02
1.064363359140887724e+02 1.425132095216990820e+02
9.501691824473319059e+01 1.373403450978507578e+02
8.639685191116335261e+01 1.497655222444367666e+02
1.027226762936979299e+02 1.463709470082536086e+02
9.451328272626702187e+01 1.432763429010028062e+02
8.187411883343210661e+01 1.190514658466770470e+02
9.871900600191487740e+01 1.612447590640695125e+02
9.504143455060932411e+01 1.164481289731158995e+02
1.022856861424830583e+02 2.238197332774333006e+02
9.378370046834797336e+01 2.115772592325125174e+02
1.028795154515220531e+02 2.179776950013964836e+02
9.453650102580557757e+01 2.031105640540786226e+02
1.062664995313437259e+02 1.215063237674732335e+02
9.440245911566114501e+01 2.060724139714143064e+02
7.360921285489138199e+01 2.152419029823441292e+02
9.438929601633658706e+01 1.089819801282748131e+02
9.069334403744734630e+01 1.135165754398410769e+02
7.402471421726012579e+01 1.105332887430435136e+02
7.769505092137465851e+01 1.071457066683471595e+02
9.086590638900709394e+01 2.022479977109544222e+02
9.858805253181161277e+01 1.281504647397127599e+02
8.236440741493164808e+01 1.135786394811508728e+02
1.028664209285691271e+02 2.124336648792262565e+02
1.282570589213374035e+02 2.109432183197431812e+02
1.115740913223371962e+02 2.156242181692064719e+02
9.853958226642804163e+01 2.030342816741872696e+02
1.115354184031368021e+02 2.096446813833829879e+02
1.067578586293657850e+02 2.137140136815421272e+02
1.112518620340622988e+02 2.123200749373236818e+02
1.153721556607039673e+02 2.181332462936883303e+02
9.098402691183972024e+01 1.598477110036416207e+02
9.877001651269114291e+01 1.615396650947767796e+02
1.071442085077908359e+02 1.311116444725751080e+02
1.069470873839806160e+02 1.431405360542736389e+02
1.194040212351298891e+02 1.400945873922847511e+02
1.196736693125618700e+02 2.121169167163162115e+02
6.987293444351462313e+01 1.915447941301537753e+02
9.443223280795709229e+01 2.061819863291264880e+02
1.234717396122991317e+02 2.152707487508778854e+02
1.197081800742687534e+02 2.107663169813894797e+02
1.104545504684275699e+02 2.085765062325076826e+02
8.195598479189621344e+01 1.084782123077367544e+02
8.615093177903864330e+01 1.069229094219295746e+02
8.126022453130329382e+01 1.095033117675327929e+02
9.829530950001104372e+01 2.299287377247412678e+02
4.463492527555916922e+01 -2.738358720250018337e+02
4.439510924188746088e+01 -2.678624769728396586e+02
1.195382127182633241e+02 1.972474141010395101e+02
1.278128802276987273e+02 2.001992409338305947e+02
1.280511066728644209e+02 2.210714468356164559e+02
1.237682830442466013e+02 2.120766037692084751e+02
1.240331935670820513e+02 2.183537599146163757e+02
1.277962134568060151e+02 2.182362330913760786e+02
1.115969932368050763e+02 1.373525010239061146e+02
1.021191254684667342e+02 2.085765062325076826e+02
1.026470112034161559e+02 2.210502278460483012e+02
1.112793030050460317e+02 1.222771479333622011e+02
