6.047723153133988490e+02,1.095033117674538289e+03
9.698047407799890607e+02,1.090978879284954928e+03
5.214180653137905210e+02,1.155048177674635326e+03
1.380795472290551231e+02,-1.399572424003049946e+03
-1.042945046858172304e+02,-1.845704822325478290e+03
1.054505109164453870e+03,1.059706567823326623e+03
6.799858301453216427e+02,1.091249915449778655e+03
-4.377115046858298797e+02,-1.425599402325588699e+03
4.280721703600472665e+02,-2.781596517518188193e+03
-1.539853249863727456e+02,5.192274600197240488e+02
7.208219585579306568e+02,1.088697801867883300e+03
2.208252095395497463e+02,-1.399890585526593441e+03
6.458937453138163391e+02,1.095033117674538289e+03
7.714808153141948424e+02,1.095033117674538289e+03
-1.876487546854255584e+02,-1.785689762325381253e+03
7.292479953134246671e+02,1.095033117674538289e+03
2.626069213437710914e+02,-6.814092331958676141e+02
1.014547130025371985e+03,1.062055168281535998e+03
4.278861527547850869e+02,-2.810403570900615705e+03
7.226248398810681692e+02,1.070603803871679247e+03
9.793107453138289884e+02,1.125040647674586808e+03
1.053908601636316916e+03,1.086851385478068551e+03
9.701072753229527734e+02,1.089226711673890350e+03
9.793107453138289884e+02,1.125040647674586808e+03
9.793107453138289884e+02,1.095033117674538289e+03
6.790025015242069912e+02,1.150165846824633491e+03
7.583030959326263201e+02,1.086068553954390609e+03
1.176015786999748514e+01,6.416932662844610604e+02
7.292479953134246671e+02,1.095033117674538289e+03
-3.620945443567519533e+02,-1.160511596223698916e+03
-3.543572546862215518e+02,-1.155531632325152032e+03
4.791852453145997401e+02,-2.775938252325403027e+03
3.958309953134120178e+02,-2.805945782325451546e+03
3.867673261983424027e+02,-2.810955295867317091e+03
7.637388555838800812e+02,1.120947109639002065e+03
8.548350653138031703e+02,1.155048177674635326e+03
9.724166411242861159e+02,1.058602391490335549e+03
8.126022453146123325e+02,1.155048177674635326e+03
7.197575732113775757e+02,1.092104223616988065e+03
1.021543565314599164e+03,1.095033117674538289e+03
1.062664995313437203e+03,1.095033117674538289e+03
3.958309953134120178e+02,-2.775938252325403027e+03
5.214180653137905210e+02,-2.745930722325354509e+03
-6.206168468662637849e+01,6.449201676746002931e+02
5.953104654655105605e+02,1.117398771461186016e+03
5.109600610615854066e+02,1.118357807592285326e+03
4.791852453145997401e+02,1.185055707674683845e+03
5.099315418738041217e+02,1.115383116828014181e+03
5.214180653137905210e+02,1.185055707674683845e+03
3.547095653145739789e+02,-2.775938252325403027e+03
5.214180653137905210e+02,-2.745930722325354509e+03
5.134530696347493404e+02,-2.781342088474384127e+03
9.716214215520997186e+02,1.090984714407697766e+03
9.718152745019302756e+02,1.061164403499535410e+03
8.487963581074807280e+02,1.070971661642153549e+03
1.021543565314599164e+03,1.095033117674538289e+03
6.881265653145866281e+02,1.095033117674538289e+03
7.292479953134246671e+02,1.095033117674538289e+03
9.714305887530699692e+02,1.087760924678436822e+03
1.021543565314599164e+03,1.065025587674489771e+03
6.369870979284976329e+02,1.088890653399074154e+03
7.292479953134246671e+02,1.125040647674586808e+03
7.227388312208646539e+02,1.088307567557441189e+03
7.292479953134246671e+02,1.095033117674538289e+03
2.129256531456131540e+01,6.149126376745517746e+02
-6.206168468662637849e+01,5.849051076745032560e+02
6.364746406214009085e+02,1.089174988635221325e+03
6.881265653145866281e+02,1.125040647674586808e+03
1.014502208608779029e+03,1.060642507162606535e+03
1.055222451167681811e+03,1.089458125929662856e+03
1.007963138802428148e+03,1.056656064850299344e+03
1.062664995313437203e+03,1.125040647674586808e+03
5.625394953142080112e+02,1.125040647674586808e+03
5.509885754333192835e+02,1.115545838975172273e+03
9.381893153134114982e+02,1.125040647674586808e+03
2.181030289045384336e+02,-1.374877611187506318e+03
9.706766880928768160e+02,1.059216322616660818e+03
9.717377006082963362e+02,1.100119080908803198e+03
7.292479953134246671e+02,1.095033117674538289e+03
7.714808153141948424e+02,1.125040647674586808e+03
8.548350653138031703e+02,1.125040647674586808e+03
9.718695588396037692e+02,1.091639369911247741e+03
3.958309953134120178e+02,-2.775938252325403027e+03
4.693764880322095792e+02,-2.809621177329586317e+03
7.200548146117016586e+02,1.086816990724362995e+03
9.793107453138289884e+02,1.125040647674586808e+03
9.670880337697082041e+02,1.085156477783000810e+03
7.616846403693456296e+02,1.092340264374029175e+03
-2.094025468620891672e+01,6.749276976746488117e+02
1.402272578066630331e+02,-1.400719777380131973e+03
9.793107453138289884e+02,1.065025587674489771e+03
9.793107453138289884e+02,1.125040647674586808e+03
7.292479953134246671e+02,1.065025587674489771e+03
7.641829628303077016e+02,1.090507799422470498e+03
4.791852453145997401e+02,-2.745930722325354509e+03
5.625394953142080112e+02,-2.775938252325403027e+03
5.214180653137905210e+02,-2.685915662325257472e+03
5.150342799837446819e+02,-2.781526920340232209e+03
7.197477867573898038e+02,1.122000734121908408e+03
7.640473501280188202e+02,1.089594508233116812e+03
1.054663042321340754e+03,1.088348784697334168e+03
7.292479953134246671e+02,1.065025587674489771e+03
1.054868388700307605e+03,1.069991247538944663e+03
9.717789603851366564e+02,1.060015934386696927e+03
-2.094025468620891672e+01,6.449201676746002931e+02
1.329234701099727545e+01,5.797273826885598282e+02
7.196744742731325459e+02,1.087934373143458970e+03
8.047975327680251212e+02,1.060145706823781211e+03
7.646657995443797518e+02,1.057569213555869965e+03
7.292479953134246671e+02,1.155048177674635326e+03
7.221489134512186183e+02,1.119006598214411270e+03
9.793107453138289884e+02,1.095033117674538289e+03
9.793107453138289884e+02,1.095033117674538289e+03
6.047723153133988490e+02,1.185055707674683845e+03
6.881265653145866281e+02,1.125040647674586808e+03
6.785280044902800682e+02,1.089369335565422261e+03
9.793107453138289884e+02,1.095033117674538289e+03
9.715902994502325782e+02,1.089394586771585409e+03
9.708782879893668678e+02,1.090134363103512442e+03
9.715846972560584618e+02,1.088380595961743666e+03
1.021543565314599164e+03,1.125040647674586808e+03
9.711364943182990146e+02,1.090065493445715902e+03
6.047723153133988490e+02,1.095033117674538289e+03
5.964234992658043666e+02,1.118089318139310535e+03
7.637512228477452254e+02,1.088882992265667781e+03
6.811210209138328082e+02,1.088836061181766127e+03
7.198658921598682809e+02,1.088778463977286265e+03
3.958309953134120178e+02,-2.775938252325403027e+03
8.548350653138031703e+02,1.125040647674586808e+03
8.126022453146123325e+02,1.155048177674635326e+03
-1.042945046858172304e+02,-1.905719882325575327e+03
2.129256531456131540e+01,6.149126376745517746e+02
-6.206168468662637849e+01,6.149126376745517746e+02
6.881265653145866281e+02,1.125040647674586808e+03
7.208973477454987915e+02,1.087537501426994822e+03
6.881265653145866281e+02,1.125040647674586808e+03
7.177584571509670468e+02,1.091516513946397481e+03
1.053605907896569079e+03,1.061151412513166179e+03
3.547095653145739789e+02,-2.835953312325500065e+03
3.886576901763028786e+02,-2.808774938536341779e+03
8.058469811470371269e+02,1.120329357429756556e+03
7.204921399522456795e+02,1.089537282260369466e+03
8.361239995682916515e+02,1.127223516646484313e+03
8.023745055641534236e+02,1.122006801637020317e+03
3.870653226861172698e+02,-2.784272282864857061e+03
6.881265653145866281e+02,1.125040647674586808e+03
6.881265653145866281e+02,1.125040647674586808e+03
6.241399531339939699e+01,6.149126376745517746e+02
1.223868448082234295e+01,6.076077135435378977e+02
7.714808153141948424e+02,1.095033117674538289e+03
8.056662080047584595e+02,1.131235484226111112e+03
7.102889158447970885e+02,1.096042904929278848e+03
5.214180653137905210e+02,1.095033117674538289e+03
