date:2016-05-16, time:1800, wind_speed:5.64, wind_dir:297.0, temp:8.5
5.265103490009035880e+01 -2.847647275024565374e+02
8.605768907162402570e+01 1.504956907982876828e+02
1.069043562230796311e+02 1.564813161624689144e+02
1.104897815314207463e+02 1.575153597674524804e+02
1.194806876330207928e+02 1.445010607770993829e+02
1.068279976533355011e+02 1.474492236482911096e+02
1.188252065313815820e+02 1.485131007674379475e+02
1.229373495314233224e+02 1.365100887674975070e+02
9.842952377502196271e+01 1.534958168112096644e+02
9.448823055706907326e+01 1.443943130118076681e+02
1.200698262672575964e+02 1.520122948660603015e+02
1.069054837002643126e+02 1.534269811203530764e+02
1.111491730435120076e+02 1.473854142395487656e+02
1.069166367878173247e+02 1.473364458288112075e+02
1.068140773963087184e+02 1.562922279118051847e+02
1.360949836842515026e+02 1.503072016993156410e+02
9.852337266924038772e+01 1.414222039672158928e+02
1.021543565314599249e+02 1.425115947674282211e+02
9.916320583855811321e+01 1.550964074585030232e+02
7.292479953134245818e+01 1.245070767674780967e+02
9.070119298948154096e+01 1.369939744328401616e+02
8.596992016646217394e+01 1.354344283041609174e+02
9.024740640184037943e+01 1.353306084614484348e+02
8.605424173086119310e+01 1.263702077319961745e+02
9.441202185202547525e+01 1.412882813441819962e+02
7.765981916092719928e+01 1.594343349123406313e+02
9.437350995126642772e+01 1.383817980899100348e+02
8.959564953142206889e+01 1.305085827674877805e+02
9.494048121311891464e+01 1.281234222246325203e+02
8.638941357855014758e+01 1.308277434159370500e+02
1.146019245313045616e+02 1.725191247674767396e+02
1.026966392222286686e+02 1.773690517923677703e+02
1.032720765689714710e+02 1.698823483738246978e+02
1.073779478176165583e+02 1.730061496447214608e+02
1.027942173663064835e+02 1.653060471325489118e+02
8.613116462609534096e+01 1.384488572918845080e+02
1.021543565314599249e+02 1.755198777674816029e+02
