3.000393234256654296e+01,-2.927869269056744542e+03
3.855298388538183474e+01,-2.956261345127625191e+03
8.384803715917491900e+02,1.065273901568285737e+03
9.885724605430881411e+02,1.094641509323869514e+03
1.408539322588044570e+03,1.153034694392290703e+03
-3.397591140567672596e+02,-1.998728442662364841e+03
2.129256531456131540e+01,-2.955983432324904243e+03
8.594473668712206518e+02,1.064878947768987246e+03
8.443171427715736854e+02,1.064030581259241899e+03
1.188252065313815820e+03,1.065025587674489771e+03
8.126022453146123325e+02,1.065025587674489771e+03
-3.225930075702031559e+02,-1.815050201934499000e+03
3.807634937470019167e+02,-2.867708397772167700e+03
8.290908638901009908e+02,1.030773872608134980e+03
8.459890718764246458e+02,1.065671113671187186e+03
9.093660295487100029e+02,1.064067629112635132e+03
8.126022453146123325e+02,1.035018057674441252e+03
8.224737009783575559e+02,1.033654893199585558e+03
-8.059450883886879069e+01,-1.938672988179658205e+03
3.733749912924249088e+02,-2.897965914769773462e+03
3.547095653145739789e+02,-2.895968372325597102e+03
-4.569593378393321359e+00,-2.988296713043502677e+03
7.527338397716371219e+02,1.032847997145730915e+03
8.761161153816706246e+02,1.062730768440027987e+03
8.126022453146123325e+02,1.035018057674441252e+03
8.126022453146123325e+02,1.035018057674441252e+03
1.034947389094720393e+03,1.091040052088503217e+03
1.201517550293008298e+03,1.091827802678624721e+03
9.550050084052259081e+02,1.062404795854096619e+03
1.119052163398211633e+03,1.092042189488980966e+03
1.078203330738864224e+03,1.064993073031536824e+03
8.263572434380139384e+02,1.034150988622340947e+03
9.552524991181740006e+02,1.065732754495623794e+03
4.243264721673763518e+01,-2.956203797065559684e+03
1.110164065998967772e+03,1.064355419474309883e+03
2.005367256316230851e+02,1.182849127810836762e+03
3.686590375564522901e+02,-2.898343345243290514e+03
1.248714962429316984e+03,1.064020919903220374e+03
8.126022453146123325e+02,1.035018057674441252e+03
3.547095653145739789e+02,-2.895968372325597102e+03
9.714967382491167882e+02,1.066595787586971710e+03
8.336649084056535912e+02,1.064179976308975483e+03
8.293464659948444933e+02,1.032975660126318189e+03
8.126022453146123325e+02,1.035018057674441252e+03
8.283704716488798567e+02,1.034739225828023564e+03
8.261791928249757575e+02,1.032487245232547593e+03
8.126022453146123325e+02,1.035018057674441252e+03
8.240791847724123045e+02,1.064847616877008704e+03
8.381883621646700249e+02,1.064801984660364724e+03
8.299208139819536427e+02,1.030771464914909075e+03
8.295636544211142791e+02,1.031321662996076611e+03
8.660058751534440944e+02,1.063658923124156672e+03
8.710581744084756792e+02,1.092951658468526830e+03
8.221503635108706476e+02,1.035264864108290567e+03
2.073167842517715656e+02,1.183619316256381126e+03
8.326811137631460724e+02,1.033607740163807648e+03
8.126022453146123325e+02,1.035018057674441252e+03
8.126022453146123325e+02,1.035018057674441252e+03
8.445689544791746357e+02,1.066135635455967986e+03
8.126022453146123325e+02,1.035018057674441252e+03
2.004146149115262574e+02,1.183766780063718443e+03
8.126022453146123325e+02,1.035018057674441252e+03
1.006972887541599903e+03,1.063960236135003015e+03
3.651469104132337975e+02,-2.896796552467675610e+03
8.126022453146123325e+02,1.035018057674441252e+03
8.126022453146123325e+02,1.035018057674441252e+03
1.085130349001346531e+03,1.032572628663677733e+03
8.180092489492437835e+02,1.034631383843661297e+03
9.166366121732418151e+02,1.064163770661659555e+03
1.071193137947422201e+03,1.063705956623756038e+03
8.454698635434854168e+02,1.066715181764468525e+03
9.183062977795996176e+02,1.094186281439676122e+03
8.298221521930714744e+02,1.033984177376973776e+03
9.507124968663093796e+02,1.062235931216280505e+03
8.412674019560924989e+02,1.065244768071903081e+03
1.229373495314233423e+03,1.065025587674489771e+03
1.280571758414294436e+03,1.094515316058412054e+03
7.894930683147677541e+00,-2.958595740664166442e+03
8.333786165954317084e+02,1.064151595374614317e+03
1.229373495314233423e+03,1.065025587674489771e+03
2.730269441038336709e+01,-2.956025566139424427e+03
1.118470081047365056e+03,1.033901257431464273e+03
1.094827488607051009e+03,1.066038457332880398e+03
8.174397969901592660e+02,1.124677557522210691e+03
4.225035487339988549e+01,-2.956342231920442373e+03
8.401549228815000561e+02,1.065910931310614842e+03
1.211832896824937507e+02,9.118789334658414418e+02
8.455117259233580853e+02,1.066077406712631500e+03
1.062664995313437203e+03,1.065025587674489771e+03
8.291877283001132355e+02,1.032207067769218838e+03
8.259081041331259030e+02,1.063343622630439995e+03
8.323670105588507795e+02,1.036542437563812655e+03
3.644586914398362296e+02,-2.896093321737557289e+03
1.959411897981628954e+02,1.184001564510690741e+03
1.139022580666228350e+02,8.850001795532792812e+02
9.152220437071488277e+02,1.093972672116330159e+03
8.274489429739653588e+02,1.064778063053828646e+03
8.126022453146123325e+02,1.035018057674441252e+03
8.295438644478647348e+02,1.032986201467175306e+03
8.126022453146123325e+02,1.035018057674441252e+03
8.334221528340090117e+02,1.035557278240485630e+03
2.026729671467723506e+02,1.184587623632648729e+03
8.611852283878916978e+02,1.063923778379899431e+03
1.121707920427848649e+03,1.033390914401132704e+03
8.425417071133379068e+02,1.064401365612507334e+03
7.714808153141948424e+02,1.065025587674489771e+03
8.126022453146123325e+02,1.035018057674441252e+03
1.104897815314207492e+03,1.035018057674441252e+03
8.126022453146123325e+02,1.065025587674489771e+03
8.126022453146123325e+02,1.035018057674441252e+03
8.302188438657224197e+02,1.034167492569560636e+03
9.130154541743361278e+02,1.063224183562220333e+03
8.384790620960525303e+02,1.064553134685450459e+03
7.420270069972386864e+02,1.093983534207190814e+03
9.167087299558920677e+02,1.094118369916026040e+03
1.284328231015376787e+03,1.123919414096434139e+03
1.979550174738326405e+02,1.185215201393438292e+03
8.225229792541684901e+02,1.033036431288748190e+03
8.218845171703728738e+02,1.062987792792419441e+03
5.879480972122307776e+02,1.095377766983907122e+03
9.093902469273522229e+02,1.094503235140912011e+03
1.104897815314207492e+03,1.035018057674441252e+03
1.118614662252121661e+03,1.063132273213767803e+03
1.044606986666079820e+03,1.034763204792120177e+03
8.126022453146123325e+02,1.035018057674441252e+03
8.296879425947631717e+02,1.035992144020168780e+03
1.123705830737308588e+03,1.033144166236146475e+03
8.320711134179604187e+02,1.034729899101598676e+03
8.126022453146123325e+02,1.035018057674441252e+03
9.104537033346018688e+02,1.064214373794219000e+03
1.021543565314599164e+03,1.095033117674538289e+03
8.864190010983081720e+02,1.066100334520247770e+03
8.301231630400600352e+02,1.032387100889754265e+03
2.033379942457150378e+02,1.186017872443419037e+03
8.293869191790671493e+02,1.033978595427294749e+03
8.322201715306226788e+02,1.032909841395914327e+03
9.541941408364372137e+02,1.092198269915250421e+03
9.977168077887934032e+02,1.062903419160119938e+03
7.976365323134207301e+02,1.096157470928923658e+03
8.205287085110437602e+02,1.033748965388627312e+03
8.182225394273187931e+02,1.036086957471556843e+03
8.900313037873445410e+02,1.062012291413652747e+03
8.425908272189617492e+02,1.065093134625074526e+03
1.080115098341227167e+03,1.034681720233911847e+03
8.126022453146123325e+02,1.035018057674441252e+03
8.237732669080718324e+02,1.033920848319893366e+03
8.126022453146123325e+02,1.035018057674441252e+03
8.126022453146123325e+02,1.035018057674441252e+03
8.756097407335726075e+02,1.064374533759499172e+03
1.117503056388402911e+03,1.061880243325843367e+03
8.220524525403744747e+02,1.034472680782368343e+03
8.126022453146123325e+02,1.035018057674441252e+03
8.219303223907426172e+02,1.033949707392652044e+03
1.104897815314207492e+03,1.035018057674441252e+03
8.328474756361566733e+02,1.033663917921670190e+03
6.311807203298435525e+02,1.094317237231310401e+03
8.269334033295525614e+02,1.031745125521335240e+03
8.295024153459837635e+02,1.035580126182794629e+03
8.727635565781820333e+02,1.063189511324841533e+03
9.970958705627776908e+02,1.064876315636361142e+03
9.381893153134114982e+02,1.065025587674489771e+03
8.126022453146123325e+02,1.035018057674441252e+03
1.234808847687560728e+03,1.064621476586251674e+03
8.280495676603693482e+02,1.032507284818148491e+03
8.321199977616075785e+02,1.033018226832362416e+03
7.885092423420956038e+02,1.034284280382808902e+03
8.126022453146123325e+02,1.035018057674441252e+03
8.427863129304452059e+02,1.064834125723836678e+03
8.310975342159476895e+02,1.032431683613795030e+03
8.676953827565640722e+02,1.061738137215941151e+03
8.341056320843210869e+02,1.034766303104077224e+03
8.319044501186627940e+02,1.032789181660287795e+03
8.390432892143728623e+02,1.064071600535964990e+03
8.767627698557741951e+02,1.062280599528512539e+03
8.126022453146123325e+02,1.035018057674441252e+03
2.946805465550041845e+02,1.211872284011244346e+03
2.796735225829429510e+02,1.244783226405051664e+03
2.048318848908583618e+02,1.182890393689612438e+03
8.689525488654410310e+02,1.124080102702372642e+03
8.379064215357943795e+02,1.096495277668415838e+03
8.344251446594230401e+02,1.124626780807872592e+03
9.793107453138289884e+02,1.095033117674538289e+03
9.159302279413054748e+02,1.093792384853780959e+03
1.037655201313786165e+03,1.090724711416934269e+03
9.296542339774165384e+02,1.065265395790254843e+03
8.321561802023165910e+02,1.033232522704376834e+03
8.258907037478775237e+02,1.061886838906719049e+03
8.637378410712979075e+02,1.063920193821006933e+03
9.129993578343433001e+02,1.064575790951811314e+03
8.126022453146123325e+02,1.035018057674441252e+03
8.321871871152488893e+02,1.033755042218133894e+03
8.126022453146123325e+02,1.035018057674441252e+03
9.234038953355582180e+02,1.095187562065099883e+03
9.584989731785919957e+02,1.064165636249221507e+03
9.290649903077642193e+02,1.097376220015778927e+03
8.331260904204589224e+02,1.035200348221234208e+03
8.238456670223029050e+02,1.034201464498710948e+03
8.469258954869777654e+02,1.063413530193716952e+03
1.136116932373164218e+03,1.064755125417729460e+03
1.210679800808088203e+03,1.063827863505887763e+03
1.188252065313815820e+03,1.065025587674489771e+03
1.115768917946214742e+03,1.032723543058193854e+03
1.928397764644361700e+02,1.184405213810274745e+03
2.132326347256651218e+02,1.215100993389739870e+03
1.924282168573723766e+02,1.184767125272800286e+03
1.880010653137779286e+02,1.185055707674683845e+03
1.120403070373755781e+03,1.091280359451082177e+03
1.005535182548851026e+03,1.062904946712151741e+03
1.042286406501033071e+03,1.035017867804514481e+03
1.007062835101906217e+03,1.036844097379697587e+03
8.959564953142206605e+02,1.065025587674489771e+03
8.126022453146123325e+02,1.035018057674441252e+03
8.264226080879286656e+02,1.032689698838514914e+03
8.270181886446695216e+02,1.122801036820233776e+03
4.380638153141822499e+02,-2.865960842325548583e+03
3.835632680652808517e+02,-2.866432831371659631e+03
3.868858535811974093e+02,-2.864388054768421625e+03
1.246784047151298864e+03,1.061666307077116926e+03
1.234462736530744678e+03,1.065577102774731657e+03
1.256018252505955161e+03,1.123478059155301708e+03
1.247899425225597042e+03,1.062847833717207095e+03
8.466992400553147036e+02,1.065095611231395878e+03
8.126022453146123325e+02,1.035018057674441252e+03
8.126022453146123325e+02,1.035018057674441252e+03
8.181418223144214608e+02,1.034368295367087285e+03
2.157474086012931309e+02,1.245641963149553703e+03
1.021543565314599164e+03,1.065025587674489771e+03
7.535921201139613004e+02,1.034951564574759686e+03
-4.297902419919140016e+00,4.923015742366576433e+02
4.467446415754191094e+02,1.212493360828408186e+03
8.388172440394183695e+02,1.064314668312376853e+03
9.703432615021426955e+02,1.067514735427528194e+03
8.188382987201616743e+02,1.034264716951114451e+03
1.091490047437982014e+02,8.241574148377058009e+02
2.477061865639657015e+02,-8.264010287574809581e+02
8.126022453146123325e+02,1.035018057674441252e+03
8.800781819153485230e+02,1.093900414556954274e+03
8.267141393387050812e+02,1.033722138977373561e+03
8.213829769070910061e+02,1.033577488019291195e+03
8.126022453146123325e+02,1.035018057674441252e+03
8.126022453146123325e+02,1.035018057674441252e+03
8.447676846355561793e+02,1.067548623399986809e+03
8.276539907363622888e+02,1.033705899055138843e+03
4.380638153141822499e+02,1.245070767674780882e+03
8.033545669483346501e+02,1.066967466435628012e+03
1.238704753480004968e+02,5.828658401151756152e+02
9.971485449908501550e+02,-2.148077982360042824e+03
-1.015864034029048298e+03,-2.476240401174523413e+03
6.645602476582140525e+02,-2.777268672834461995e+03
2.638262913339368083e+02,1.242962316750109494e+03
2.943259341284979769e+02,1.244601167414346037e+03
2.422400293120189190e+02,1.244372616762790130e+03
2.415550281962333656e+02,1.213486626847243770e+03
8.126022453146123325e+02,1.035018057674441252e+03
8.126022453146123325e+02,1.035018057674441252e+03
8.126022453146123325e+02,1.035018057674441252e+03
8.637248444828671836e+02,1.064574160711638797e+03
4.312824858710403078e+02,1.965378264535805101e+03
9.468288220830227147e+02,1.093599818785291973e+03
1.281461703696192671e+03,1.093467578304495873e+03
1.046468153141696291e+02,8.849804076749884416e+02
4.124381000688854897e+02,-6.465158083054424196e+02
8.270680886782355401e+02,1.031460973733355104e+03
8.339942517158253850e+02,1.064028967682319944e+03
8.819151577796579886e+02,1.064004384365238138e+03
8.126022453146123325e+02,1.035018057674441252e+03
8.180099474522406808e+02,1.036033789700393754e+03
9.038674973942098632e+02,1.063956734847351299e+03
4.592851159530367795e+02,1.965347431913793343e+03
1.880010653137779286e+02,1.185055707674683845e+03
5.853474274376674202e+02,1.122259225120693600e+03
5.625394953142080112e+02,-5.253735023249229243e+02
5.391672763355315965e+02,-5.557468846277089369e+02
8.260981583324720532e+02,1.064925520568125648e+03
8.241394908065889240e+02,1.063412520480172816e+03
8.730912864788462002e+02,1.062711027743439899e+03
8.469286706143166157e+02,1.067412714295419164e+03
8.126022453146123325e+02,1.035018057674441252e+03
8.256462746065548117e+02,1.031550659319501619e+03
9.595658017030953033e+02,1.063613685546449233e+03
8.126022453146123325e+02,1.035018057674441252e+03
8.306470618004705102e+02,1.032164263980836040e+03
1.246070746786695281e+03,1.063149041272048862e+03
1.275873438630208511e+03,1.124998829316778028e+03
8.362792789226668901e+02,1.065405538136743417e+03
8.282583462756964536e+02,1.030739283148440563e+03
8.262950190870885763e+02,1.060651622814346410e+03
1.146019245314625095e+03,1.065025587674489771e+03
7.891416576819977990e+02,1.033268692965695436e+03
9.051699840669568857e+02,1.093120036541162563e+03
8.701570772478821709e+02,1.093094309435373134e+03
7.838804489647291120e+02,1.064631472081472566e+03
9.971346718243070200e+02,1.093643004515184202e+03
8.407142400700914777e+02,1.095862957965511669e+03
9.957702044389802722e+02,1.092595730626017257e+03
2.497868543686277008e+02,1.214100510514773987e+03
8.758172745035514026e+02,1.093726661251025007e+03
8.666273820287244689e+02,1.093436396731068044e+03
8.126022453146123325e+02,1.035018057674441252e+03
8.239090588099949173e+02,1.034023114703684996e+03
9.089471118668163854e+02,1.091447482778024778e+03
9.478117151600438319e+02,1.094998865591772528e+03
9.140014439847237782e+02,1.062791055227088009e+03
8.876616147097411158e+02,1.068380959446476709e+03
8.870466674109961787e+02,1.064777152766215295e+03
8.273604780710195428e+02,1.035193042926131056e+03
8.634803361245726592e+02,1.062850970921401085e+03
8.126022453146123325e+02,1.065025587674489771e+03
8.528511616758933087e+02,1.062088088996558554e+03
9.040300641271992390e+02,1.124403533733131326e+03
8.721747133256285451e+02,1.095599109876562807e+03
2.118073810687679668e+02,1.214674020391944168e+03
2.453619097008587460e+02,1.213907803772471652e+03
8.795252402818107385e+02,1.065219941431561665e+03
8.590674264933094264e+02,1.093955589169125005e+03
8.188589879340499920e+02,1.034082941444147536e+03
1.238126777595021622e+03,1.094188682067544960e+03
1.245188569784144875e+03,1.062767531211349933e+03
8.126022453146123325e+02,1.035018057674441252e+03
8.826004154120552130e+02,1.064332431726846607e+03
1.165236400383728324e+03,1.065469813477880507e+03
1.104897815314207492e+03,1.035018057674441252e+03
8.727287989705662312e+02,1.065632090575445545e+03
8.372778707291405453e+02,1.064339276393350474e+03
5.909971920312092379e+02,1.124788269588617368e+03
8.185258902208100835e+02,1.065324470796290825e+03
8.919285847840045562e+02,1.090940326602862115e+03
8.293518815125987658e+02,1.032068135242953986e+03
9.559160219964785483e+02,1.061775666217240996e+03
8.548350653138031703e+02,1.065025587674489771e+03
9.103335828925528403e+02,1.092064764407786242e+03
7.189575198182137683e+01,-2.896897088195092238e+03
3.156707106025984899e+01,-2.925340771618992221e+03
9.055709130176348935e+02,1.064385492175177887e+03
9.071370934620416620e+02,1.062772464165283054e+03
8.221906366394349561e+02,1.064043097416015144e+03
8.126022453146123325e+02,1.035018057674441252e+03
8.184483040127488493e+02,1.065795156880600871e+03
8.126022453146123325e+02,1.035018057674441252e+03
8.183499495444006016e+02,1.034148718780576019e+03
8.126022453146123325e+02,1.035018057674441252e+03
1.892573668731018870e+02,1.224315055191356578e+03
1.927812673969112893e+02,1.214194282696601704e+03
2.889354025889365403e+02,1.245768045238491823e+03
2.770575139312253441e+02,1.275604141848624749e+03
2.717828908968409678e+02,1.267166502834434141e+03
8.074762585562374397e+02,1.006486787103135953e+03
9.777407530369318920e+02,1.110057414219716975e+03
8.228276457455824584e+02,1.026951383977318073e+03
8.461851200952156660e+02,1.020549541002171281e+03
8.626736834034536514e+02,1.034062090298778230e+03
