-7.009660999999999831e+01,4.415256000000000114e+01
-7.010260999999999854e+01,4.412637000000000143e+01
-7.008934231111936697e+01,4.415467857740204494e+01
-7.009399000000000513e+01,4.413338999999999857e+01
-7.009023999999999432e+01,4.415444999999999709e+01
-7.009023999999999432e+01,4.415444999999999709e+01
-7.009023999999999432e+01,4.415444999999999709e+01
-7.009009444548144074e+01,4.415441625080835308e+01
-7.008934518874252717e+01,4.415466774585154752e+01
-7.009009085362687586e+01,4.415439937629559353e+01
-7.009023999999999432e+01,4.415444999999999709e+01
-7.009023999999999432e+01,4.415444999999999709e+01
-7.010195330294094163e+01,4.412708126383390805e+01
-7.009023999999999432e+01,4.415444999999999709e+01
-7.009183059134757343e+01,4.415515878332833921e+01
-7.009008781406957667e+01,4.415441041524542953e+01
-7.009072039727629999e+01,4.415463660788473987e+01
-7.010196005417058984e+01,4.412737931242389067e+01
-7.008695203616288438e+01,4.415597313404927604e+01
-7.009008227569340477e+01,4.415441488117644298e+01
-7.009010011764392800e+01,4.415441147504461838e+01
-7.009070948678773050e+01,4.415571852372710993e+01
-7.009759638047842145e+01,4.414550026655248871e+01
-7.009009888183221904e+01,4.415439917058746744e+01
-7.008934412243797851e+01,4.415467379363620637e+01
-7.010119526364714204e+01,4.412873155606560971e+01
-7.009023999999999432e+01,4.415444999999999709e+01
-7.009023999999999432e+01,4.415444999999999709e+01
-7.009032716805288032e+01,4.415463100337118618e+01
-7.009511000000000536e+01,4.413879000000000019e+01
-7.009211000000000524e+01,4.415552999999999884e+01
-7.009023999999999432e+01,4.415444999999999709e+01
-7.009399000000000513e+01,4.413365999999999900e+01
-7.010134309122734919e+01,4.412875608460397814e+01
-7.009023999999999432e+01,4.415444999999999709e+01
-7.009060999999999808e+01,4.415471999999999753e+01
-7.010195814657494395e+01,4.412951203439313019e+01
-7.009595984955934966e+01,4.413410897087427998e+01
-7.009046501291156517e+01,4.415493954282035816e+01
-7.009257287830676830e+01,4.415543997996608283e+01
-7.009435999999999467e+01,4.411907999999999674e+01
-7.009009683048921602e+01,4.415439905407271226e+01
-7.009023999999999432e+01,4.415444999999999709e+01
-7.009023999999999432e+01,4.415444999999999709e+01
-7.009009385697258665e+01,4.415440911623817755e+01
-7.009023999999999432e+01,4.415444999999999709e+01
-7.008920496123550947e+01,4.415462605863062606e+01
-7.010120301150243449e+01,4.412791450334676568e+01
-7.009121748987432454e+01,4.415468542150770759e+01
-7.009023999999999432e+01,4.415444999999999709e+01
-7.009010189796158841e+01,4.415440016871215079e+01
-7.009023999999999432e+01,4.415444999999999709e+01
-7.009023999999999432e+01,4.415444999999999709e+01
-7.009758901180826740e+01,4.414738955023648259e+01
-7.010195421363771118e+01,4.412789256634821555e+01
-7.009069827410543496e+01,4.415464407667498392e+01
-7.009023999999999432e+01,4.415444999999999709e+01
-7.008958503601847667e+01,4.415490704353407381e+01
-7.009023999999999432e+01,4.415444999999999709e+01
-7.009023999999999432e+01,4.415444999999999709e+01
-7.009009218003149044e+01,4.415467093983485825e+01
-7.008760999999999797e+01,4.415444999999999709e+01
-7.009023999999999432e+01,4.415444999999999709e+01
-7.009023999999999432e+01,4.415444999999999709e+01
-7.009023999999999432e+01,4.415444999999999709e+01
-7.009046917467946969e+01,4.415466871479161881e+01
-7.008971746838949457e+01,4.415628993646887324e+01
-7.009660999999999831e+01,4.415256000000000114e+01
-7.009047119334402964e+01,4.415466764668700961e+01
-7.009023999999999432e+01,4.415444999999999709e+01
-7.009023999999999432e+01,4.415444999999999709e+01
-7.008731382427843926e+01,4.415759973764598101e+01
-7.009008553829511357e+01,4.415441557170878895e+01
-7.009023999999999432e+01,4.415444999999999709e+01
-7.009023999999999432e+01,4.415444999999999709e+01
-7.009009185023776922e+01,4.415439963854154115e+01
-7.009023999999999432e+01,4.415444999999999709e+01
-7.009009288813707883e+01,4.415440190392534703e+01
-7.009009833510319254e+01,4.415441502891565762e+01
-7.008760999999999797e+01,4.415444999999999709e+01
-7.009023999999999432e+01,4.415444999999999709e+01
-7.008760999999999797e+01,4.415444999999999709e+01
-7.010148999999999830e+01,4.412852999999999781e+01
-7.009009861911732742e+01,4.415441692408629137e+01
-7.009009040819235281e+01,4.415441087808453346e+01
-7.009023999999999432e+01,4.415444999999999709e+01
-7.009023999999999432e+01,4.415444999999999709e+01
-7.009023999999999432e+01,4.415444999999999709e+01
-7.008996825618761761e+01,4.415463832048890680e+01
-7.009023999999999432e+01,4.415444999999999709e+01
-7.009009839651315588e+01,4.415441277379736817e+01
-7.009023999999999432e+01,4.415444999999999709e+01
-7.009023999999999432e+01,4.415444999999999709e+01
-7.009023999999999432e+01,4.415444999999999709e+01
-7.009023999999999432e+01,4.415444999999999709e+01
-7.009183258937520122e+01,4.415517373852916450e+01
-7.009023999999999432e+01,4.415444999999999709e+01
-7.009008980058482052e+01,4.415441638535933322e+01
-7.009009924866722940e+01,4.415440593359189592e+01
-7.009023999999999432e+01,4.415444999999999709e+01
-7.009023999999999432e+01,4.415444999999999709e+01
-7.009023999999999432e+01,4.415444999999999709e+01
-7.009121877954422075e+01,4.415575986293715260e+01
-7.008933962538452533e+01,4.415468138552505906e+01
-7.009008382085032451e+01,4.415441280537184099e+01
-7.009023999999999432e+01,4.415444999999999709e+01
-7.009023999999999432e+01,4.415444999999999709e+01
-7.009023999999999432e+01,4.415444999999999709e+01
-7.009108150212739474e+01,4.415542895747346819e+01
-7.009060999999999808e+01,4.415552999999999884e+01
-7.009023999999999432e+01,4.415444999999999709e+01
-7.009023999999999432e+01,4.415444999999999709e+01
-7.009009479346687499e+01,4.415440063805529292e+01
-7.009023999999999432e+01,4.415444999999999709e+01
-7.009009600648886362e+01,4.415440796606008433e+01
-7.009272203587569550e+01,4.415495197288920792e+01
-7.009023999999999432e+01,4.415444999999999709e+01
-7.009008654953640871e+01,4.415441149749117500e+01
-7.009023999999999432e+01,4.415444999999999709e+01
-7.008986000000000161e+01,4.415471999999999753e+01
