date:2016-07-06, time:0600, wind_speed:1.81, wind_dir:276.0, temp:18.9
43.806382 112.504065
-93.802343 -151.791853
68.340925 102.466519
68.786011 103.080920
68.632025 102.636660
56.253950 106.502559
55.555981 105.077717
68.812657 103.501806
47.586099 108.324214
47.450101 108.363825
-81.386149 -26.182174
68.812657 103.501806
56.002186 105.601584
-48.235595 15.354193
-27.337884 51.440744
68.414829 102.390487
68.388593 102.197858
-89.991449 -125.725710
-77.505808 -8.674408
97.905988 103.271045
30.967063 120.339951
60.062936 147.361948
68.740094 103.117761
52.141807 109.503312
43.581595 111.472305
56.326477 106.323309
97.701129 102.443491
56.133821 105.986522
2.129257 103.501806
-44.320403 33.165664
47.433624 108.411399
72.896463 139.276522
18.409818 120.525593
55.637394 105.211176
-56.137404 7.033771
-44.335095 15.212044
-18.782394 -107.008472
-31.331377 -146.219881
-19.517283 -110.951071
-35.699374 -107.576642
-22.859239 -140.002387
-2.480362 -299.671590
35.479190 118.089827
68.144068 102.299370
68.125582 102.031523
68.354184 102.448858
-81.178036 -109.725449
-73.471176 -122.958009
39.079449 117.334964
97.304136 102.191660
-106.633107 -257.759501
68.616398 102.674471
-40.006718 75.498513
68.398175 102.360036
-43.771150 28.482981
67.968067 102.136041
-35.957626 42.374902
47.918525 109.503312
47.309384 108.077261
68.283112 102.282850
55.622503 105.113911
64.637961 112.250067
-10.429450 151.513854
68.033303 102.071944
68.713687 102.953397
18.390370 120.558931
97.603804 102.600451
47.559499 108.271899
30.802279 120.325525
68.584162 102.809371
68.821474 103.263332
-31.155190 22.254077
-39.494675 18.996755
68.812657 103.501806
18.668964 117.845980
64.530741 106.077559
-2.367458 -98.673936
-40.284269 21.178615
59.863938 -248.863976
68.796777 102.895012
68.589297 102.691461
-177.511052 24.672335
56.227241 106.270906
-15.006929 90.329267
18.538716 -290.544936
-14.623495 -97.943213
-23.253687 -101.599296
97.990091 103.328369
68.101643 102.153471
68.141898 102.057610
18.671905 120.636114
22.408942 120.276818
-23.366752 93.355022
-14.628592 96.990036
56.236113 106.309124
60.404410 -244.988637
52.008660 108.716655
68.462617 102.580928
-23.460383 33.055016
77.154407 102.847082
59.706966 -239.874181
34.896842 117.226123
-106.741374 -257.656781
135.171443 138.601976
55.821969 105.578557
97.532368 102.351741
-2.778607 -299.898320
55.912551 105.524637
-6.873851 -300.084997
47.625106 108.437171
47.606236 108.603680
35.359153 118.033697
2.129257 94.499547
35.470957 118.505571
97.485748 102.573075
97.936051 103.105072
68.723428 102.762446
35.110831 117.567290
34.995981 117.316732
34.911990 117.047710
-6.667528 159.386834
72.694554 102.636056
68.812657 103.501806
97.472500 102.214825
-22.873540 61.303486
-6.152414 -299.139702
-2.130673 -299.205645
-6.968674 -299.939755
68.731107 102.972614
47.201358 108.152785
60.163208 105.556001
-47.869166 7.328291
47.894716 108.869332
97.923579 103.322630
68.478202 102.544385
68.583272 102.725732
55.889302 105.551896
47.842305 -284.236488
-6.571910 165.361408
5.969571 96.534901
-18.779128 -112.731412
2.140076 -94.788961
1.501695 -92.999912
97.970743 102.939093
97.303605 102.045866
97.732023 102.565764
43.758582 112.157476
-15.116659 -300.068452
-77.112850 151.513854
155.804984 144.570501
-98.550415 93.204151
-14.919706 150.520153
-98.527491 117.101457
-89.495902 118.063646
-93.776216 91.044140
55.840759 105.470755
56.019122 105.721710
55.809868 105.268853
68.855011 103.322669
68.807963 103.328909
68.333767 102.320965
-97.837939 112.253153
-102.090883 112.358200
-97.875575 103.125695
-94.318533 87.222387
68.228242 101.929832
60.358189 147.656311
97.922935 103.299926
98.007498 103.310538
-68.717208 181.305136
-81.186103 145.278205
-147.940542 136.125269
64.589891 109.307326
6.209352 87.812535
-160.464342 58.153755
-93.783700 49.488252
-98.255021 120.535486
-98.335332 120.418201
-98.080130 117.925863
-98.545985 117.080031
-122.910111 154.296815
-97.895843 103.501806
-89.572873 106.026962
97.910979 103.087550
-94.391822 93.042091
-93.780562 85.251169
-98.328334 57.317466
-93.808085 40.328841
43.806382 199.525902
-65.274305 170.918013
-102.119125 133.509336
51.663648 108.061211
-85.436395 28.252900
63.898354 105.178066
68.147076 102.111984
97.545074 104.828917
97.931075 103.501806
-47.956049 4.124468
-48.393043 6.469200
35.442473 118.289866
35.502030 118.250110
