date:2016-10-26, time:2000, wind_speed:3.76, wind_dir:331.0, temp:3.8
-344.084182 1058.499770
-511.066366 428.755759
235.607904 1210.942421
1406.754602 1359.501362
1197.738326 1208.300973
-511.093020 968.547772
153.378694 1181.060702
614.273761 1208.602655
-1312.375435 1125.040648
572.971471 1058.999520
-345.210965 609.303031
-224.862383 1153.306261
278.326054 1600.995003
-1219.189141 1088.234438
-52.034346 1029.357694
1364.539216 1360.043813
989.558174 1329.200756
569.530506 1391.695126
1236.410156 1211.111883
-219.455650 698.509606
1198.148275 1568.928944
-761.302574 429.889185
-722.215534 1210.490893
322.930426 -2061.365629
-469.006871 398.547956
905.563480 1628.733201
572.559257 1179.060794
533.697302 1117.552384
-143.748370 1141.312577
-1010.145030 968.983871
-94.369636 367.754498
575.028694 1058.061602
1531.656008 1628.807937
948.389568 1389.217098
-221.542905 310.914359
986.768575 1541.192295
-385.320599 609.516968
-634.421668 338.589093
820.302461 1331.486460
480.938059 1290.754129
655.645680 1059.552792
-347.950878 460.598737
1072.824880 1660.203105
-305.587971 1241.391822
-927.984892 908.671360
74.861422 547.887452
441.832164 1452.787677
194.395300 1271.764255
-717.882141 69.142050
948.069121 1238.186363
-437.711505 1275.078298
-1261.790796 669.324570
-968.469095 907.742848
365.207766 1388.600391
1318.906240 1211.090324
-551.826028 1148.757583
-94.717897 878.875624
-767.125556 253.066103
-554.986973 -1999.423894
-10.869684 488.918722
-97.698839 430.665319
104.646815 1185.055708
783.431090 1027.895712
-425.639239 517.339046
1239.789507 1599.924282
281.320718 1208.887236
322.960956 1269.537862
1232.550385 1062.577938
1282.593026 1539.009766
-598.094144 221.064678
278.233774 1301.228078
-763.540022 341.198015
-518.962320 601.784653
238.857017 1507.741826
239.710385 1568.929212
-389.165721 731.473307
-302.397623 279.182008
229.122495 1575.153598
1445.452377 1751.214352
531.853738 1507.729312
-264.138617 1391.344371
572.304273 1268.953498
-261.541954 1148.667612
698.442860 1028.948346
-639.430469 40.711471
-771.128505 -225.298202
-135.415044 -1731.515026
-134.379966 -1762.072154
655.665384 -2181.220581
988.905795 1479.785761
-49.945148 1179.265031
-10.213556 968.991308
-972.592836 1000.973697
-555.123302 970.832897
-301.578086 308.492700
-678.078340 -260.678434
489.391335 -1941.178437
-510.949324 1028.433832
-388.454851 311.118322
-634.166690 279.411228
-146.018296 91.612198
-304.661754 10.898562
-384.091844 487.139809
-301.798323 1089.646949
-304.499394 250.180420
-388.823993 280.970338
-222.165000 -19.825742
-177.380395 -80.956188
1403.557840 1660.540899
532.426407 1178.351898
1405.937384 1779.990729
1364.684251 1778.847845
1489.045260 1869.447901
-968.514411 909.205211
-968.735665 729.968710
403.166347 1420.922883
-263.798431 311.387419
-260.597926 309.174030
-299.330161 337.950083
325.154946 1477.280013
319.193713 1540.572843
-96.399787 1091.023859
-104.294505 1095.033118
653.229053 1181.040120
