date:2016-07-29, time:1200, wind_speed:1.7, wind_dir:40.0, temp:26.4
61.099635 107.090783
44.493947 113.119189
44.842670 112.914452
-60.442000 -10.526808
-5.588056 85.899967
-51.347321 -24.969458
-21.938815 -144.997516
-55.641135 -175.139048
-22.877018 -172.567470
19.577155 119.031597
65.273819 107.202172
56.991377 107.148623
-85.123137 -172.194518
77.761993 104.118408
65.512699 107.227659
53.382195 110.352344
36.344979 119.087291
44.079913 112.825126
-22.516585 115.919775
61.051427 106.996571
-43.205091 -16.061373
56.688816 106.875206
56.555983 106.761853
-5.001538 -297.934694
82.560546 106.951706
11.116667 86.173301
-25.845351 56.149449
44.843663 113.127930
-43.036658 -10.016867
78.283670 103.841186
-109.802616 -253.135071
115.110432 106.817519
44.804274 113.100088
77.148082 103.501806
44.357074 112.914206
19.163834 118.907194
2.419070 55.805210
86.147488 107.044779
19.931573 119.210823
-9.398820 122.238206
36.045617 119.009841
35.921349 118.948316
61.180428 106.998158
-22.472433 -136.239124
-13.876496 -133.077925
86.075518 106.948384
93.818932 106.502559
36.108779 119.004914
-84.833565 116.069645
139.608200 118.505571
-117.947550 80.075525
-97.615578 46.779215
48.925372 109.970592
86.375601 107.225871
53.562551 109.864263
2.464250 82.790513
-171.832466 23.020237
-110.029443 4.848345
-113.961394 95.106732
-113.017567 85.932969
-97.090396 68.031663
-101.987440 58.665048
81.626829 103.910147
-105.912056 49.787933
-105.534605 41.183313
-106.002838 13.751259
-93.660986 1.563572
44.774229 113.228877
48.571173 109.947191
86.465709 107.119588
-59.665124 -40.002831
15.091188 118.896476
27.974341 122.169399
23.463271 154.980085
-96.795575 26.099468
18.800107 -94.547892
-101.026213 44.011894
-104.924994 11.117297
-47.605104 -16.281632
-89.560418 67.492770
-72.662912 -34.281626
85.483507 106.502559
-159.692302 44.287784
-113.717445 -0.939734
-89.108920 37.867953
-105.110348 16.975299
-159.912208 10.932243
-92.670102 -24.912528
-101.408281 52.918543
98.463759 103.928969
-97.895843 1.476204
-89.388804 97.675695
-93.115355 92.184894
-105.251381 80.301159
-43.255332 121.998359
-101.732889 88.923718
-88.132528 74.135560
98.369911 104.033252
61.074810 107.053851
57.452589 106.918202
48.766060 110.082124
-114.330824 85.757184
44.617196 -60.908328
-97.608918 82.706086
20.242346 143.201710
-114.566693 115.504818
-92.940384 101.042389
-101.381679 20.160701
44.778354 113.266445
48.788843 110.077237
-97.005620 53.195188
-79.782705 17.108671
-97.895843 -4.525302
-89.215481 64.756103
68.812657 103.501806
-89.461981 31.591341
-114.089648 19.900841
-100.582440 17.135256
-100.858784 74.084246
-105.935205 76.686273
-101.540812 16.947809
-100.896394 55.968238
-96.999628 -144.934362
56.253950 106.502559
61.006385 106.977853
-97.130425 80.162321
-106.050023 40.622051
-89.560418 -10.526808
61.310080 107.218232
56.745350 106.989215
56.401693 106.624890
-135.460825 82.496535
-101.620107 25.940421
-97.895843 112.504065
-114.289956 40.777178
-96.881780 -9.814816
-114.109868 67.899500
91.040198 106.964297
-172.146964 77.177809
61.167601 107.186660
-93.094859 44.030937
2.223197 55.621346
3.065842 83.127480
78.187117 104.361878
-106.231268 22.481475
10.630998 112.656005
19.986271 119.253191
11.051667 115.922746
27.690816 121.959611
15.952785 146.236415
23.229135 127.795162
-97.895843 -145.560693
-105.190347 -120.830673
56.253950 106.502559
-97.168503 -12.918572
-180.570963 29.042882
-121.949745 50.069190
-80.792756 37.914098
-100.637621 83.227785
-175.920860 26.040989
86.148399 106.995680
-104.846777 55.891491
-64.063658 133.955834
-97.395535 112.865471
56.635820 106.947795
-105.884487 100.800015
19.100804 118.837747
-89.171478 139.938094
-89.467552 103.588933
-96.879522 70.934437
-72.723859 1.635635
31.682502 -67.144208
19.274983 118.969144
23.082763 121.608051
-85.054625 10.910334
-84.896675 13.961668
-105.742821 -10.052117
-105.442583 -3.933829
-100.844566 -0.855525
-96.675486 95.233222
-168.434662 62.024389
-55.397346 -18.890276
65.387274 106.977422
-101.313307 5.251081
-30.831467 121.960830
-101.717778 91.891993
-51.771661 -31.181824
-101.455437 70.953039
2.290386 55.563588
-105.802280 -7.061078
-50.970571 -15.805413
-77.005773 139.679291
-113.930207 116.002217
-101.418876 107.063737
-80.743346 76.989714
2.129257 82.496535
-85.448275 37.485240
-84.666276 17.173007
-84.170574 110.433686
-72.693637 109.617152
-76.910471 130.794972
-76.692644 16.964556
15.175308 118.981253
-110.340221 -7.450553
-5.432569 137.053578
-96.310990 143.110600
-122.367843 122.019441
-163.823389 83.288642
-97.368993 71.026150
-114.465146 46.630497
-104.967912 49.994189
-113.923655 83.070718
-114.019465 85.901909
-118.209104 89.005771
-122.756511 112.678736
-117.977782 119.132078
-122.410899 121.881567
-122.748074 130.684514
-93.427641 76.830289
-84.960299 67.975280
-135.195645 82.763715
-134.981108 85.935792
-139.480365 91.659326
-118.653507 124.578790
-122.551760 130.893335
-84.738940 35.024237
65.572714 107.014390
65.738237 107.065415
61.847709 107.248390
-10.277855 139.617101
-6.206168 136.510089
145.300837 118.903063
144.545660 119.200516
-96.947796 67.844886
-80.589064 56.010272
40.601690 -63.906830
94.768609 -217.053345
-76.462277 157.981219
-93.207787 139.983585
-97.516189 95.011124
-76.865163 91.778919
-76.537453 47.059213
-113.709550 41.195281
39.583100 -64.540362
-109.374847 -253.032025
-109.445014 -252.984966
-109.202761 -252.894731
-110.042868 -253.055529
-68.176574 176.109550
-80.091145 169.876335
-18.764875 163.516866
-89.216974 100.781150
-164.579243 88.498041
-93.135219 88.956504
-93.368352 59.004766
-72.031117 56.084082
31.532926 193.810186
-67.890719 167.254290
-101.107940 122.386896
-142.937750 110.054929
-97.320172 64.992352
-134.825778 61.945195
-97.003710 50.255360
-97.575517 43.756134
-97.749103 46.664513
-93.472720 40.788871
-97.383552 49.983970
27.513748 181.810963
-76.767315 163.758643
-118.038307 149.197687
-100.868441 125.179394
-93.136311 107.001539
77.761335 104.072746
81.997976 104.147066
77.532164 103.970031
81.920771 103.977556
73.549889 -259.076103
78.207522 -259.094243
-85.328108 70.599320
-88.492050 77.210619
-88.570670 74.088877
-114.566693 88.498041
-118.154197 89.087888
-110.068924 49.888558
77.539199 103.993918
-85.143906 166.724556
-84.709854 155.038672
-75.642061 149.215615
-93.463857 121.734046
36.093178 118.904138
119.267650 106.888739
-97.629105 40.781234
36.613998 -66.816939
-22.736012 172.614293
-168.101814 89.017182
3.110743 83.193197
-118.416416 61.760146
-89.064992 49.905198
-63.270291 175.841078
-147.390300 130.964411
-81.047520 133.586086
-93.783700 88.498041
-105.800849 64.799554
-155.833019 55.973376
-101.702906 52.844696
-76.341921 32.071470
-97.210916 29.081273
-89.271090 145.857763
-75.881352 137.454383
-84.894296 128.126648
-93.363002 115.900495
-138.986253 107.078785
-101.755479 94.745212
-93.407673 88.767626
-97.895843 46.487499
-84.831882 155.007152
-88.615268 113.133514
-168.098601 89.086839
-97.462954 61.890499
-101.455636 59.017078
48.578510 190.929162
31.682757 172.960716
-76.590403 155.081189
-89.050200 136.960592
-93.214769 107.024305
52.983107 110.127174
82.189666 104.005497
-76.647994 82.859451
-109.851861 70.997614
-101.737365 34.868004
56.861917 -51.955903
-79.943328 176.022603
-117.943485 158.165452
-84.146897 155.120329
-104.852707 146.292171
81.870973 107.133704
-101.558245 89.153962
-101.205066 83.155667
-88.913303 71.016933
-105.385872 68.133327
-104.881122 56.117631
3.484884 55.929921
-85.160799 37.801341
94.174108 106.902987
95.065104 107.218558
94.368817 107.051686
98.334676 103.958600
-89.115052 127.890604
-80.603046 133.979566
-80.989240 133.761763
-81.112568 130.669928
-26.519782 173.038639
-113.904523 148.959835
-109.436196 137.173091
-84.244318 134.353275
-101.254176 119.181238
-76.821688 91.788265
-97.545317 70.935581
-89.109811 40.843916
-97.478034 19.816940
-63.830715 167.072066
-76.507603 157.990961
-122.580472 136.791774
-88.541711 134.139754
-76.154800 118.996077
-93.399983 91.769887
-109.570841 89.418298
-88.960451 74.013564
-84.255210 41.178630
77.326621 103.673441
77.584031 103.825921
78.246324 104.142001
-88.592489 154.918397
-96.988151 107.027670
-89.126459 85.994570
-88.220034 53.166487
-80.285088 38.216015
60.819365 106.835281
-106.089475 22.651944
-93.499227 133.711635
-88.912762 134.036382
11.652231 83.281984
-130.518493 107.253320
-84.063934 11.059033
-89.109614 10.808122
-85.448275 16.479969
-89.560418 160.516113
-76.449139 158.040319
-85.268805 136.649404
-92.538139 122.467355
22.912250 121.506324
-80.617172 92.068693
10.464682 58.490511
81.725120 104.104712
78.009367 104.040453
82.255108 104.106299
-112.926706 20.009450
-114.125707 22.838506
-110.160219 22.673678
-105.796620 -7.207272
-93.568796 43.729485
-93.783700 40.485993
-109.810933 17.002779
44.216058 112.915973
-92.756804 17.100507
-72.458550 181.899042
-80.705498 157.823620
-143.294908 142.971737
-84.824568 143.113533
-101.611744 136.854948
-85.131876 136.788272
94.364626 106.993877
-89.163412 91.876346
-122.444987 67.987207
-110.181063 55.772605
-77.112850 91.498794
-76.175444 92.083936
-76.887574 88.822987
-76.479164 89.019568
81.982086 104.031323
81.260225 103.501806
77.539138 106.849260
81.260225 103.501806
-72.515567 185.023188
161.132844 176.018984
-72.538725 85.961900
-80.627172 74.049145
-118.170129 61.976803
-110.454550 -7.526055
-113.996762 -6.968812
-114.123287 83.564407
-118.550800 82.868289
-80.939469 160.788600
-76.331664 155.122323
-164.241999 82.804306
-168.393754 82.878808
-93.474790 73.700090
-89.363210 73.584069
-105.687143 10.836872
-105.261485 14.222762
-103.766693 16.823406
57.572113 110.308327
56.844828 106.921914
-76.965552 145.668114
-76.423171 148.999729
-76.972656 151.650982
-89.095374 142.935073
-89.030318 127.936734
64.943211 110.036811
-110.049584 64.990025
-97.565087 28.657685
56.591702 -52.132847
-101.815342 70.734602
-97.140902 74.076892
-100.604149 73.730484
-102.119125 73.494276
-122.574049 67.817097
-121.591959 71.103264
-122.192974 71.466716
-121.807158 73.452231
-64.184465 178.959546
-85.213126 124.782297
-97.410573 31.862246
32.006965 175.458417
31.558297 172.816622
31.247675 172.519125
32.176079 175.935396
43.966425 196.601395
-110.352369 160.646854
-106.044699 94.618745
-122.602803 67.686888
-81.119223 58.612833
-89.464768 163.660891
52.253332 112.679910
-72.691344 88.600609
-114.404383 76.598940
-81.099299 76.583632
-130.971097 64.702927
-72.531796 58.852709
-97.696107 55.599057
-102.119125 91.498794
-101.871799 94.763452
-101.482931 94.939582
-100.848311 98.317575
28.417489 122.314942
27.105773 124.428548
-79.825209 176.265612
32.410731 125.481512
-92.600357 116.130906
-100.862032 89.305996
-151.001255 65.297487
-71.573030 53.233506
-92.603688 65.095855
-97.895843 64.492017
-96.653515 63.699621
-98.009094 68.113170
-117.986479 155.077315
-88.756030 113.188665
-159.615604 98.135914
-109.730192 -250.061847
31.438342 121.818864
27.770852 121.974057
27.756104 121.967506
28.432198 121.835041
118.825207 106.502559
-73.420198 92.233294
-74.831925 86.146768
-69.863094 89.172587
