date:2016-06-03, time:0500, wind_speed:2.5, wind_dir:180.0, temp:12.1
50.646419 130.555382
104.006753 172.583570
96.372711 109.431671
92.447225 109.425924
78.701468 151.639486
87.075462 133.429000
95.594745 112.566605
61.845588 112.513185
103.527989 181.626752
128.812692 166.440759
95.149683 160.667897
83.021590 130.637347
-46.503800 -73.430925
3.130976 -97.456988
99.675647 172.585759
113.973028 175.517043
112.252204 169.507381
99.537550 139.614436
74.255934 133.566385
71.943722 130.418455
94.853277 109.801141
9.588845 -61.503030
61.800940 109.559073
116.430150 154.528829
45.548493 121.641207
32.783091 124.638911
-19.660039 46.533502
53.425777 112.473608
54.673844 109.369511
74.470153 109.514214
-38.217006 -73.486302
79.599976 163.504727
48.975847 -271.487974
53.870201 142.458861
50.173825 118.500390
45.570018 112.575565
43.806382 112.504065
107.932314 172.548980
-33.674003 31.621777
-21.098010 31.447991
-19.963299 49.345056
100.633918 175.447723
105.652732 175.594209
78.451913 157.567196
-9.244682 58.576602
32.711480 -55.622920
68.491102 160.541299
101.351673 145.527035
67.585754 127.489834
78.565174 145.594450
95.251577 106.656616
62.194359 109.436703
78.461828 112.565381
3.902567 67.543529
99.389806 181.594870
59.858898 118.475121
8.138707 64.564614
99.709604 178.558408
20.150428 124.497172
34.461624 -64.493988
74.044753 112.532525
78.601219 115.662214
95.926585 175.459400
116.492340 208.748260
94.780149 -211.364989
86.983806 112.645432
-2.599358 85.480795
91.314589 157.640068
70.608358 109.348504
21.284510 130.410536
-40.461981 -49.606453
-44.636351 -58.531443
75.597300 136.323940
86.374400 130.725468
101.520424 175.491654
86.844539 172.752417
53.942345 -280.664470
46.337112 -274.696380
79.578458 142.359357
82.738183 148.593653
-13.523471 58.547089
94.738696 190.680641
103.404496 187.671999
87.381582 178.651319
12.180605 127.606848
32.662767 124.510084
66.523123 118.391871
91.642198 112.639291
72.072888 199.464628
95.451302 199.623292
78.314218 190.612381
78.695808 172.638886
92.227314 172.504566
63.739405 166.526849
103.544928 217.714474
68.231015 166.524337
20.101161 -67.387703
16.398725 -61.576573
91.087082 106.609099
90.635645 112.690995
94.740131 166.837560
62.978080 199.380246
62.998190 -256.650745
111.841787 157.534718
119.936381 217.741707
91.105941 193.532552
95.632922 172.667941
1.152808 85.404185
-49.421243 -22.695606
-36.750918 -34.589131
49.795954 -280.756947
62.266537 130.579196
92.820153 109.489339
100.779332 109.493806
91.171990 106.652557
61.842468 124.547762
63.369527 175.472388
103.699830 178.607407
80.674847 175.451690
78.564732 190.536796
76.268680 172.455383
12.090813 118.496545
103.717634 103.484578
3.600861 58.617284
58.181735 163.520481
79.930865 190.399922
96.991583 181.572855
87.220058 157.509655
99.845404 109.504190
88.657179 163.542228
72.124711 184.510030
86.460660 184.806334
51.255205 169.549785
7.854096 88.456028
3.138984 61.564452
42.819347 112.530033
116.195694 205.615443
113.388746 208.596542
67.967821 193.515731
-42.346162 -61.400192
109.212164 181.498579
61.924346 160.714856
75.984816 151.480409
71.694488 154.434814
74.326895 151.507033
74.398131 148.498562
95.416673 172.708250
45.550482 -55.552630
19.853611 -67.307904
99.477161 178.611524
84.896061 172.494621
-4.604525 58.436629
113.717054 205.569436
82.775297 187.485546
70.183595 178.475018
108.129776 175.436021
-0.712594 61.611291
37.419809 -55.533680
66.263426 163.485194
67.992939 160.596764
7.603918 61.468050
3.610266 61.485211
42.211370 -58.498104
69.814566 -265.282704
28.488958 -67.577080
21.935878 -67.478709
121.743485 175.380251
43.222021 -61.523479
41.218422 -61.509450
4.257233 61.286017
-6.810070 58.469271
113.995341 172.589105
74.612301 133.513158
130.940913 178.550734
117.528833 154.464566
109.899981 154.544834
82.788161 187.576286
69.954416 154.605426
76.194864 151.485075
86.640803 106.652382
28.473285 -67.488205
67.259959 -274.633485
74.454653 148.494521
74.324529 133.421060
59.551719 151.468348
53.519020 -280.490798
53.221481 -280.413339
58.262658 163.501847
57.896163 160.650429
67.579850 133.596294
71.627959 133.363619
100.427247 178.464032
57.838094 -277.419414
78.808794 145.419279
79.256861 145.532966
78.975205 145.436493
66.084841 163.568987
66.164879 163.649674
111.603174 160.646980
71.266248 139.518532
71.995157 136.473955
76.213875 190.512543
-1.549476 55.097346
