date:2016-10-06, time:0400, wind_speed:1.84, wind_dir:257.0, temp:8.6
4.719331736638728216e+02 1.380004141444558627e+03
5.139912007759315884e+02 1.352026186650900627e+03
-1.191686999146642847e+03 -2.930255881413323777e+02
-9.466188153685153566e+02 -9.731603427284745749e+02
-1.107565077439862080e+03 -2.967756502498919531e+02
-1.028185219701677397e+03 -9.602951471402212746e+02
-7.392447023768867211e+02 -6.768442465725422608e+02
-1.567375843107878154e+03 8.987464770694693073e+01
-1.406994260898395623e+03 -1.411559951217719799e+02
-1.357487179748187373e+03 4.013995044970677384e+00
-1.661354660038257407e+03 1.889791460549200508e+02
-1.613268751635033823e+03 4.311887481299664842e+02
-1.486045407964513515e+03 1.473025766257856617e+02
-9.417514027198592430e+02 -1.015328217997036063e+03
-1.574942464687426309e+03 1.071194739006176775e+02
-1.440733752334058863e+03 4.064244230170963874e+02
-1.275586610743606343e+03 3.663548356586575210e+02
-1.111696283118687461e+03 2.850978089232053776e+02
-1.562920011586920282e+03 5.513849657073222943e+02
-1.571856706092675722e+03 4.341192574022559825e+02
-1.064276644252779533e+03 -4.387333062579771195e+02
-7.344735015857330609e+02 -8.706912032420191849e+01
-1.154001523800377527e+03 4.946874205772649020e+02
-7.853701038117246753e+02 -9.511446882080888372e+02
-1.562371989994303476e+03 3.709867533880117776e+02
-1.483441689115960116e+03 4.938415908948176138e+02
-1.230691451756846618e+03 5.466686370043831857e+02
-9.430526180847430169e+02 -1.016761811364086498e+03
-1.358314692824831354e+03 6.289591532646891210e+02
-1.401312957570391518e+03 5.396840654631427014e+02
-1.489220098565478111e+03 4.845796444103430645e+01
-1.314386115321374973e+03 -5.305639143099833177e+01
-1.359260537637030893e+03 6.027438902337684112e+02
-1.570507344529584316e+03 1.932438145782026595e+02
4.691429166463491356e+02 1.300247896899126545e+03
-1.484740703145484076e+03 4.098848788392394482e+01
-1.490903728628441741e+03 2.506127818131129743e+02
-1.362980801810282401e+03 4.328562554457006968e+02
-9.789584346854766181e+02 1.035018057674441252e+03
-1.314965826480840860e+03 1.174031019222134773e+03
-8.148107529841244059e+02 8.244684391264122496e+02
4.764864354378015037e+02 1.274507214047812795e+03
-2.885656286291386152e+01 1.065078012104052505e+03
-7.776855737120729373e+02 -1.957699703218682146e+02
-1.108876193672192812e+03 4.631750180436459914e+02
-1.027696238402689005e+03 5.698358657574826793e+02
-6.961207237180202583e+02 -6.715909841307678789e+02
-1.659393640088768052e+03 5.226093930550403002e+02
-8.964366690843282868e+02 -4.387659190965240441e+02
7.136311927285203183e+02 1.877271393515069349e+03
-1.522100094805898607e+03 4.229153400582466702e+02
-1.573734873067113540e+03 3.460241600637727402e+02
9.361477880922140002e+02 1.774878903580519818e+03
8.901020189192962562e+02 1.785363245894888450e+03
-5.681633563022766111e+02 -8.936455329711600371e+01
-1.107016133396035457e+03 -3.826755443877181051e+02
1.056104534249230710e+03 1.891473604166660152e+03
1.049703212888869530e+03 1.694735586716421722e+03
8.390121242781358433e+02 1.843464413835962205e+03
9.785333679032186183e+02 1.897857384193937150e+03
1.049263674009095212e+03 1.905299811859614465e+03
1.104649762656211124e+03 1.870345757578242001e+03
9.291781203941742433e+02 1.875386126156682622e+03
8.517329647964972992e+02 1.806757085349221143e+03
9.341962924480310448e+02 1.953701903618231199e+03
8.813973313822668842e+02 1.693952171441982955e+03
-1.483915915106136481e+03 9.402282851895830618e+01
-1.272414397596300660e+03 4.092658367652033036e+01
-1.324172356768782720e+03 -1.792921894958330142e+01
6.763958104527237083e+02 1.816679287665382162e+03
4.664872926036822491e+02 1.728848622918393630e+03
7.989190218424608929e+02 1.748970986462650899e+03
9.278319907341227690e+02 1.694708005346436721e+03
9.771411525769966602e+02 1.865918683316089073e+03
7.289180834895624912e+02 1.871205603743349002e+03
1.061235428920466347e+03 1.747283223530535906e+03
6.396153812465997817e+02 1.709855842287184942e+03
-1.322440885380106238e+03 5.281684256417267989e+02
-8.245070884468298118e+02 -1.967821465352269428e+01
1.667675113507033302e+01 1.083344409576497810e+03
8.545306089020648415e+02 1.691223888046411730e+03
8.420415363053418787e+02 1.754136773288110135e+03
6.795931873211654874e+02 1.722371381509197590e+03
1.101457143432081921e+03 1.651611399092922056e+03
9.761552303040643892e+02 1.774807364838918602e+03
1.019625449891098810e+03 1.781113411013726363e+03
-1.444204382237467598e+03 2.853237773497593111e+01
5.151832774940100990e+02 1.619111049825797636e+03
8.936281628105102754e+02 1.716547121237075999e+03
7.659511044954851968e+02 1.650793649048847556e+03
1.060978192869534723e+03 1.833368882790749467e+03
1.095412016219050429e+03 1.688684874225167732e+03
1.863173228242154664e+02 1.451673389252746802e+03
7.234730286584235728e+02 1.742619784920822667e+03
9.381893153134114982e+02 1.755198777674816029e+03
1.058043784849884105e+03 1.744603572816224869e+03
1.227226163546223916e+03 1.747307116448420629e+03
5.135433763066246229e+02 1.303042135113974382e+03
-2.725689344802264031e+02 9.051330192463179856e+02
6.342078761287522184e+02 1.869512600505968749e+03
6.748672675161939196e+02 1.691177519806225519e+03
7.189493081436737612e+02 1.750506290645982062e+03
5.941999366995917171e+02 1.696050252981604444e+03
8.896274069143889847e+02 1.743271239914672378e+03
-1.481917543194389282e+02 9.345726625225353246e+02
8.049925375819337887e+02 1.783795001981586893e+03
-1.484306415251533281e+03 6.291472222715916587e+02
5.971467876464739675e+02 1.645498885161374119e+03
1.142102059610627975e+03 1.654751211087586171e+03
-1.610475462043304788e+03 2.110768800639173719e+02
-1.359886917591941710e+03 3.604071870394758434e+02
5.118729490944053850e+02 1.756834332137866113e+03
1.015185760139425156e+03 1.920694966875211776e+03
1.269875159225889547e+03 1.657198309341315735e+03
1.100008327656109941e+03 1.802265216238828316e+03
9.784958980054840367e+02 1.713473793699725320e+03
6.853399874363478830e+02 1.748288754296458592e+03
1.020111271583175039e+03 1.841860571040028162e+03
9.657669701034852778e+02 1.696001926184431568e+03
1.055712714564858743e+03 1.770924610508925753e+03
8.421054365018321732e+02 1.779590944207827306e+03
9.318526969784954872e+02 1.769198132291210641e+03
-1.613390801580581183e+03 1.964992861574610288e+02
-1.273253300512114038e+03 5.462112906091060722e+02
-1.272770847517933589e+03 4.877506798888674666e+02
-1.480625636336200841e+03 4.561102153482068502e+02
1.057365882469964163e+03 1.713215847474966949e+03
9.769953018711877348e+02 1.779028392969028573e+03
9.325674397088916976e+02 1.714280332184275949e+03
-1.406969544500370375e+03 4.043922035515987545e+02
-1.485355304084575664e+03 4.178079912100412798e+02
-1.478431524058447906e+02 6.668616429310910689e+02
-9.470870938504139076e+02 -1.529524486061241646e+02
5.095200653263440813e+02 1.750307170730948883e+03
7.704960046137729250e+02 1.718493469226383695e+03
4.695432850828973415e+02 1.427086013072852211e+03
8.441606535124780066e+02 1.693904405177102944e+03
8.071503429543430457e+02 1.708625504573263470e+03
-7.824079464155222468e+02 6.726243846922948251e+02
-1.442749819458690808e+03 2.101747743198260991e+02
7.626013643581088672e+02 1.813463659331093368e+03
-1.918775889431500161e+02 6.309365470749598899e+02
9.771399757444971783e+02 1.867482854597009464e+03
9.741519824619056180e+02 2.162702863934961442e+03
1.134367648483671246e+03 2.296566055108979981e+03
1.347692681364362443e+03 2.146072637705115085e+03
1.009161877974708432e+03 1.873176109931133851e+03
1.012458403758682721e+03 2.177892442303489133e+03
1.216035963712944067e+03 2.141714967023653571e+03
1.102949900819824961e+03 2.078013655564579494e+03
1.092314668631607219e+03 1.936120426514180508e+03
1.052334174829443100e+03 1.813678958876312436e+03
1.348896008408641137e+03 2.131948527210059183e+03
1.549674237117622397e+03 2.265603948080595273e+03
1.428509083999487984e+03 2.367548389119862350e+03
1.643821361996946735e+03 2.166856938606074891e+03
1.473505602457561736e+03 2.131807624348580248e+03
1.430253641758041113e+03 2.117112514050531445e+03
1.394104039796617371e+03 2.047044716206229623e+03
1.466838805236650387e+03 2.147698923588200614e+03
1.476590949222612153e+03 2.196298813591502039e+03
1.520338346444849094e+03 2.167426520135929877e+03
1.551171248905452785e+03 2.324760859658466870e+03
1.259598144961703383e+03 2.208344062228113216e+03
1.103855651245073886e+03 1.989346685289619018e+03
-7.756401792900539931e+02 1.054867384713595811e+03
-1.070699935642760920e+03 1.004316316456773734e+03
-1.442603006384417313e+03 4.498352789624182719e+02
-1.401618418652713217e+03 4.033016030778871936e+02
1.643206334089795973e+03 2.134340546584958247e+03
1.557372214549753153e+03 2.163753179703252044e+03
1.518916595510470643e+03 2.226853568044929489e+03
1.590817720881659170e+03 2.293560004622724136e+03
1.384966418553054837e+03 2.172022601069559187e+03
1.311625622888967200e+03 2.021504669113245882e+03
1.346775980736211523e+03 2.113767433582986996e+03
1.347013394837762235e+03 2.069153444320949347e+03
-1.398317652332450734e+03 8.715620637889313684e+02
-1.271871458242211247e+03 9.083235301653184024e+02
1.436358476905029875e+03 2.288098767979485729e+03
1.228182619613703082e+03 2.255213031680005315e+03
1.430569781194030156e+03 2.271191237056459613e+03
1.600042628379380858e+03 2.284955796174169336e+03
1.685328203787294115e+03 2.167128384853014722e+03
1.350626466463834049e+03 2.265299471630470634e+03
1.468919322403189199e+03 2.086570397864445567e+03
1.604044696315580040e+03 2.166654731741145497e+03
1.475779301844334896e+03 2.345995408508654236e+03
1.475650512244482343e+03 2.135775030536064605e+03
1.594180279511818753e+03 2.175899298793218804e+03
1.226126521935929532e+03 2.134200386578630059e+03
1.393634910551575558e+03 1.984860086971267037e+03
1.436146340750128047e+03 2.171434129220100658e+03
1.394061519882869788e+03 2.138005074092803170e+03
1.426319780627990212e+03 2.145451581513076690e+03
1.470111057670328137e+03 2.144270829402607433e+03
1.341017166550795309e+03 2.114290583201523532e+03
1.223816081623821219e+03 2.102188124995607723e+03
1.091231038924482164e+03 2.146874229263745292e+03
1.142780219189451600e+03 1.966503803961564927e+03
1.389722134079043371e+03 2.088549487114861677e+03
1.430461087385970814e+03 2.129120582803094294e+03
1.550004852285281686e+03 2.176181480094364360e+03
1.521316754683896761e+03 2.235802712324529693e+03
1.598873898836210401e+03 2.110910558975876938e+03
1.436700059192331992e+03 2.170802893777485224e+03
1.427499718909121839e+03 2.145018548528285010e+03
1.518031258112897376e+03 2.162415553865168931e+03
1.475600606370368268e+03 2.227580864502394434e+03
-1.480788223662728342e+03 5.504955325741947263e+02
-1.408331247441285768e+03 4.951567538095232521e+02
8.426695117280016802e+02 1.990142302398904576e+03
-1.239640526185199406e+03 8.211615904290703156e+02
1.100859419280541260e+03 1.924199488461832971e+03
9.299173519860308943e+02 1.843954952536478231e+03
1.094209946258737091e+03 1.873888610544204766e+03
1.185757664112700013e+03 1.775711714458974711e+03
1.225276465456222240e+03 1.717075525930451477e+03
-1.326155974748937297e+03 4.657227694817173074e+02
1.352228845932441800e+03 2.314866970516518904e+03
1.304553271312988727e+03 1.934183002537779885e+03
1.349351242142069168e+03 1.919599769279072007e+03
-1.401922728655908713e+03 9.147946296674372491e+01
8.930729241848725906e+02 1.686668205740475514e+03
1.387342393023635395e+03 2.233029718909243911e+03
1.435367696850343236e+03 2.225429580570017151e+03
1.052296978388752223e+03 1.758232042847939283e+03
1.103476363378608767e+03 1.746887990491293294e+03
-1.487174540470711690e+03 4.158589725314887176e+01
6.819075028905135696e+02 1.783426737192204655e+03
-8.573183450519271673e+02 6.757408603229079063e+02
-7.333485678728050061e+02 8.453712680419790786e+02
-9.809041414732797648e+02 3.338894347369450202e+02
7.589103559900206619e+02 1.722510273599381435e+03
6.858946387441947081e+02 1.744947652398149785e+03
7.178104767001025266e+02 1.752802165482089549e+03
6.854903526108819278e+02 1.747338859519932157e+03
1.100337797492007439e+03 1.984956509379100225e+03
1.102357592735662820e+03 1.956869731414300531e+03
-1.440948508656992090e+03 5.138628324946952262e+02
1.553611655694135834e+03 2.118055407900627415e+03
1.603993804574983187e+03 2.139197036136034967e+03
1.604672106463858199e+03 2.262188547850498708e+03
1.641552480098780507e+03 2.165443144814115840e+03
1.521316754683896761e+03 2.175787652324432656e+03
-1.276557887052955039e+03 -2.361390219998006046e+02
1.646348129684098922e+03 2.145780122324384138e+03
9.693167754220411325e+02 1.902830838845266953e+03
1.014957141719824335e+03 2.013192402943631805e+03
1.056800056450322700e+03 1.859612817001096346e+03
-1.529831514092444195e+03 4.319642972334944488e+02
-9.444671080493235422e+02 1.035921886896624528e+03
-9.434699284740686380e+02 1.050554106008112967e+03
1.011925693051865096e+03 2.081287505283082737e+03
-1.608400285473462191e+03 1.581419655043158059e+02
-6.510538282338073941e+02 -6.470569482930118284e+02
1.475153186952061560e+03 2.535855852731077903e+03
1.103030395039535279e+03 2.382335128866490777e+03
8.098449208835224908e+02 1.834406862363952087e+03
8.521629330935467124e+02 1.799730236333039784e+03
8.932837891029832917e+02 1.875732227815106171e+03
1.310343373221974616e+03 2.557177162115040119e+03
1.394795387639029968e+03 2.526702477010680923e+03
1.479639629683302928e+03 2.505870482324966360e+03
1.425170010394118435e+03 2.475966534237638371e+03
1.509643027612576589e+03 2.448759804142973735e+03
1.476728275833528414e+03 2.403519808582105725e+03
1.016738002877497138e+03 2.404521865162540962e+03
1.477588116755093097e+03 2.108501384717744259e+03
1.432372977079159909e+03 2.101589002287121730e+03
1.430898028695485209e+03 2.162069076205285000e+03
1.429848652356741468e+03 2.141555468275363182e+03
1.436401749244972507e+03 2.502852710606884102e+03
1.222078266049740250e+03 2.383620642707208845e+03
1.309094099496981471e+03 2.493504493679781717e+03
1.020641730267584535e+03 1.786963339734246802e+03
1.059014258661947451e+03 1.772425268132441033e+03
1.099865728219700713e+03 1.768753985438666177e+03
5.189046523711130021e+01 1.426714395448078903e+03
8.504198624288329711e+02 2.105576312438040986e+03
7.194949173515158236e+02 2.053230671350206194e+03
9.250211217470366591e+02 2.056451853362479142e+03
7.992205605419970880e+02 2.019672795006233855e+03
9.354767817663013147e+02 2.104851087770435242e+03
8.516681125622683339e+02 2.047751655366817658e+03
7.653774132004414241e+02 1.999201467955607313e+03
7.702302293485422524e+02 1.957437045695733104e+03
1.350046368541010906e+03 2.270004491345870974e+03
1.143553404032708613e+03 1.687205473661153292e+03
1.136124726582775565e+03 1.664970624567627510e+03
1.136585976037911450e+03 1.676942986298186042e+03
6.882826425054958008e+02 1.780455018184946084e+03
7.203530533337532233e+02 1.827095155707937465e+03
6.741448148313808133e+02 1.814178301203850424e+03
1.266223849488403857e+03 2.083521164640433199e+03
1.224216707908398575e+03 2.167021981016710015e+03
1.217365765765942115e+03 2.076026875160688178e+03
7.574348671250745610e+02 1.845305862167750092e+03
7.262644863491905198e+02 1.863689408345763468e+03
7.674324495773757917e+02 1.803037519982997082e+03
8.485423786768889158e+02 2.116037593416095660e+03
1.263692872898369160e+03 2.101204557570630186e+03
6.793422711979380892e+02 2.025438715322963617e+03
7.591553225028152383e+02 2.054910401996151450e+03
7.235196548311356537e+02 2.193008762095164457e+03
9.360125073361548402e+02 2.112347697017732116e+03
7.254791314103109698e+02 2.044961970802748283e+03
6.817628619077963776e+02 2.099601125302986475e+03
-1.403402554776806028e+03 2.691516546890018731e+02
1.555682145911307998e+03 2.173124756557178443e+03
1.391758636148410005e+03 2.119650969200782583e+03
1.301394840661589342e+03 2.172194536823984890e+03
1.389888673733404858e+03 2.159203537696548210e+03
-2.767826818824922839e+02 9.319234173358265707e+02
-2.748288465871506787e+02 9.335186067456475030e+02
-2.318048603544461912e+02 9.337535349564905118e+02
9.299733657829090134e+02 2.161704242715690725e+03
1.261428217505277644e+03 2.057141277104452911e+03
5.995757325067585271e+02 2.102493809599709493e+03
1.346955868556928863e+03 2.098853982192265903e+03
6.865140970133377323e+02 2.117197919036252642e+03
7.704732526472389509e+02 2.138568895454140147e+03
1.010991518714161430e+03 2.115692544908909895e+03
8.544827546838714625e+02 2.115772592325125515e+03
1.267670286533033959e+03 2.074963939584851687e+03
8.100675479101877272e+02 2.056873712034269829e+03
1.060960128179608546e+03 2.107275117947846411e+03
1.342545204107778090e+03 2.175230674655911571e+03
-7.796914905709129471e+02 1.075144083737515984e+03
1.347792643875484373e+03 2.111423380196648395e+03
8.076961456504718626e+02 2.083631079094578126e+03
7.985330751038281960e+02 2.055072407681970162e+03
1.266247485465613408e+03 2.092174468959813112e+03
6.013060490084232015e+02 2.008468969142293872e+03
8.829316396297766687e+02 1.996289170937893232e+03
1.226254497695388636e+03 1.995761257592061384e+03
1.269338727943168578e+03 2.107622163044283297e+03
-1.524023844535530998e+03 3.931689043548655604e+02
-1.566993478322950295e+03 4.249327354258182368e+02
1.266838540267378448e+03 2.131229257668871469e+03
1.271254004683492440e+03 2.145780122324384138e+03
1.228128365843353549e+03 2.167842241248677055e+03
6.408808640287905973e+02 1.866820203647911740e+03
6.435904552316852687e+02 1.866665245292292639e+03
9.381893153134114982e+02 2.025266547674463027e+03
7.699006288979035162e+02 2.021351194791417129e+03
1.347373869013781814e+03 2.014216232509425936e+03
7.216280345952256994e+02 1.919258818826760034e+03
7.699622021319755731e+02 1.961574996332422415e+03
7.245915723523343104e+02 1.955381804391850892e+03
7.275796141692788979e+02 1.987243440203399132e+03
6.803370609388084631e+02 2.011515473171291433e+03
6.869428770226430743e+02 2.020295835526794917e+03
7.233717391441755353e+02 2.012865690751334569e+03
1.215002299244095866e+03 1.992807678431904151e+03
8.114386541300856379e+02 2.078098920663018362e+03
1.229395933565323048e+03 2.052125698432339959e+03
1.219064658425155812e+03 2.019863172116965643e+03
1.215213812483556922e+03 1.992317141407110739e+03
8.122229155013889113e+02 2.052813509931967928e+03
1.226071223193952619e+03 2.043956545616021458e+03
8.431242349030949299e+02 1.964934309525833214e+03
1.308723032800289957e+03 1.984372917346908480e+03
6.842849598857865203e+02 2.043081473194622959e+03
1.307568812744882507e+03 2.043815912972277147e+03
1.019320203539727345e+03 2.014573155531233397e+03
7.660361964441058262e+02 2.073640492838463615e+03
7.691219479474392529e+02 2.047052687538590362e+03
1.226991471945484818e+03 2.043258105613492489e+03
8.539895210064022422e+02 2.082368284094473893e+03
7.257028781796202566e+02 1.985114700688047151e+03
9.227028495807902573e+02 1.962002825577759040e+03
5.503295194954520184e+02 1.908061543548733653e+03
-1.272785488296412268e+03 3.369193625905083422e+02
-1.230453899765929464e+03 3.371997670818414008e+02
-1.286815511497233956e+03 3.453590220354835765e+02
1.266050608740304597e+03 2.059693306274005408e+03
1.352644969464941823e+03 2.046602305969850931e+03
7.657294771817288392e+02 1.996219159332157005e+03
7.623364750509293799e+02 1.968060998144163477e+03
8.005860417140895606e+02 2.054375429816704582e+03
1.217915653285687540e+03 2.028534603500732828e+03
1.352969181942216665e+03 2.017853346329290162e+03
-5.664089884290413011e+02 -5.678035451184700122e+01
-5.255752880465470298e+02 -8.646907075961503608e+01
-5.660914790671109813e+02 -1.094848220968026453e+02
8.500806625938922707e+02 1.683101814535666335e+03
8.539812738558246110e+02 1.667870463188870872e+03
8.427892606398152111e+02 1.634614984321352949e+03
8.523376409610641531e+02 1.984214802687650717e+03
8.883340690098254981e+02 2.039700612920128606e+03
8.898807569746131776e+02 1.995784519639957125e+03
-7.774452324804758518e+02 -9.319295718305638729e+02
-1.914804637780203791e+02 6.988574196015837288e+02
-1.921411892218205253e+02 6.478170167534307211e+02
-3.964493330960228832e+02 5.812809059256979936e+02
-3.985370179036262925e+02 5.732970910418051744e+02
-1.394469258116407673e+02 6.515339484479226257e+02
-1.881347780548746869e+02 6.406167976039562291e+02
-1.454159346862346922e+02 6.449201676746002931e+02
-1.106429794336047280e+03 1.133023234544585875e+03
