-3.607247023643560055e+02,7.932893453412337976e+02
9.967440084973496539e+01,1.181947624988812322e+03
-6.100352972118537309e+02,6.115785767139011568e+02
5.625394953142080112e+02,1.125040647674586808e+03
4.733039892367532957e+02,1.182143628307404242e+03
1.016478129836555581e+03,1.483303073444157462e+03
-7.825666874932858263e+02,-4.905189931284386518e+01
-6.934212393037400943e+02,7.026572674992438579e+02
-3.971857146300068848e+02,1.262261858839995284e+03
-6.877742546862341442e+02,3.448448676749047763e+02
-7.005645332449939815e+02,6.079319753448559140e+02
1.099264370716686017e+03,1.571573802844214242e+03
-5.323119776197249848e+02,6.413547452931824182e+02
1.342536046149181402e+03,1.989493735305666178e+03
3.495933672734385596e+02,1.242020620047290549e+03
1.009047952022830827e+03,1.511242054042053269e+03
-3.954786846866389851e+02,9.449954676750854787e+02
1.223064436637562949e+03,1.483383025313399912e+03
-7.347948606394760418e+02,8.529583783062518023e+02
-4.377115046858298797e+02,1.425115947675071993e+03
-8.544827546854508000e+02,2.248147476747107021e+02
1.307914711956774909e+03,1.483360417925696993e+03
-3.954786846866389851e+02,7.649502876747943674e+02
-9.904005978705457665e+02,1.030498236773342796e+03
-8.674767198067418121e+02,6.819107176604373421e+01
-8.239781871086694309e+02,7.591593617084045036e+02
1.176470208897016391e+03,1.929031741526136557e+03
8.006784239347487073e+02,1.539609109081690121e+03
-4.435465975925820885e+02,7.331800500684561257e+02
-1.448987719732988126e+03,-5.153608506398871469e+01
-8.544827546854508000e+02,8.249653476748914045e+02
-1.199249752454549707e+03,1.180224145850597552e+03
3.489629093273095464e+02,1.181746601273113811e+03
1.527549638115482367e+01,1.511414170061405457e+03
4.791852453145997401e+02,1.185055707674683845e+03
4.667366757852430510e+02,1.270562741198144295e+03
-7.401605401801679136e+02,4.283537034796173089e+02
-4.011398221378543667e+02,1.911472648004509836e+02
-9.432168230993190718e+02,4.620282845061618104e+02
1.312727745313841524e+03,1.695183717674718991e+03
5.700894583007359984e+01,1.212952913887084151e+03
-4.484172506287085298e+02,4.595800396863847936e+02
-3.329638299400090773e+01,1.209231029959954640e+03
-6.094843661908837475e+02,8.211961164529595862e+02
-9.010025746226311867e+02,8.828578072933222529e+02
1.098528584441616431e+03,1.482340923061996364e+03
1.056226354091720623e+03,1.422333528888434103e+03
1.348213583108732792e+03,1.482131592033970264e+03
-9.842292338935575344e+02,7.107410203585874342e+01
-3.245778659165837610e+01,1.177893989622376239e+03
-1.572462438463001320e+02,1.238637165367613989e+03
-1.312375434685489154e+03,6.749276976746488117e+02
-5.270056316398707850e+02,2.226332181838323265e+02
1.259533699585285603e+03,1.478783926064209709e+03
-6.993544175256080280e+02,6.693517366862669178e+02
1.104897815314207492e+03,1.725191247674767510e+03
-1.609593144430116126e+03,6.712159728199353594e+02
1.432711316417237185e+03,1.541845897979292204e+03
-9.849100736947648329e+02,1.361737469643252098e+03
1.188252065313815820e+03,1.455123477675120512e+03
9.726387619785555216e+02,1.481806894162625213e+03
1.146019245314625095e+03,1.515138537674427880e+03
-4.903126713400653216e+02,6.679392233878462548e+02
-3.126735507806375267e+02,8.142155854131898423e+02
-1.104545504685855121e+03,1.065025587674489771e+03
2.664481686575910544e+02,1.272830648769568825e+03
-4.492770159485027079e+02,1.239653086450902265e+03
1.188252065313815820e+03,1.545146067674476399e+03
-1.110220930140453675e+03,5.532975057568930879e+02
-5.271145979304961884e+02,8.516583663832648199e+02
-4.438831193688901067e+02,1.422594666330609243e+03
-3.543572546862215518e+02,1.395108417675023475e+03
3.017091462517321929e+02,1.538880775187820291e+03
-2.404006832418617989e+02,1.388402887353103779e+03
-7.405404709238599708e+02,1.420711930039521121e+03
4.742812938554697553e+02,1.361575320501541682e+03
-1.324090266223720164e+03,1.150874346532084701e+03
-4.020569310484174821e+02,1.482375638565705685e+03
1.181830065018172718e+03,1.453231976319156956e+03
-8.544827546854508000e+02,1.395108417675023475e+03
3.833151509038184486e+02,1.178220018237609338e+03
-7.407231470850108508e+02,1.180437566801269213e+03
-1.161825807784537403e+02,1.359767078614393995e+03
4.263006121196432332e+02,1.118951215743173179e+03
-6.929561101833144221e+02,4.125038747969676223e+01
3.486637696351980367e+02,1.271561403508149397e+03
-6.935409444651431841e+02,2.526870174577356636e+02
1.390685931925307614e+03,1.422083354811715026e+03
1.259786353631616066e+03,1.630303439622110545e+03
-7.014049799622921455e+02,7.895251846640986741e+02
-4.434828676896012212e+02,6.728137254729776942e+02
3.024132911310483109e+02,1.210290833939186768e+03
-9.378370046866384655e+02,5.548975776744547375e+02
-7.353537974754143534e+02,7.314522823144615131e+02
-6.170128476753519635e+02,5.795248930932565372e+02
-2.343752490676213824e+02,1.001673450446637275e+03
-3.248572400542426521e+02,1.059598375024669167e+03
-1.533777509906834666e+03,9.688432189579734768e+02
-1.401571890219943725e+03,-4.856807297810228619e+01
-6.110068344964041671e+02,1.211582208742886678e+03
-8.231134905627839089e+02,2.195420726383667329e+02
1.021543565314599164e+03,1.575153597674524917e+03
-3.611690856406374905e+02,1.363014809220998359e+03
1.091934811964004439e+03,1.538625007486644108e+03
9.676104862395662849e+02,1.541116459611436312e+03
1.057688981342066427e+03,1.363241642290288610e+03
-3.257151769982514224e+02,7.004095540052308024e+02
-3.196002248187884334e+02,6.010482142657943996e+02
8.487723101647443400e+02,1.422330565611113570e+03
-4.894989515196448338e+02,1.361347361703756405e+03
-4.377115046858298797e+02,1.305085827674877919e+03
2.225682660767077437e+02,1.662897800425339483e+03
-5.265944438583862848e+02,6.119922924370907822e+02
1.341690467235981259e+03,1.569271744870520024e+03
-9.086273838168762040e+02,7.294144263885572173e+02
-7.364346708561423327e+01,1.509871808205303523e+03
-2.403283919311314776e+02,9.079764536573784426e+02
-1.982123905486301112e+02,1.090023058224651095e+03
-6.877742546862341442e+02,1.245070767674780882e+03
3.067076397260236718e+02,1.482828110714979857e+03
5.149153834176133842e+02,1.273003304865871087e+03
-7.345580137265155827e+02,1.152645490624258628e+03
-1.234249116838767804e+03,1.032794298548837105e+03
-7.831384007947007149e+02,1.278036608247373636e+02
-5.731408526830452956e+02,7.587837889002780685e+02
-1.145666934686272498e+03,1.065025587674489771e+03
1.175607277185292787e+03,1.898357475180058600e+03
7.714808153141948424e+02,1.905236427675058621e+03
2.713553153133862565e+02,1.665176187674670473e+03
9.724389945026434816e+02,1.572639566063360007e+03
4.252737349929053607e+02,1.449503111542677971e+03
-1.506344650573915374e+02,1.332106033350656389e+03
-2.287701846858429917e+02,1.647996876746136650e+02
-2.710030046866132238e+02,1.005010527674392733e+03
-5.210657546854381508e+02,6.449201676746002931e+02
1.271606315313424147e+03,1.695183717674718991e+03
1.104897815314207492e+03,1.395108417675023475e+03
5.559297567338724093e+02,1.692134856471339617e+03
2.713553153133862565e+02,1.455123477675120512e+03
5.927481960189202255e+02,1.390308227851023275e+03
1.021543565314599164e+03,1.365100887674974956e+03
-3.168863748409231675e+02,6.416373788016717299e+02
6.830583981500560640e+02,1.961837746208048202e+03
1.146019245314625095e+03,1.485131007674379362e+03
1.457682453145870909e+02,1.635168657674621954e+03
1.880010653137779286e+02,1.515138537674427880e+03
5.214180653137905210e+02,1.455123477675120512e+03
3.848651049431157958e+02,1.449634747608102998e+03
1.093621187095543064e+03,1.450341192898087229e+03
-5.745953244547772556e+02,6.694072350587400706e+02
1.021543565314599164e+03,1.485131007674379362e+03
3.547095653145739789e+02,1.245070767674780882e+03
-8.248161112683693545e+02,5.496996542377961532e+02
1.229373495314233423e+03,1.545146067674476399e+03
8.073601707993066157e+02,1.602517328522402750e+03
1.271606315313424147e+03,1.425115947675071993e+03
-1.942968946124344427e+02,4.329880849938846268e+02
-1.454159346862346922e+02,1.605161127674573436e+03
1.188252065313815820e+03,1.635168657674621954e+03
-6.689067354245798924e+01,1.512699479010711684e+03
-1.108806783752658589e+02,1.061438379304675891e+03
-3.114079749287312779e+02,1.241491569487711217e+02
-5.322722778567069781e+02,6.407379583734651760e+02
-3.168608629959661016e+02,4.624305773629733949e+02
7.242986942708930655e+02,1.512919669703670934e+03
1.093086689822292328e+03,1.449598747997233431e+03
8.959564953142206605e+02,1.185055707674683845e+03
1.021543565314599164e+03,1.095033117674538289e+03
1.098380962085040665e+03,1.123217228185533259e+03
-6.882767460664761927e+01,1.242620739798742989e+03
6.881265653145866281e+02,1.815213837674913066e+03
3.480217404059661703e+02,1.723393209269047702e+03
-3.672197156353367973e+02,4.294142839326869421e+02
8.835477603227104737e+02,1.539311733424574186e+03
1.062664995313437203e+03,1.545146067674476399e+03
-5.272981422690362479e+02,1.152176573628960568e+03
-3.189684836231026566e+02,1.242551139471503348e+03
9.322271543169908909e+02,1.363028239988148243e+03
-4.059859730125597821e+02,1.029776344648461418e+03
1.062664995313437203e+03,1.635168657674621954e+03
-3.604206247495811795e+02,1.091486449509636259e+03
-1.567859499003807286e+02,1.237611016654964715e+03
-9.850023743578108224e+02,4.314910650438173434e+01
5.151501379187477596e+02,1.302910189518462403e+03
1.099999734772892907e+03,1.542580202346417309e+03
1.009818545670206390e+03,1.569712755231170831e+03
-1.025863557068938235e+03,9.727386396374772630e+02
-2.821588344463721114e+02,7.001768527212343542e+02
4.269610479430231180e+02,1.119207037797928706e+03
1.050668022730882512e+03,1.511585819796397800e+03
-7.351851391899364216e+02,6.112565011230087748e+02
1.819156285390402559e+02,1.451449640690840852e+03
3.491045920140712724e+02,1.663073894952331329e+03
-6.877742546862341442e+02,2.548222776747592206e+02
-7.405013290500418179e+02,5.494064769948989806e+02
-6.924939564445789983e+02,4.913661036542570173e+02
-6.877742546862341442e+02,8.249653476748914045e+02
-1.145666934686272498e+03,1.155048177674635326e+03
-2.827893767645698517e+02,1.609562958325802811e+02
1.093392398767801751e+03,1.597675482828806253e+03
-8.184723424634102003e+02,1.620467427052516314e+02
-7.357073667465803055e+02,1.211413073509863807e+03
-7.711285046858424721e+02,1.245070767674780882e+03
-5.686589188674284969e+02,7.621339249045588531e+02
-8.681968602300073599e+02,9.403150192561047334e+02
2.616883183253412426e+02,1.268508952255951954e+03
-1.688025254686272092e+03,7.649502876747943674e+02
-3.601311688359517689e+02,1.002618883821612712e+03
-3.168855062513156895e+02,1.483326758439010518e+03
-3.182350346443358262e+02,1.511350904772589502e+03
-6.098781336000636202e+02,1.183083805385100504e+03
9.681910232300799635e+02,1.540697731762354124e+03
-3.954786846866389851e+02,4.348674576750503320e+02
5.570478704478462078e+02,1.331454752661151815e+03
-9.789584346854766181e+02,1.005010527674392733e+03
-3.219121366994289701e+01,1.117734715700014931e+03
-1.278268087753659074e+03,9.295644306753270030e+02
-1.229021184685880826e+03,4.048599276750018134e+02
-3.227844072798523598e+02,1.582765442693169007e+02
1.139734266642108651e+03,1.363123975867845047e+03
-1.062312684686664397e+03,9.149879376750369602e+02
-1.233701545585877966e+03,1.121584937616658635e+03
1.217001120516354149e+03,1.777907719507001957e+03
5.999950150775938482e+02,1.183143892986259743e+03
5.915315282171577564e+02,1.149260738981267195e+03
-1.534053382771845975e+02,5.714730607701094414e+02
6.047723153133988490e+02,1.065025587674489771e+03
-2.353098643998595207e+02,6.418473110949952343e+02
-5.274448486609165911e+02,4.020805569491814708e+02
-2.632594155603045749e+01,1.572822933262567176e+03
2.713553153133862565e+02,1.215063237674732363e+03
-1.193392606610193980e+03,1.063118300553380323e+03
-1.587731038805943058e+02,1.178177321873138681e+03
-1.484404540687643703e+03,6.723045404568308641e+02
-2.844931975748218065e+02,1.147481827506043828e+03
-7.818151537775202087e+02,-2.116585537067090428e+01
9.839089839469124854e+00,1.268515305896315795e+03
1.098268517752870821e+03,1.512260264280556839e+03
1.140674927985407749e+03,1.692128190527497281e+03
1.091748386959203572e+03,1.599754556914883096e+03
1.096893316467075863e+01,1.359422630664153075e+03
1.177272107690104576e+03,1.479649031396329747e+03
9.665870224455875359e+02,1.629781921854714255e+03
2.129256531456131540e+01,1.275078297674829400e+03
8.428596148944510560e+02,1.749155855372861197e+03
3.124767453138036899e+02,1.305085827674877919e+03
9.327967885096990130e+02,1.273501377032965593e+03
-1.068068204913613727e+03,9.421038288151173674e+02
-1.200791420833242455e+03,8.806083940442972562e+02
-4.022875846004633900e+02,6.731966667553627985e+02
-2.819922180720390656e+02,6.091657285639739712e+02
-3.660925744006167974e+02,6.082247009047631536e+02
-1.187899754685463449e+03,4.648749876750988506e+02
-3.176728114499081812e+02,1.361732491295563250e+03
-1.160069033689268707e+02,1.149696430906294836e+03
-2.004962414362706227e+02,9.693054165750490938e+02
-9.442468760200365523e+02,1.063068515680320388e+03
-5.735411450913902627e+02,4.895076889587918458e+02
-1.116248523483761574e+03,1.060100868050625422e+03
-9.490677750236598058e+02,7.888601589826497502e+02
-4.377115046858298797e+02,1.305085827674877919e+03
1.330861736457146947e+02,1.180286740442983955e+03
-3.608314542692031637e+02,1.302891430833090453e+03
1.104897815314207492e+03,1.455123477675120512e+03
1.046468153141696291e+02,1.185055707674683845e+03
1.010119068335518705e+03,1.540578058867688014e+03
-1.924503219729589603e+02,1.062658774576336327e+03
-3.934580183990194655e+02,9.960473924578177503e+02
-2.763523145613574457e+02,1.212191751262873140e+03
6.881265653145866281e+02,1.125040647674586808e+03
1.188252065313815820e+03,1.545146067674476399e+03
-7.711285046858424721e+02,1.095033117674538289e+03
-7.402160419704198375e+02,1.119193491915285222e+03
1.091360876174590885e+03,1.690670932698326169e+03
1.014774138385330616e+03,1.481465534049891858e+03
1.062664995313437203e+03,1.485131007674379362e+03
-5.621871846858556410e+02,1.395108417675023475e+03
1.104897815314207492e+03,1.965251487675155659e+03
-7.838256491805393580e+02,1.288014437856074039e+02
1.140689803868840954e+03,1.542837910127411305e+03
1.062664995313437203e+03,1.485131007674379362e+03
9.273988256594486757e+02,1.238782013473407005e+03
-2.710030046866132238e+02,1.245070767674780882e+03
3.487108435685092900e+02,1.542965673851132578e+03
-6.455414346854639689e+02,8.249653476748914045e+02
4.791852453145997401e+02,1.665176187674670473e+03
9.111628960630213214e+00,1.329480339517177299e+03
1.009795903075749948e+03,1.598770540820372844e+03
9.268843223079691143e+02,1.601343337083050528e+03
-8.190460311587942215e+02,1.152249918786645367e+03
1.062664995313437203e+03,1.575153597674524917e+03
-8.670754911023402656e+02,5.802126336084320428e+02
1.146019245314625095e+03,1.575153597674524917e+03
-8.237205440340917448e+02,-2.002963353618507369e+01
-2.417155435765430980e+02,6.992817313698321868e+02
-4.919729283436588503e+02,4.591720243608600072e+02
-5.683835582712205223e+02,-1.757498390734031545e+03
-4.849919694608533973e+02,7.912483637169202666e+02
-9.856687641112282563e+02,8.217836772093206719e+02
1.099290681740650371e+03,1.601495899783479445e+03
-6.044200046866258162e+02,3.748523976749532949e+02
-6.564568626933565838e+02,7.901505430719594187e+02
3.435136870962404601e+02,1.689008782806004774e+03
1.176994830822445238e+03,1.630145374955763373e+03
5.625394953142080112e+02,1.185055707674683845e+03
-1.160563317348159273e+02,7.889905080293272022e+02
1.046468153141696291e+02,1.485131007674379362e+03
-5.684362598030362506e+02,5.226357216622442365e+02
-7.336869565491398362e+02,1.242799439047428223e+03
-4.377115046858298797e+02,1.425115947675071993e+03
1.146019245314625095e+03,1.515138537674427880e+03
1.493253036728731331e+01,1.153435448076780631e+03
-3.590936928094254199e+02,3.116451195911818104e+02
-4.439315559108741809e+02,7.617353719402600518e+02
1.056094984947074408e+03,1.211983652280108345e+03
-7.711285046858424721e+02,4.476956767441957652e+01
1.354960565314611813e+03,1.545146067674476399e+03
-7.774458548462922636e+02,1.421960609339512757e+03
-4.377115046858298797e+02,4.048599276750018134e+02
8.126022453146123325e+02,1.545146067674476399e+03
-1.021191254686246793e+03,1.035018057674441252e+03
-1.485066686573860352e+03,7.325587233096401860e+02
7.237486556328930192e+02,1.722791090812764196e+03
-6.575738178924821113e+02,2.788936481762130484e+02
-7.408833024740368955e+02,6.792993871533514039e+01
-8.122499346862599623e+02,9.149879376750369602e+02
-9.003240596816871175e+02,1.091297276941629434e+03
-6.877742546862341442e+02,7.649502876747943674e+02
-4.890656991084054539e+02,9.691250196924596594e+02
-2.710030046866132238e+02,1.095033117674538289e+03
5.924096165424037963e+02,1.269170787639973014e+03
-8.184073308807764988e+02,1.153203477219792831e+03
9.269395238580483465e+02,1.629085264921081034e+03
6.458937453138163391e+02,1.665176187674670473e+03
1.396081995313449852e+03,1.545146067674476399e+03
5.564034659650676531e+02,1.242540612000762849e+03
5.928956712672877529e+02,1.181103442903136056e+03
-2.287701846858429917e+02,4.948825176751473691e+02
2.648544461476544711e+02,1.423440489063783616e+03
-4.846703145718291239e+02,9.126888481921971561e+02
1.135278322020156338e+03,1.540756556901758586e+03
-6.168814850551250402e+02,8.347987551342647805e+00
-5.257578410776395685e+02,6.428285717246600370e+02
1.104897815314207492e+03,1.515138537674427880e+03
-4.440961694668807240e+02,4.017783404546917154e+02
-6.044200046866258162e+02,3.448448676749047763e+02
7.597462717009036623e+02,1.418758357102918353e+03
5.502888144253604423e+02,1.087905986978190640e+03
-5.266807204163744700e+02,3.424900722282296783e+02
1.015622939444160011e+03,1.512247262101910110e+03
-1.454159346862346922e+02,1.335093357674926438e+03
-3.184028875643743390e+02,1.453101840507756606e+03
-9.017497024078365939e+02,8.520734113301889465e+02
-8.240599918680467226e+02,1.270465807880564398e+03
1.457682453145870909e+02,1.575153597674524917e+03
-3.601376932665400545e+02,6.727974001165409845e+02
-3.543572546862215518e+02,1.335093357674926438e+03
1.188252065313815820e+03,1.515138537674427880e+03
9.793107453138289884e+02,1.485131007674379362e+03
4.277897473631939533e+02,1.299854559988710207e+03
-4.915599233794563361e+02,1.358032395124946106e+03
-9.789584346854766181e+02,1.035018057674441252e+03
6.241399531339939699e+01,1.335093357674926438e+03
-3.549393532051832381e+02,1.262553105134260932e+03
-7.357431796391761054e+02,9.123691889771731667e+02
-3.661112434498459720e+02,1.209055842719754082e+03
-9.070259672900481291e+02,9.094324510843066491e+02
-5.729969804762667991e+02,3.082577770279107199e+02
2.129256531456131540e+01,1.365100887674974956e+03
9.793107453138289884e+02,1.575153597674524917e+03
1.133646360429066362e+03,1.570450871199407175e+03
1.057849823030218886e+03,1.512921289026377963e+03
-5.334116998542189094e+02,8.185026497859423671e+02
-9.438775563642099087e+02,9.418414173603904374e+02
9.281642022634599698e+02,1.630363462632148185e+03
-8.186436381890214307e+02,1.327665091271320819e+02
3.415204807637544491e+02,1.571045514238441001e+03
-5.210657546854381508e+02,6.749276976746488117e+02
-1.876487546854255584e+02,1.365100887674974956e+03
-4.500761949146698271e+02,2.480179986988368341e+02
1.229373495314233423e+03,1.575153597674524917e+03
7.647591499724719597e+02,1.903257150250970199e+03
-9.066822111043785526e+02,8.125770786842579696e+00
-8.661455037820480811e+02,1.028926234368747600e+03
-6.154824422500041692e+02,7.586618680058852533e+02
2.168787201830667186e+02,1.389745436508531611e+03
-1.516191045245729185e+02,1.061820816905347783e+03
8.897728337414064299e+02,1.543283476240995697e+03
-2.402638118683304640e+02,1.418242949063517926e+03
8.435778326308229680e+02,1.840360778701267236e+03
1.431832216961742688e+03,1.542575542430201949e+03
-2.767750399819880158e+02,1.122466752050376726e+03
1.775525179952587109e+02,1.239437064105501349e+03
8.126022453146123325e+02,1.575153597674524917e+03
-6.455414346854639689e+02,8.249653476748914045e+02
9.274377464642639097e+02,1.570542552921522656e+03
-6.505038919412224914e+02,1.241808922299108872e+03
6.458937453138163391e+02,1.515138537674427880e+03
5.111087980909948101e+02,1.238087790969537309e+03
-5.210657546854381508e+02,1.245070767674780882e+03
1.056871835973960515e+03,1.511539041672308031e+03
-1.927779993260651281e+02,1.362896620429615268e+03
9.319209321503119554e+02,1.543020704409616428e+03
1.091808030152787978e+03,1.450631455484882963e+03
8.490680142137723578e+02,1.663482649051099088e+03
-4.073186404607914710e+02,7.294697398321945911e+02
-2.832632897626580188e+02,8.781641478574118764e+02
-3.543572546862215518e+02,7.649502876747943674e+02
1.056199232951541489e+03,1.931745242742900928e+03
-6.044200046866258162e+02,1.365100887674974956e+03
-6.566488767187214535e+02,8.209836834890885484e+02
-5.681188012924096711e+02,9.116356442216333562e+02
-1.271254004686651115e+03,9.750029976751339973e+02
1.260901832680427560e+03,1.419835967927995853e+03
-6.954154327756893963e+02,4.522438216374720241e+02
5.507492031230351586e+02,1.120778248308407910e+03
4.313668181788571019e+02,1.662358042781587983e+03
-4.481149668470951610e+02,1.689841904963710022e+03
-5.269530033912955105e+02,4.016068363132820309e+02
-1.926522657399992227e+02,1.092250259400884261e+03
7.167461348591558590e+02,1.750084361705987703e+03
1.396081995313449852e+03,1.725191247674767510e+03
-4.788329346862473130e+02,1.095033117674538289e+03
-2.391565789340232868e+02,1.389328957316198057e+03
8.126022453146123325e+02,1.875228897675010103e+03
-8.234607351301999643e+02,1.178377507088791390e+03
8.842569536433975372e+02,1.509081629156265535e+03
1.021543565314599164e+03,1.605161127674573436e+03
-4.490459741721729756e+02,1.208971472213048173e+03
1.188252065313815820e+03,1.575153597674524917e+03
-7.351683040316883080e+02,1.316053283681590074e+02
1.092065415910008142e+03,1.447589019132961084e+03
-2.287701846858429917e+02,9.149879376750369602e+02
8.826770403666943139e+02,1.959041910418558473e+03
1.181568228060617912e+03,1.393160139905825872e+03
-1.454159346862346922e+02,1.335093357674926438e+03
1.133702799794672728e+03,1.478641347646981785e+03
-1.062312684686664397e+03,1.065025587674489771e+03
-2.287701846858429917e+02,1.155048177674635326e+03
-6.044200046866258162e+02,1.395108417675023475e+03
4.380638153141822499e+02,1.545146067674476399e+03
1.062664995313437203e+03,1.125040647674586808e+03
-4.483631674819588966e+02,1.509206372744979717e+03
-3.121244346854513196e+02,1.335093357674926438e+03
7.589130322039372913e+02,1.538294144654799084e+03
-7.338159990140769651e+02,1.151355772419006826e+03
-8.650404448582442001e+02,1.030333790367878919e+03
4.380638153141822499e+02,1.155048177674635326e+03
-2.411440545881779371e+02,1.239540395354003522e+03
-9.789584346854766181e+02,8.549728776749399231e+02
-7.288956846866516344e+02,6.449201676746002931e+02
-4.788329346862473130e+02,8.549728776749399231e+02
-8.674987227095811022e+02,1.579663839600072208e+02
-4.788329346862473130e+02,9.449954676750854787e+02
-1.317585025336802801e+03,-1.087490751238192104e+02
-9.843874315792519383e+02,1.241686746312705282e+03
1.141014580066387452e+03,1.121610298124616975e+03
1.188252065313815820e+03,1.155048177674635326e+03
1.182699953645318601e+03,1.482138348153313700e+03
-7.248596045218371842e+01,1.568909066280138859e+03
-4.437830751674869134e+02,7.915337847856291091e+02
1.384456422210887922e+03,1.510328025103684467e+03
-3.173051460353049151e+02,7.614605354763697278e+02
1.099920379253126839e+03,1.571872404199852554e+03
-4.003374509031929165e+02,1.451351497924191790e+03
3.547095653145739789e+02,1.215063237674732363e+03
5.214180653137905210e+02,1.125040647674586808e+03
-9.066449271439140603e+02,3.689557374710191198e+02
3.418782415851528640e+02,1.510939933618891018e+03
-4.903877370389844259e+02,5.774923249985362190e+02
1.094336234862689707e+03,1.510996543773142321e+03
1.062664995313437203e+03,1.545146067674476399e+03
3.009218938518192203e+02,1.209644882329538405e+03
-3.653415908729932653e+02,1.570308383881617829e+03
-4.091887382428928959e+02,1.509221618204954893e+03
-2.389392107948207808e+02,1.540747072112544402e+03
-8.247321884290792013e+02,6.708396129734970827e+02
-4.437109028046162962e+02,7.628478868533578634e+02
-7.288956846866516344e+02,1.125040647674586808e+03
-6.097828181150454157e+02,4.932337372684456227e+02
-2.340552111148606969e+02,1.033101150288834106e+03
1.880010653137779286e+02,1.395108417675023475e+03
-3.954786846866389851e+02,1.395108417675023475e+03
8.831149952134325076e+02,1.510430759507574749e+03
-8.956041846858682902e+02,6.749276976746488117e+02
-1.323681444472202202e+03,1.207901981571385932e+03
-1.103505871036474275e+02,1.183046877096314802e+03
-6.044200046866258162e+02,1.365100887674974956e+03
-5.330581207356175355e+02,1.389774190208993105e+03
-5.210657546854381508e+02,1.215063237674732363e+03
1.104897815314207492e+03,1.515138537674427880e+03
9.316117124258656759e+02,1.542616188977940283e+03
-4.086497357876723413e+02,1.150184168006690925e+03
-7.761560475434664568e+02,1.182915027475788065e+03
-5.210657546854381508e+02,4.048599276750018134e+02
-6.513046085113866184e+02,1.272579838682768241e+03
-6.519467427283366305e+02,1.301434611258229097e+03
8.840538012398790215e+02,1.420919144277987925e+03
1.009724688638547377e+03,1.598800350918487766e+03
1.016359314834355018e+03,1.543106518042586458e+03
-7.408469941662036717e+02,2.193769656508243315e+02
-6.877742546862341442e+02,6.449201676746002931e+02
-3.954786846866389851e+02,7.949578176748428859e+02
-6.455414346854639689e+02,5.849051076745032560e+02
-4.788329346862473130e+02,7.949578176748428859e+02
-8.122499346862599623e+02,1.185055707674683845e+03
-7.288956846866516344e+02,1.155048177674635326e+03
-4.009417585146561009e+02,6.896474890352496914e+02
1.271606315313424147e+03,1.245070767674780882e+03
6.829294857502356990e+02,1.241493364491193461e+03
4.676624473102376101e+02,1.479353150229290577e+03
-7.824467889494143265e+02,4.598673891964589870e+02
-1.365660664603764189e+03,8.482164372995100621e+02
-4.436371221968112195e+02,7.311602420365595663e+02
-7.776038336930687365e+02,1.482184818565972819e+03
-8.601754193669231654e+02,1.483020063715463493e+03
-5.682845400130725011e+02,1.392479408501428907e+03
-4.915676972798181055e+02,1.327764390772067145e+03
1.146019245314625095e+03,1.455123477675120512e+03
-3.670840081955070673e+02,1.270001858690592599e+03
3.958309953134120178e+02,1.545146067674476399e+03
3.431080545681718377e+02,1.177692401011347329e+03
8.066430626864898841e+02,1.363071662576106974e+03
-7.820838766889456792e+02,1.419431249080049156e+03
9.256916040503987233e+02,1.389947259388233533e+03
6.241399531339939699e+01,1.545146067674476399e+03
-3.234367910929729533e+02,1.088673220427894648e+03
-6.935629790866747726e+02,8.814075239572849796e+02
-8.956041846858682902e+02,2.248147476747107021e+02
-5.677663499776087974e+02,1.211272599810202792e+03
-4.841380633225003294e+02,3.113233168200529803e+02
3.547095653145739789e+02,1.305085827674877919e+03
-4.788329346862473130e+02,1.125040647674586808e+03
6.391019402573028856e+02,1.751769726838904035e+03
7.292479953134246671e+02,1.695183717674718991e+03
5.509351287104491348e+02,1.539773003503256405e+03
-5.678928679928503698e+02,7.927535523026278952e+02
-5.727386147357548225e+02,4.585839899002112361e+02
6.241399531339939699e+01,1.425115947675071993e+03
-3.121244346854513196e+02,1.245070767674780882e+03
-7.765510799951082390e+02,1.093065603208711082e+03
-2.845425108860233649e+02,4.578780523706894314e+02
-3.667806415813644776e+02,1.299500768133915699e+03
4.257248667253777512e+02,1.689439447569440290e+03
3.124767453138036899e+02,1.695183717674718991e+03
5.993296811177167456e+02,1.723258260364455509e+03
3.958309953134120178e+02,1.245070767674780882e+03
-7.357192795769650502e+02,1.330134747854046395e+02
4.791852453145997401e+02,1.605161127674573436e+03
-1.876487546854255584e+02,1.215063237674732363e+03
-7.823758977750093209e+02,6.999344725516756398e+02
-8.644551857168288507e+02,1.118631561470819634e+03
1.057899892106425114e+03,1.573365320362685225e+03
-8.255715974398985963e+02,1.089441466024177998e+03
1.344027507161138715e+02,1.479565537197662252e+03
-6.455414346854639689e+02,7.349427576747458488e+02
1.091481367601988950e+03,1.720458242788461575e+03
-8.122499346862599623e+02,1.155048177674635326e+03
-7.761466827318677133e+02,7.028871312553802682e+02
-3.183546137064458890e+02,7.922418379201750440e+02
-4.377115046858298797e+02,1.215063237674732363e+03
-5.681172694326184001e+02,3.727536690822238370e+02
1.266443549069146911e+03,1.482945027365376518e+03
-1.508559922558174833e+02,9.730974427897795067e+02
-1.187899754685463449e+03,1.347921576745651464e+02
-8.191177576910682774e+02,1.242410322091607213e+03
2.236476879533493616e+02,1.723241099122636797e+03
-2.760846952971124892e+02,9.721800709763809891e+02
-2.350816620047924630e+02,1.211723907089992736e+03
4.673905035798621839e+02,1.240342507944628323e+03
9.679631776564806387e+02,1.390660694905137234e+03
1.099378050615345728e+03,1.511949189723338122e+03
-8.236438641612448919e+02,5.789623664153989466e+02
1.175524471924895806e+03,1.540140782822758183e+03
3.958309953134120178e+02,1.245070767674780882e+03
3.488590584864181210e+02,1.212970865260430855e+03
-1.116931769518057990e+03,1.181207389040669113e+03
1.182246732048560261e+03,1.542286341922090287e+03
-7.711285046858424721e+02,6.449201676746002931e+02
-1.359528345057575052e+03,1.091402762862703867e+03
-2.759045227457357328e+02,1.092969546049918108e+03
-1.067508743955623686e+03,7.201747615651551371e+01
-2.003096961127081954e+02,9.085622730973381067e+02
-5.264718095090045153e+02,7.915831074246500521e+02
-8.189163848352175137e+02,6.129912851423742950e+02
1.229373495314233423e+03,1.365100887674974956e+03
-1.229021184685880826e+03,1.005010527674392733e+03
-7.711285046858424721e+02,7.049352276746973303e+02
5.625394953142080112e+02,1.125040647674586808e+03
1.055956329812088825e+03,1.571779393656744332e+03
5.165651635095849770e+02,1.182697670907124802e+03
-7.342127276663355815e+02,1.121331049880931687e+03
-1.110551515791076781e+03,5.219870870339195790e+02
-2.828270124087782733e+02,9.091078769179143819e+02
-8.956041846858682902e+02,5.248900476744062189e+02
-3.186797924358811542e+02,4.028002919226532867e+02
9.330898516818624557e+02,1.842700197985570412e+03
-3.121244346854513196e+02,8.549728776749399231e+02
-6.044200046866258162e+02,1.605161127674573436e+03
-2.819022591259810042e+02,1.180767240232697077e+03
-1.876487546854255584e+02,1.245070767674780882e+03
-2.335453707838681225e+02,1.453328471762268009e+03
-3.179780656839661788e+02,1.032410480177410136e+03
5.145789207148624200e+01,1.598303870627631568e+03
-6.455414346854639689e+02,1.305085827674877919e+03
-8.172311571549688551e+02,7.021349740216402324e+02
-6.092919808974606894e+02,4.032328764116446109e+02
-7.824625911724914431e+02,6.981606125620785406e+02
8.959564953142206605e+02,1.455123477675120512e+03
-9.004159053679459248e+02,1.151852916646545282e+03
-5.267805129624980509e+02,1.362159039087098563e+03
5.088359154001345814e+02,1.600687164679598254e+03
-9.439929537756424907e+02,1.001534930895912680e+03
2.607109943149949345e+02,1.239432418454247909e+03
-3.121244346854513196e+02,4.648749876750988506e+02
-7.402579882817140060e+02,1.419014020128304082e+03
-6.942772614293271545e+02,2.521668803371133549e+02
6.754754588077313429e+02,1.570879258904099970e+03
1.021543565314599164e+03,1.665176187674670473e+03
-6.107378506287293476e+02,8.219900683545953370e+02
-9.429277312391392343e+02,1.182376621882552854e+03
9.268533250055652388e+02,1.180025030995898305e+03
-3.954786846866389851e+02,7.349427576747458488e+02
-6.589546790403599061e+02,8.183338028814067684e+02
1.014976879919412227e+03,1.422177147989822970e+03
-3.121244346854513196e+02,5.248900476744062189e+02
-3.345703029677852669e+01,1.539486214703154928e+03
-2.341808194513399712e+02,1.032037964704221849e+03
-5.621871846858556410e+02,5.849051076745032560e+02
1.312727745313841524e+03,1.515138537674427880e+03
1.050403477401651116e+03,1.449079259033705966e+03
-7.410211963035517329e+02,2.799276949656219244e+02
1.010570761259675010e+03,1.570190856568611707e+03
-6.044200046866258162e+02,4.048599276750018134e+02
-4.373101918446873242e+02,7.840863814516812909e+02
5.932163816680103992e+02,1.628645904294892262e+03
-1.093279955934463601e+02,1.331964942221531601e+03
1.146019245314625095e+03,1.485131007674379362e+03
5.187087902759589042e+01,1.569635402616597503e+03
1.051402416682820558e+03,1.659126956822866305e+03
4.320199199845260409e+02,1.183212800872953494e+03
9.678223724196491276e+02,1.569742897894632506e+03
-9.484027479468284128e+02,9.692094094604966585e+02
1.015956015352477152e+03,1.361887685128870771e+03
-5.263370418161769067e+02,8.228995512303177975e+02
-3.543572546862215518e+02,6.749276976746488117e+02
4.736218617897914669e+02,1.482200606205843087e+03
1.176691878933006592e+03,1.450590821941761078e+03
1.140621357961906142e+03,1.513439685904577345e+03
-3.606298801418801077e+02,6.421911302505526464e+02
1.134378051221282476e+03,1.568694989192553976e+03
6.458937453138163391e+02,1.185055707674683845e+03
1.223695939729051133e+03,1.631919623973548823e+03
-4.433621669169394295e+02,1.361878376791958999e+03
-9.436477437847296414e+02,1.213307137238810355e+03
5.089603493363598545e+02,1.630420685807813243e+03
9.745417328644742838e+02,1.872105984773483442e+03
1.008656102630317491e+03,1.511395333833994300e+03
9.736267467214245244e+02,1.571711073244200179e+03
1.051387013926055488e+03,1.511410453884075650e+03
-4.906640985231601917e+02,1.419921186931434477e+03
1.140395777017327418e+03,1.392228152414248143e+03
8.066401163938238597e+02,1.542730364438719562e+03
-2.006917678815484010e+02,1.331151388876468900e+03
-7.395527731701638459e+02,6.108826160847676192e+02
-2.565015702385470320e+01,1.572717547039866758e+03
-4.075552775546740918e+02,1.209101548701349429e+03
-5.260507245574021908e+02,1.212826967699862280e+03
-7.419250038384759591e+02,8.511028932709999708e+02
-9.789584346854766181e+02,1.095033117674538289e+03
9.793107453138289884e+02,1.575153597674524917e+03
-9.494531186428029059e+02,1.029619353668452959e+03
-3.186389441444359250e+02,1.272141207019502417e+03
-6.931812600423900221e+02,1.063221783107293732e+03
-2.830507226470240312e+02,1.270757111792198657e+03
-1.151699394107818989e+03,9.128218827277013361e+02
-3.954786846866389851e+02,5.248900476744062189e+02
4.925620565811517793e+01,1.570723352752167557e+03
1.301281572411000980e+03,1.838794957141788245e+03
-6.206168468662637849e+01,1.305085827674877919e+03
3.907455134371111853e+02,1.483442768178508686e+03
9.381893153134114982e+02,1.845221367674961584e+03
-2.340922055386120348e+02,8.528947309472071083e+02
-1.074060251030286963e+03,1.030094521693363731e+03
-2.770520028736052041e+02,1.392441214693998063e+03
9.330298065265455989e+02,1.243424867866426439e+03
-5.210657546854381508e+02,1.425115947675071993e+03
-4.009611867577244766e+02,1.421931226519805250e+03
5.562086186074661498e+01,1.512193864684130403e+03
-7.351392685516395886e+02,-1.795531037494771454e+01
-1.106695112459160555e+02,7.933789417168803766e+02
9.729020845248003297e+02,1.452917820984259833e+03
-6.575284183453884452e+02,2.486909026674116490e+02
3.958309953134120178e+02,1.425115947675071993e+03
-1.074771436908067699e+03,9.987188001413642269e+02
-4.491257178388331113e+02,1.208519080759835106e+03
8.903806322442513874e+02,1.543547306330538504e+03
-9.004920772758003977e+02,1.093063743574622777e+03
-4.788329346862473130e+02,5.248900476744062189e+02
-7.288956846866516344e+02,1.275078297674829400e+03
-1.027781765709036335e+03,9.416114912226853448e+02
-3.591693458577229876e+02,7.626310654221332470e+02
1.176555642999401016e+03,1.448748177538254140e+03
-1.454159346862346922e+02,9.449954676750854787e+02
-8.177508472430862412e+02,1.273116220557738870e+03
5.214180653137905210e+02,1.485131007674379362e+03
1.217239436969922508e+03,1.449050848951883836e+03
8.066830755031919580e+02,1.512771446866749784e+03
7.292479953134246671e+02,1.605161127674573436e+03
-2.710030046866132238e+02,4.648749876750988506e+02
-6.173887253441276926e+02,5.784564733661205764e+02
-7.823283322532988677e+02,1.150135176201226614e+03
-5.730563425796631236e+02,6.089282689983851924e+02
3.897643149955409854e+02,1.242905439694031884e+03
-2.000395070595007496e+02,1.240235693463158896e+03
-3.247636908453605997e+02,1.179558882124177671e+03
8.548350653138031703e+02,1.365100887674974956e+03
-6.881621848720955370e+01,1.241408707470708123e+03
9.381893153134114982e+02,1.665176187674670473e+03
-4.377115046858298797e+02,1.275078297674829400e+03
-4.377115046858298797e+02,1.095033117674538289e+03
-8.188504606551268807e+02,1.212559400644398238e+03
1.350613954418187745e+02,1.479509384566159042e+03
1.312727745313841524e+03,1.335093357674926438e+03
6.757471112230115295e+02,1.689513486506985373e+03
-1.168335575881039858e+02,7.913246342847062351e+02
9.726972823702362803e+02,1.601984148857334958e+03
-8.544827546854508000e+02,1.065025587674489771e+03
2.720040868234324307e+02,1.654896323538188653e+03
9.609665155761561550e+00,1.359766628682936698e+03
-3.121244346854513196e+02,4.648749876750988506e+02
-6.933838617318327806e+02,5.516791328172723752e+02
-5.673659517239422030e+02,8.227252636240214088e+02
9.391620379622731889e+02,1.473949909528749458e+03
-9.023635656895171451e+02,1.181624059102676938e+03
-1.027397735895718370e+03,8.526046655247056378e+02
1.217284743232504979e+03,1.629725800652876615e+03
8.959564953142206605e+02,1.575153597674524917e+03
-3.596421367172472969e+02,6.128926447477759893e+02
-3.121244346854513196e+02,6.449201676746002931e+02
-7.288956846866516344e+02,2.548222776747592206e+02
-3.954786846866389851e+02,1.455123477675120512e+03
-5.270338897237236324e+02,4.614049548389946267e+02
-5.621871846858556410e+02,4.648749876750988506e+02
-7.828751336025725323e+02,5.480789383121555147e+02
-8.601450200920871794e+02,1.481410735739263828e+03
-9.011004390677459241e+02,1.511744880915812928e+03
-9.896158767922115658e+02,9.394012786217429039e+02
-6.206168468662637849e+01,1.365100887674974956e+03
2.656411452180381048e+02,1.633158137155509394e+03
1.880010653137779286e+02,1.695183717674718991e+03
-1.108950392244010459e+02,1.602233898737017398e+03
-1.876487546854255584e+02,1.635168657674621954e+03
3.897866773116108448e+02,1.692272939308439845e+03
3.892851927688618048e+02,1.692842566048842400e+03
-6.998020095985974649e+02,8.201379887093995649e+02
-7.402089365695695733e+02,8.502109011368661413e+02
2.179895200938164521e+02,1.237992691913302906e+03
-2.287701846858429917e+02,1.155048177674635326e+03
-2.833038534134686870e+02,1.149839865167532025e+03
-4.377115046858298797e+02,3.148373376748562578e+02
-4.788329346862473130e+02,3.148373376748562578e+02
7.609763992806610986e+02,1.598594822793925914e+03
7.663244124605849947e+02,1.601379571515375801e+03
-2.710030046866132238e+02,7.349427576747458488e+02
8.451057355298514722e+02,1.330700041958184784e+03
1.098517252928957305e+03,1.542094201761896329e+03
-5.210657546854381508e+02,5.248900476744062189e+02
-4.839696729409652107e+02,1.121991179726250721e+03
-6.102510283108624662e+02,1.122411903989273014e+03
-8.122499346862599623e+02,1.395108417675023475e+03
-8.665463392792212289e+02,1.358420011931771114e+03
-7.711285046858424721e+02,1.347921576745651464e+02
-7.762166587217911911e+02,1.024649624025556989e+02
4.791852453145997401e+02,1.155048177674635326e+03
1.354960565314611813e+03,1.455123477675120512e+03
1.104897815314207492e+03,1.635168657674621954e+03
1.140276333968279914e+03,1.692252797745419230e+03
1.188252065313815820e+03,1.365100887674974956e+03
1.223795074404891920e+03,1.393382234306266810e+03
6.458937453138163391e+02,1.605161127674573436e+03
6.825461361664858941e+02,1.602695047719093054e+03
-6.163236416777857585e+02,9.394594285429525371e+02
6.824689621324296240e+02,1.752742466550599374e+03
-4.500346406718707613e+02,1.448270220531681616e+03
9.734003581907977605e+02,1.212408772635731793e+03
-2.837189232514244850e+02,1.120077263767256909e+03
-4.910164287026598799e+02,1.209844497410266968e+03
-6.044200046866258162e+02,5.548975776744547375e+02
2.608996774859925836e+02,1.719520744351399799e+03
-7.407389705697038380e+02,4.037527228789319622e+01
1.057817138701817612e+03,1.902177166520094715e+03
-2.829907998526073243e+02,1.238177186284558729e+03
3.846467039619255956e+02,1.208123755889901076e+03
4.694470035210300125e+02,1.567667404900708561e+03
1.016223971549055136e+03,1.452189299272078415e+03
4.324093967184143708e+02,1.211643385331419722e+03
-7.833203886524919426e+02,1.089390922320536220e+03
1.259555356411180583e+03,1.329318597733941715e+03
-9.090557590800017351e+02,1.089385851125824729e+03
-1.158703869200275989e+02,1.360078295258181697e+03
-3.543572546862215518e+02,1.035018057674441252e+03
-6.158404816882812156e+02,2.504417330457046376e+02
8.548350653138031703e+02,1.455123477675120512e+03
-4.488503138033526056e+02,9.702895264555234007e+02
-3.954786846866389851e+02,9.750029976751339973e+02
9.381893153134114982e+02,1.245070767674780882e+03
9.255490006829123786e+02,1.240189815025882808e+03
3.059953706161306854e+02,1.633037380721541695e+03
2.713553153133862565e+02,1.635168657674621954e+03
-4.018254557543390320e+02,1.391629713105936389e+03
-3.608942123621847600e+02,1.392041515287633274e+03
3.547095653145739789e+02,1.185055707674683845e+03
1.021543565314599164e+03,1.485131007674379362e+03
1.009607234701965240e+03,1.479824740827000142e+03
3.427539813152103534e+02,1.240346763800114559e+03
-1.876487546854255584e+02,1.125040647674586808e+03
-1.876487546854255584e+02,1.125040647674586808e+03
2.227566398929297691e+02,1.663115410056509972e+03
1.880010653137779286e+02,1.695183717674718991e+03
-2.710030046866132238e+02,1.245070767674780882e+03
-2.817280497850798042e+02,1.240548464029099705e+03
1.266365860191897582e+03,1.421411061530229972e+03
1.259434858857366862e+03,1.390059954185619745e+03
1.271606315313424147e+03,1.455123477675120512e+03
1.175984608021242366e+03,1.419549689517235493e+03
9.737365194814760798e+02,1.542035538635310786e+03
9.381893153134114982e+02,1.515138537674427880e+03
9.730327613907871864e+02,1.572655248858445702e+03
8.829900404576395658e+02,1.539839957144671416e+03
-4.006061507098658012e+02,1.271471552717256372e+03
-3.171883696670353174e+02,1.272971582616907881e+03
-4.072222089683634749e+02,1.268368035996590606e+03
-8.122499346862599623e+02,8.249653476748914045e+02
-7.288956846866516344e+02,8.549728776749399231e+02
-7.392642496278311910e+02,8.483710930624697539e+02
-7.768927801483947633e+02,8.531079982818346252e+02
-1.318146819881131478e+03,-2.883334930025235394e+02
-1.276672447988317344e+03,-2.582170752259972346e+02
1.348624184826454439e+03,1.482857965811215308e+03
1.345008906487233162e+03,1.480514750965986195e+03
1.298979325343645314e+03,1.479451789559386725e+03
-4.907329102903555054e+02,6.093323904607819941e+02
-4.902444416155310591e+02,6.097658566261250144e+02
-4.857054687057476485e+02,5.819513843295703737e+02
-6.566838211354250916e+02,1.089168576172421808e+03
-7.411606792548658404e+02,1.058389423243722831e+03
-7.288956846866516344e+02,1.065025587674489771e+03
-6.463957542313178237e+02,5.752525952958244488e+02
-5.621871846858556410e+02,6.149126376745517746e+02
9.793107453138289884e+02,1.605161127674573436e+03
5.940165660123233238e+02,1.390816314131071977e+03
5.935999889244782253e+02,1.358041050732457506e+03
5.110087508571817807e+02,1.390711093497696993e+03
5.560386311914371618e+02,1.391969030166422499e+03
2.291224953141954188e+02,1.725191247674767510e+03
1.880010653137779286e+02,1.695183717674718991e+03
1.763770355657362074e+02,1.721368899887547286e+03
-6.206168468662637849e+01,1.545146067674476399e+03
-2.094025468620891672e+01,1.515138537674427880e+03
-2.094025468620891672e+01,1.515138537674427880e+03
-3.233880542128946445e+01,1.538615223629157299e+03
1.139335300421929333e+03,1.573280692612063149e+03
1.134342972208220317e+03,1.569076745573386233e+03
1.134950191073800170e+03,1.600761094090286633e+03
1.104897815314207492e+03,1.575153597674524917e+03
1.495213434640915295e+01,1.182235490429482979e+03
9.381893153134114982e+02,1.515138537674427880e+03
9.264835918048316898e+02,1.540012736994887064e+03
-4.083548893010193979e+02,1.420382656730637791e+03
-3.670059487909288123e+02,1.419425045008568077e+03
-8.665654691915875674e+02,2.177106996236742020e+02
5.934439876085723427e+02,1.540872636698613178e+03
5.625394953142080112e+02,1.485131007674379362e+03
-3.654925808898119612e+02,3.984962835557745962e+02
-3.543572546862215518e+02,4.048599276750018134e+02
-3.543572546862215518e+02,7.049352276746973303e+02
-4.445340523460021132e+02,6.730336459892658922e+02
-3.595317060174201060e+02,7.316224378136572568e+02
-7.288956846866516344e+02,1.125040647674586808e+03
-8.189565030913405508e+02,1.122289294445636415e+03
1.009993233624898494e+03,1.569030883067317973e+03
9.260789138620420999e+02,1.568009895984689365e+03
9.315797817950606259e+02,1.602002653817649843e+03
1.051393323199260976e+03,1.631055850944954727e+03
9.661450810158387412e+02,1.600653999420455420e+03
1.014752194595532728e+03,1.602375792582171243e+03
-5.318251716516017495e+02,7.891513188682361033e+02
-4.888715448159949233e+02,7.887129753139237209e+02
-4.911346489955703873e+02,8.201964033584183653e+02
-4.432289224115265256e+02,1.182726551894573049e+03
-4.057165338174752378e+02,1.209974104712887083e+03
-5.346663071634607149e+02,1.328283530634137151e+03
-5.683747720418609788e+02,1.333118072410640025e+03
7.174097441042863466e+02,1.510623049961586958e+03
7.714808153141948424e+02,1.515138537674427880e+03
7.655655903380286418e+02,1.541699772458962570e+03
3.842826501791602141e+02,1.209060230583784460e+03
4.674790360660654756e+02,1.179854233278867014e+03
-1.146616743834333420e+03,9.028890232871117405e+02
-1.116447663849399078e+03,8.810676280879185924e+02
1.104897815314207492e+03,1.635168657674621954e+03
1.091631190148873884e+03,1.630530384529680532e+03
-1.407618517940490392e+03,-2.617393614132028574e+02
1.312727745313841524e+03,1.635168657674621954e+03
1.383906439541383406e+03,1.628399590142000534e+03
-1.283287524098192989e+03,1.282068066163400601e+02
-1.187899754685463449e+03,1.347921576745651464e+02
1.062664995313437203e+03,1.665176187674670473e+03
1.057780734494019725e+03,1.663506543275921103e+03
1.051766129159949287e+03,1.660398396139492888e+03
-7.827406934858297518e+02,1.028586557947150141e+03
-7.408619829089859650e+02,1.029025855289154606e+03
5.105864918117251818e+02,1.539191989820267509e+03
5.919941962178743324e+02,1.510102173705253790e+03
-7.288956846866516344e+02,9.149879376750369602e+02
-7.357405323373930059e+02,9.114134265979504335e+02
-7.348820478886091223e+02,9.114804039506001345e+02
1.222771897876477624e+03,1.392079945898641881e+03
1.216183063651619250e+03,1.390648999207940051e+03
1.265042693727844380e+03,1.181916843860122526e+03
1.217455666813501921e+03,1.208133315874985101e+03
3.424195722884071529e+02,1.209642863970110739e+03
4.380638153141822499e+02,1.245070767674780882e+03
3.832998695824368269e+02,1.208816567372357440e+03
-5.669202421773670721e+02,5.820713653739450137e+02
-5.331540344535229679e+02,5.489271110864411867e+02
5.099837260891173969e+02,1.448673913150505541e+03
5.110629853780455392e+02,1.419717308239673230e+03
9.313775511272928043e+02,1.661786047609771231e+03
8.421134574725326729e+02,1.690309196199537155e+03
-5.737691556754723479e+02,2.193944241335726986e+02
-6.109859071893740747e+02,1.182539269950462767e+03
6.356694415460077607e+02,1.658080380097381976e+03
-3.178089715385187901e+02,6.728874224889277684e+02
-3.543572546862215518e+02,7.049352276746973303e+02
-9.008602890596043835e+02,8.825025705394093620e+02
-8.591702679065243728e+02,8.826224140861040723e+02
-3.179583755717667373e+02,1.363239197073358582e+03
1.140311048420911447e+03,1.571719914482581771e+03
-8.251513991065286291e+02,9.683125458253227862e+02
-7.758677325661836903e+02,1.003036466642963887e+03
6.398861333788503316e+02,1.692888206282420015e+03
6.406385330766668176e+02,1.663390120043635534e+03
1.321554331948237859e+02,1.389999249114722716e+03
9.869269422047982232e+01,1.361834875182871428e+03
6.881265653145866281e+02,1.605161127674573436e+03
6.881265653145866281e+02,1.635168657674621954e+03
7.165965438683582533e+02,1.750212773437552187e+03
8.126022453146123325e+02,1.695183717674718991e+03
1.051842552427739065e+03,1.508766173355778164e+03
1.094131044845519682e+03,1.509409290622386379e+03
-7.406724928089624882e+02,1.059529687376224274e+03
-6.569698055287708485e+02,1.058464676648817886e+03
6.047723153133988490e+02,1.125040647674586808e+03
-3.543572546862215518e+02,1.425115947675071993e+03
-4.014245306352373746e+02,1.421934781865692230e+03
1.146019245314625095e+03,1.455123477675120512e+03
-2.777678581178223567e+02,1.013289852748662270e+02
-1.117632006668077793e+03,1.028350097092353735e+03
-1.116489627454906440e+03,1.028170692881006744e+03
1.188252065313815820e+03,1.395108417675023475e+03
-2.710030046866132238e+02,1.245070767674780882e+03
-2.777599403896249441e+02,1.242937275970295786e+03
-2.762845660344801786e+02,5.831158743006640179e+02
-3.174917764590303477e+02,6.121631065409812891e+02
5.214180653137905210e+02,1.665176187674670473e+03
5.503995300627457254e+02,1.629856363308354503e+03
9.952500994113633226e+01,1.541799276215419923e+03
5.022407761663973247e+01,1.569566390957518479e+03
-8.662528089690431443e+02,1.449781678321719482e+03
-2.418722519699009297e+02,1.210405490723973571e+03
-8.229979449265213134e+02,5.795530109163039469e+02
1.062664995313437203e+03,1.665176187674670473e+03
-6.455414346854639689e+02,4.048599276750018134e+02
4.327746220143268374e+02,1.722693214721300137e+03
-5.621871846858556410e+02,5.849051076745032560e+02
-7.414402349659674201e+02,3.099423116548139205e+02
-5.345177471809903409e+02,1.389933686479236030e+03
-6.943069746687934867e+02,1.122399754675134773e+03
-3.168902256683102223e+02,4.622623789851076594e+02
1.009998011393673323e+03,1.627984927843358491e+03
-4.432872770693685425e+02,1.422266534783298766e+03
1.146019245314625095e+03,1.455123477675120512e+03
-4.379055974234771611e+02,1.414569663601956790e+03
-6.516243452810847430e+02,1.331685368908237933e+03
3.437752209470475577e+02,1.629239900113403564e+03
-9.024953534251901601e+02,1.292650762039553001e+03
-8.681346835811017399e+02,7.007702581034687910e+02
1.099955699687084916e+03,1.692363298195413563e+03
-6.574619421198046894e+02,7.580595321226497845e+02
-5.249534042569243866e+02,5.137482018873452034e+02
-2.287701846858429917e+02,1.215063237674732363e+03
-5.205912904915633135e+02,7.855188276454126708e+02
-7.761686860216552759e+02,1.062645961624018810e+03
-7.414292691824800841e+02,1.358556026385735095e+03
4.669792607427640405e+02,1.239219248917210507e+03
1.992664107436617087e+02,1.571563726189383942e+03
-3.543572546862215518e+02,1.047846276745166136e+02
8.434219994841600965e+02,1.478412074908334489e+03
-5.735751886217410629e+02,7.302312388896546054e+02
1.306371796403148210e+03,1.332403359803762214e+03
-8.077917678558595753e+02,9.997337078682676292e+02
-3.661001197678249355e+02,1.328010454132810537e+03
8.482349125351001931e+02,1.691654095299734081e+03
-4.662922022015820858e+02,1.000663379783968480e+03
-1.454159346862346922e+02,1.545146067674476399e+03
8.497913462516688696e+02,1.573505844842577972e+03
-4.058201302581244363e+02,4.602357704919792809e+02
9.304450825138683285e+02,1.536703761730043198e+03
-3.542825641185245331e+02,3.641939286978670793e+02
-6.044200046866258162e+02,5.849051076745032560e+02
8.893642656904653450e+02,1.633399612971975785e+03
2.298496603814436980e+02,1.387901385066018292e+03
8.432942796316719978e+02,1.847450522566591417e+03
1.056840469249794069e+03,1.602853292475055014e+03
1.193089206836964422e+03,1.416074385885931633e+03
1.097952457863944119e+03,1.486665711396317647e+03
-3.157979185874458494e+02,4.702100442430735256e+02
-4.973362852794423929e+02,1.214647859972146080e+03
-2.291261990144215588e+02,1.113288569514018263e+03
-7.802673557295776163e+02,1.178991580453306142e+03
-1.117003089854281143e+03,1.091776049112115970e+03
-4.377115046858298797e+02,1.245070767674780882e+03
-7.973620005475036123e+02,8.219812310851961001e+02
5.678553218994983354e+02,1.164076362430298332e+03
9.793107453138289884e+02,1.395108417675023475e+03
-2.698955956166694250e+02,6.227456789064448230e+02
1.331867293376026055e+03,1.650662541232394460e+03
1.165538417036874534e+03,1.514299729038924852e+03
1.326533230090514053e+03,1.693321584289130442e+03
2.360669618740032263e+02,1.648458201655370885e+03
6.003557468078778356e+02,1.521103055960525126e+03
