date:2016-05-21, time:2100, wind_speed:3.82, wind_dir:186.0, temp:14.4
78.893088 166.402294
-66.919668 -58.544388
49.278490 -283.723243
92.521438 157.465465
91.430415 166.573794
-54.501611 -160.641469
60.852474 106.326541
79.391416 118.436678
79.410895 133.318863
12.834812 -106.572330
-80.494247 -61.674693
91.369623 181.524996
45.513838 136.449989
58.018444 115.472846
-41.314478 -79.636663
78.909581 190.344385
109.161922 163.423760
57.542501 139.377448
66.976247 109.393641
49.740345 109.423017
87.284077 -238.635875
41.009941 -286.655055
-101.134327 -67.789304
111.658481 187.375333
-38.713610 -106.517198
91.984171 181.343176
108.180480 154.499299
83.734543 151.470773
94.258890 136.055561
108.078499 103.461878
44.597978 133.421944
-110.034255 -79.745990
-58.068613 -139.591926
62.715499 106.443929
58.162107 163.538457
111.443792 163.260023
112.709212 169.477981
111.777413 163.401609
102.531690 178.209426
-13.904757 -58.787978
83.719043 106.441532
103.399565 130.432777
48.549689 127.375861
36.423159 118.324987
58.054887 106.562161
-1.167052 55.472546
-9.045941 46.378207
-37.771913 -79.697627
61.367559 166.253291
-5.685064 -70.896844
-0.156275 55.448601
-21.096612 -49.571936
119.994378 163.377339
100.345648 115.381194
123.475724 157.188651
112.789855 106.463182
11.740516 -130.708173
75.228806 145.505428
-34.554216 -103.745744
69.948923 103.358225
70.644246 103.486881
87.804978 178.528515
58.196617 139.326549
110.863556 166.186946
111.344209 163.366291
116.441261 166.522492
120.073816 160.401520
91.964341 226.522125
62.330429 160.451665
92.001692 130.315606
-38.823328 -34.629160
2.621675 -55.764019
86.096249 169.349058
110.881788 163.413567
73.876950 157.388900
-105.355900 -250.852867
25.766677 -289.739251
71.628431 205.505234
125.198657 205.535888
-74.679418 85.424981
-46.032666 -25.564652
3.817820 -61.592773
-25.194134 -67.602710
91.883886 190.441108
95.600270 166.458092
74.813213 130.553009
-92.525362 82.310480
-92.499681 -22.642301
-8.610458 -22.570060
6.969958 -55.818998
-68.235377 -109.842449
116.524738 208.584826
94.071144 181.045477
-8.563361 -22.584515
8.217005 -43.610741
91.898830 181.472852
98.805038 184.390878
91.007056 178.455041
90.971360 175.392593
87.627166 181.356044
87.701660 178.373831
91.930277 184.329758
91.989516 187.491827
69.876865 103.366324
70.516079 103.406121
70.531873 103.372811
87.305929 175.594215
87.062477 175.412265
83.218256 178.464225
-8.618131 -55.574748
-37.861815 -55.586301
-110.454550 -253.587801
79.468916 148.443852
78.330602 145.418894
-9.013402 46.485917
128.417235 211.587064
86.824447 178.463147
-34.542151 -10.574839
15.867216 -73.616669
36.709406 -136.785238
