6.786803925507452959e+02,1.035502537513269317e+03
6.724632911009002783e+02,1.038298579850150873e+03
6.794744082198558317e+02,1.037401284681719517e+03
9.698324713903457450e+02,1.037405642925264146e+03
4.694422789426211011e+02,1.097503453994855136e+03
-1.071153244625045318e+03,-2.565599913174594803e+03
5.541899294795626929e+02,1.067118552694347272e+03
6.709091126902709448e+02,1.039894881731149553e+03
6.802792610445729906e+02,1.035282921342752616e+03
5.453392987261096323e+02,1.067263601660973563e+03
-1.220704737119079937e+02,1.606569061876031810e+03
5.534093665586258339e+02,1.065920778468869685e+03
3.547095653145739789e+02,1.185055707674683845e+03
6.722632855855454181e+02,1.036440473943253437e+03
-2.351373413947665085e+02,-8.799603660756429235e+02
4.660154918733879867e+02,-2.411139651111337116e+03
6.858123829422662538e+02,1.040335129420166140e+03
5.542902690234805050e+02,1.067148058262692757e+03
5.458602653040366022e+02,1.066454583858305796e+03
-4.946056228642922861e+02,2.881544748651342616e+02
2.243525983203346641e+01,-7.588782074860886269e+02
6.814509725665044471e+02,1.042969577329983167e+03
-7.034896713990650596e+02,1.701371428251597138e+02
-1.862609723797665538e+03,2.865374835925670141e+02
-1.445099206355837111e+02,-8.798867809927353392e+02
6.794500391449058725e+02,1.036702730432355793e+03
-3.278968592301974923e+02,9.488682919862217204e+02
-2.299185084554306115e+02,8.886426603336436756e+02
-2.457833276347642482e+02,8.885629793138881496e+02
-5.307319172032257484e+02,6.212690794158268091e+02
-4.434837124890050291e+02,6.227867672470943035e+02
5.541295195205907476e+02,1.065957143648603733e+03
-4.729773395768553996e+02,5.589583947218553703e+02
-4.026368304857949170e+02,5.278242320996250783e+02
-4.604945606632761610e+02,9.481866327022852374e+02
-4.874215178939097086e+02,5.607751455252625874e+02
-5.337205371696592238e+02,5.899978196137113855e+02
-4.390841133716743911e+02,-1.119452583760042216e+03
5.545901472385033912e+02,1.067298899719852670e+03
1.061418941159683555e+02,-2.890731712503608833e+03
-5.332503190825466390e+02,5.000084456505712751e+02
-4.607262572616850775e+02,5.583835777291145632e+02
5.451723220067117381e+02,1.068248999454914383e+03
6.804187102650645329e+02,1.036165901222428829e+03
5.541286153554447083e+02,1.066757433564215717e+03
5.474002130648949560e+02,1.066954771493018370e+03
-1.953269197660689542e+02,9.506857282887990550e+02
-1.688025254686272092e+03,1.948072176746621835e+02
-1.071222842738783811e+03,-2.563961388895590517e+03
-1.078369096054709871e+03,-2.563572301039849208e+03
-1.079753782120242931e+03,-2.562058555068284022e+03
6.787326914843381473e+02,1.036124964565452046e+03
5.473699819482462772e+02,1.067538592039411242e+03
6.881265653145866281e+02,1.035018057674441252e+03
6.714437364213341652e+02,1.039139496356453265e+03
5.542255769226081838e+02,1.066908274421211445e+03
5.440155406215020548e+02,1.067600603193754068e+03
-1.054017626659353226e+02,-9.109738326293953605e+02
-1.537320809246700719e+02,-9.418158278865282682e+02
-1.582846860870818091e+02,-9.689048523000964224e+02
1.478843680649109274e+03,1.459272776597486654e+03
1.064147937169223951e+03,1.100605521432043133e+03
6.713793863968360256e+02,1.039030079398379485e+03
9.700613124267420062e+02,1.035966672653146361e+03
5.537716594019808554e+02,1.067058254821617538e+03
1.094199535477342579e+03,1.071467336952149481e+03
-1.804311268210516062e+02,5.005562819684680562e+02
2.159132376530259876e+02,-6.669032165031344448e+02
1.880010653137779286e+02,-6.754111523251655171e+02
4.790244324469770163e+02,-2.767972504588951779e+03
1.466566899420875529e+02,1.728951012877628955e+03
3.392404366277381769e+02,1.188772257765653876e+03
7.255952434881171484e+02,1.068363433911932361e+03
9.626808066914827577e+02,1.037627134424959877e+03
-1.208401305799226861e+02,5.279302439874671791e+02
-1.688025254686272092e+03,1.948072176746621835e+02
7.808003364314373584e+02,-2.141811173835036243e+03
6.788880488648325127e+02,1.036775435042399522e+03
6.719162188358058074e+02,1.038219930801354849e+03
6.881265653145866281e+02,1.035018057674441252e+03
6.716006204338713133e+02,1.039747193219865721e+03
6.799770190107159351e+02,1.035717189383104596e+03
1.780485366933041007e+02,1.851780342709041179e+03
1.505299542551178092e+03,1.519506719244717033e+03
1.055734771105028358e+02,1.189678006892652320e+03
6.799178047341458750e+02,1.035766850201379157e+03
3.131314864718791569e+02,-5.791801824723489744e+02
-1.078838317165979561e+03,-2.563136655202714792e+03
-1.113837838278410345e+03,-2.533863605684106460e+03
-1.080354046041466745e+03,-2.562560760960553580e+03
-1.079000170845142293e+03,-2.561519765061809267e+03
-1.071712716496552275e+03,-2.564347807343753630e+03
6.795646034111809968e+02,1.037012195465342302e+03
6.785217962563424408e+02,1.036893934023260499e+03
5.459550381882550028e+02,1.068877514356728852e+03
5.530810585779655639e+02,1.067365579116113395e+03
6.798512817999725257e+02,1.042374718793999818e+03
6.880390948857456124e+02,1.042069069830190983e+03
-1.078149370218350668e+03,-2.563459523215236459e+03
6.802656394590784430e+02,1.036588137040730771e+03
5.467127541903213341e+02,1.069079841965273090e+03
9.687075144478939137e+01,-7.332906419969401668e+02
1.473965673507135307e+03,1.551413449794039252e+03
6.881265653145866281e+02,1.035018057674441252e+03
6.805024819260836466e+02,1.036109239870989541e+03
5.625394953142080112e+02,1.065025587674489771e+03
6.715165031618250850e+02,1.038547189812976512e+03
6.787629178786401098e+02,1.037227341550875735e+03
-4.800582226281701423e+02,9.201215448109127237e+02
6.711835817974381371e+02,1.037924656311359058e+03
6.723693337217421231e+02,1.038005306515394295e+03
6.881265653145866281e+02,1.035018057674441252e+03
6.788935197825053365e+02,1.036487675079844621e+03
6.881265653145866281e+02,1.035018057674441252e+03
6.802608857158350020e+02,1.037235271604556146e+03
-2.083858510359640093e+01,-8.491649593846005928e+02
8.555856800293047399e+02,-2.169492954541909967e+03
8.034336988705101703e+02,-2.197721794501364457e+03
5.625394953142080112e+02,1.065025587674489771e+03
5.443209287854201648e+02,1.067863935857508523e+03
-4.897603151780228927e+02,5.915304635569768834e+02
-5.714259424427903014e+02,6.172699740446473697e+02
-7.868591395701177760e+01,1.038346007939725723e+03
-5.657164936691691537e+01,1.038813362702172071e+03
6.713009416566603704e+02,1.037078255550307858e+03
6.793459415669249211e+02,1.035795700457247904e+03
6.881265653145866281e+02,1.035018057674441252e+03
6.709306103304373892e+02,1.038500578637268745e+03
6.881265653145866281e+02,1.035018057674441252e+03
6.881265653145866281e+02,1.035018057674441252e+03
-1.193280513282634558e+02,5.288686345176826080e+02
6.804453670011363329e+02,1.037282855895620742e+03
5.537170584870260654e+02,1.066693896562781902e+03
8.529299700004426086e+02,-2.137971885428825317e+03
7.712603886721025219e+02,-2.203449950632080800e+03
8.390870150764935715e+02,-2.141185159110213135e+03
5.537224233114145591e+02,1.066597831716356040e+03
5.464835501791922070e+02,1.066986623331704777e+03
5.463171935639383037e+02,1.067617912183430235e+03
5.547635908121850434e+02,1.065664966037277509e+03
5.535119143950731768e+02,1.066945846895740260e+03
5.625394953142080112e+02,1.065025587674489771e+03
5.468212535529896741e+02,1.069663668386170457e+03
5.535374689827960992e+02,1.066021312165993095e+03
5.541397126997217129e+02,1.066897168128166186e+03
5.445660301914967931e+02,1.067923932603243429e+03
6.799978275499357778e+02,1.037436342679548943e+03
6.730135028152776613e+02,1.037675871316093890e+03
6.881265653145866281e+02,1.035018057674441252e+03
6.784513601424317812e+02,1.035715404948045034e+03
6.716025253369441543e+02,1.039689797452693256e+03
6.792254738065388437e+02,1.037470293685860270e+03
5.536774522280529709e+02,1.066210640959970306e+03
5.532032608657871151e+02,1.067032966085432918e+03
5.443564613459305974e+02,1.067730721316886047e+03
5.533108414208757040e+02,1.065777780077077978e+03
-1.484166869489848750e+02,1.010709787842767923e+03
1.390036284162501261e+03,1.494438077675303930e+03
-1.077984581084228694e+03,-2.563384976951558201e+03
-1.062312684686664397e+03,-2.565885542325063398e+03
5.467817824589519660e+02,1.068305280786950107e+03
5.625394953142080112e+02,1.065025587674489771e+03
8.048919147761803288e+02,-2.174883264656318261e+03
8.449517269431914883e+02,-2.197023635055192699e+03
6.800690688097519114e+02,1.037167757535087731e+03
-5.621871846858556410e+02,6.149126376745517746e+02
-1.704035806451150165e+03,1.978613863898819432e+02
-1.688025254686272092e+03,1.948072176746621835e+02
-1.695626766606125784e+03,1.957124079885234664e+02
5.625394953142080112e+02,1.065025587674489771e+03
6.881265653145866281e+02,1.035018057674441252e+03
5.625394953142080112e+02,1.065025587674489771e+03
4.735467469152910098e+02,1.098509376605001080e+03
5.531235825996809581e+02,1.067478340461473636e+03
5.537507445088789382e+02,1.065553047424702299e+03
5.539734134207066063e+02,1.067433651678894876e+03
5.530254466606922961e+02,1.065468430226708733e+03
5.532919318683705114e+02,1.066995416129706655e+03
5.458530111697959910e+02,1.069443027437191631e+03
6.794697615064692400e+02,1.036870711375372593e+03
6.788567840454339830e+02,1.036256558192931607e+03
6.308310604242117279e+02,1.068824999199671538e+03
8.309008232102630700e+02,-2.172355980004075718e+03
5.625394953142080112e+02,1.065025587674489771e+03
5.529949354425476713e+02,1.067140265293684251e+03
5.548824297862180401e+02,1.066419374132580970e+03
5.460842476536938648e+02,1.069465236471256048e+03
7.122114007451837097e+02,1.037262007172231051e+03
6.300300759343110713e+02,1.069426343196616699e+03
7.259491160018575329e+02,1.038452751882917482e+03
-1.070358092890396620e+03,-2.564020924941653902e+03
-1.070478128396538068e+03,-2.564224395959854064e+03
-1.071767707809018020e+03,-2.564153500213143616e+03
2.732833600284387217e+02,-6.410331710528380427e+02
1.703603494851415121e+02,-6.723856253228758533e+02
2.263726780877503586e+02,-6.375863185277568164e+02
5.534026940011290208e+02,1.066070862873830038e+03
6.881265653145866281e+02,1.035018057674441252e+03
6.798989028163645116e+02,1.035931157163366606e+03
-1.084107424128211647e+02,5.605496368025808351e+02
-1.087330180172095879e+02,5.588980414997473645e+02
5.625394953142080112e+02,1.065025587674489771e+03
5.533051754418535211e+02,1.066137955384616589e+03
7.710692470505483698e+02,1.071152941084757913e+03
7.138640546741760318e+02,1.101408556800019596e+03
6.724281800106266473e+02,1.036565457229759886e+03
5.448042054279450213e+02,1.067373386706233987e+03
5.464794792367479204e+02,1.069442462028562659e+03
5.571896273054600215e+02,1.066864194312012614e+03
-2.369425190956249594e+02,9.201504881104370952e+02
7.323363717197714777e+02,1.042456886079565948e+03
6.786459549492451515e+02,1.036455839034170367e+03
6.788022902819483306e+02,1.035379909103146701e+03
6.791302296905523690e+02,1.036801688731704417e+03
6.722582421650240576e+02,1.036841664940742930e+03
6.861220762849239918e+02,1.041565816958901223e+03
5.888973443710207221e+02,1.068458331072838973e+03
6.719730208397370461e+02,1.039529097844002763e+03
6.881265653145866281e+02,1.035018057674441252e+03
6.786985725843856017e+02,1.036805844787736305e+03
6.380560391077430040e+02,1.066577623907023508e+03
5.452324726535690615e+02,1.067171884758954320e+03
5.625394953142080112e+02,1.065025587674489771e+03
5.625394953142080112e+02,1.065025587674489771e+03
5.458269971972356416e+02,1.067912864323510121e+03
6.881265653145866281e+02,1.035018057674441252e+03
6.881265653145866281e+02,1.035018057674441252e+03
6.800029232826875614e+02,1.037390671292697107e+03
6.788615549502223985e+02,1.036736278278974623e+03
5.455322196789564941e+02,1.067683956113705563e+03
5.625394953142080112e+02,1.065025587674489771e+03
5.540741988757694116e+02,1.066645044656444952e+03
4.753718460806961730e+02,1.099323560392040690e+03
3.520181168277246115e+02,1.999059080031371423e+03
1.431616057498503096e+02,1.250158048186348651e+03
6.851381340761879528e+02,1.100787154807428578e+03
1.019680563695553360e+03,1.037370341487301175e+03
1.450098975588685164e+02,-7.909360370128785007e+02
-3.947403319140352096e+02,5.305316511564747088e+02
-4.211100851051653535e+02,5.254993327254145470e+02
5.462522873970348201e+02,1.067669988949561230e+03
4.617215839665473140e+02,1.098515515079295483e+03
5.543394324562409565e+02,1.067080638966300967e+03
2.730372676323698897e+02,1.910668643667838978e+03
1.473557621144355494e+02,1.189755217998709895e+03
1.189664475346832205e+03,1.128479826098760668e+03
7.116852956127701191e+02,1.097374276909868740e+03
2.123823919912322822e+01,8.592234410483697502e+02
1.879532839602892409e+02,-8.202575642147454573e+02
6.804287507054968955e+02,1.036414540004204582e+03
6.784580038604464107e+02,1.036683009778102360e+03
6.796321583786993870e+02,1.035753370107027422e+03
3.547095653145739789e+02,1.185055707674683845e+03
3.451592673114871559e+02,1.216120568778928600e+03
2.713553153133862565e+02,1.215063237674732363e+03
6.881265653145866281e+02,1.035018057674441252e+03
6.717046963285418997e+02,1.069932427764694694e+03
6.881265653145866281e+02,1.035018057674441252e+03
5.542120582953283474e+02,1.065724391142938885e+03
5.454727122315194947e+02,1.068733277602944781e+03
6.717887701107754310e+02,1.036876045044117745e+03
6.300249966634388556e+02,1.068367966395857593e+03
5.531726243838415940e+02,1.066912237433552036e+03
