-1.018528497922611336e+03,-9.356577278736109520e+02
-2.290935996282453857e+02,7.941822805659177220e+02
-1.019214441408749622e+03,-5.140706912529444708e+02
-1.151428729586945792e+03,-1.735058388216785090e+02
4.306114809223470843e+02,1.261041992884967840e+03
-2.017940421938355655e+01,1.765067899047818855e+03
-1.063526420762384305e+03,-2.777483003553131198e+02
-1.319204860577942554e+03,-1.808384783204507471e+02
-1.568631004081477840e+03,1.972216863310418375e+02
-1.645704613234677254e+03,4.337548560389763566e+02
-1.355450379302316833e+03,1.129416485601446993e+02
-1.519397282386452844e+03,1.693068352650832367e+02
-1.479414719060840298e+03,3.528979876169639169e+02
-1.187619031692374392e+03,2.571159188756029721e+02
5.212814240069909602e+02,1.368274971802636173e+03
-1.561210087701021848e+03,3.658037887332934588e+02
-1.228066233642944326e+03,6.134416922883859797e+02
-1.188105343635114650e+03,2.513830895934651721e+02
-1.186994633687439546e+03,5.280529373448616752e+02
-1.649530389889439903e+03,2.578562828791018546e+02
-1.106870287568931872e+03,2.302645757757599370e+02
-1.103098042217586226e+03,-2.279030132946449214e+02
-1.697005427726370499e+03,4.517742214875937634e+02
-1.610658778463070121e+03,3.888403820009567085e+02
-1.357373197551422891e+03,3.462130557293182846e+02
-3.612493949228254451e+02,7.819817740900376748e+02
-1.316361801606873087e+03,4.044395122305556356e+02
-6.354671381019804244e+01,8.597688675282422537e+02
-1.606004243290889008e+03,5.581159081876705841e+02
-3.616567286328759110e+02,8.515946233643212508e+02
-1.523920297456829985e+03,3.623380377129475960e+02
-3.139903005452039793e+02,1.094301705437605108e+02
-2.739183529941878419e+02,1.032149737849564872e+03
-1.361459475379260539e+03,8.201771571934046960e+02
-1.565780262847264112e+03,3.602996256762255598e+02
-1.353554220692183208e+03,5.760668288973048448e+02
-1.443668455533547785e+03,6.482283546076199627e+02
-1.312735920233046045e+03,6.815777266177451565e+02
-1.188064470076745238e+03,5.294642676117156270e+02
-6.447325555105226158e+02,6.521114389001411382e+00
-1.478580068765153101e+03,1.460687000175908565e+02
-9.823717789803218920e+02,3.734922803203944568e+02
-1.227737030021052760e+03,8.635007866735835478e+02
-8.168385497815802410e+02,-1.810070607941005392e+02
-1.482087593384463162e+03,2.564202573502780069e+02
-8.109803599353364234e+02,-3.246416863164697020e+01
-7.716882727053481403e+02,3.402632906672512831e+02
-8.176576225936728406e+02,4.461215254349247061e+02
-1.525237598485096441e+03,4.380635575790788039e+02
-7.026364819755417557e+01,1.122213093467710223e+03
-1.314471338186398270e+03,1.074363674592930465e+03
-7.765512771665096352e+02,1.096849346460418019e+03
5.779016251964308992e+01,1.005930008783981293e+03
-7.360668916471969396e+02,-2.099141054821200214e+02
-1.392699188220711903e+03,3.953570588386272107e+02
-9.012348136180997926e+02,4.609378653105487729e+02
-1.144500548439470549e+03,-2.774797283418185998e+02
-1.561750806721387335e+03,5.346961937628029773e+02
9.743427030380763654e+02,1.810132446878943483e+03
8.942539034986574507e+02,1.758725022868264659e+03
-1.311948295570065284e+03,6.434873638017977555e+02
7.292489479623835678e+02,1.791567080757312169e+03
6.425586278473249422e+02,1.890430950193536319e+03
8.923519680575449229e+02,1.754711964800852911e+03
5.169377048798701253e+02,1.690229299168743864e+03
8.927106896553926845e+02,1.753594509797392448e+03
-1.234546773314418260e+03,-2.379729117149598778e+02
-7.726635121470702643e+02,7.388012621982625205e+02
-1.271090523235097407e+03,-7.077513393076898751e+01
-1.689065566748933861e+03,6.489971150771045814e+02
-1.020429120973023373e+03,1.942654193477338822e+02
-1.565846811684851900e+03,2.587411082021355924e+02
7.741611209564034652e+02,1.789449696359245991e+03
9.740228985208653967e+02,1.756682660246554860e+03
-6.897696300178502042e+02,-1.902414252592278672e+03
-1.524960678691605608e+03,2.280733391710572562e+02
5.217459102312371897e+02,1.821115312615384255e+03
-1.487486460965277729e+03,2.545038097554087813e+02
9.369704934629318132e+02,1.758583848478954678e+03
7.312223429620823936e+02,1.835053099414980807e+03
7.211810176298389479e+02,1.663197415713046439e+03
-1.567008664262403954e+03,4.688760610724387448e+02
1.014617470280381895e+03,1.787526816644611699e+03
6.395717676815687582e+02,1.743378390954161659e+03
8.970123582305478749e+02,1.724624169762583278e+03
-8.174075497994462012e+02,4.206006430243620287e+01
-5.635964946577515775e+02,4.885030734405259523e+01
-8.122499346862599623e+02,3.748523976749532949e+02
-1.438422859112571814e+03,3.133991273191439291e+02
-1.146141269312535314e+03,1.403064538113996775e+02
-1.310925949759301147e+03,-5.040682902656968878e+01
8.880374073794342848e+02,1.681445155766818289e+03
1.179722367295171807e+03,1.802035942701804288e+03
7.609427036609148445e+02,1.744539080394809616e+03
1.057448361067158203e+03,1.784862519492531874e+03
1.059953594524643222e+03,1.760917256323249603e+03
-1.355283926750772480e+03,5.001105615320666402e+02
1.059274831827909338e+03,1.682247971445380472e+03
4.715175607876290087e+02,1.592024907537047739e+03
7.721531812337436804e+02,1.700854349493299651e+03
4.351658210244126508e+02,1.556734033492180515e+03
5.245440794380720035e+02,1.762259954385800029e+03
-1.065382867332977639e+03,1.699037248484448241e+02
-9.398641246817811634e+02,1.418338646032025281e+02
9.720323136720346611e+02,1.680650670784886643e+03
1.314635804654728418e+03,1.585261649553055577e+03
-1.233590618992260943e+03,4.652463818854896545e+02
-1.312612607748354094e+03,4.390470578717120134e+02
9.798126635922811829e+02,1.784315579988556237e+03
1.023102791988129638e+03,1.702851987935362331e+03
-9.839453470608174257e+02,2.916571955113832360e+01
5.220236408295527326e+02,1.270517565138084592e+03
-1.401795472220415377e+03,1.955572010818966362e+02
4.735889336793210873e+02,1.320220971818604539e+03
-1.561563396508705182e+03,4.904460270733275138e+02
1.014122608734179494e+03,1.694150402516596159e+03
1.017815284877199929e+03,1.857381770602696633e+03
9.323075862080418119e+02,1.936471132915541602e+03
1.270573919279546772e+03,1.600422011296893743e+03
9.423266556602252422e+02,1.882856057209658957e+03
1.188533839087492652e+03,1.764215438757002175e+03
9.350458699080465976e+02,1.760930260640377355e+03
1.305755571022578579e+03,1.694989266095576795e+03
1.308611429568615449e+03,1.739955450468521121e+03
-1.107384392621261213e+03,9.457569932819263840e+02
9.804027969346869895e+02,1.810906454350265221e+03
8.936857675944355606e+02,1.827048769251180374e+03
1.308691704485069977e+03,1.869386094381880412e+03
7.676546832309778665e+02,1.725553776034505518e+03
8.953675334470567577e+02,1.837743084812200550e+03
-1.734405930896152086e+03,4.195498640838804931e+02
-1.399984936323827242e+03,6.755564065741001514e+02
-1.724860831533491591e+03,5.367048844286198346e+02
-5.669271988148185528e+02,1.991893811905148084e+02
-1.526494510005784832e+03,2.714996466633568275e+02
1.225489642293154930e+03,1.911828942442481093e+03
8.509164827585917692e+02,1.848443221659013489e+03
4.383217206527361895e+02,1.346385697950642907e+03
-1.188676045270871555e+03,1.324978514456874450e+02
4.768130406586791992e+02,1.397842213810254862e+03
8.961455326170015496e+02,1.663987805854932503e+03
8.546617464479807040e+02,1.691441788825263075e+03
-1.480772827918411167e+03,2.896235397836077254e+02
-6.956171122192417897e+02,3.696371441141428136e+02
1.103243472347087618e+03,1.764891392187304973e+03
1.098320259915464931e+03,1.946163677166144225e+03
1.147172391762662755e+03,1.703147006267265624e+03
1.146028857957823675e+03,1.787523192868129854e+03
8.104342609538030047e+02,1.966388196786332855e+03
8.146346921374150725e+02,1.884784025600374434e+03
8.548350653138031703e+02,1.845221367674961584e+03
1.053592635767892489e+03,1.744544912511991924e+03
-1.152497444984317781e+03,2.705419590133744805e+02
-1.062312684686664397e+03,2.548222776747592206e+02
-9.775811835853182856e+02,2.489049747301986031e+02
7.719656303046048151e+02,1.813179511429178092e+03
-1.148247283165140516e+03,5.237286060018269609e+02
1.189759571609142995e+03,2.340769321724104429e+03
1.315099501117811315e+03,2.216597080511946842e+03
1.310842807975630649e+03,2.120116480956065516e+03
1.349398495661962670e+03,2.024315863614535829e+03
1.103146433944657474e+03,2.171344524779349285e+03
-1.727357749355315491e+03,4.740832622415696278e+02
-1.312436537567507912e+03,2.947150796782074167e+02
-1.187023364457669686e+03,1.322415009753352990e+02
-1.269699361126446775e+03,2.812024704322772664e+02
1.105124275875626154e+03,2.211879848531473272e+03
1.021608372552286937e+03,2.004120955136361090e+03
1.142903912581159148e+03,2.059829646573053651e+03
1.067948200086932218e+02,1.766226105086862162e+03
-2.191827488576018368e+01,1.585494841933474163e+03
8.961598796844652952e+02,2.265810242324578212e+03
9.324505955536245665e+02,2.031247533807887066e+03
7.722704795366232702e+02,1.964276043101956020e+03
-1.360137793271980854e+03,2.865542908242147746e+02
-1.154429483809706653e+03,1.225348385884263109e+02
-8.609910835922942169e+02,2.995487948758259336e+02
-1.476968927285401605e+03,4.689629444243444141e+02
8.556573928241299427e+02,1.686232201967620767e+03
1.187757477431555799e+03,1.948589462844370019e+03
1.020199764963924963e+03,1.840572800393749276e+03
-8.566038666181693770e+02,-1.028536206866294833e+01
-1.435780934081354189e+03,3.691601090012590021e+02
1.310642489615069735e+03,2.241019655741586575e+03
1.018618000980579836e+03,2.087440764829780619e+03
-4.777649003997376553e+02,2.799004499696590074e+02
1.524229339559442906e+03,2.163108730009136252e+03
1.605425276392222486e+03,2.149822880913302924e+03
-1.311491833900133315e+03,4.066333015100571515e+02
1.478812154116938245e+03,2.122942517746582780e+03
1.270907931662390183e+03,2.113293875624035991e+03
6.044039669779635915e+02,1.659591969069158495e+03
7.742771111044802410e+02,1.742951348458110260e+03
7.264274361339936377e+02,1.740438575949358437e+03
1.513250913838166070e+03,2.192419135676149381e+03
1.396727266768550635e+03,2.142899088202383609e+03
1.231882413678899638e+03,2.182246477694787245e+03
1.348633825074059814e+03,2.117452171213956717e+03
1.265179734960555606e+03,2.251712281471630376e+03
-4.414823353089566922e+02,1.409283768328261601e+02
1.439598650885814322e+03,2.186902270234432308e+03
1.473977266258752934e+03,2.089396161327428217e+03
1.308043991527741355e+03,2.056246905864664313e+03
1.554573125848308109e+03,2.050598235971904160e+03
1.104643707585825496e+03,1.933691248024082370e+03
-1.479083934686285147e+03,3.448448676749047763e+02
-1.482956160858507246e+03,3.290596994913094022e+02
-1.561492451159980419e+03,5.306383815928070362e+02
1.056536570250282693e+03,1.725652031166157940e+03
1.313231659807231836e+03,2.136922023404616084e+03
1.106378910356524557e+03,1.948192823559759518e+03
1.390665106794699113e+03,2.036694219082148948e+03
1.180511212252035875e+03,2.203742470743844933e+03
1.227019583890868944e+03,2.117781155161438164e+03
1.352084856527756983e+03,2.069368684576236319e+03
1.562839605913580499e+03,2.292892366350320117e+03
9.784051391665389019e+02,1.700274068526631027e+03
1.395433893146304399e+03,2.199339073888412713e+03
1.312253747736785954e+03,2.050768480411525616e+03
1.146185520196954485e+03,2.242285091953383926e+03
1.310451414963973320e+03,2.185480374914697222e+03
1.391092605838231293e+03,2.071751464117469823e+03
1.106132430971247231e+03,2.049815242635988398e+03
1.228464135250324262e+03,2.152314224368052237e+03
1.105625194537511561e+03,1.959648600006989682e+03
6.040625892235536867e+02,2.042883337960747895e+03
1.597727795626198258e+03,2.216700787147530718e+03
1.555187479641250775e+03,2.171940716984232949e+03
1.354338829885645964e+03,2.230218811093885961e+03
1.433291595161717851e+03,2.060017390039692600e+03
1.143380270789859651e+03,2.204480139520848752e+03
1.228502654826239223e+03,2.035417498958631995e+03
8.503622987403799698e+02,1.662491903628271530e+03
1.433523642099818289e+03,2.074369000806088934e+03
8.133211453116354051e+02,1.941798713465312630e+03
1.061504412454891963e+03,2.062717616869266294e+03
-9.025917438363602514e+02,1.491286717341193082e+02
-8.105650448685992160e+02,8.517666495627429413e+01
1.519019478379256498e+03,2.051237765490061520e+03
1.147329260298853569e+03,2.078557779478285738e+03
1.514676201271687887e+03,2.011300502518570511e+03
1.311670558453647800e+03,2.083539765450172581e+03
7.283835540632899210e+02,2.000734512986418395e+03
1.229186124402847554e+03,2.090682049696834838e+03
1.138922415869672022e+03,2.023122775929675072e+03
1.512629913171607313e+03,2.224311275488864339e+03
1.515779727413342471e+03,2.146642094629770781e+03
1.274565765383499865e+03,2.106516857937752320e+03
-8.910804662953847810e+02,2.922400524534465660e+01
1.554695221624309625e+03,2.165000575873719754e+03
-1.271249703437409380e+03,3.436641861682572880e+02
1.480464860007538618e+03,2.153745544484245784e+03
-8.175582566412952019e+02,1.494085613972634690e+02
1.643069092062585469e+03,2.100179776482764737e+03
1.563384905141212357e+03,2.127574650041051882e+03
1.518279087225422700e+03,2.068350671112709733e+03
-1.566596300095384777e+03,6.468183115103445289e+02
1.224575219834050813e+03,1.591556032211326965e+03
9.707149603726015812e+02,1.707631922600212192e+03
-1.233916446431574286e+03,3.166980745085228932e+02
1.352557762560422361e+03,2.121320843100055754e+03
1.646659995055137870e+03,2.159438691808507883e+03
1.268504927709379899e+03,2.027598401057246519e+03
1.309313485994032135e+03,2.043784407171840030e+03
1.354818401780815520e+03,2.167887145061498813e+03
1.438328171799171741e+03,2.123250387822749872e+03
1.439447068002842343e+03,2.035638106166522448e+03
-6.089095320215938045e+02,3.147103612753146535e+02
1.521708757562155597e+03,2.143345148231584062e+03
9.796667659773014520e+02,1.736108805256512369e+03
-1.019539421630627885e+03,1.901220911071014257e+02
7.730936126666697419e+02,1.716160197578359430e+03
8.882084774084586343e+02,1.773700851455218299e+03
1.349567014447106658e+03,2.055569959988180926e+03
-9.435174317223978733e+02,3.123201458937300004e+02
1.146557138913869039e+03,1.959061806314519345e+03
1.351129737723057588e+03,2.029251495676742707e+03
1.304634737214768620e+03,2.098395207319475503e+03
1.271692093283200165e+03,2.051391111542528961e+03
-1.353510463886845855e+03,-7.739992200711463965e+01
-1.312741101571362378e+03,-4.601114477417497284e+01
1.181029201938385313e+03,1.825465562335045206e+03
1.188350023334047592e+03,1.752693807236250905e+03
9.770395862068789938e+02,1.760724877258112429e+03
1.058181401758774655e+03,1.820651862254479965e+03
1.059368318373303282e+03,1.827619903786358464e+03
1.438720769157710492e+03,2.019727164365101316e+03
1.439928050516683470e+03,2.200639892550110289e+03
-1.394913040757564431e+03,5.374469299997781491e+02
-1.350973702905339223e+03,4.430707420097791100e+02
5.153181660173185037e+02,1.305025245843016364e+03
4.768769472800880749e+02,1.251644785354309079e+03
-1.725715783076222124e+03,5.312044079702495765e+02
1.311283275936852760e+03,2.178481459847752831e+03
1.309233027195081149e+03,1.851096831279647631e+03
-8.972534914186467176e+02,1.037866996932998973e+03
-8.980708172167238672e+02,8.140665319289012132e+02
8.966716125946270495e+02,1.700591035172466945e+03
1.524075302463391154e+03,2.096615679674344392e+03
1.561691453716800197e+03,2.216242177812736372e+03
1.019840272604857546e+03,1.910791551898327725e+03
-7.711285046858424721e+02,3.448448676749047763e+02
1.515424374260689547e+03,2.145867856746622692e+03
1.021081021342608437e+03,1.753302995873995997e+03
1.312258017232589282e+03,2.171357661664911575e+03
1.355321396556902982e+03,2.144246028473785827e+03
1.562490043007161830e+03,2.121419862065766210e+03
1.560119729346292388e+03,2.065075602891340168e+03
1.016012965551230195e+03,1.966454454535466539e+03
1.059367051380306748e+03,1.877633786897818254e+03
-1.439375136760785381e+03,2.858299941719750450e+02
1.350425702932857575e+03,2.120239690878966940e+03
1.440740240737405657e+03,2.223279886440152040e+03
1.226917199515532275e+03,2.178561813402336611e+03
1.016288170633768573e+03,2.007401022333704077e+03
-1.561808550143304956e+03,2.436594534095399354e+02
1.562569399649867137e+03,2.198089420023193270e+03
1.521195480221915659e+03,2.108855293847044777e+03
1.188562076903159777e+03,2.403267865965999135e+03
1.308057186342599380e+03,2.415232938531664786e+03
-1.145906101899825671e+03,2.910315384758970367e+02
-1.269112827962213714e+03,1.892091491234441207e+02
1.307196800667539719e+03,2.447163986631816897e+03
1.479563298021143055e+03,2.403676393551640558e+03
-8.943438658103747230e+02,1.118219732190117526e+02
-9.371041004360965871e+02,7.245646806376583982e+01
1.475384642127995448e+03,2.474649209066966705e+03
1.437931458182612459e+03,2.417174285059054455e+03
1.439408607287267841e+03,2.493835513941084628e+03
1.137475265944947296e+03,2.442652504243701514e+03
1.313408858410995663e+03,2.414371608563356858e+03
1.518653174873660646e+03,2.390109732862648798e+03
1.224662018773613454e+03,2.445998574117119915e+03
-4.788329346862473130e+02,1.347921576745651464e+02
9.812024825202146303e+02,1.720634139997169541e+03
9.793107453138289884e+02,1.755198777674816029e+03
1.024462898082497532e+03,1.712611714315521112e+03
1.021956418408762147e+03,1.766693138172998488e+03
-3.626794278710198114e+02,-3.312855964548725041e+01
8.572987251305418113e+02,1.882823484239405843e+03
8.132233902828209011e+02,1.883049854296812327e+03
8.540330016049952064e+02,1.858821352850678295e+03
7.622245211399967957e+02,2.115558396248616646e+03
6.861301818235364181e+02,1.971203550766975468e+03
8.126022453146123325e+02,1.995259017674414508e+03
6.899196459566795738e+02,1.996103811593810406e+03
7.292479953134246671e+02,1.965251487675155659e+03
1.105410650729658073e+03,2.098749973722124651e+03
1.178867010273428832e+03,2.114132916154403574e+03
1.181835367829777624e+03,2.101437125562835718e+03
1.147407270163013663e+03,2.106465139236850973e+03
7.287745740237686505e+02,2.028486425857065797e+03
9.386216551698373678e+02,2.021345590572477477e+03
8.083483336157117947e+02,2.011551986374484841e+03
8.068451164257721757e+02,1.995893691838325367e+03
7.307510065127039525e+02,1.983422360747700168e+03
-1.020433260711689059e+03,2.241687659454925665e+02
-9.775909643582755280e+02,1.837344623861801267e+02
1.556541154508993031e+03,2.117856199012790967e+03
1.473718558931474490e+03,2.073247872810291483e+03
1.021060975953575053e+03,1.731927327391609651e+03
1.016060936826765214e+03,1.709302994347217918e+03
9.791217055819613506e+02,1.693603639196428048e+03
5.195177553423326344e+02,1.699223110562616284e+03
5.584924686754084178e+02,1.616086023102446688e+03
5.214180653137905210e+02,1.605161127674573436e+03
-1.061941175220214973e+03,1.720780199094296563e+02
-1.061991305990170076e+03,1.960592765639552795e+02
-1.062602833659167118e+03,1.536823700187221107e+02
6.461773805102295682e+02,2.054367951273861763e+03
7.666738399793755434e+02,2.035338155148390797e+03
1.019821237641668972e+03,2.005674290836316914e+03
1.272665552554978603e+03,1.990904741304447043e+03
1.019301055832484394e+03,1.998079910310752439e+03
6.852547935324189439e+02,2.059311432659730599e+03
8.510061952834362273e+02,2.027914956373256246e+03
1.229688998836482824e+03,2.038472071809601175e+03
1.314209076988373909e+03,1.998648033483590780e+03
1.025697895365170638e+02,1.784042084908048309e+03
1.905330443743194735e+01,1.742032792086674135e+03
2.182654665642617431e+01,1.720509997762198054e+03
1.876171201884046980e+01,1.764066445408403524e+03
8.916273460545670559e+02,1.995192371898419651e+03
9.756527173968704574e+02,2.058948591524279436e+03
1.019051938773325560e+03,1.790721831292551997e+03
9.377387566385062883e+02,1.761882915384561784e+03
7.653576936027933471e+02,2.013041013474715783e+03
7.691945226779432687e+02,2.003758506901738428e+03
-1.352348678859384108e+03,3.373203366585502749e+02
1.516312380100049722e+03,2.145006682532050490e+03
1.431427970200798654e+03,2.071150975425965498e+03
1.312783059003072594e+03,2.184309836354993877e+03
8.941407142060226079e+02,2.152788130607972562e+03
1.224238862513863069e+03,2.117979384256298090e+03
6.020740737497097825e+02,2.038309958463752992e+03
8.128959301624031468e+02,2.022712470689252996e+03
9.788161899731182984e+02,2.062126688508730695e+03
9.338051258294673289e+02,2.048254304317872084e+03
9.719314036070342127e+02,2.035478615917666275e+03
9.299174598355859871e+02,2.128724109474225770e+03
5.616931418161088914e+02,2.058004408524852352e+03
7.677525199516528573e+02,1.994507772396903192e+03
9.816230125660661088e+02,1.982022910624378710e+03
5.594509412986628831e+02,1.933746077658557624e+03
1.313911788768903534e+03,2.126440783462790932e+03
6.408978417908548408e+02,2.028522453920469161e+03
6.872441224849783339e+02,2.035459533602290776e+03
9.790041500691221472e+02,2.062770359434168768e+03
-1.140643225631896712e+03,2.443672051525450968e+02
-1.186440251864495167e+03,3.160949374965352945e+02
-1.105029557508453081e+03,2.650119943811623102e+02
-7.739728279523271794e+02,-6.433714212017511613e+01
-6.917184020177501225e+02,1.436369470919937896e+01
1.064565986316788440e+03,2.041156542093352527e+03
1.054310537007531593e+03,2.043998346620390521e+03
-8.542144403107175776e+02,1.003986679509817748e+02
1.059282716294360171e+03,2.057443230182808747e+03
-9.419730941327602523e+02,1.801242665918862542e+02
8.917809650207710774e+02,1.661988186543979509e+03
1.271534273382086440e+03,2.063075064817820021e+03
1.272400537255904055e+03,2.030935427815118601e+03
-8.591972475610888296e+02,-5.922982861533939314e+01
-8.130227714088547373e+02,-4.092655014390999213e+01
9.316399331810680451e+02,2.142478413737218489e+03
4.319418582266713429e+02,1.308108772011518568e+03
3.983024632272520194e+02,1.328298336727129254e+03
1.058140118373359428e+03,1.842595741996475681e+03
1.058362041094384949e+03,1.848428899946129604e+03
-1.729802399832729407e+03,4.125058504088911491e+02
9.786675911773799044e+02,2.033984477970804846e+03
9.729377556569692160e+02,2.022526905106547247e+03
1.306426852702370297e+03,2.041111707076752282e+03
9.808795098816528935e+02,1.948357296775991472e+03
1.311946278459927498e+03,1.972924285021402738e+03
5.233457430961834689e+02,1.925354380179460804e+03
6.458937453138163391e+02,1.935243957675107140e+03
-8.957974232726016908e+02,2.964735244173524507e+02
-8.989201431983506154e+02,3.172511522901602348e+02
-8.635809116405247323e+02,3.023001718318049598e+02
-8.939257949431739689e+02,3.250963419659530018e+02
6.903182017575452392e+02,1.986520596247677759e+03
6.424336680817380056e+02,1.951375239992650222e+03
4.791852453145997401e+02,1.695183717674718991e+03
5.599929091302001325e+02,1.667786530293667056e+03
1.102786586152397604e+03,1.756929819820336434e+03
1.016019201542774681e+03,1.696525309338808484e+03
1.265929023287309974e+03,1.999294902010300802e+03
1.181579552026998499e+03,2.008745880846199270e+03
-2.299757928968323029e+02,8.241253099159800968e+02
-2.706792605824282987e+02,8.353673768029215125e+02
1.020440377796793882e+03,1.738065894388536208e+03
9.800817143214367206e+02,1.721421393563454785e+03
9.322568049450886747e+02,1.967631985211817437e+03
9.732355304250365862e+02,1.962218935464254855e+03
5.577832043442089116e+02,1.903373523585897829e+03
8.075126868416862180e+02,1.905074553663745064e+03
6.891420290788666989e+02,2.028938933616625036e+03
8.114434892019321524e+02,2.005326809603518768e+03
8.913753329301907797e+02,1.993227725515141401e+03
6.418375684048426137e+02,1.938168470924508028e+03
8.973087228979803740e+02,1.939560109636398693e+03
7.742434428443368688e+02,2.041222184428311493e+03
7.737872947840307916e+02,2.033355951326298737e+03
7.304381836566440143e+02,1.989888702839254847e+03
8.087186491244422086e+02,1.997023265904476148e+03
8.076967547352803649e+02,1.958719186744802073e+03
7.707582475589005071e+02,2.059984536355933869e+03
9.340154110108120449e+02,2.027094587532052174e+03
1.392572487221641268e+03,1.991917916622653365e+03
1.016219600108999202e+03,1.902575555933258329e+03
6.886380335490587186e+02,1.856634597834374517e+03
-7.300477883062809497e+02,-7.371419371545371746e+00
-6.851656904824898220e+02,5.647920633143407798e+01
-6.907722612297045544e+02,2.421826368189014289e+01
-6.905373249450701678e+02,1.492412080272796970e+01
7.736814595056393955e+02,2.030991158554690855e+03
6.874634664840671121e+02,2.000885981275092263e+03
7.192410778682226464e+02,1.991252615924523070e+03
9.379774339030568626e+02,1.994004653798199115e+03
1.394869072015200572e+03,1.994800555237770823e+03
1.271377110743194407e+03,1.983268945798720779e+03
6.480327068596267281e+02,1.943132080165167281e+03
8.551708582788086233e+02,1.943660141216213106e+03
1.350558672351306541e+03,1.936415106798708393e+03
5.157047440894883721e+02,1.887908668427812472e+03
-7.359403529973533296e+02,-1.923239065871840694e+03
-7.292577010989901964e+02,-1.913570335052077098e+03
-7.282304601304398375e+02,-1.910582148920847658e+03
9.392553888452270030e+02,2.032366519933568497e+03
1.223498626284590046e+03,2.008362021763879056e+03
6.813575161762163361e+02,1.980370740195779717e+03
9.346603898588845141e+02,1.995587900250958228e+03
8.037893978410889986e+02,1.952343094526662753e+03
7.648574948318712359e+02,1.913808752950024427e+03
7.657303911816753725e+02,2.040836792778637573e+03
1.230830200200033687e+03,2.000646184435312080e+03
1.270591755178880248e+03,1.964215274683699135e+03
5.565635939439506501e+02,1.904771302200632135e+03
9.393008592922764137e+02,1.899792555254789931e+03
1.055410220755689352e+03,1.874425408965694487e+03
-7.361430137287653679e+02,-1.920613825618976762e+03
-7.351808704474975684e+02,-1.904633242483288996e+03
-6.895255632479371570e+02,-1.900190767208006491e+03
7.244465934296396199e+02,2.009585382726152829e+03
8.893374986236322002e+02,2.007039335147902648e+03
9.364803108084079213e+02,1.998999176591469222e+03
1.306087816802354382e+03,2.011957550892863310e+03
1.272336401283222585e+03,1.991741475677571316e+03
6.058580996709849842e+02,1.941183061149417199e+03
1.602708534833000158e+03,2.272060586206820062e+03
-3.579860606488720691e+02,1.031393750195609158e+02
-2.704610889398755944e+02,1.104476573787592031e+02
-9.793658643523493765e+02,2.068672916711243914e+01
-9.831318472038336722e+02,4.823620221662284280e+01
8.538411976103450343e+02,2.007380391447905367e+03
8.576687048125053252e+02,2.035277377657384250e+03
8.149894697765646470e+02,1.979579639233310900e+03
4.723104560239063971e+02,1.596298038361183671e+03
4.707372596331635464e+02,1.604038223366468173e+03
8.084704968375646104e+02,1.967934746413210405e+03
8.098247454056817105e+02,1.968015709272136291e+03
1.147026136754479921e+03,1.974575555944027201e+03
1.139935727927455673e+03,1.957252795748564722e+03
5.536858679664095462e+02,1.925778387984937581e+03
5.688931958240120821e+02,1.936221060636982656e+03
5.744721202808194676e+02,1.928645382933323390e+03
8.133170648581636897e+02,2.085105094693947649e+03
1.272105309067807411e+03,2.053851418722878861e+03
7.707784075161721375e+02,2.023290706506257720e+03
1.313439078530419920e+03,2.023614132379550256e+03
8.135718565450306414e+02,1.994209132750771687e+03
6.456033117117345910e+02,1.933199804133402722e+03
1.055226146542994911e+03,1.711141438682894886e+03
1.049735307764157824e+03,1.697870498811210609e+03
1.062664995313437203e+03,1.725191247674767510e+03
1.062664995313437203e+03,1.755198777674816029e+03
