date:2016-05-16, time:0900, wind_speed:6.54, wind_dir:276.0, temp:5.2
1.065743419154485764e+03 1.692039089455741987e+03
1.070796945998557703e+03 1.752897667176820960e+03
8.971165262583613185e+02 1.528597754197286122e+03
1.022482496056801892e+03 1.621539925664799284e+03
9.799949683574441224e+02 1.520266029544211278e+03
1.028345436416456550e+03 1.470954560220573740e+03
9.366568686465761857e+02 1.662867805202545924e+03
8.559111068114532372e+02 1.562420919595879468e+03
1.024753784355471453e+03 1.591841003444131047e+03
1.023946075733413977e+03 1.629836009988356864e+03
1.064206641945644151e+03 1.501383931189140412e+03
9.459844490092184515e+02 1.558168208541003651e+03
8.611230752464806528e+02 1.632402364084042347e+03
1.067633295410369556e+03 1.620527068218176282e+03
1.189902131518404303e+03 1.511191013696785376e+03
1.151627855005329138e+03 1.504441127404806821e+03
7.373684692950450881e+02 1.318261930261537600e+03
8.629014037511570905e+02 1.489300878753292182e+03
8.600500573916409621e+02 1.378829026299897578e+03
9.431894625803824965e+02 1.408299981286521415e+03
8.577511140859649004e+02 1.456252906225867719e+03
1.148515204875952122e+03 1.681728346489322348e+03
3.958309953134120178e+02 -2.865960842325548583e+03
8.959564953142206605e+02 1.545146067674476399e+03
9.812990465921326404e+02 1.572108667617122137e+03
9.382974017945126661e+02 1.880362692895323335e+03
7.739611728373037067e+02 1.311205287132148214e+03
7.759727165065373811e+02 1.809229399973515001e+03
9.495241314563314745e+02 1.913332185592692667e+03
1.064819719060830948e+03 1.872279223112238242e+03
1.020618546193688417e+03 1.801882674204010982e+03
1.157518422404326429e+03 1.841136541142732085e+03
1.107377011335860288e+03 1.819612580496531564e+03
9.820490644172200518e+02 1.852624909746525645e+03
1.023428242344106820e+03 1.778236238609728844e+03
1.233755078054877458e+03 1.420135212614932698e+03
