date:2016-09-14, time:1300, wind_speed:3.75, wind_dir:261.0, temp:27.2
3.547095653145739789e+02 1.185055707674683845e+03
3.547095653145739789e+02 1.185055707674683845e+03
-2.355473323108931822e+02 8.994685833085528657e+02
-1.106143970777303139e+03 -1.223051148178095218e+03
-1.355776549021744131e+03 -3.824616372232778190e+02
-1.271254004686651115e+03 -4.353509123255670374e+02
-1.107827231521163640e+03 -1.228040510084442985e+03
-8.166263921218378528e+02 -1.185817928923474511e+02
-8.197511072580389282e+02 -3.334610369589653942e+02
-1.523270732030271347e+03 5.922157375659672596e+00
-1.146341337666689697e+03 -5.342752350020978156e+02
-7.364830276378478402e+02 -7.002147801353994510e+02
-6.522838599799340500e+02 -3.635662150329921474e+02
-1.606268342002992313e+03 3.566202803706019608e+01
-1.485254178217805247e+03 3.897023928716485557e+02
-9.407082881781526567e+02 1.809295188979194222e+02
-1.521993459348752140e+03 -5.335526873673172332e+01
-4.413392389900659509e+02 9.326544380981116547e+02
-1.439064700589825861e+03 -2.932604843649885424e+02
3.547095653145739789e+02 1.185055707674683845e+03
-1.277412154207609547e+03 2.672068694316298547e+02
-1.859367867767510688e+03 2.720132923498015884e+02
-1.856855079765039136e+03 2.765641288662172883e+02
-1.571875497894491446e+03 3.200253767580670683e+02
-1.146159064335930452e+03 2.462711926886459253e+02
-1.479882712393543898e+03 1.273025052321339103e+02
-1.645792434685501803e+03 7.477709767446809508e+01
-1.398046743667830242e+03 2.462761028363293860e+02
-4.806034603373645382e+02 5.162046267158793853e+02
-4.841578923143373459e+02 1.490154140685369839e+02
-1.691001192613631929e+03 3.020787876588896097e+02
-1.525964139092270216e+03 1.219779919294911394e+02
-1.318494094761591441e+03 3.862891625417184969e+02
-1.399111846711587759e+03 3.308808164383211192e+02
-1.153301057213798686e+03 -1.021427935668735586e+03
-1.026081701797273126e+03 -1.081328583531615550e+03
-1.489599093873875972e+03 2.647303220976662601e+02
-9.438060001507153629e+02 -1.172785654381754284e+03
-1.237918612420433419e+03 8.356486347644556645e+01
-1.400644888308826467e+03 9.088547423728026331e+01
-4.388161631593679317e+02 2.167589660150758561e+02
-1.189673024493853518e+03 3.721791991488017715e+01
-1.645792434685501803e+03 7.477709767446809508e+01
-1.271805856906382587e+03 6.669448854421017359e+02
3.547095653145739789e+02 1.185055707674683845e+03
-1.403093561664986964e+03 7.158287486884017881e+02
-9.860198510547680826e+02 6.869502555512359550e+02
9.690933287712921640e+01 1.139213532985643042e+03
-8.204843407303799268e+02 6.284426942267464256e+02
-8.620220555448634059e+02 2.669627060699835965e+02
-5.642764690944457016e+02 -6.235102141754227887e+02
-1.313072609551583128e+03 9.076206252171091364e+02
-1.362510146170104690e+03 6.248851497557722041e+02
-6.114986109161050081e+02 8.706935093976829876e+01
-1.188539499892465528e+03 7.868682584161540490e+02
-7.791302654247275541e+02 8.667113958324163150e+02
-1.274784389148899663e+03 8.122182759102172440e+02
-2.361331563981790396e+02 8.372648474104898924e+02
-1.484557654004226833e+03 7.489578576233639069e+02
-1.230993583134589926e+03 7.561851001399081724e+02
1.418306994337133631e+02 1.170671223962407794e+03
-2.779446429129227454e+02 8.966095025529218674e+02
-2.763214577448208047e+02 7.483818205183683858e+02
-8.138552599563464582e+02 -8.941380355835511864e+02
-1.145666934686272498e+03 -5.253735023249229243e+02
-1.354608254686259443e+03 -3.753358523254700003e+02
1.407622159398922861e+02 1.172741022219955084e+03
-6.513402674191528376e+02 1.780205282344374211e+02
-1.022258089318213365e+03 -9.530929326642101387e+02
-8.656274071748191545e+02 8.545039253362722320e+02
-8.624119022943614254e+02 -6.968729524447732047e+02
-1.688025254686272092e+03 1.948072176746621835e+02
-1.072066251368818030e+03 1.442257981995946068e+02
-7.388171633102812166e+02 1.700029240151165482e+02
-1.695941151304930372e+03 2.682145315947991548e+02
-1.813804157018539854e+03 3.957943953848734964e+02
-1.570144290938279937e+03 8.013778854077281721e+02
-1.317057756106432180e+03 6.922019864609405886e+02
-4.392986222104713647e+02 2.171680182652860651e+02
-1.069015569155882304e+03 8.965161182589699820e+02
-1.273599105205999422e+03 8.169262141993715431e+02
-8.551024297403175751e+02 9.078387402309854224e+02
-1.485329013955811206e+03 2.380042976925606126e+02
-9.031576783452059090e+02 -9.021121699401159049e+02
1.421838874977816545e+02 1.203526529657677202e+03
-1.065330070371852571e+02 9.033425166399210866e+02
-1.155569542178978736e+03 8.922406368401501595e+02
-8.982929859262128502e+02 7.220822770535833115e+02
-1.194305113293772138e+03 8.672012675527843157e+02
-8.553225593073152595e+02 7.274798178397500124e+02
-1.230387712606403511e+03 3.373462325811285041e+02
-1.563337941451796496e+03 9.598027414472846885e+01
-1.444215255444006289e+03 5.737052538190534534e+01
-3.615757333311120192e+02 1.465575995307455059e+02
-1.697265337764292781e+03 2.323229200823581664e+02
-1.564497303534747516e+03 1.264589810341137763e+02
-1.396135685815230545e+03 3.676846153760610605e+02
-1.275524257662140599e+03 3.021617670688526687e+02
-9.862937105069705694e+02 8.088268978055190246e+02
-9.795310722243802957e+02 7.873171530442539279e+02
-1.069127847037174888e+03 2.669869468226629010e+02
-1.612627987036045852e+03 1.185741992498046500e+02
-5.218014952358721530e+02 1.207462188518799849e+03
3.534939582213830249e+02 1.176214470849492727e+03
-1.275432899276263925e+03 3.910694150639372992e+02
-1.402237607373778701e+03 3.266643303450172766e+02
3.547095653145739789e+02 1.185055707674683845e+03
-1.066294235253436227e+03 1.818971777506759793e+02
4.754543452303643676e+02 1.084137255262091003e+03
-1.275264245837903673e+03 5.113021969634951347e+02
-1.314377450364722563e+03 6.329199803197526535e+02
-1.405719026950308262e+03 8.025152686291650070e+02
-1.068355173058652099e+03 6.275476214065384966e+02
-8.603944673743719704e+02 1.258110731876672389e+03
-1.147796224758551944e+03 1.356794634135432261e+03
-7.356225630711687700e+02 1.199689892164502226e+03
-8.597788116699164220e+02 1.258909638688784753e+03
-1.105413882515823843e+03 1.386721107337390777e+03
7.273267290596277235e+02 1.476626579158228196e+03
5.515013198654156668e+01 1.227023717794514369e+03
-9.847488302344054318e+02 1.382042884604653409e+03
-8.127084764693845500e+02 1.296620227287882017e+03
-1.568978777676500385e+03 7.173252363020611710e+02
-9.826770308863734726e+02 7.518251112868587143e+02
-7.759292064319721476e+02 -1.108819100214180708e+03
-8.556254880904218680e+02 7.574227487130890495e+02
-1.025684803732799310e+03 7.225748001576425850e+02
-2.265250569878105580e+01 9.067664103470459622e+02
-7.343146758816204738e+02 1.784058237922519652e+02
-9.840696073299772024e+02 1.214412514752025913e+02
-7.724329272222520331e+02 1.254504493518717538e+02
-9.809777331919532344e+02 8.134195008571209655e+02
-1.033231319344607755e+03 9.482546892841082808e+02
-1.107939912046480913e+03 9.319412392979197648e+02
-6.141665542000032474e+02 -3.958773976634719247e+02
-1.443907136258520268e+03 6.573461783616625098e+02
-1.316986738663740198e+03 7.486316297061457590e+02
-1.486219328100371285e+03 7.411971368551901378e+02
-1.195097143261878500e+03 2.662738992157461553e+02
-1.149156234122201113e+03 3.321400881871228989e+02
-3.142651969868464903e+02 3.960326192038458544e+02
-1.282370766299638262e+03 8.643688338618904936e+02
-1.068011960184503323e+03 9.313085512819775431e+02
-1.063864812368469302e+03 8.162143715829338362e+02
1.183276498630809556e+03 2.223053885445199285e+03
7.276451676451500816e+02 2.197041345247709160e+03
1.010290494315772321e+03 2.299579556094603959e+03
1.102682000073705694e+03 2.196460647935102770e+03
-1.271254004686651115e+03 -4.353509123255670374e+02
-1.145666934686272498e+03 -5.253735023249229243e+02
1.018507767535861149e+03 2.222131667216056030e+03
9.302890318881337635e+02 2.183868472525899506e+03
9.720850701425899842e+02 2.006009044341731624e+03
1.185808566542541939e+03 2.046712671827435088e+03
-1.439188496916057147e+03 5.469196021326189339e+02
-1.490881149419250278e+03 6.549795370250524229e+02
1.103865608221581169e+03 2.168222472225434558e+03
1.062868379683681951e+03 2.145780122324384138e+03
1.061300254441058996e+03 2.197962282113075617e+03
1.094207357266090867e+03 2.124199458997523379e+03
-1.025452121114707552e+03 -9.878477495854699555e+02
1.144143893160508924e+03 2.227659692224891387e+03
9.295516730084229948e+02 2.184912291210569492e+03
-1.526393057028846897e+03 1.210375428477812676e+02
-4.861986745229503981e+02 1.178613714933989911e+02
-8.962885888859696024e+02 9.595812719846807681e+01
-9.024316077568362289e+02 -6.434338417653938791e+01
-8.972336600877475803e+02 9.713615682707836640e+01
9.300843159219256222e+02 2.128460946413002148e+03
1.223001650390550139e+03 2.100828794278198075e+03
1.264195065553064069e+03 2.189830084002255717e+03
1.138785596312445705e+03 2.129406188178363209e+03
1.020780912037415419e+03 2.166722780876191337e+03
1.146019245314625095e+03 2.025266547674463027e+03
1.102693149821817315e+03 2.136600696526795673e+03
9.726561950269654062e+02 2.099788523070942574e+03
1.269497523526921668e+03 2.198434436245479446e+03
1.305145812028795945e+03 2.159210261765530049e+03
1.227951866805509553e+03 2.168648045620735502e+03
1.269559121179790736e+03 2.136851700054501634e+03
9.788472466175736599e+02 2.137072443093036327e+03
1.103061581237388282e+03 2.137001288297967676e+03
9.699108979407998277e+02 2.152268350535458922e+03
1.053547036414991226e+03 2.180246187202535111e+03
1.015490283234174285e+03 2.132782271652243253e+03
9.706693139225834557e+02 2.098764203429006102e+03
1.101127396490772526e+03 2.252689690938289914e+03
1.014577563926539142e+03 2.098021310884427294e+03
9.347243858258302680e+02 2.072394233448993418e+03
9.772289215623910650e+02 2.047601287928242073e+03
1.020524167396413077e+03 2.197177281601323102e+03
1.265615989700869704e+03 1.978030584745000397e+03
1.102699865292652930e+03 2.166596552272102144e+03
-1.146720680219193582e+03 3.672080721824565899e+02
-1.233263955937639821e+03 3.317324576167733881e+02
-1.146315620113781279e+03 2.470765681302653149e+02
-1.191551351957008364e+03 2.418920304894854780e+02
-1.106180394141403212e+03 4.558445807141463320e+02
-1.230630375289961421e+03 6.357409537421766572e+02
-1.654135849878307909e+03 2.065556539164088576e+02
-1.485753456895532054e+03 2.063766954424750395e+02
1.305340282487848981e+03 2.007489099869969550e+03
-7.782636113287102262e+02 -7.808448422649332770e+02
1.099105937943410254e+03 2.100025590687279418e+03
9.758068348786351862e+02 2.044307054789913309e+03
9.312476326607169312e+02 2.031679940779284152e+03
1.350124480826396393e+03 2.012483981820610779e+03
8.895691039844067518e+02 1.977542746764064077e+03
1.055939268273382368e+03 2.096093618203740789e+03
1.144500019355006316e+03 2.136835726618715853e+03
1.264728850822776167e+03 2.066538388765945001e+03
1.014567913011799874e+03 2.005480874803851066e+03
1.187122144379451356e+03 2.047428724204358787e+03
9.340155560026508965e+02 1.953821977916319156e+03
1.059734382882351838e+03 1.982245192905517115e+03
1.102274336031551911e+03 1.951411886625829766e+03
1.138325765603471837e+03 1.972413533012942253e+03
8.076352657800937322e+02 1.951420496558455852e+03
1.020653667447273619e+03 2.048204223048061067e+03
1.017783325316888181e+03 1.981796552055383700e+03
1.059149725361594392e+03 2.013148617043742661e+03
1.057796525475068620e+03 2.068027959247979197e+03
1.053626219207422992e+03 2.062884875143979571e+03
8.114336590338596125e+02 2.047800716522865969e+03
8.497376605733153383e+02 1.948284764104381793e+03
-1.066216166453125197e+03 9.010282625242559789e+02
-1.062973267018087881e+03 8.166570078902122987e+02
-4.502203513261738976e+02 2.839208343679381983e+02
-9.805672360560492962e+02 2.476458722301462103e+02
1.834047477266120723e+02 1.173014632163255783e+03
1.096864613378642161e+03 2.032102958662429501e+03
1.014884592587914312e+03 1.976988493722989915e+03
1.057510025074526766e+03 2.043212274953256383e+03
1.187899813901164634e+03 2.018076076921441654e+03
1.308628556139880402e+03 2.014405098432083832e+03
1.269293976632138765e+03 2.138407618594628275e+03
1.015147296757857134e+03 2.069522679656826767e+03
1.218653963146531851e+03 2.004752132764975158e+03
1.100014744262413160e+03 1.923070282541305914e+03
-1.527957168940076372e+03 -3.209369835471430576e+01
-1.479747745065481922e+03 6.745699797421087851e+01
1.227585083315220800e+03 2.077514253335099511e+03
1.224848553987563491e+03 2.043363637897272156e+03
1.186043796863543776e+03 2.047199515514315863e+03
1.096216749017191205e+03 1.973456526478574233e+03
-1.192404425008641056e+03 1.766306174094784183e+02
-1.195837501591454156e+03 2.365431587608635766e+02
-1.105394701404690295e+03 2.774431918688273413e+02
9.308535058004014218e+02 2.037537324472767523e+03
8.545206840090866081e+02 1.927621160152404400e+03
8.508158997579569132e+02 1.891921978603785647e+03
9.700472593577403586e+02 1.945802210746894389e+03
1.056210677314073337e+03 2.039686540185474541e+03
9.750726777926606701e+02 2.072919541363989993e+03
1.188252065313815820e+03 1.995259017674414508e+03
1.060193797122986098e+03 2.012346200206057802e+03
9.775167157280029642e+02 1.926150108235465950e+03
8.931015687556911189e+02 2.012205306084868425e+03
1.053309682339363690e+03 2.063146323159422536e+03
9.297719703229690822e+02 2.038555556804430807e+03
1.221935254867338244e+03 1.942298110455988308e+03
1.222079462784009365e+03 1.947873154228015892e+03
1.182199869816947967e+03 1.979257016229247256e+03
4.316026185818737986e+02 1.738429057328227373e+03
5.566938647165462726e+02 1.889627090717615829e+03
1.097726815530437079e+03 2.129926829916481438e+03
1.020081818650832815e+03 2.107982623557084935e+03
9.743584453505250167e+02 1.922706225835897612e+03
9.321583199441271290e+02 2.006765580545222520e+03
8.868473067834191852e+02 2.061197489889837470e+03
1.265226917999029183e+03 2.008750504109738813e+03
1.018568525163792629e+03 1.980984317592274238e+03
1.307953241634405686e+03 1.983843140248754480e+03
3.539739014935880164e+02 1.177437589489834409e+03
3.529512802515550334e+02 1.177071757208899271e+03
4.785088136819344982e+02 1.087128683878207539e+03
1.032025133893852598e+02 1.146075037822966351e+03
1.017179320752156173e+03 2.042756307004676728e+03
8.856538754751810529e+02 2.058557902154132535e+03
9.316034684593183783e+02 2.036281742191607236e+03
9.365264823581139808e+02 2.107474285763111311e+03
1.061005139832508803e+03 2.078257179240136338e+03
1.102995912011902192e+03 2.048204711515604686e+03
8.452987039446521749e+02 1.915452355902105410e+03
8.108741613995031230e+02 1.836839037810073705e+03
1.057170815824900728e+03 2.102450765428083741e+03
1.102005299223053271e+03 1.982095545009651687e+03
9.770361343103941181e+02 1.922888653399448913e+03
8.521948540474893434e+02 1.891690838627913763e+03
-5.682762086831104398e+02 2.675304875123318880e+02
1.457682453145870909e+02 1.185055707674683845e+03
1.059562646432280189e+03 1.923426577104838088e+03
-1.193586147157045161e+03 9.292350773045034202e+02
-1.354608254686259443e+03 8.249653476748914045e+02
1.144787655460987708e+03 2.016901772112529443e+03
1.057116421412325508e+03 1.917472200343453551e+03
1.099213971452100168e+03 2.042009614258163083e+03
-1.356371880578143646e+03 9.059264294015986252e+02
-1.313961569159682767e+03 9.678530584878149057e+02
-1.237402877144514832e+03 8.976694808601897648e+02
-1.445359015299213297e+03 3.221055163950950941e+02
-8.200731834309329997e+02 8.088181818262002025e+02
-1.237862927512105216e+03 5.329281560705919674e+02
9.335273429994697381e+02 1.978352715139595603e+03
-1.149427063283981852e+03 6.599252880821134113e+02
-1.153209739261634013e+03 6.233986199935967534e+02
1.139212024479356842e+03 2.129156258010853890e+03
1.013494972979339309e+03 2.037488727514717539e+03
1.018916837681238462e+03 2.133109093838893841e+03
1.432755476800012957e+03 2.073970111632813314e+03
1.309626960334941032e+03 2.132887851619089815e+03
1.142246937696215582e+03 2.071216527626487277e+03
9.723393397574407118e+02 1.978640644813658128e+03
6.811524884877416071e+02 1.978009366859655984e+03
1.266808554039944511e+03 2.103178496942403399e+03
1.179543774201366887e+03 2.060307054401497680e+03
1.015448637504198700e+03 2.038355086914976482e+03
1.180598699096954533e+03 2.038273788039758074e+03
1.265818673273278137e+03 2.042757647049534626e+03
1.225724881093848808e+03 2.041210374782782537e+03
1.182292093256199905e+03 2.102032750093469531e+03
1.057905888517051608e+03 2.127259690729780687e+03
1.186910119562955515e+03 2.078429430437848623e+03
1.224161481299873230e+03 2.039162659349449768e+03
1.220933549533948508e+03 2.094050990261164770e+03
1.223935255759701931e+03 2.067612044225250884e+03
9.717796981562630663e+02 2.037544251351537469e+03
1.097283803584165753e+03 2.180930413810021491e+03
1.471579161329851559e+03 2.183762421348606040e+03
1.221658732605418663e+03 1.918204831249087874e+03
9.772383939597882545e+02 1.868068200757534669e+03
-1.404192751716273051e+03 1.720006193646160852e+02
-1.399980210101283546e+03 1.829169513204899999e+02
-1.408870733275287421e+03 2.827696396571234345e+02
1.346961435259271639e+03 2.037892740977518315e+03
1.103909757994081019e+03 2.046473642958109849e+03
1.139414058569570216e+03 2.126686427436500253e+03
1.185533762265630003e+03 2.136972048112874290e+03
1.098275119358292386e+03 1.975727394530237007e+03
-1.522723552796915783e+03 2.173733862430663635e+02
-1.570236619411052288e+03 2.623131605333213656e+02
-1.609910728806287580e+03 2.368478808575155767e+02
-1.067515341334623827e+03 8.661315740097294338e+02
-1.068058690943771126e+03 8.383422143445208121e+02
-1.152401798988726568e+03 7.767607539318421459e+02
-1.233136823982575152e+03 7.221944732872378836e+02
1.227194552825192432e+03 2.136930777351444704e+03
1.262445223659076646e+03 2.066439347645478847e+03
1.015812343842276618e+03 1.978164351568022994e+03
-1.525797033100604267e+03 2.715102176223305150e+02
-9.466460302954486679e+02 7.726500609695901858e+02
1.097872025044217708e+03 2.037815347005295280e+03
-1.109473045334636254e+03 1.202479829096151434e+03
6.035436897573616761e+02 1.416083690426803059e+03
1.012938333059690649e+03 1.910891707319683292e+03
-1.155024280619564252e+03 8.894274233437320163e+02
1.019568062856319216e+03 2.016970915364775465e+03
-1.229021184685880826e+03 7.349427576747458488e+02
-1.277337702061565324e+03 6.878447235896567236e+02
-1.194474082450230526e+03 6.576813297161039600e+02
-1.318969825839485566e+03 6.581610934917512168e+02
-1.403323931178142175e+03 5.963272818315106178e+02
-7.120948592781286379e+01 9.795566907659450635e+02
-2.492481575060992327e+01 9.318682526089962721e+02
-1.402815125808665471e+03 7.177082602989555653e+02
-8.620126146513625827e+02 2.085161266762093391e+01
-9.056899764263298493e+02 1.128964909559321228e+02
9.358508778373739005e+02 2.046976460114732845e+03
8.947701326846640768e+02 1.867273100115834723e+03
8.508466029576595702e+02 1.981552883937612251e+03
9.720048486755194972e+02 1.882060021851282727e+03
1.061791255092904976e+03 1.958030398586477531e+03
-9.012046618021300901e+02 7.518113272289454017e+02
3.540763623251398826e+02 1.176296657545641438e+03
9.764469780325854344e+02 2.072902921693214921e+03
1.060427550393427055e+03 2.102995118896802524e+03
1.020726603006132791e+03 2.123196020992470039e+03
