-7.010824873832315518e+01,4.414766898249033034e+01
-7.009142714743136082e+01,4.415433387392702969e+01
-7.010337680671773342e+01,4.413473530534042055e+01
-7.009248999999999796e+01,4.415471999999999753e+01
-7.009139547749937549e+01,4.415438599371990591e+01
-7.009138058021963502e+01,4.415438740022749897e+01
-7.009138386487025230e+01,4.415439376291686102e+01
-7.009248999999999796e+01,4.415471999999999753e+01
-7.009135999999999456e+01,4.415444999999999709e+01
-7.009248999999999796e+01,4.415471999999999753e+01
-7.009248999999999796e+01,4.415471999999999753e+01
-7.009248999999999796e+01,4.415471999999999753e+01
-7.009248999999999796e+01,4.415471999999999753e+01
-7.009248999999999796e+01,4.415471999999999753e+01
-7.009140119565608984e+01,4.415433065785907729e+01
-7.009139795084097102e+01,4.415439589315767677e+01
-7.009327221978503530e+01,4.415493157237052912e+01
-7.009138331372818698e+01,4.415438316989082779e+01
-7.009255234559786629e+01,4.415459047558559291e+01
-7.009254330956875378e+01,4.415459665232214803e+01
-7.009139706787034640e+01,4.415439186667427407e+01
-7.009248999999999796e+01,4.415471999999999753e+01
-7.009329650756932040e+01,4.415486733385011320e+01
-7.009138687092689679e+01,4.415439058624314583e+01
-7.009248999999999796e+01,4.415471999999999753e+01
-7.009138232251228828e+01,4.415438872564280359e+01
-7.009248999999999796e+01,4.415471999999999753e+01
-7.009135999999999456e+01,4.415444999999999709e+01
-7.008874000000000137e+01,4.415444999999999709e+01
-7.009135999999999456e+01,4.415444999999999709e+01
-7.009248999999999796e+01,4.415471999999999753e+01
-7.009251800852355530e+01,4.415466247953168022e+01
-7.009252585302401428e+01,4.415465770919063715e+01
-7.009248999999999796e+01,4.415471999999999753e+01
-7.009142045315259395e+01,4.415434025856155387e+01
-7.009142726334762585e+01,4.415432112425913402e+01
-7.009139613007624803e+01,4.415439202699144516e+01
-7.008874000000000137e+01,4.415444999999999709e+01
-7.008876955189425928e+01,4.415440035544661157e+01
-7.009138960834192744e+01,4.415440085002124704e+01
-7.009251565239321735e+01,4.415465782362016967e+01
-7.009252743649669526e+01,4.415466525792070485e+01
-7.009135999999999456e+01,4.415444999999999709e+01
-7.009248999999999796e+01,4.415471999999999753e+01
-7.009135999999999456e+01,4.415444999999999709e+01
-7.009251130830496379e+01,4.415465320157949947e+01
-7.009248999999999796e+01,4.415471999999999753e+01
-7.009248999999999796e+01,4.415471999999999753e+01
-7.008874000000000137e+01,4.415444999999999709e+01
-7.008989093435421580e+01,4.415466956660850428e+01
-7.009327330839437309e+01,4.415492276413630179e+01
-7.009323999999999444e+01,4.415498999999999796e+01
-7.009138367555718219e+01,4.415438814424803837e+01
-7.009141709136166298e+01,4.415433441548047711e+01
-7.009254450837133277e+01,4.415461235706845144e+01
-7.009139807176710235e+01,4.415438966547804256e+01
-7.008874000000000137e+01,4.415444999999999709e+01
-7.008879982307358603e+01,4.415432853273001967e+01
-7.009251419207447498e+01,4.415466087982528620e+01
-7.009252516167255465e+01,4.415466486682646519e+01
-7.009138406520786191e+01,4.415438686061597195e+01
-7.009139757623516687e+01,4.415438933851758208e+01
-7.009139336925701969e+01,4.415439999375450242e+01
-7.009248999999999796e+01,4.415471999999999753e+01
-7.009248999999999796e+01,4.415471999999999753e+01
-7.009138885501155869e+01,4.415439957950599137e+01
-7.009137877925876126e+01,4.415438861036646045e+01
-7.009135999999999456e+01,4.415444999999999709e+01
-7.009248999999999796e+01,4.415471999999999753e+01
-7.009251789643266761e+01,4.415465725541293551e+01
-7.009248999999999796e+01,4.415471999999999753e+01
-7.009139187044972630e+01,4.415438568285868115e+01
-7.009138962408357543e+01,4.415439220145348997e+01
-7.009248999999999796e+01,4.415471999999999753e+01
-7.009135999999999456e+01,4.415444999999999709e+01
-7.009138166146763638e+01,4.415438763507034281e+01
-7.009248999999999796e+01,4.415471999999999753e+01
-7.009248999999999796e+01,4.415471999999999753e+01
-7.008874000000000137e+01,4.415444999999999709e+01
-7.009135999999999456e+01,4.415444999999999709e+01
-7.009135999999999456e+01,4.415444999999999709e+01
-7.010522687453422463e+01,4.413367070466150466e+01
-7.009139067937243794e+01,4.415439965741343542e+01
-7.009248999999999796e+01,4.415471999999999753e+01
-7.009248999999999796e+01,4.415471999999999753e+01
-7.009325910412320582e+01,4.415493229177673840e+01
-7.009135999999999456e+01,4.415444999999999709e+01
-7.009326128386913979e+01,4.415492863316573846e+01
-7.009252561084402089e+01,4.415466541044675353e+01
-7.009143235754632428e+01,4.415433701922741960e+01
-7.009135999999999456e+01,4.415444999999999709e+01
-7.009248999999999796e+01,4.415471999999999753e+01
-7.009135999999999456e+01,4.415444999999999709e+01
-7.009248999999999796e+01,4.415471999999999753e+01
-7.010822728974457618e+01,4.414824562149420473e+01
-7.009252384457694518e+01,4.415467036924900412e+01
-7.009251415318385625e+01,4.415466962919919780e+01
-7.009137998348154497e+01,4.415439176164246504e+01
-7.009139541611943969e+01,4.415440021627394174e+01
-7.009251664247705094e+01,4.415466155199356280e+01
-7.009252090771867927e+01,4.415465564219351791e+01
-7.009135999999999456e+01,4.415444999999999709e+01
-7.009330791627240842e+01,4.415486993272057958e+01
-7.009248999999999796e+01,4.415471999999999753e+01
-7.009135999999999456e+01,4.415444999999999709e+01
-7.009252116441264491e+01,4.415465422810322593e+01
-7.009135999999999456e+01,4.415444999999999709e+01
-7.009135999999999456e+01,4.415444999999999709e+01
-7.009248999999999796e+01,4.415471999999999753e+01
-7.009252119877258735e+01,4.415467044034817690e+01
-7.009141691490738424e+01,4.415432545884906546e+01
-7.009142480057381874e+01,4.415433814984151439e+01
-7.009135999999999456e+01,4.415444999999999709e+01
-7.009248999999999796e+01,4.415471999999999753e+01
-7.009252539150719485e+01,4.415466743887557755e+01
-7.009248999999999796e+01,4.415471999999999753e+01
-7.009251331120640316e+01,4.415467090546504636e+01
-7.009135999999999456e+01,4.415444999999999709e+01
-7.009138754886141953e+01,4.415439711563933400e+01
-7.009135999999999456e+01,4.415444999999999709e+01
-7.009139421730111508e+01,4.415438483020128047e+01
-7.009139576418053252e+01,4.415438789753966375e+01
-7.009252089135632957e+01,4.415465406572205609e+01
-7.009135999999999456e+01,4.415444999999999709e+01
-7.009248999999999796e+01,4.415471999999999753e+01
-7.009251219959418222e+01,4.415465403564823532e+01
-7.009250881085483798e+01,4.415465945094924649e+01
-7.009252705366959901e+01,4.415465745043717050e+01
-7.009138793117932664e+01,4.415438377738346531e+01
-7.009142446755208766e+01,4.415433941807016538e+01
-7.008874000000000137e+01,4.415444999999999709e+01
-7.008877204037072772e+01,4.415439506968813532e+01
-7.009138739575726618e+01,4.415439077254379185e+01
-7.009135999999999456e+01,4.415444999999999709e+01
-7.009248999999999796e+01,4.415471999999999753e+01
-7.009135999999999456e+01,4.415444999999999709e+01
-7.009248999999999796e+01,4.415471999999999753e+01
-7.009135999999999456e+01,4.415444999999999709e+01
-7.009135999999999456e+01,4.415444999999999709e+01
-7.009137960361027808e+01,4.415439820409471139e+01
-7.009141104918161602e+01,4.415433478587519289e+01
-7.009139709257368622e+01,4.415438367736504688e+01
-7.009141308609298449e+01,4.415433704490678224e+01
-7.009248999999999796e+01,4.415471999999999753e+01
-7.009248999999999796e+01,4.415471999999999753e+01
-7.009252519057878317e+01,4.415466401620517445e+01
-7.009140656568733618e+01,4.415432231871465518e+01
-7.009140432071549753e+01,4.415434286434855693e+01
-7.009138938339852132e+01,4.415438750659471623e+01
-7.009135999999999456e+01,4.415444999999999709e+01
-7.009323999999999444e+01,4.415498999999999796e+01
-7.009139231635001011e+01,4.415438310580896086e+01
-7.010148580538978536e+01,4.413663895593820286e+01
-7.010150240011606115e+01,4.413614558381545550e+01
-7.009248999999999796e+01,4.415471999999999753e+01
-7.009142299097275952e+01,4.415433613976996696e+01
-7.009251160929858315e+01,4.415465502670367925e+01
-7.009250910673094381e+01,4.415466685675157521e+01
-7.009251824731086344e+01,4.415466113396573888e+01
-7.009137852538161439e+01,4.415438250060838499e+01
-7.009360999999999819e+01,4.415525999999999840e+01
-7.010187570400597679e+01,4.413742490842595600e+01
-7.009248999999999796e+01,4.415471999999999753e+01
-7.009252136422989565e+01,4.415465304039241090e+01
-7.009329813924458108e+01,4.415485881051309747e+01
-7.009251903515445292e+01,4.415467057698161568e+01
-7.009135999999999456e+01,4.415444999999999709e+01
-7.009248999999999796e+01,4.415471999999999753e+01
-7.009323999999999444e+01,4.415498999999999796e+01
-7.009323999999999444e+01,4.415498999999999796e+01
-7.009138450221705341e+01,4.415438306176061189e+01
-7.009248999999999796e+01,4.415471999999999753e+01
-7.009248999999999796e+01,4.415471999999999753e+01
-7.009138625225416774e+01,4.415439052254742336e+01
-7.009138654729589746e+01,4.415439602032247279e+01
-7.009138390277519193e+01,4.415439527947317799e+01
-7.009252610736463396e+01,4.415466968000857406e+01
-7.009248999999999796e+01,4.415471999999999753e+01
-7.009251943427169351e+01,4.415466416872041577e+01
-7.009251055333290026e+01,4.415466717344109071e+01
-7.009139209522561487e+01,4.415440144622637320e+01
-7.009135999999999456e+01,4.415444999999999709e+01
-7.009140665339579357e+01,4.415432410934477048e+01
-7.009135999999999456e+01,4.415444999999999709e+01
-7.009142301063158698e+01,4.415433570978126454e+01
-7.009138583826401714e+01,4.415439036507362403e+01
-7.009137885005597468e+01,4.415440162870974916e+01
-7.010269224643492691e+01,4.413667579231946547e+01
-7.009141839766364512e+01,4.415433225910732062e+01
-7.009135999999999456e+01,4.415444999999999709e+01
-7.009251427149307290e+01,4.415466312492328882e+01
-7.009327644532746149e+01,4.415493845655215210e+01
-7.009135999999999456e+01,4.415444999999999709e+01
-7.009138650617988731e+01,4.415439593463142387e+01
-7.009135999999999456e+01,4.415444999999999709e+01
-7.009142562473267901e+01,4.415433319528218448e+01
-7.009135999999999456e+01,4.415444999999999709e+01
-7.009248999999999796e+01,4.415471999999999753e+01
-7.009323999999999444e+01,4.415498999999999796e+01
-7.009330022497724144e+01,4.415488565254154452e+01
-7.009363080946909008e+01,4.415519979424599484e+01
-7.009323999999999444e+01,4.415498999999999796e+01
-7.009135999999999456e+01,4.415444999999999709e+01
-7.009138964121390813e+01,4.415439511422236762e+01
-7.009135999999999456e+01,4.415444999999999709e+01
-7.009248999999999796e+01,4.415471999999999753e+01
-7.009252191319268377e+01,4.415465496005014501e+01
-7.009138234063442496e+01,4.415438982617914832e+01
-7.009135999999999456e+01,4.415444999999999709e+01
-7.009252172240439904e+01,4.415466582584414112e+01
-7.009435561895512024e+01,4.412391443473939745e+01
-7.009141020396856447e+01,4.415434427970287601e+01
-7.009248999999999796e+01,4.415471999999999753e+01
-7.009135999999999456e+01,4.415444999999999709e+01
-7.009141280693074805e+01,4.415432332141026706e+01
-7.009138986277852723e+01,4.415438406595582421e+01
-7.009139521730745059e+01,4.415439306367247951e+01
-7.009251458131522838e+01,4.415465986914635010e+01
-7.009254225538946059e+01,4.415460796985728820e+01
-7.009323999999999444e+01,4.415498999999999796e+01
-7.009326399172559263e+01,4.415492576307030959e+01
-7.009252156909798259e+01,4.415466136213738935e+01
-7.009139284196095332e+01,4.415439187055363846e+01
-7.009248999999999796e+01,4.415471999999999753e+01
-7.009135999999999456e+01,4.415444999999999709e+01
-7.009138793787580823e+01,4.415439264073991410e+01
-7.009252918985410474e+01,4.415459408813114806e+01
-7.009135999999999456e+01,4.415444999999999709e+01
-7.009248999999999796e+01,4.415471999999999753e+01
-7.009139782818860454e+01,4.415438347772058592e+01
-7.009135999999999456e+01,4.415444999999999709e+01
-7.009139394051354088e+01,4.415438292531966624e+01
-7.009323999999999444e+01,4.415498999999999796e+01
-7.009252528328904930e+01,4.415460150764229752e+01
-7.009135999999999456e+01,4.415444999999999709e+01
-7.009139293121278058e+01,4.415439948685857985e+01
-7.009248999999999796e+01,4.415471999999999753e+01
-7.009328856176490774e+01,4.415487589030229287e+01
-7.009251323194040140e+01,4.415465815230263757e+01
-7.009252638527520674e+01,4.415466274610679420e+01
-7.009323999999999444e+01,4.415498999999999796e+01
-7.009251823386871649e+01,4.415467100239929721e+01
-7.009135999999999456e+01,4.415444999999999709e+01
-7.009326157394889378e+01,4.415492731827208672e+01
-7.009251730554235849e+01,4.415465921430915586e+01
-7.009251206379273924e+01,4.415466130244142562e+01
-7.008874000000000137e+01,4.415444999999999709e+01
-7.009248999999999796e+01,4.415471999999999753e+01
-7.009248999999999796e+01,4.415471999999999753e+01
-7.009251882321129301e+01,4.415466674300445504e+01
-7.009326643925415112e+01,4.415492480871453296e+01
-7.009323999999999444e+01,4.415498999999999796e+01
-7.009141897717481129e+01,4.415433199087883054e+01
-7.009251679616619413e+01,4.415466403875293366e+01
-7.009248999999999796e+01,4.415471999999999753e+01
-7.009326266623899926e+01,4.415493484414209746e+01
-7.009329009263004195e+01,4.415486500606385079e+01
-7.009327264832018045e+01,4.415493563528895038e+01
-7.009327191962120196e+01,4.415492512157152305e+01
-7.009135999999999456e+01,4.415444999999999709e+01
-7.009326104734658713e+01,4.415493057574864366e+01
-7.009138181504421539e+01,4.415439742082811136e+01
-7.009251384771458504e+01,4.415465926104630512e+01
-7.009248999999999796e+01,4.415471999999999753e+01
-7.009139367062934411e+01,4.415439046384185673e+01
-7.009251730268422875e+01,4.415465875135043206e+01
-7.009139798598096149e+01,4.415438507220575559e+01
-7.009139790078044996e+01,4.415438382639025860e+01
-7.009139785934081601e+01,4.415439955062419841e+01
-7.009139754795386068e+01,4.415438314793698282e+01
-7.009248999999999796e+01,4.415471999999999753e+01
-7.009135999999999456e+01,4.415444999999999709e+01
-7.009139004848432819e+01,4.415439313921572051e+01
-7.009327663761314398e+01,4.415492444448898368e+01
-7.009360999999999819e+01,4.415525999999999840e+01
-7.009248999999999796e+01,4.415471999999999753e+01
-7.009138020476217434e+01,4.415439484147371019e+01
-7.009323999999999444e+01,4.415498999999999796e+01
-7.009064534028766502e+01,4.415438371880095048e+01
-7.009251638315730304e+01,4.415466139280019320e+01
-7.009254865463896067e+01,4.415460304269316083e+01
-7.009252283895067137e+01,4.415466929373749139e+01
-7.009248999999999796e+01,4.415471999999999753e+01
-7.009329666012247628e+01,4.415488160107987881e+01
-7.009248999999999796e+01,4.415471999999999753e+01
-7.009135999999999456e+01,4.415444999999999709e+01
-7.009248999999999796e+01,4.415471999999999753e+01
-7.009327300157151797e+01,4.415492848123917469e+01
-7.009251963066786573e+01,4.415466001278320363e+01
-7.009252636602488451e+01,4.415465432832754544e+01
-7.009139373976718446e+01,4.415438371082520774e+01
-7.009327660466129828e+01,4.415493435658370203e+01
-7.009255448477664174e+01,4.415459444093410468e+01
-7.009323999999999444e+01,4.415498999999999796e+01
-7.009251539582785995e+01,4.415466499450194959e+01
-7.009251716789572129e+01,4.415466300551045009e+01
-7.009139269500896319e+01,4.415438895799422880e+01
-7.009135999999999456e+01,4.415444999999999709e+01
-7.009251691748721669e+01,4.415466697922933292e+01
-7.009138996922132492e+01,4.415439326418744770e+01
-7.008878951820631187e+01,4.415433754468840277e+01
-7.009256020434199286e+01,4.415459491323484542e+01
-7.009252669877540143e+01,4.415466257704510156e+01
-7.009251554300340104e+01,4.415465653934765555e+01
-7.009251316217860506e+01,4.415465729371304349e+01
-7.009248999999999796e+01,4.415471999999999753e+01
-7.009141443612334399e+01,4.415433539629492543e+01
-7.009327162546968282e+01,4.415493277161007768e+01
-7.009327089947001355e+01,4.415492987212394382e+01
-7.009326459616146110e+01,4.415492815014575001e+01
-7.009251972405689912e+01,4.415466230725832020e+01
-7.009135999999999456e+01,4.415444999999999709e+01
-7.009248999999999796e+01,4.415471999999999753e+01
-7.009250983611848085e+01,4.415466378914736367e+01
-7.009248999999999796e+01,4.415471999999999753e+01
-7.009250853685453819e+01,4.415466138836658416e+01
-7.009251331824613374e+01,4.415467027921689436e+01
-7.009142982305509406e+01,4.415433902300520685e+01
-7.009139064011152698e+01,4.415439704661724107e+01
-7.009327599686191945e+01,4.415493976226824913e+01
-7.009251478957003201e+01,4.415465802379389970e+01
-7.009327149015517477e+01,4.415492429924772466e+01
-7.009248999999999796e+01,4.415471999999999753e+01
-7.009323999999999444e+01,4.415498999999999796e+01
-7.009135999999999456e+01,4.415444999999999709e+01
-7.009135999999999456e+01,4.415444999999999709e+01
-7.009138066145214907e+01,4.415438969876040431e+01
-7.009135999999999456e+01,4.415444999999999709e+01
-7.009323999999999444e+01,4.415498999999999796e+01
-7.009251138210649401e+01,4.415466198822452526e+01
-7.009138473711570327e+01,4.415438260266220283e+01
-7.009248999999999796e+01,4.415471999999999753e+01
-7.009248999999999796e+01,4.415471999999999753e+01
-7.009326306735661660e+01,4.415492927053038130e+01
-7.009251117390274999e+01,4.415466536378120566e+01
-7.009248999999999796e+01,4.415471999999999753e+01
-7.008803748579458670e+01,4.415433481923935233e+01
-7.009138015216697681e+01,4.415439401688686161e+01
-7.009138460213532085e+01,4.415439686691105692e+01
-7.009135999999999456e+01,4.415444999999999709e+01
-7.009248999999999796e+01,4.415471999999999753e+01
-7.009248999999999796e+01,4.415471999999999753e+01
-7.009251440239576425e+01,4.415466195456413345e+01
-7.009248999999999796e+01,4.415471999999999753e+01
-7.009135999999999456e+01,4.415444999999999709e+01
-7.009139862258601283e+01,4.415433176487485412e+01
-7.009139257241970711e+01,4.415439550171134186e+01
-7.009139687016167386e+01,4.415440096510294410e+01
-7.009135999999999456e+01,4.415444999999999709e+01
-7.009138751047336768e+01,4.415438942155442703e+01
-7.009138974569195568e+01,4.415438981288473030e+01
-7.009254489074032790e+01,4.415460518412339752e+01
-7.009252192340007070e+01,4.415467122837460323e+01
-7.009135999999999456e+01,4.415444999999999709e+01
-7.009363485039175146e+01,4.415520459714108625e+01
-7.009360999999999819e+01,4.415525999999999840e+01
-7.009138171280208951e+01,4.415440194780600791e+01
-7.009135999999999456e+01,4.415444999999999709e+01
-7.009252610878650103e+01,4.415466182347311275e+01
-7.009254184867835136e+01,4.415460811570354593e+01
-7.009248999999999796e+01,4.415471999999999753e+01
-7.009254393220150803e+01,4.415459199492743636e+01
-7.009139320809305218e+01,4.415439587799960464e+01
-7.009323999999999444e+01,4.415498999999999796e+01
-7.009135999999999456e+01,4.415444999999999709e+01
-7.009138054226195891e+01,4.415438994037818077e+01
-7.009248999999999796e+01,4.415471999999999753e+01
-7.009248999999999796e+01,4.415471999999999753e+01
-7.009138586648396085e+01,4.415438892055149722e+01
-7.009138027997245501e+01,4.415440108459368673e+01
-7.009248999999999796e+01,4.415471999999999753e+01
-7.009248999999999796e+01,4.415471999999999753e+01
-7.009323999999999444e+01,4.415498999999999796e+01
-7.009252250300116316e+01,4.415467089614082852e+01
-7.010753889970494868e+01,4.412220548028443545e+01
-7.009139743901356212e+01,4.415439583792341693e+01
-7.009138626574107889e+01,4.415439503390952325e+01
-7.009135999999999456e+01,4.415444999999999709e+01
-7.009140620441546332e+01,4.415432463275605812e+01
-7.009135999999999456e+01,4.415444999999999709e+01
-7.009252402143188476e+01,4.415466981774336830e+01
-7.009252449791975437e+01,4.415466480050448439e+01
-7.009139424548313002e+01,4.415438531161694158e+01
-7.009252330403830911e+01,4.415467169330987929e+01
-7.009248999999999796e+01,4.415471999999999753e+01
-7.009248999999999796e+01,4.415471999999999753e+01
-7.009250993896363013e+01,4.415466678164862913e+01
-7.009138948233734823e+01,4.415439722591442973e+01
-7.009135999999999456e+01,4.415444999999999709e+01
-7.009138018869404618e+01,4.415439231762714911e+01
-7.009253293040492849e+01,4.415458978740918639e+01
-7.009138587188189717e+01,4.415439338409732528e+01
-7.009138151354324009e+01,4.415439024185909744e+01
-7.009138954843371039e+01,4.415439407284773665e+01
-7.009138908972964543e+01,4.415438428347046340e+01
-7.009141735514877780e+01,4.415433008091972056e+01
-7.009141970784909859e+01,4.415433706007515013e+01
-7.009135999999999456e+01,4.415444999999999709e+01
-7.009139638030633535e+01,4.415439648067944489e+01
-7.009141189888073598e+01,4.415435085607077781e+01
-7.009252467104870732e+01,4.415459923501354211e+01
-7.009251176081019707e+01,4.415466367026318295e+01
-7.009135999999999456e+01,4.415444999999999709e+01
-7.009135999999999456e+01,4.415444999999999709e+01
-7.009255183785468546e+01,4.415459305649837773e+01
-7.009252479372948130e+01,4.415465221549207797e+01
-7.009254519272461437e+01,4.415460071013959720e+01
-7.009323999999999444e+01,4.415498999999999796e+01
-7.009251927464427467e+01,4.415465970370308213e+01
-7.009252238653810707e+01,4.415466839096072249e+01
-7.009251165083516355e+01,4.415465278034023555e+01
-7.009248999999999796e+01,4.415471999999999753e+01
-7.009250851898096357e+01,4.415466019980584633e+01
-7.009323999999999444e+01,4.415498999999999796e+01
-7.009252225493544586e+01,4.415465729824421715e+01
-7.009251812811417892e+01,4.415466914477028837e+01
-7.009253386888093473e+01,4.415460881742500732e+01
-7.009252194504266242e+01,4.415466312292646478e+01
-7.009251058303858883e+01,4.415467124571219415e+01
-7.009252717043231939e+01,4.415465589818272463e+01
-7.009135999999999456e+01,4.415444999999999709e+01
-7.009141512740920632e+01,4.415433962588520700e+01
-7.009254098967164737e+01,4.415459809166472382e+01
-7.009135999999999456e+01,4.415444999999999709e+01
-7.009251118155388838e+01,4.415465791103670767e+01
-7.009251101538639261e+01,4.415466799339031212e+01
-7.009248999999999796e+01,4.415471999999999753e+01
-7.009248999999999796e+01,4.415471999999999753e+01
-7.009248999999999796e+01,4.415471999999999753e+01
-7.009251654328751613e+01,4.415465267864817633e+01
-7.009248999999999796e+01,4.415471999999999753e+01
-7.009326385295639739e+01,4.415492813390976323e+01
-7.009251539244436913e+01,4.415466262376235562e+01
-7.009248999999999796e+01,4.415471999999999753e+01
-7.009135999999999456e+01,4.415444999999999709e+01
-7.009248999999999796e+01,4.415471999999999753e+01
-7.010826278277590973e+01,4.414737327270341893e+01
-7.009326652969616589e+01,4.415493442002782132e+01
-7.009326623069745210e+01,4.415493473336675123e+01
-7.009323999999999444e+01,4.415498999999999796e+01
-7.009327749510765670e+01,4.415492792883445361e+01
-7.008876921958230355e+01,4.415438801903928123e+01
-7.009135999999999456e+01,4.415444999999999709e+01
-7.009251529192768260e+01,4.415466655209213798e+01
-7.009329645922900909e+01,4.415487533772625994e+01
-7.009323999999999444e+01,4.415498999999999796e+01
-7.009251407871811068e+01,4.415466869795707083e+01
-7.009254412034604798e+01,4.415459780439103810e+01
-7.009250897206781872e+01,4.415466747119757684e+01
-7.009326542740122079e+01,4.415493428279722821e+01
-7.010898375921119907e+01,4.414769232251795472e+01
-7.010822644137486748e+01,4.414767147145630588e+01
-7.010829062318244098e+01,4.414774766070955536e+01
-7.009252655314007541e+01,4.415466912182359493e+01
-7.009323999999999444e+01,4.415498999999999796e+01
-7.009135999999999456e+01,4.415444999999999709e+01
-7.009135999999999456e+01,4.415444999999999709e+01
-7.008804747873539043e+01,4.415433663527966246e+01
-7.008760999999999797e+01,4.415444999999999709e+01
-7.008763755188276434e+01,4.415439728023574162e+01
-7.009248999999999796e+01,4.415471999999999753e+01
-7.009326831874064112e+01,4.415493907479357460e+01
-7.009251123363334557e+01,4.415465255656084764e+01
-7.009135999999999456e+01,4.415444999999999709e+01
-7.009139732512336707e+01,4.415439697758622373e+01
-7.009142932267455706e+01,4.415433514843428497e+01
-7.010786714263250019e+01,4.414765239702111899e+01
-7.010822720215523418e+01,4.414770102217831749e+01
-7.010824371385892562e+01,4.414824282021888280e+01
-7.009251225148874198e+01,4.415466862468133513e+01
-7.009255433313667538e+01,4.415461351339393303e+01
-7.009248999999999796e+01,4.415471999999999753e+01
-7.009329199154808521e+01,4.415488202168533860e+01
-7.009327440426454814e+01,4.415492527939185408e+01
-7.009251767659402788e+01,4.415466979445872653e+01
-7.009251271994376964e+01,4.415465406944329629e+01
-7.009364173504123130e+01,4.415520595811677396e+01
-7.009363966335095597e+01,4.415520003401945814e+01
-7.009364218380113698e+01,4.415520901956522692e+01
-7.009252461179379168e+01,4.415466292070249921e+01
-7.009252277321800761e+01,4.415465459526022585e+01
-7.009213976218364905e+01,4.415466326117926599e+01
-7.009138275723731226e+01,4.415439381042258304e+01
-7.009139415217327951e+01,4.415439522617225521e+01
-7.009327105849703798e+01,4.415493227024539635e+01
-7.009360999999999819e+01,4.415525999999999840e+01
-7.009329038588023764e+01,4.415487605525240866e+01
-7.009326245904813391e+01,4.415493669379465302e+01
-7.009549640418421745e+01,4.416116801935491054e+01
-7.010568091981048156e+01,4.415881970157641234e+01
-7.010786770966457482e+01,4.415769039131109963e+01
-7.011164321264097055e+01,4.415580359746893890e+01
-7.010639859785659667e+01,4.415513551359664035e+01
-7.010596083476048079e+01,4.415074642609355493e+01
-7.010640578161810765e+01,4.414710783721466214e+01
-7.009252515498299374e+01,4.415466243981474292e+01
-7.009253543340174986e+01,4.415460311292680018e+01
-7.009329527223947309e+01,4.415488029753376509e+01
-7.009327279163363755e+01,4.415493371896417329e+01
-7.009248999999999796e+01,4.415471999999999753e+01
-7.009248999999999796e+01,4.415471999999999753e+01
-7.011132744661502159e+01,4.415584661695361746e+01
-7.009135999999999456e+01,4.415444999999999709e+01
-7.009251185222022684e+01,4.415465337793945366e+01
-7.009251610918778397e+01,4.415465217869001435e+01
-7.009139692304822233e+01,4.415438866030425658e+01
-7.009139825144605140e+01,4.415434262450106928e+01
-7.009360999999999819e+01,4.415525999999999840e+01
-7.009213561498729916e+01,4.415466343447275932e+01
-7.009135999999999456e+01,4.415444999999999709e+01
-7.009214500081041876e+01,4.415467083888601252e+01
-7.009360999999999819e+01,4.415525999999999840e+01
-7.009364717739565265e+01,4.415521015304047836e+01
-7.009139302069911537e+01,4.415438392766191811e+01
-7.009365672239140110e+01,4.415514103023070902e+01
-7.009135999999999456e+01,4.415444999999999709e+01
-7.009139187944930427e+01,4.415439162590775624e+01
-7.010792132256081288e+01,4.414786888152654143e+01
-7.009137895166128374e+01,4.415438749988430089e+01
-7.009175941316649983e+01,4.415467099388883554e+01
-7.009135999999999456e+01,4.415444999999999709e+01
-7.009101344289639712e+01,4.415439117658256407e+01
-7.010564174128532500e+01,4.414454085580795351e+01
-7.009138257383331450e+01,4.415440021317115082e+01
-7.009139399948138305e+01,4.415438625040707166e+01
-7.009138504325552788e+01,4.415438325079121995e+01
-7.009177567559954980e+01,4.415466422230080212e+01
-7.009135999999999456e+01,4.415444999999999709e+01
-7.009139225581628807e+01,4.415439151681593444e+01
-7.009135999999999456e+01,4.415444999999999709e+01
-7.009135999999999456e+01,4.415444999999999709e+01
-7.010754536108875357e+01,4.414800859013535472e+01
-7.008876062578386268e+01,4.415438311583349673e+01
-7.009143320076555028e+01,4.415435686407452209e+01
-7.009135999999999456e+01,4.415444999999999709e+01
-7.009135999999999456e+01,4.415444999999999709e+01
-7.009363705473650441e+01,4.415520520862193621e+01
-7.009139032367004063e+01,4.415435656769174955e+01
