date:2016-10-02, time:0700, wind_speed:1.9, wind_dir:18.0, temp:9.8
-96.831047 -79.063059
-100.784113 68.262805
-59.372085 71.126030
-122.344911 103.775359
28.253440 131.009202
-30.076100 143.071406
95.128114 185.366232
123.392671 163.726801
111.000148 106.705265
107.538517 152.168354
-76.111966 40.940410
140.650674 206.181431
-104.930013 134.261796
122.937350 166.517619
-71.770563 146.035706
-118.556471 58.517852
90.802993 158.255834
127.930356 175.969027
-106.062794 -7.433843
127.322255 151.634659
-17.486047 164.322475
-51.908043 154.527919
-26.647153 79.673897
-68.375120 178.728647
90.194240 193.954272
123.615324 151.883091
-63.309273 29.221236
135.460825 208.576506
3.154718 134.164129
-76.007015 26.145844
128.081006 200.120920
-147.729590 124.589974
-131.026979 85.523375
-38.868732 55.991165
-55.523651 -37.189740
-26.223626 134.108172
-121.711554 65.381931
115.237222 187.820050
144.738298 179.088563
-138.861705 133.899835
118.825207 175.519878
-38.613298 170.182937
-1.199321 125.039420
119.326361 109.749779
36.139475 127.819128
-84.573909 17.156443
123.370538 208.765081
119.499471 184.895302
-117.801939 41.029269
-109.701142 82.862253
-121.638655 89.280496
-55.369009 116.159920
-34.742487 118.864888
-38.454531 107.084205
-63.625787 79.936307
127.125400 226.581024
-59.386994 74.039504
-55.781368 118.642643
-43.339822 127.680237
65.430869 157.932800
111.844058 107.206049
-39.120195 58.687746
-22.216367 73.905448
-93.132127 112.783963
-93.140873 -1.095280
-34.411146 158.033218
110.489782 106.502559
107.598209 185.392936
-17.460974 89.159172
-93.783700 -1.524549
119.275246 169.731211
106.669076 151.699716
-42.541633 149.278201
-118.079779 103.816176
-71.780174 98.103069
106.735126 154.675437
-77.112850 94.499547
-77.112850 166.517619
49.250917 143.324865
39.801715 136.538114
56.253950 145.512348
53.010252 137.102186
153.139539 154.952290
-105.360827 83.083351
-38.865872 178.897666
-1.417204 139.882200
-150.742768 59.276167
-51.166089 191.176544
15.621830 152.081844
-84.500744 172.947119
-26.085592 107.153928
-84.767860 61.963028
-59.311069 46.963419
-63.864929 58.947921
-60.442000 58.490511
115.609561 179.102493
-88.575157 155.105446
119.962287 197.166333
110.489782 154.514607
-101.423886 79.870323
-76.647102 64.677905
-34.398033 50.072490
-75.735155 44.302521
119.252547 211.737386
173.162254 199.637834
-97.488816 43.631641
-43.085221 163.984323
157.324428 221.183483
-71.998391 184.996260
-21.588094 83.283460
-13.658864 101.043938
-97.676173 61.583528
-85.029888 127.653589
-92.740429 128.119635
114.976771 181.796178
144.540676 127.864726
-130.829399 103.678258
-109.464503 146.151298
3.366649 119.321455
-51.047021 98.153697
-85.193401 55.554110
-125.777279 107.338794
-59.239979 170.144441
-22.386523 85.665164
-129.864196 83.226732
-97.423914 40.692617
-21.458942 134.222443
-167.796337 98.093301
47.918525 145.512348
-134.803819 67.854133
-77.112850 28.482981
52.941762 115.859863
-130.010981 59.179807
-63.318519 158.263346
14.576825 160.516113
-34.763080 43.850052
-68.125161 13.863702
-104.885476 -111.884265
111.810770 179.398982
107.624231 185.377954
124.086786 167.045259
111.214273 172.841263
111.274970 166.877387
110.654079 106.539849
119.231291 187.668143
115.367949 190.924690
-150.878619 110.305714
40.086657 136.714895
-30.706743 169.775324
53.037145 116.175825
-0.946658 143.377212
102.629752 175.619616
120.065030 215.337442
61.417928 149.142493
106.266500 163.516866
127.125400 214.578012
-1.182964 146.152604
-96.853734 59.107220
57.082901 145.988344
128.062995 155.104317
-84.241099 173.251765
-81.224993 172.519125
115.767388 164.241990
-76.377226 82.868411
123.341696 157.808534
119.951627 212.360377
78.187993 158.176329
-88.686811 104.049562
-81.073258 97.592333
107.555424 167.320386
-88.218359 8.245736
-109.176053 35.278551
-34.129728 116.210558
53.227797 119.090703
149.203329 209.278337
148.330222 202.661849
95.033923 209.459439
127.297691 217.683766
-26.259233 127.857526
-46.642002 191.171755
57.441855 152.264441
-143.040150 142.822289
7.017433 109.899346
48.321938 145.705042
86.409144 155.109333
-10.429450 142.511595
-1.311122 148.911278
-72.208866 64.873823
-79.976816 59.305547
-117.721353 26.137674
-43.368315 169.745127
-51.082293 161.126565
-104.976487 107.320681
107.678821 173.265689
107.021373 175.884919
-63.750582 121.948025
-63.335063 119.336170
23.879786 137.063260
144.454506 211.956717
149.003535 218.118483
-85.448275 100.501053
-43.146654 130.834042
-51.897402 127.616580
-135.460825 79.495782
123.164994 193.541358
122.937350 190.523643
-93.636018 34.540817
-35.289643 61.526053
-34.955785 61.654139
124.369579 224.355461
123.914190 224.137324
-117.816616 146.077254
-55.263264 62.090253
-59.264420 59.290780
-17.837694 167.100086
-118.091237 88.860654
-117.974876 88.883454
-110.000857 82.665588
-110.454550 85.497288
148.421781 208.847300
-81.028592 58.567844
127.872348 238.917284
135.684915 175.609569
-39.120365 175.807644
-122.503488 109.643536
-60.211994 109.594857
-160.254359 100.521566
-172.726551 91.610708
-43.771150 85.497288
123.114014 157.601401
123.166511 154.600822
122.937350 157.515360
144.311843 250.786318
135.832181 223.769925
69.274604 220.726392
-27.100300 181.521384
-72.651921 172.624862
156.279050 169.518372
-93.147400 166.910765
-97.732922 157.576236
-77.112850 154.514607
14.576825 142.511595
152.923255 142.942911
-81.027974 124.595591
-76.928645 106.620354
-26.846340 100.598342
-18.607547 85.575632
-14.083470 85.711350
-77.112850 82.496535
-26.858712 76.592452
-89.344193 64.555610
-72.889568 43.486746
36.470214 125.144625
36.735608 125.175267
36.630466 128.003105
-68.348285 181.665625
160.716977 178.630975
-76.919852 166.595088
135.496057 166.517619
-114.327639 157.611483
-101.616920 139.654781
-43.541621 106.605268
-80.761359 85.660795
-102.119125 73.494276
-114.135189 64.724058
-54.812154 38.263309
124.300989 206.385442
110.489782 166.517619
27.318007 157.609433
18.800107 136.510089
27.626118 133.696925
-135.221623 88.562203
-118.583473 88.607488
-39.547868 61.491264
-100.940691 50.401151
-68.585955 10.498919
-17.584104 170.336739
-17.476969 167.405295
-14.140630 169.746700
-22.438300 85.685423
-21.667616 89.275569
-22.686496 85.583627
-121.858342 89.082013
-134.557186 98.170339
-113.831523 100.783414
-118.395638 88.688511
-117.757386 89.171727
128.199484 194.180179
-4.896732 179.382418
99.210356 167.366635
11.723314 164.400027
40.837352 143.363730
124.267766 134.285536
-104.916718 128.163089
-9.142389 95.346092
-42.454410 83.143694
-46.836945 65.013982
-25.939449 17.215361
-88.336826 -3.701797
3.308447 -78.798976
3.330984 -108.751975
19.938353 -141.704609
-25.856469 -147.696371
-21.456522 -195.961183
90.815745 200.217077
103.171569 197.091590
136.813659 191.362297
107.689538 176.309934
94.718662 152.058912
-46.593715 143.345966
-71.646123 29.221938
3.503524 -138.793085
-25.763366 -171.917485
-21.971506 -184.112067
-85.448275 34.484487
148.609476 211.922165
148.219929 211.602539
153.222954 212.599533
123.640375 190.924646
123.364446 190.726444
127.381922 193.546565
-113.915340 148.967257
123.900565 196.979884
128.589013 196.640904
123.659463 195.195961
52.923052 115.227612
114.754310 155.725784
116.110926 154.797895
-55.179330 125.155018
-55.716458 126.779514
5.492400 -201.930783
-122.987625 24.872364
