date:2016-06-09, time:1300, wind_speed:7.42, wind_dir:307.0, temp:14.3
23.445002 120.886091
35.977868 129.805466
52.586772 138.825993
102.690397 144.864476
-93.275502 -92.236053
106.266500 148.513101
-102.119125 -58.538856
81.260225 130.508583
-60.442000 -37.533585
-52.106575 -79.544127
-51.636576 -83.195201
64.589375 172.519125
14.576825 118.505571
106.785356 129.872190
81.726716 189.839254
-34.985527 -86.222120
48.411492 141.849020
-88.627536 -29.784290
89.595650 121.506324
64.589375 193.524396
93.818932 196.525149
102.154357 181.521384
81.735058 198.855754
-30.700384 -62.197957
-102.119125 -61.539609
-84.971549 -56.187113
-9.923522 -32.220713
56.797178 147.869430
2.638612 81.804848
-93.245554 -62.206952
-110.454550 -52.537350
-89.101031 -59.216300
52.634814 153.853379
56.746109 159.811668
-81.224993 -52.537350
-85.448275 -55.538103
77.665088 -263.252063
82.213113 132.247196
-43.300745 -86.195181
36.010022 -68.217343
39.583100 139.510842
48.445660 141.853407
-109.932717 -254.265912
52.141807 142.511595
52.141807 136.510089
-1.592414 48.796496
19.249516 -98.231278
23.399535 -92.172642
15.048158 -95.159404
73.474648 -266.232233
-172.370619 21.798355
106.759820 102.790307
-168.299147 18.769820
-105.694936 -257.248088
160.502332 157.515360
73.420426 -266.278415
81.260225 127.507830
85.483507 127.507830
52.650387 -56.145947
44.260136 -62.146405
69.344375 -275.247340
73.403574 -266.261513
