date:2016-05-20, time:0000, wind_speed:2.31, wind_dir:265.0, temp:9.6
1350.558825 1652.056356
721.410796 1851.937477
554.789762 1410.823446
553.809933 1611.117129
-1109.048606 -2549.115058
1139.769298 1815.799109
311.982598 -680.499486
395.128306 -2869.059538
770.717590 1030.188864
-480.356589 -1430.533854
188.001065 -1005.493982
-357.352574 -1195.468679
1013.743124 1968.478366
642.088131 1233.638647
726.263017 1023.557445
-527.516431 -719.629506
-523.911291 -1617.564932
227.285914 1445.612410
-407.966261 -793.427632
1017.038565 1920.518747
-1066.091721 -506.578068
-695.261528 -762.611089
1017.214515 1563.913949
1021.544751 1031.936773
-438.285124 -740.741560
-610.968259 -900.645654
604.861131 1662.368280
683.221332 1022.014282
-66.013452 452.132172
890.271160 1051.481426
889.486255 1738.592794
351.342951 -687.333541
602.483588 -2783.313761
645.464523 -2778.247939
640.299930 -2790.301854
-647.377539 -776.172552
636.952089 1277.537018
-197.471669 -909.517180
-112.823689 -545.294215
-528.338000 -609.695343
-313.050079 -770.301427
558.541506 1052.697458
935.490128 1746.006772
471.964253 1545.836672
634.691682 1514.541054
645.131545 1059.977475
474.177404 1083.716314
-604.535910 -648.501498
474.094196 -2849.462283
1062.328981 1363.019045
389.794355 -660.122912
434.670316 -625.701997
971.237182 1970.905994
600.545866 1320.948908
599.086131 -2789.040930
1140.851574 1471.017026
811.634693 1029.977422
102.695522 817.205677
351.013408 -688.498264
1021.279700 1962.457453
1188.252065 1875.228898
1219.468971 1732.121048
602.463868 1325.428266
771.542814 1212.098319
1021.543565 1035.018058
16.129254 540.232115
979.310745 -2145.780122
724.514936 1754.036712
-489.652452 -1486.418310
767.768440 1863.363318
561.989675 1329.299446
890.208647 1323.009866
1018.091254 1262.582637
896.083165 1062.354932
-869.758527 -498.238156
-273.882174 -446.030566
-937.815203 -558.032580
1099.981523 1620.848467
-358.224074 -657.675931
593.599069 1639.992061
-486.631959 -1442.529231
-526.209598 -1379.614020
930.177181 1277.865677
938.189315 1275.078298
389.634288 -658.975757
601.870971 1055.536234
1095.906723 1577.235208
1058.197395 1590.540234
389.063057 -659.754782
393.924012 -652.403851
-863.435761 -492.080958
-1699.156505 196.808672
-906.131326 -133.503005
58.503237 -538.109668
-648.477480 -956.158831
-521.121078 -710.528453
937.481216 2290.347963
770.229815 1720.559943
811.455208 1417.442573
562.061680 1089.955194
13.738019 832.767415
-479.806584 -439.878695
20.747392 -530.637459
978.571682 -2120.698917
1021.484605 1872.636895
687.747819 1809.666177
896.262662 1513.027319
-63.267113 457.462904
-395.820758 -470.395036
-314.151236 -502.800134
-145.631915 -527.861271
-272.404078 -592.324657
-438.375103 -770.351961
853.774428 2291.254525
812.989093 2203.790839
1354.146705 2203.640940
1187.875028 2082.819630
1145.577852 2022.354622
1104.781121 1873.078479
895.264265 1752.791146
979.598676 1512.938508
-437.676311 942.252326
20.638094 612.217356
-979.310888 -49.632223
936.790786 -2091.138271
393.949598 -2872.818842
395.476868 -2868.657572
1187.172979 1899.407507
812.744100 1600.404259
771.480815 1365.100888
-479.110402 -230.796319
-395.955276 -287.633221
103.519329 -319.643930
-604.160914 -350.437124
-21.366290 -470.336287
688.126565 -2715.923192
854.268754 2020.104853
728.377156 1990.606132
562.539495 1845.221368
687.533105 1510.619086
1021.289829 1482.522015
853.825563 1390.287302
-479.353966 -320.256094
-479.494898 -470.361989
-688.861261 -1100.524596
812.602245 1995.259018
561.689241 1630.165279
-62.061685 -255.305732
-395.478685 -375.335852
-521.552112 -1098.019727
354.914809 -2898.500342
974.098415 -2100.092921
925.784979 -2117.886097
938.189315 -2115.772592
938.035145 -2117.929325
928.691134 -2117.835266
1019.782231 1047.635317
1026.198124 1035.115963
