6.881265653145866281e+02,-2.745930722325354509e+03
1.402519848523956625e+03,2.059950286198432423e+03
1.146222629683290279e+03,2.205795182324481175e+03
1.396285379683694600e+03,2.175787652324432656e+03
1.158481709479039637e+03,2.138112015636987508e+03
1.363216368352896097e+03,2.209453444944441799e+03
1.370673807742127337e+03,2.170585282697233652e+03
1.405446615963464637e+03,2.166217622623276384e+03
1.195765010983476714e+03,2.120107030966124512e+03
1.146222629683290279e+03,2.115772592325125515e+03
1.151049046701703219e+03,2.076104386285015607e+03
1.274870427259964799e+03,2.135190927245872444e+03
1.149341817380539851e+03,2.016555177985202135e+03
1.236587530861009782e+03,1.940783962333164482e+03
1.242890286728877754e+03,1.989258469773172919e+03
1.237712767893901628e+03,1.955713484766946294e+03
1.195399419287155752e+03,2.121633013145377390e+03
1.359470885870391157e+03,2.015522182212498365e+03
1.317019625865105127e+03,1.984384736906996523e+03
1.364252684455767167e+03,2.182718016563057517e+03
1.247174549566265114e+03,2.051444639840385662e+03
1.149260901084110856e+03,1.925662743193607639e+03
8.672711923439403563e+02,1.715503103510228812e+03
1.112345536161219343e+03,1.849844523343421542e+03
1.156971249880177766e+03,1.925229589937435549e+03
1.110879927097947302e+03,1.909440556859703520e+03
