date:2016-10-14, time:0900, wind_speed:4.27, wind_dir:339.0, temp:7.1
5.214180653137905352e+01 1.215063237674732335e+02
-1.302687727417782924e+02 -3.781896370797834095e+01
-1.177991556965546778e+02 -4.378593007631699408e+01
-1.145666934686272498e+02 -2.553057323252759048e+01
-1.271254004686651058e+02 -2.853132623253244304e+01
-1.095556088801792498e+02 -5.291441211579054027e+01
-1.338614056878813585e+02 -3.201026153990387968e+01
-3.121244346854513196e+01 7.477709767446809153e+00
-1.387369107413401252e+02 -1.085598291912337743e+01
-1.395729684685097425e+02 -4.525302232572597561e+00
-1.104545504685855093e+02 3.748523976741635977e+01
-1.354608254686259272e+02 2.848298076748077179e+01
-1.552951995836033348e+02 2.506441614502919535e+01
-1.271254004686651058e+02 3.148373376748562436e+01
-1.229021184685880854e+02 -3.153207923253729561e+01
-1.437962504685867771e+02 3.748523976741635977e+01
-1.312375434685489211e+02 2.248147476747106666e+01
-7.288956846850722116e+01 2.548222776747591922e+01
-7.189916049462799208e+01 3.412069434600648776e+01
-9.789584346854765329e+01 -2.252982023252273791e+01
-8.122499346862599623e+01 2.848298076748077179e+01
-1.779020174516578479e+01 1.032653622530574609e+02
-1.354608254686259272e+02 8.849804076749883563e+01
-1.729146684685110245e+02 7.949578176748428859e+01
-1.090193257766442656e+02 8.776255301289377542e+01
-1.645792434685501746e+02 6.149126376745517319e+01
-1.387565158171835833e+02 -1.686012082574990245e+01
6.976061517819702829e+01 2.141890541051691912e+02
4.380638153141822499e+01 1.755198777674816029e+02
1.021543565314599249e+02 1.635168657674622068e+02
6.458937453138163676e+01 1.845221367674961641e+02
6.974763828353162864e+01 1.542332500055751439e+02
-1.187899754687042844e+02 -1.052680823250333297e+01
8.548350653138031419e+01 1.725191247674767396e+02
-1.021191254686246737e+02 3.148373376748562436e+01
-1.589393022678557656e+02 1.585310841729745412e+01
7.292479953134245818e+01 1.845221367674961641e+02
9.793107453138289031e+01 1.515138537675217663e+02
7.714808153141949276e+01 1.695183717674719048e+02
9.882446082925793007e+01 1.872528322392314237e+02
7.714808153141949276e+01 1.845221367674961641e+02
6.047723153149782860e+01 1.215063237674732335e+02
-1.479083934686285318e+02 1.095033117675327929e+02
9.381893153149908926e+01 1.635168657674622068e+02
7.039626951239827690e+01 1.478758247206905594e+02
1.146019245313045616e+02 1.515138537675217663e+02
5.625394953142080112e+01 1.515138537675217663e+02
9.793107453138289031e+01 1.575153597674524804e+02
9.793107453138289031e+01 1.515138537675217663e+02
-1.521316754687055379e+02 3.148373376748562436e+01
-1.312375434685489211e+02 4.648749876750988363e+01
-6.358706996046099391e+01 4.013979243911603589e+01
7.804868470753611120e+01 1.571804187106411064e+02
-1.219926999327078931e+02 1.061233257698358727e+02
1.071850442063640827e+02 1.632790482565978039e+02
4.380638153141822499e+01 1.545146067675266011e+02
-1.590601806065988910e+02 6.913014143526535982e+00
6.458937453138163676e+01 1.695183717674719048e+02
1.021543565314599249e+02 1.515138537675217663e+02
-1.437962504685867771e+02 2.248147476747106666e+01
9.462517689003703936e+01 1.752337117882951532e+02
1.112669087189335642e+02 1.901146446916942523e+02
6.458937453138163676e+01 1.785206307674864661e+02
-1.312375434685489211e+02 9.149879376750368465e+01
-1.395729684685097425e+02 7.649502876747942537e+01
9.381893153149908926e+01 1.665176187674670416e+02
8.212298617426331759e+01 1.631516663054713945e+02
-1.062312684685084889e+02 8.549728776749398662e+01
1.271606315315003570e+02 1.545146067675266011e+02
9.097896748840658177e+01 1.629135446990094067e+02
6.047723153149782860e+01 1.605161127674573436e+02
-1.589140483039368803e+02 2.185336620677352215e+01
1.104897815314207463e+02 1.755198777674816029e+02
1.188252065313815820e+02 1.725191247674767396e+02
1.021543565314599249e+02 1.635168657674622068e+02
9.793107453138289031e+01 1.665176187674670416e+02
-1.395729684685097425e+02 3.748523976741635977e+01
-1.187899754687042844e+02 5.248900476744061905e+01
9.472660180849646849e+01 1.811034300910107788e+02
1.197845013068336186e+02 1.962652228947276001e+02
1.114108067692678361e+02 2.081521419718215498e+02
9.888271174630234839e+01 1.512243705676516754e+02
1.072402544251873593e+02 2.053184567518794381e+02
6.881265653145865713e+01 1.995259017675204234e+02
-1.062312684685084889e+02 4.048599276750017850e+01
-1.469827346921105118e+02 1.000934358194017761e+02
8.282713786386676702e+01 1.539760143585699836e+02
1.364505334184072183e+02 1.931137908252477189e+02
1.312727745313841581e+02 1.935243957675107254e+02
1.489001932172785132e+02 1.991545467288379143e+02
8.126022453130329382e+01 1.545146067675266011e+02
1.437962504684288376e+02 2.085765062325076826e+02
-1.729146684685110245e+02 4.648749876750988363e+01
-1.589228057081867291e+02 4.595563143833805242e+01
1.488133843085101091e+02 2.051822522726566547e+02
9.793107453138289031e+01 1.965251487675155602e+02
1.271254004683492411e+02 2.085765062325076826e+02
3.963299292013894615e+01 1.171244195846619931e+02
1.405691527262707439e+02 2.082955310461232727e+02
1.021543565314599249e+02 1.965251487675155602e+02
1.146019245313045616e+02 1.875228897674220434e+02
1.405905686478851635e+02 2.112490823769699659e+02
1.312931129684086216e+02 2.115772592325125174e+02
1.604671004683505089e+02 2.115772592325125174e+02
1.328450695801230097e+02 2.050401936811713313e+02
1.287462122206712536e+02 1.838959309356176561e+02
9.381893153149908926e+01 1.785206307674864661e+02
1.146019245313045616e+02 1.875228897674220434e+02
1.363958325695928977e+02 1.991614221029146563e+02
1.405202356194872664e+02 2.113082968376957069e+02
1.479436245313058294e+02 1.965251487675155602e+02
1.479436245313058294e+02 1.995259017675204234e+02
1.396081995313449795e+02 1.845221367674961641e+02
1.322254432758263363e+02 2.113040765849133606e+02
-1.262019884042050961e+02 -3.181841490538453954e+01
-5.059480722116491336e+01 4.895592775290322862e+01
9.793107453138289031e+01 1.545146067675266011e+02
1.354960565314611927e+02 1.905236427674268782e+02
-1.172145551162432042e+02 3.090185505481233008e+01
9.882432819638486876e+01 1.482828275667814921e+02
-1.045878546754750005e+02 5.795756355618942024e+01
1.370014009070721102e+02 1.988185835631117584e+02
1.072418030248291814e+02 1.781378805688607372e+02
1.521669065313828355e+02 1.995259017675204234e+02
1.146019245313045616e+02 1.575153597674524804e+02
7.714808153141949276e+01 1.575153597674524804e+02
-5.210657546870175594e+01 4.048599276750017850e+01
-5.210657546870175594e+01 4.048599276750017850e+01
-9.378370046866385223e+01 4.648749876750988363e+01
1.062664995313437259e+02 1.575153597674524804e+02
7.379537171928528494e+01 2.231770121671508207e+02
1.437962504684288376e+02 2.115772592325125174e+02
1.489066289266588967e+02 1.961401956468057506e+02
1.271254004683492411e+02 2.115772592325125174e+02
-1.437962504685867771e+02 1.125040647674586864e+02
-8.956041846858681765e+01 6.449201676753899903e+01
1.405317161041813563e+02 2.081309965298821112e+02
7.714808153141949276e+01 1.575153597674524804e+02
7.714808153141949276e+01 1.515138537675217663e+02
1.072650831052982028e+02 2.232674488945876305e+02
1.279167697046516849e+02 2.411844397149342285e+02
1.113964731393286485e+02 1.930894662304607721e+02
9.793107453138289031e+01 1.845221367674961641e+02
1.521316754683896590e+02 2.415847892324820805e+02
1.487992687227448698e+02 2.261485168308020945e+02
1.120464597616276876e+02 2.321781451254003912e+02
-8.544827546870301660e+01 -1.245554222325297644e+02
6.547264105213548646e+01 1.840943974941575050e+02
1.196240434881401740e+02 1.541312069209501203e+02
1.062664995313437259e+02 1.995259017675204234e+02
6.139387831336639323e+01 1.841406286547256741e+02
8.643051781392379951e+01 1.720752827703696539e+02
1.146019245313045616e+02 1.965251487675155602e+02
7.714808153141949276e+01 1.935243957675107254e+02
1.438314815314220141e+02 1.995259017675204234e+02
-8.448905148422950617e+01 7.617627467367935878e+01
1.155762568888701907e+02 2.143083866356670342e+02
8.548350653138031419e+01 1.935243957675107254e+02
9.548697200855150413e+01 1.900906181061264704e+02
6.458937453138163676e+01 1.845221367674961641e+02
7.714808153141949276e+01 1.995259017675204234e+02
9.042220267690090907e+01 1.900974779025395662e+02
1.521669065313828355e+02 2.025266547674463027e+02
9.885491806355612709e+01 1.871901146147872055e+02
6.458937453138163676e+01 1.935243957675107254e+02
6.544888557065060297e+01 1.900960150429465898e+02
9.461942818039594272e+01 1.991357230364144755e+02
5.214180653137905352e+01 1.935243957675107254e+02
6.552320422274357270e+01 1.752009811249858728e+02
8.215128646436667736e+01 1.840975413831570791e+02
8.126022453130329382e+01 1.815213837674913009e+02
-1.178864619110785554e+02 8.824813921764744862e+01
8.126022453130329382e+01 1.875228897674220434e+02
-6.877742546862342010e+01 4.348674576750502752e+01
-4.710029164891032849e+01 5.520292954948945408e+01
7.796263995043921113e+01 1.811380855727452115e+02
9.106223988444911299e+01 1.749397690537013830e+02
6.970448097316432268e+01 1.960920953159306919e+02
7.806813576427737189e+01 1.902386570075628072e+02
7.714808153141949276e+01 1.905236427674268782e+02
8.959564953142206889e+01 1.845221367674961641e+02
6.881265653145865713e+01 1.875228897674220434e+02
1.229373495314233224e+02 1.875228897674220434e+02
8.126022453130329382e+01 1.875228897674220434e+02
6.129013823646032932e+01 1.812589165646712956e+02
6.131390130339234190e+01 1.842298920650473804e+02
8.548350653138031419e+01 1.695183717674719048e+02
9.887220730845282901e+01 1.660766869069071845e+02
6.047723153149782860e+01 1.845221367674961641e+02
1.072439533383121955e+02 1.902733807970952569e+02
1.271606315315003570e+02 1.845221367674961641e+02
6.458937453138163676e+01 1.845221367674961641e+02
1.113741443238076982e+02 1.870991403969511282e+02
6.047723153149782860e+01 1.815213837674913009e+02
1.362798133146449402e+02 1.871780163423470356e+02
6.881265653145865713e+01 1.695183717674719048e+02
-1.479083934686285318e+02 2.548222776747591922e+01
6.458937453138163676e+01 1.875228897674220434e+02
3.630279792018048113e+01 1.750925462931068068e+02
7.714808153141949276e+01 1.815213837674913009e+02
8.959564953142206889e+01 1.935243957675107254e+02
8.126022453130329382e+01 1.725191247674767396e+02
1.281447696178094873e+02 1.962642208297266961e+02
6.881265653145865713e+01 1.845221367674961641e+02
1.197497021950019302e+02 1.811329711100448776e+02
7.292479953134245818e+01 1.515138537675217663e+02
7.292479953134245818e+01 1.635168657674622068e+02
9.460602099718256852e+01 1.482084122409855240e+02
7.292479953134245818e+01 1.905236427674268782e+02
6.458937453138163676e+01 1.935243957675107254e+02
-1.229021184685880854e+02 4.948825176751473265e+01
7.804707612619372981e+01 1.752207173654315682e+02
6.609436697702325603e+01 1.659220207669458773e+02
5.625394953142080112e+01 1.905236427674268782e+02
6.047723153149782860e+01 1.935243957675107254e+02
7.388335252341072135e+01 1.841386328745909964e+02
7.714808153141949276e+01 1.785206307674864661e+02
8.225000922711608098e+01 1.841570620337385549e+02
6.458937453138163676e+01 1.905236427674268782e+02
7.714808153141949276e+01 1.905236427674268782e+02
1.322219811226885327e+02 1.900988033414474216e+02
-1.354608254686259272e+02 1.948072176746621764e+01
8.548350653138031419e+01 1.875228897674220434e+02
6.552172900631697416e+01 1.842138905765477830e+02
7.714808153141949276e+01 1.815213837674913009e+02
7.376857086650919371e+01 1.782135358950983459e+02
5.625394953142080112e+01 1.605161127674573436e+02
-4.377115046858298797e+01 4.348674576750502752e+01
6.047723153149782860e+01 1.755198777674816029e+02
6.881265653145865713e+01 1.725191247674767396e+02
-6.877742546862342010e+01 4.348674576750502752e+01
8.548350653138031419e+01 1.845221367674961641e+02
1.280513925392559713e+02 1.841929179005583990e+02
-4.788329346862472846e+01 4.048599276750017850e+01
-6.728273920787043494e+01 3.988066871472797459e+01
-1.479083934686285318e+02 -1.352756123250818376e+01
1.153817893314545415e+02 1.902457941122590057e+02
1.188252065313815820e+02 1.995259017675204234e+02
1.161521347744962753e+02 1.840359275568032444e+02
7.377847785263287506e+01 1.812747901441449869e+02
6.458937453138163676e+01 1.755198777674816029e+02
7.386280478297607033e+01 1.781442114891299298e+02
1.312931129684086216e+02 2.085765062325076826e+02
-7.711285046858424153e+01 4.048599276750017850e+01
1.104897815314207463e+02 1.905236427674268782e+02
6.881265653145865713e+01 1.875228897674220434e+02
1.104897815314207463e+02 1.575153597674524804e+02
9.381893153149908926e+01 1.575153597674524804e+02
7.384303239422952458e+01 1.751458991127437059e+02
8.959564953142206889e+01 1.545146067675266011e+02
1.479639629683302928e+02 2.085765062325076826e+02
9.381893153149908926e+01 1.845221367674961641e+02
9.793107453138289031e+01 1.695183717674719048e+02
8.284402157731574334e+01 1.959292754522839175e+02
7.292479953134245818e+01 1.815213837674913009e+02
7.384426316429956216e+01 1.660877373972128339e+02
7.292479953134245818e+01 1.635168657674622068e+02
8.628520800413164693e+01 1.722061152870373348e+02
7.852966618672533627e+01 1.538780189355356924e+02
9.793107453138289031e+01 1.845221367674961641e+02
1.279561474453173275e+02 2.141487404406279893e+02
9.102177622593509909e+01 1.839303355159897535e+02
6.197826049667040138e+01 1.868805952518331708e+02
-8.956041846858681765e+01 7.949578176748428859e+01
1.312931129684086216e+02 2.055757532325028194e+02
1.229373495314233224e+02 1.845221367674961641e+02
1.121542436328541328e+02 1.839932330048293068e+02
7.714808153141949276e+01 1.875228897674220434e+02
7.445881780117616699e+01 1.479313851556977113e+02
1.188252065313815820e+02 1.905236427674268782e+02
