-1.384310971631571761e+02,-2.918748179687791890e+03
5.663851654753294724e+02,1.217947910350685561e+03
5.625394953142080112e+02,1.185055707674683845e+03
4.935775391384766522e+02,1.240888375453781691e+03
9.897481546443015077e+02,1.184129268252711199e+03
4.791852453145997401e+02,1.215063237674732363e+03
6.980764680765221328e+02,1.193068461606409528e+03
5.758988927676214189e+02,1.211853960073957978e+03
4.824308385673251678e+02,1.277725476427357307e+03
5.625394953142080112e+02,1.185055707674683845e+03
4.831414042730483516e+02,1.218471680348178097e+03
6.913914628258772836e+02,1.159440738825911467e+03
4.471584778068959736e+02,1.313740570537160465e+03
6.047723153133988490e+02,1.215063237674732363e+03
4.874466042854332954e+02,1.248065408608833650e+03
5.625394953142080112e+02,1.185055707674683845e+03
5.709633275250416773e+02,1.218048811283709711e+03
5.666191840121482528e+02,1.219091326450637098e+03
4.933128114871764183e+02,1.241867891234761373e+03
7.292479953134246671e+02,1.155048177674635326e+03
9.830417003968204881e+02,1.157813126029724344e+03
5.625394953142080112e+02,1.215063237674732363e+03
4.791852453145997401e+02,1.215063237674732363e+03
4.791852453145997401e+02,1.215063237674732363e+03
9.825653577086889072e+02,1.189453559806428075e+03
5.625394953142080112e+02,1.185055707674683845e+03
4.869373562599141678e+02,1.213605881244066723e+03
5.752096837313278002e+02,1.222459547039506788e+03
9.947595406858861224e+02,1.181410301985671595e+03
4.432433963395446312e+02,1.249521249559459875e+03
5.662351394426812021e+02,1.188095665057531505e+03
5.678181732982329777e+02,1.217783004148166356e+03
6.977428622308755166e+02,1.180388260815233025e+03
6.913102962276976768e+02,1.187946860048440385e+03
5.673522506134967216e+02,1.219522792427321519e+03
5.671773756286033858e+02,1.218259555336593166e+03
5.711433431697354308e+02,1.220768387534225212e+03
4.954520128160654053e+02,1.242237627940139646e+03
4.507673638591098779e+02,1.309272815508418034e+03
6.987044063790093560e+02,1.220569536905882160e+03
-1.225333176124597458e+03,2.272988355200780575e+02
-1.271254004686651115e+03,1.047846276745166136e+02
7.045919748572340495e+02,1.181719517613205653e+03
7.292479953134246671e+02,1.185055707674683845e+03
4.498367406550862029e+02,1.269933320956914486e+03
6.920629272462737163e+02,1.159316393844326512e+03
5.750963371576967802e+02,1.188623561775648795e+03
-8.956041846858682902e+02,1.305085827674877919e+03
-7.931172336683360982e+02,1.127322097755099094e+03
5.625394953142080112e+02,1.215063237674732363e+03
5.625394953142080112e+02,1.215063237674732363e+03
-7.559698103947429217e+02,4.880705635219699730e+02
6.994640429484411470e+02,1.179438142596685111e+03
6.915563357524354160e+02,1.157656186342456294e+03
6.914838326120764123e+02,1.158903623018497910e+03
5.800818119038061695e+02,1.189088693381228950e+03
6.915422002587409906e+02,1.159240582752192267e+03
7.092083538309750566e+02,1.156659247292588589e+03
6.881265653145866281e+02,1.155048177674635326e+03
6.989024003041602100e+02,1.163997637495443314e+03
-9.789584346854766181e+02,1.455123477675120512e+03
5.740826624900171282e+02,1.212599301936327493e+03
9.906701677309115439e+02,1.194873157827691784e+03
5.625394953142080112e+02,1.185055707674683845e+03
4.791852453145997401e+02,1.245070767674780882e+03
4.844661793784603105e+02,1.219660856662481820e+03
5.795187989876998245e+02,1.215408392114895832e+03
6.999814941530142960e+02,1.179534015980379309e+03
-1.131192555996784222e+03,1.334940220173294847e+02
5.625394953142080112e+02,1.275078297674829400e+03
-7.664466004708098126e+02,5.577041528385444735e+02
-6.455414346854639689e+02,7.349427576747458488e+02
6.992358267337974667e+02,1.182596042731122452e+03
4.791852453145997401e+02,1.275078297674829400e+03
-6.241399531655815736e+01,2.085765062325076997e+03
-7.246352917468932446e+02,7.380831308216091884e+02
6.946982159873016371e+02,1.184778723230844662e+03
-5.865267098906547005e+01,2.089286779662973913e+03
4.863424840109623801e+02,1.250783673721886771e+03
6.241399531339939699e+01,9.449954676750854787e+02
8.590979402763674670e+02,1.217612694666509924e+03
-5.621871846858556410e+02,8.249653476748914045e+02
-1.839212011245881513e+02,1.517771686746995329e+03
3.665253447028968026e+02,1.332179317804863786e+03
-6.455414346854639689e+02,7.349427576747458488e+02
3.644122621637132511e+02,1.341163889489052053e+03
6.881265653145866281e+02,1.125040647674586808e+03
7.032855834607512406e+02,1.179162246655349918e+03
9.793107453138289884e+02,1.185055707674683845e+03
9.969300007851475129e+02,1.184304076687261841e+03
6.881265653145866281e+02,1.185055707674683845e+03
7.017557051345867194e+02,1.212207780757178853e+03
-1.454159346862346922e+02,1.425115947675071993e+03
-5.403693888048627514e+01,2.093281756322719957e+03
-7.658678869678998353e+02,7.695221139856273567e+02
-5.962407000393496901e+02,1.402863044959916351e+03
-7.579149298031594526e+02,7.689464772708813598e+02
2.129256531456131540e+01,9.750029976751339973e+02
3.547095653145739789e+02,1.305085827674877919e+03
8.126022453146123325e+02,1.245070767674780882e+03
-5.532215272599357831e+02,7.405787105348953219e+02
8.548350653138031703e+02,1.185055707674683845e+03
-3.088285738473832112e+02,7.975178070634475489e+02
-1.141021028361374647e+03,-1.156554614960168692e+01
-9.695188147384236572e+02,1.101501129159100287e+02
9.895426510522521539e+02,1.162544590222765692e+03
3.645392355126820121e+02,1.331674277155756272e+03
-3.954786846866389851e+02,7.649502876747943674e+02
3.547095653145739789e+02,1.335093357674926438e+03
6.881265653145866281e+02,1.185055707674683845e+03
7.031061176851648042e+02,1.181951635917968588e+03
-9.344011456276306262e+02,1.218305192280321990e+03
6.913887246512966840e+02,1.157516262858576511e+03
4.827955529369074270e+02,1.218469141205508777e+03
1.880010653137779286e+02,1.605161127674573436e+03
-1.761165946918171699e+01,9.174455342709983370e+02
-2.672895061342562713e+02,6.773767925942295278e+02
5.671452862211292540e+02,1.189473066843194374e+03
1.983382253445368519e+02,1.640266007176287985e+03
3.124767453138036899e+02,1.605161127674573436e+03
3.126801296840483246e+02,2.055757532325028478e+03
1.046468153141696291e+02,1.575153597674524917e+03
7.013080066903420402e+02,1.179011704086413147e+03
6.881265653145866281e+02,1.155048177674635326e+03
6.881265653145866281e+02,1.155048177674635326e+03
1.880010653137779286e+02,1.635168657674621954e+03
2.020259980001200120e+02,1.634776735052567119e+03
4.932291907864738505e+02,1.238832597147212709e+03
6.881265653145866281e+02,1.215063237674732363e+03
9.844596194058340188e+02,1.157780808084358341e+03
2.456680688439509197e+01,9.475191027066586003e+02
2.886027839269759454e+01,9.477658856519657320e+02
-1.202723026595744216e+01,9.768032162675233394e+02
6.881265653145866281e+02,1.185055707674683845e+03
6.925402044757704516e+02,1.188444994875864040e+03
1.925889555936275030e+02,2.028918709664447761e+03
-6.877742546862341442e+02,1.905236427675058621e+03
-2.190900921643576567e+02,1.910354686167682758e+03
3.582567890651498601e+02,1.879492891421534523e+03
2.745471770462482937e+02,2.088420146447152092e+03
1.924068931654010157e+02,1.999656340236824690e+03
4.861967031074399870e+02,1.219166220431445936e+03
5.670741042733563972e+02,1.188561776595863421e+03
6.881265653145866281e+02,1.215063237674732363e+03
6.881265653145866281e+02,1.185055707674683845e+03
3.220697037938949734e+02,2.077489317569853938e+03
-6.877742546862341442e+02,1.935243957675107140e+03
-7.288956846866516344e+02,1.935243957675107140e+03
-6.455414346854639689e+02,1.905236427675058621e+03
6.915463708837654622e+02,1.158253268314066418e+03
6.881265653145866281e+02,1.155048177674635326e+03
4.791852453145997401e+02,1.215063237674732363e+03
