date:2016-10-03, time:1800, wind_speed:2.33, wind_dir:65.0, temp:15.2
-414.016989 917.659013
438.063815 1245.070768
-1062.312685 314.837338
-17.753698 1339.927762
-578.284723 -1960.750763
-1018.290443 -190.706804
-56.329554 1401.832498
-932.124868 142.237385
-1143.130254 1399.059573
-701.058209 1551.214601
-645.541435 1125.040648
-975.283728 1578.817904
-1140.030486 1432.412557
-121.632843 1518.656196
1280.313046 1614.965634
-1602.139071 770.096889
1193.830413 1673.121208
858.179606 1610.103443
1361.093172 1821.894070
-677.761537 1465.025970
-972.788191 472.170581
729.451380 2175.787652
-432.518976 1011.741317
-562.187185 1335.093358
1111.367339 1703.321479
-1184.457971 1159.364087
1123.763964 1576.737855
-812.249935 164.799688
-1639.905669 802.617562
-1223.113432 1251.674973
-1597.942233 802.955274
-937.837005 1335.093358
-1437.962505 824.965348
1312.727745 1545.146068
-271.003005 1275.078298
-436.109883 1067.425238
-389.151641 1372.836343
-761.232187 235.724852
1277.713496 2242.010300
-476.096289 1428.842624
1279.854406 1915.116170
1278.221814 2002.879488
-701.813400 231.147713
1146.019245 1515.138538
-1135.768629 1375.696911
-1034.669822 1401.638050
-1348.109771 1312.941859
-954.105389 1400.957075
1479.639630 2175.787652
151.779414 1281.655955
-1104.545505 254.822278
1438.314815 1215.063238
-1392.722209 1099.022292
-645.002169 707.576103
1545.464337 1909.092741
1480.478183 1847.264064
1438.314815 1455.123478
-492.792422 801.971388
-811.123206 1006.852466
1024.874407 1578.934931
-1062.312685 1305.085828
-771.128505 1155.048178
1653.428491 2213.121074
-1084.490780 1095.331616
-1223.100178 1012.170489
-678.910273 624.536696
342.013614 1373.530729
-1097.933793 -1148.576199
1479.639630 2415.847892
-1348.387187 1012.217726
237.563950 1585.657503
401.640011 1432.498545
-349.577892 1042.106942
-469.718522 924.955888
254.280561 1879.964570
-686.616411 107.164676
1468.188367 1704.028887
1485.531446 1822.501154
1146.019245 1815.213838
-271.003005 1395.108418
-104.294505 1335.093358
-456.774886 1307.426731
-851.394512 199.302655
-1336.196179 1123.966409
1456.582846 1995.065806
1337.570030 1729.709590
-142.735325 1460.371014
-496.393153 1879.788599
-562.187185 1215.063238
-1225.371556 769.065653
1485.903095 1462.688354
-1678.342994 864.529007
-747.661043 227.277459
1229.373495 1725.191248
1188.252065 1755.198778
-354.357255 1455.123478
1321.647934 1524.013676
-621.841668 1188.407102
1399.756823 1639.404800
1405.020410 2185.840204
1647.463063 2148.006445
1379.435829 2000.189681
525.168049 1459.988299
608.077395 1579.380867
-645.541435 1515.138538
-895.604185 494.882518
1562.993880 2205.795182
-1062.312685 1395.108418
444.087298 1343.363129
-687.063943 1247.151894
-584.991821 554.852542
-847.696566 -37.927570
-62.061685 1005.010528
-1085.339147 375.579845
1187.899755 2175.787652
-476.693919 1248.569777
-135.941215 1104.737624
-516.186723 1882.938264
-204.274344 1250.403858
569.164101 1311.586529
-354.357255 1365.100888
47.364462 1282.141912
1480.029574 1277.321396
-1201.236050 951.868116
-786.186489 19.924017
-392.431456 1819.728387
-728.895685 1485.131008
1354.608255 2385.840362
1354.608255 2355.832832
1587.518947 2150.231979
-385.832739 1134.717295
521.418065 1425.115948
-687.774255 254.822278
-644.807819 287.255306
-1098.825897 1552.186009
1191.081214 2181.005348
-770.243092 1457.109746
-642.851216 589.045234
-302.182709 1855.234862
-1293.009482 1155.952656
-725.503930 349.029440
-1037.015016 320.473853
-1267.990299 1308.526617
-687.774255 1125.040648
-887.340949 1194.835366
-806.971784 1162.214495
-575.718363 681.463409
-1200.774031 1224.163174
-845.541133 1164.613426
234.862839 1641.568729
1062.664995 1695.183718
-851.165442 229.132688
-35.106135 1432.721507
1151.434285 2214.088236
1188.799866 2328.048855
1194.085388 1582.562037
-1312.375435 1365.100888
568.521532 1462.039849
-469.562695 1315.869403
-645.541435 1245.070768
-620.360920 1161.238041
1271.606315 1575.153598
562.539495 1215.063238
-495.388163 1490.159780
-1229.021185 1245.070768
1587.677692 1789.518000
-812.249935 764.950288
-892.417521 498.283747
-228.770185 1815.213838
-1103.852620 1187.019169
1146.222630 2385.840362
1314.217328 1817.570679
-552.722755 1855.780323
-271.003005 1365.100888
-372.913793 977.237608
-344.909417 864.132381
-160.296422 1461.573208
-138.254302 1493.405522
-186.616328 1426.933997
-219.740834 1434.388190
-186.061433 1457.074411
-181.982120 1401.940211
-478.832935 1515.138538
-473.052825 1522.046876
-473.445438 1523.098594
1290.803691 1847.494507
-1098.522431 831.533062
479.185245 1335.093358
-478.832935 1275.078298
-562.187185 1275.078298
-950.260889 1674.695478
488.359980 1224.935974
479.814110 1307.181780
499.231762 1484.986991
604.772315 1515.138538
1354.960565 1935.243958
236.091988 1822.007253
-929.579444 474.693906
-895.604185 524.890048
-1181.639791 1252.666881
-1142.647460 1278.945124
-1101.683624 1339.440777
110.086559 1311.994929
89.718076 1341.008872
-104.294505 1485.131008
-142.667305 1459.719582
-954.240750 289.118314
-978.958435 314.837338
1271.606315 1815.213838
1275.718391 1819.304263
104.646815 1305.085828
-283.455465 1823.813984
-562.187185 1245.070768
-562.187185 1215.063238
-534.506038 742.618769
-805.610503 592.659932
-1145.666935 1425.115948
-511.840746 1194.863280
-515.105407 1162.288508
-59.192558 1459.769510
1104.545505 2145.780122
-680.721817 1072.171927
-687.774255 1095.033118
1068.906070 2242.647247
1233.338632 1098.824867
-853.488832 1126.896969
1230.336669 1907.744781
-1559.861728 800.352272
1256.341430 1792.058638
1315.338942 1819.639295
-1040.921718 737.022493
-601.359814 1699.895561
-561.215263 1667.588313
1525.497854 1819.517566
1458.225852 2267.108077
1440.745265 2210.760702
1443.916678 2212.444366
1437.962505 2265.810242
836.531544 2269.235758
1313.475082 1997.561324
-635.478168 1944.551265
-1021.191255 1845.221368
-936.362746 1817.919947
1272.405803 1757.833953
1402.345511 1641.672175
124.009265 1515.399136
-638.705296 1372.581723
1438.314815 1305.085828
-929.522826 1225.462800
-187.648755 1095.033118
1231.007151 1067.231772
-1053.205492 1015.766669
-1226.202719 858.866237
1688.377565 1995.259018
1541.577243 1906.165199
29.722447 1735.028770
146.311081 1637.668772
-181.507884 1611.696420
895.956495 1575.153598
-469.090346 1525.966385
1235.594959 1461.872833
-135.917037 1405.285861
359.693330 1281.650452
-771.128505 1185.055708
1230.571769 1097.903470
-687.774255 824.965348
-728.895685 674.927698
-521.065755 344.844868
-760.064417 175.144391
1232.468092 1938.912213
-389.412539 1672.214878
-1265.718350 1553.182274
-1351.278599 1519.685188
-1104.545505 644.920168
-973.640611 1762.204286
-931.488305 1763.314082
695.043348 1611.814749
1312.727745 1545.146068
1522.678747 1487.706865
401.228852 1462.251033
-1420.007848 1363.867542
-636.460394 1344.659242
1403.411895 1282.166054
-868.028768 1223.519275
-1097.997793 1191.953923
27.810784 1192.703885
-389.127514 1131.256809
26.719180 1073.488553
-452.195761 1041.228019
-808.473965 979.760922
-186.774393 976.879743
-598.812516 922.773219
-812.249935 314.837338
1444.594837 1702.473453
-1098.715207 713.047733
1568.177567 1521.761905
1589.947258 1520.762829
-658.991068 1493.723441
1146.019245 1695.183718
1152.989935 1732.969739
1166.030769 1755.451940
-687.774255 614.912638
-645.541435 614.912638
895.956495 1575.153598
1229.373495 1905.236428
1215.738457 1912.311740
-224.014407 1072.841413
-936.278269 1337.810501
-687.774255 1515.138538
-615.579672 1555.865616
-633.002104 1522.874817
812.805630 2115.772592
651.310077 1882.520257
-142.376324 1428.995546
-271.003005 1365.100888
-1139.853747 1192.056515
-534.404548 593.246587
-44.772209 316.152478
-684.898483 79.356900
-139.394180 -1327.470080
-515.482628 -1418.014330
271.355315 -1575.637052
-475.756297 -1691.287957
-55.809034 -1837.671284
-372.186315 1008.361930
-351.490414 979.427164
-354.357255 975.002998
-389.551483 1012.367756
1232.383526 1819.774553
1249.545490 1845.701422
1277.706926 1852.376274
-555.866776 1252.184616
-682.333065 1371.597278
-720.713558 1374.189032
1437.962505 2205.795182
-477.935153 977.368009
-558.317042 589.113056
1256.668252 1971.620920
422.300950 1730.099124
315.547678 1638.846047
1257.250034 1612.008250
-286.138877 1552.132478
438.063815 1455.123478
1146.019245 1455.123478
-786.300096 1251.323496
1279.727183 1255.238005
-636.863495 1075.221130
-765.264751 21.221578
24.204177 -880.312038
382.338923 -1597.900266
-116.931704 -1806.717999
1286.271102 2001.616472
1281.668304 1974.173844
1272.715621 1967.615204
1316.961923 1969.079877
1235.096844 1912.617606
1192.166941 1879.391002
1318.512998 1821.551339
-181.183229 1612.950348
985.838241 1522.084138
1280.253248 1344.475796
-1056.377300 1192.748343
-764.900523 712.318686
-264.769879 561.847415
-473.362099 262.384565
-806.649503 172.330670
-764.079707 52.902622
27.052225 -728.941080
234.109781 -1449.404515
1191.165764 2329.483076
1319.588407 2002.670716
1070.262444 1912.001326
1113.664610 1884.937213
-514.103328 1733.085475
-389.389875 1731.963809
236.138889 1462.676414
734.828899 1193.319354
-1181.605749 982.134816
-265.297985 742.866491
68.110158 -908.225121
-344.986614 -1715.963222
277.690567 -2198.784343
-844.627359 1165.496886
-853.846086 1126.848408
-853.821930 1157.230778
-681.063984 683.070885
-709.238266 675.879292
1030.209758 1945.224212
1364.848396 1764.410811
-306.287384 1491.940143
-511.951771 1464.168288
-1014.469699 1402.052692
-95.091410 1286.137744
-469.541250 1194.780238
-1181.800218 982.805932
-721.721030 952.524969
-512.829257 864.822318
-511.382191 834.663113
-223.457648 771.991223
-598.737083 591.234296
-806.159982 -7.779730
-136.180905 -1865.827782
447.397102 -2227.008834
1444.136427 2093.385964
-556.237227 1763.042831
401.474057 1703.423948
863.822742 1585.571699
-552.937170 1315.646061
-514.874826 1311.128554
-721.882742 1252.121597
-1136.938679 1194.390471
-681.041030 981.758987
-55.956016 832.478019
-389.270057 772.692737
-970.165582 -35.300595
-263.784492 -1058.650951
-512.707671 -1356.234245
-137.284809 -1445.105850
614.329342 -2015.020135
-597.881225 562.123159
-14.413447 -876.793198
313.360644 -1753.831395
