-1.271254004686651115e+03,1.347921576745651464e+02
-2.094025468620891672e+01,3.748523976749532949e+02
-8.993364627019229829e+01,2.899605271390820462e+02
-1.042945046858172304e+02,3.448448676749047763e+02
-9.378370046866384655e+02,-2.853132623253244446e+02
-1.393032204764866265e+03,6.018904380392879716e+01
-5.151384447375030504e+02,-5.100724019253938764e+02
-1.423434457741748020e+03,4.095606927849950125e+02
-8.389051605641917604e+02,1.093593484103807896e+02
8.959564953142206605e+02,1.305085827674877919e+03
7.333070457340668327e+02,1.318569197993690977e+03
7.714808153141948424e+02,1.275078297674829400e+03
8.959564953142206605e+02,1.245070767674780882e+03
8.548350653138031703e+02,1.275078297674829400e+03
8.011718044140264965e+02,1.253257289009983424e+03
7.714808153141948424e+02,1.335093357674926438e+03
-9.643968765742633877e+02,-1.912366852165617388e+02
8.126022453146123325e+02,1.335093357674926438e+03
9.381893153134114982e+02,1.305085827674877919e+03
-1.600531885133328615e+03,4.493414104136003857e+02
1.151797441731026538e+03,1.289897202750526958e+03
1.229373495314233423e+03,1.305085827674877919e+03
5.929124687494215777e+02,1.434299034109506692e+03
9.793107453138289884e+02,1.695183717674718991e+03
-1.223014374133157617e+03,-9.290538293650058677e+01
1.494622717292678772e+03,1.460029452655882324e+03
1.438314815314220141e+03,1.815213837674913066e+03
1.526355670942501092e+03,1.558023229758083971e+03
-1.062312684686664397e+03,2.248147476747107021e+02
1.562790495314245845e+03,1.545146067674476399e+03
1.271606315313424147e+03,1.275078297674829400e+03
1.605023315313436797e+03,1.485131007674379362e+03
1.605023315313436797e+03,1.485131007674379362e+03
1.312727745313841524e+03,1.275078297674829400e+03
1.396081995313449852e+03,1.365100887674974956e+03
1.620679903058445689e+03,1.790293210325251493e+03
1.650707558675302607e+03,1.676477538915280547e+03
9.417478916787453045e+02,1.288884998409196896e+03
1.354960565314611813e+03,1.575153597674524917e+03
1.312727745313841524e+03,1.425115947675071993e+03
1.452123310623268026e+03,1.428657661772096844e+03
-1.145666934686272498e+03,-1.352756123250818518e+02
9.793107453138289884e+02,1.395108417675023475e+03
1.229373495314233423e+03,1.275078297674829400e+03
9.793107453138289884e+02,1.275078297674829400e+03
1.384173325790015724e+03,1.404272451510120845e+03
1.146019245314625095e+03,1.305085827674877919e+03
1.354960565314611813e+03,1.305085827674877919e+03
9.381893153134114982e+02,1.275078297674829400e+03
5.625394953142080112e+02,1.395108417675023475e+03
1.358845881181305685e+03,1.289436625951041606e+03
1.354960565314611813e+03,1.575153597674524917e+03
1.188252065313815820e+03,1.515138537674427880e+03
1.605023315313436797e+03,1.785206307674864547e+03
-1.030214623845400411e+03,4.131120950361747077e+02
-1.173794028368412910e+03,3.490888581568344762e+02
-1.271254004686651115e+03,2.548222776747592206e+02
9.112941571291024729e+02,1.248547970914285543e+03
9.938887227340677555e+02,1.309567798268731394e+03
8.548350653138031703e+02,1.425115947675071993e+03
8.579251431958965668e+02,1.498035200002467718e+03
9.793107453138289884e+02,1.245070767674780882e+03
9.870750611643052252e+02,1.259120526148599083e+03
9.793107453138289884e+02,1.245070767674780882e+03
1.396081995313449852e+03,1.545146067674476399e+03
9.111255730902869345e+02,1.429063394110675517e+03
7.714808153141948424e+02,1.545146067674476399e+03
3.274542951456056699e+02,1.400353271732035637e+03
8.548350653138031703e+02,1.245070767674780882e+03
9.937229861487270455e+02,1.370253016230676167e+03
1.110394173107581992e+03,1.437835555912844256e+03
1.062664995313437203e+03,1.515138537674427880e+03
1.235027300909909172e+03,1.258166698536159402e+03
-4.788329346862473130e+02,-1.524549232488777051e+01
1.229373495314233423e+03,1.275078297674829400e+03
1.104897815314207492e+03,1.305085827674877919e+03
8.706976240763232227e+02,1.310307968934774181e+03
9.419383488095635357e+02,1.227367412547822823e+03
8.959564953142206605e+02,1.275078297674829400e+03
1.104897815314207492e+03,1.305085827674877919e+03
1.438314815314220141e+03,1.365100887674974956e+03
-1.104545504685855121e+03,3.148373376748562578e+02
7.714808153141948424e+02,1.485131007674379362e+03
1.452132645630383195e+03,1.340405881361668435e+03
8.126022453146123325e+02,1.305085827674877919e+03
8.548350653138031703e+02,1.275078297674829400e+03
-1.006717949656247583e+03,1.094272160106784071e+02
8.989467131996009357e+02,1.319821389025775488e+03
9.793107453138289884e+02,1.455123477675120512e+03
1.312727745313841524e+03,1.335093357674926438e+03
1.479436245314637745e+03,1.455123477675120512e+03
6.912760347681517032e+02,1.349112868444655533e+03
1.535554680588431438e+03,1.399343252160736256e+03
-1.598974756222564338e+03,5.084832712453824684e+02
-1.265167787777072590e+03,2.934410039993747432e+01
-7.555139926933895822e+02,3.204604014676191355e+02
8.173667444939914049e+02,1.406976246031596474e+03
8.182424728983136220e+02,1.286889332370546981e+03
7.714808153141948424e+02,1.305085827674877919e+03
1.358657177393079110e+03,1.436887936094484985e+03
7.745542354292840628e+02,1.320751583338844739e+03
9.104722748934304946e+02,1.249080444002564946e+03
1.438314815314220141e+03,1.485131007674379362e+03
1.021543565314599164e+03,1.335093357674926438e+03
-5.886492707878163628e+02,-5.804481560460644687e+02
8.959564953142206605e+02,1.425115947675071993e+03
8.959564953142206605e+02,1.365100887674974956e+03
-1.145666934686272498e+03,4.048599276750018134e+02
1.146019245314625095e+03,1.275078297674829400e+03
1.146019245314625095e+03,1.305085827674877919e+03
1.203844650709603684e+03,1.249957409908907266e+03
7.761577414997839242e+02,1.288644009593030205e+03
9.381893153134114982e+02,1.275078297674829400e+03
8.548350653138031703e+02,1.515138537674427880e+03
7.292479953134246671e+02,1.455123477675120512e+03
1.396081995313449852e+03,1.335093357674926438e+03
1.202250520560062569e+03,1.278950436587875856e+03
8.702506160312756265e+02,1.310138622341988139e+03
1.077547759722321643e+03,1.399709156008915215e+03
6.458937453138163391e+02,1.335093357674926438e+03
1.104897815314207492e+03,1.395108417675023475e+03
6.458937453138163391e+02,1.395108417675023475e+03
7.439835114103417482e+02,1.340023221439545296e+03
1.062664995313437203e+03,1.575153597674524917e+03
8.548350653138031703e+02,1.335093357674926438e+03
1.023963621230534045e+03,1.500096399965841556e+03
1.235170507047842193e+03,1.228343504842208176e+03
7.714808153141948424e+02,1.305085827674877919e+03
9.424990207557289068e+02,1.291158378803026835e+03
7.872401255735197765e+02,1.369531338646429731e+03
6.881265653145866281e+02,1.305085827674877919e+03
1.188252065313815820e+03,1.275078297674829400e+03
7.331553219245804485e+02,1.407129450393919342e+03
1.229373495314233423e+03,1.275078297674829400e+03
1.023019261337367539e+03,1.378128802081842650e+03
-5.210657546854381508e+02,-1.952906723251788890e+02
9.100917108625080800e+02,1.279033378887142817e+03
8.959564953142206605e+02,1.275078297674829400e+03
1.370545636008436986e+03,1.279819778191167870e+03
9.381893153134114982e+02,1.575153597674524917e+03
1.438314815314220141e+03,1.455123477675120512e+03
9.381893153134114982e+02,1.275078297674829400e+03
8.959564953142206605e+02,1.275078297674829400e+03
1.135311680995016786e+03,1.222219379783743989e+03
1.562790495314245845e+03,1.455123477675120512e+03
1.620123039966059650e+03,1.489549702015359799e+03
7.714808153141948424e+02,1.335093357674926438e+03
1.452874413842639342e+03,1.699706420828565797e+03
9.793107453138289884e+02,1.695183717674718991e+03
9.836404105806789175e+02,1.709334503991866086e+03
1.521669065313828469e+03,1.665176187674670473e+03
1.025894417999760208e+03,1.620389599430666294e+03
8.172754953585799740e+02,1.646917160390901245e+03
1.025185197194699185e+03,1.738253241381788484e+03
1.062664995313437203e+03,1.755198777674816029e+03
1.021543565314599164e+03,1.725191247674767510e+03
1.521669065313828469e+03,1.665176187674670473e+03
1.021543565314599164e+03,1.365100887674974956e+03
1.192040882986118504e+03,1.260892796143789383e+03
6.931643055098495552e+02,1.317057271940330111e+03
9.381893153134114982e+02,1.275078297674829400e+03
1.110435094548020516e+03,1.348379926879677441e+03
8.126022453146123325e+02,1.305085827674877919e+03
1.134845555374141441e+03,1.284068315369075435e+03
8.693669719803791622e+02,1.369262525863533710e+03
1.354960565314611813e+03,1.335093357674926438e+03
1.411069720430005418e+03,1.338557078002465005e+03
1.203621871752882271e+03,1.369424489082188302e+03
1.233519468982714216e+03,1.377980218131488300e+03
1.277483229406655028e+03,1.529131280034061092e+03
9.381893153134114982e+02,1.695183717674718991e+03
1.236256655956382474e+03,1.377170988125668373e+03
1.274996015055025509e+03,1.379840812509800799e+03
1.384004423741421078e+03,1.313273551472761483e+03
1.418331180369817503e+03,1.365080679432102670e+03
