date:2016-08-31, time:0900, wind_speed:1.88, wind_dir:245.0, temp:23.7
-81.453999 19.110122
-152.248348 28.331289
-10.844646 69.979255
-178.144964 24.441788
-111.584565 84.438665
-123.108669 64.227567
-131.473591 43.151364
-81.639709 76.111115
-114.935979 112.031521
-118.979372 13.108924
-160.467100 46.487499
-127.125400 58.490511
-89.560418 79.495782
-65.574870 -272.612105
-173.870489 75.471341
-156.367160 40.330094
-80.793343 101.970444
-47.349436 74.957092
-48.892745 -278.520711
-48.023108 64.343485
-64.642435 91.282754
77.045552 145.245674
-51.223088 0.368081
-118.067373 21.126197
-102.231643 16.245874
13.694792 117.550095
-57.305797 6.350399
-148.071943 19.244886
-73.188925 -4.995540
-56.525652 127.004281
-84.677100 87.204345
-60.747597 82.016352
-81.224993 145.512348
72.924800 169.518372
35.267650 -286.934376
-127.184172 49.327454
1.893872 -296.184419
97.931075 103.501806
55.294973 105.591450
-77.245481 64.254757
-73.997773 -197.673153
-60.584230 142.284710
-164.579243 52.489005
-173.828180 75.586432
-56.218718 100.501053
-106.368442 67.287505
-82.303456 -107.632610
-97.974201 25.329072
-85.506735 58.309702
-6.344270 112.284909
-123.091435 13.119211
-90.020666 33.842410
-152.131675 73.494276
-73.081846 55.147339
-156.448644 46.176197
-114.824535 37.185661
-64.842718 -191.003654
-73.022705 -256.778375
-22.982798 -274.801052
64.319842 -203.102464
68.695405 -229.750271
-89.717003 -1.847553
-14.636651 -286.887758
-6.312738 127.307502
-23.102356 136.185576
-72.889568 -172.567470
-72.889568 -31.532079
-48.968094 -278.723556
35.272540 145.117047
-102.449524 57.942751
-48.188802 97.015373
-82.289524 -101.640570
-127.203235 58.355017
-22.877018 -283.595331
-110.501464 139.291736
-152.505691 78.762179
64.482178 -256.942984
31.855060 150.247391
52.141807 -55.538103
-97.895843 46.487499
-102.171178 64.258106
52.141807 139.510842
-135.763259 15.849292
-68.886669 25.270185
-114.754728 31.156824
-110.454550 64.492017
-153.158382 60.384121
-123.221008 54.928277
-123.067950 49.227899
-106.265060 151.317980
10.260673 130.146416
-122.996045 70.317265
-39.547868 106.502559
-178.106896 24.521873
-185.473375 28.482981
-89.657803 16.334094
-47.995872 31.269826
-64.846458 28.026680
-102.251916 43.256522
-106.342953 58.285300
-124.028368 57.462778
-77.236741 -106.707842
14.433821 142.320833
35.191266 142.100773
-135.460825 -37.533585
-73.101295 7.130966
-119.105738 -41.042477
68.812657 169.518372
6.241400 130.508583
-48.980469 81.390284
-64.743551 -106.905101
-77.112850 76.495029
-64.554143 148.513101
-73.103137 144.953665
-156.243818 61.491264
-81.456405 -25.795759
-39.873819 -263.049576
-123.159889 61.047422
-110.488438 52.304005
-68.777425 31.483734
-60.626553 -166.922581
-118.890635 91.355292
-52.310599 37.106842
85.279488 178.177969
85.483507 181.521384
-114.753904 19.136391
-135.651805 64.187665
-110.555585 43.267315
-103.277870 33.495481
-72.719411 75.121225
-39.677071 145.351848
-177.137950 79.495782
-102.359410 46.072152
64.337927 142.075476
-56.218718 127.507830
-68.919993 127.232022
118.715412 184.280634
85.345134 133.309655
-131.274063 64.342675
-122.950943 -22.758151
42.532548 -62.436626
-60.825045 -170.097150
56.253950 -247.586295
-52.424661 124.040420
-71.991857 99.235184
-106.352831 49.341438
-81.813284 -14.173794
-56.337380 121.201545
-82.161904 -254.581577
-14.665707 -286.808333
-93.861951 -19.801494
-22.877018 -283.595331
-102.185017 25.338978
39.428285 133.123221
-164.579243 85.497288
-89.610609 61.267863
-81.320891 58.353693
-47.883293 40.485993
-89.692365 10.256466
-81.273142 73.354442
-27.100300 103.501806
-73.168755 73.098828
-69.915811 -98.522296
-73.258742 21.985238
60.433483 169.362526
-98.245263 73.116691
-98.093158 73.147068
-64.554143 88.498041
-64.766913 84.981638
-39.632255 139.376526
-43.874783 142.313653
-102.280916 76.128074
-102.172044 76.291277
-47.989448 106.262822
-48.223372 28.018285
-52.307250 31.203467
60.366122 163.087021
-23.000977 139.342309
77.006355 103.362160
-64.256363 -6.036791
27.095845 -283.772048
43.806382 112.504065
85.413423 163.327127
43.696886 160.370125
-56.413730 157.220888
-22.877018 103.501806
-89.699998 70.235527
-93.783700 -1.524549
-85.743812 -20.138914
-43.860499 -205.738937
-35.541180 142.074727
-47.324462 141.240568
-164.579243 52.489005
-160.516100 49.324460
1.952955 124.231794
-72.998505 73.174733
-81.570730 81.920524
-160.543533 31.342342
-56.438061 19.135899
-64.663141 25.271360
-64.700756 22.192107
-122.938465 49.251752
-49.108602 87.543055
-43.962320 91.234324
-106.314829 85.258559
-110.454550 76.495029
-102.232404 76.191104
-114.025720 74.986390
-119.856531 0.436807
-127.218652 -1.820369
-122.548700 -3.097303
-139.681048 100.271245
-114.792132 88.020241
-44.349094 -272.188375
-73.083373 57.934797
35.249978 157.044986
-160.805776 75.930961
-31.267185 64.317928
-89.707988 22.140759
-72.946556 -13.735285
-106.231268 -16.528314
-81.760020 -254.213780
-47.927539 -256.785306
76.981946 193.100459
-59.759519 171.259411
2.511951 165.247067
85.397011 157.338653
14.576825 151.513854
-64.724540 145.189950
-10.565766 133.271775
-27.419256 109.085567
-81.327058 73.317338
-86.456911 -20.721964
68.756110 -229.763747
-19.561171 -284.458675
-143.964747 -19.886747
-140.674207 -20.625520
-97.988209 166.375073
31.129307 163.185987
-23.184978 142.066481
39.343039 142.205933
-81.224993 133.509336
-110.594638 103.276148
-135.630976 91.188224
-65.730776 63.593401
-48.046488 37.130729
43.118171 -167.370441
-48.049650 -274.905641
-27.301413 -277.861093
81.169240 211.377337
118.612482 205.216038
35.347780 154.301052
-81.376494 136.192741
-89.632994 136.275141
-89.560418 130.508583
-31.382864 124.157070
-2.140431 118.297787
-3.242878 75.536551
-114.566693 67.492770
64.466353 -172.776462
81.222197 -211.737939
-120.085120 9.551989
-60.508866 130.286848
-48.094173 124.238279
22.822283 166.314178
-22.877018 148.513101
-135.460825 100.501053
-52.224724 94.290382
-122.902118 76.495029
-81.617704 33.983588
-52.303332 34.099304
-97.895843 28.482981
-56.455935 -5.123087
-140.554434 -20.405618
-56.414897 -70.823886
-68.355283 -78.131676
-69.991770 -176.551574
-102.119125 76.495029
-97.895843 79.495782
-64.632557 25.334276
-81.481269 55.154668
-85.485140 52.266829
-106.286351 -10.678712
-127.365777 54.942205
-118.839521 64.344525
-39.789112 102.918474
-52.174856 91.295676
-44.348199 87.866596
-19.820051 -284.722310
-69.615173 84.643696
-68.777425 82.496535
-106.879460 99.699715
-152.773549 78.638165
-61.433546 54.577176
-69.728405 -8.429073
-32.218105 -149.708770
67.649268 -182.470627
-73.575793 -248.337416
-36.444077 -254.587605
9.461514 -281.508894
-89.622333 22.295912
-89.560418 22.481475
-90.466659 21.625488
-22.989078 142.168936
-23.537878 141.724328
-27.989157 141.607632
-19.123489 141.943211
-90.103526 -5.182013
-94.628155 -2.273006
-90.305153 -2.342948
85.286933 166.108258
85.425243 163.378669
81.697055 162.110380
-10.476341 49.261305
-23.407568 137.793534
-23.389990 139.363742
-22.999721 136.280282
