date:2016-05-07, time:2000, wind_speed:1.49, wind_dir:132.0, temp:9.4
7.279351173946366771e+02 -2.562377282202617153e+03
1.391334018642956380e+03 2.360281625146794795e+03
1.212890156900458351e+03 2.414898213484311782e+03
1.353287339808705383e+03 2.357698021593800149e+03
1.304774149378262791e+03 2.451710634672263950e+03
1.268321559694422831e+03 2.388636409622487008e+03
1.349550950125888448e+03 2.420037061889664074e+03
1.338219043984636755e+03 2.440549587138677452e+03
1.252066307275395502e+03 2.323928865904726536e+03
1.263843887927831702e+03 2.331271030285278812e+03
1.351889341243958825e+03 2.357514557051864358e+03
1.431316098447643526e+03 2.361970063102840868e+03
1.381089731132481575e+03 2.387185319865984638e+03
1.185158490870365995e+03 2.268237066491865335e+03
1.215294371645800993e+03 2.378387597099344930e+03
1.431649562869271222e+03 2.300489651949886593e+03
1.309818237860580439e+03 2.177565544196822884e+03
8.932828935438798226e+02 2.058813319975217382e+03
1.289610552296232754e+03 2.329547644647160269e+03
1.214538037861991825e+03 2.292120100213562637e+03
1.260610509767270287e+03 2.206650055394128231e+03
1.219655306974012092e+03 2.216546986802147785e+03
1.227908510674710215e+03 2.237711999917006779e+03
1.181458920675992658e+03 2.211595246513533311e+03
1.229576879684477944e+03 2.175787652324432656e+03
