date:2016-08-05, time:1000, wind_speed:2.79, wind_dir:201.0, temp:26.4
55.579617 105.507082
43.806382 115.504818
42.430456 115.102327
-65.598490 -11.093049
-10.758778 88.368093
-61.812393 -23.049059
-32.272815 -143.119959
0.664791 120.804832
54.855577 108.861349
46.865233 109.071992
-95.246938 -173.213076
68.812657 106.502559
55.347160 109.223416
47.918525 112.504065
43.559396 115.421860
-27.100300 115.504818
-52.106575 -13.527561
47.918525 109.503312
52.141807 109.503312
80.429577 105.483405
-53.530034 -11.031723
-111.000138 -250.759638
105.533233 106.194411
42.743445 112.062389
67.216679 102.983508
42.809731 112.188216
76.155489 109.154999
9.409105 121.210473
-22.877018 124.507077
34.553434 118.316222
26.495848 121.235616
55.417424 109.158252
-28.172559 -136.892772
-19.598438 -131.403839
35.470957 118.505571
-94.903725 114.972103
129.963159 117.923930
-103.083119 49.205591
47.918525 112.504065
85.483507 109.503312
46.625656 109.014899
-2.094025 82.496535
-172.914668 22.481475
-119.616539 4.164596
-119.077694 97.394778
-115.503149 85.130746
-103.175408 70.134972
71.800988 102.586234
-115.451337 49.086432
-118.789975 43.486746
-111.145364 16.279039
-99.196130 1.065502
46.631421 108.752079
71.753709 108.481189
10.464682 121.506324
18.036810 124.069189
10.464682 157.515360
-107.415960 27.726633
-114.566693 43.486746
-107.064983 13.217576
-60.442000 -13.527561
-95.447648 67.029809
89.162062 109.315214
-165.609659 42.976045
-119.034743 1.314887
-94.710218 40.140611
-106.231268 19.480722
-160.467100 10.478463
-99.284964 -23.040280
-111.834201 51.955056
-98.885962 1.026227
-94.306223 97.322317
-106.231268 82.496535
-52.106575 124.507077
-107.688616 87.897874
-85.448275 73.494276
55.958520 106.412802
55.668610 106.309578
43.556799 112.342391
-123.902170 84.731858
39.583100 -61.539609
-102.119125 85.497288
42.697146 112.083163
-107.830549 54.873604
-86.616538 19.186900
-102.926808 -1.928607
59.153248 106.011641
-95.324389 33.869386
-106.231268 16.479969
-110.768592 73.435343
-123.864009 75.367168
-111.979287 18.876656
-107.665416 57.999759
-98.234959 -142.706652
-89.560418 -10.526808
59.909354 106.268281
55.173603 106.069236
-140.266493 82.130447
-106.231268 28.482981
-98.416294 112.320632
-119.744941 40.080792
-107.136552 -11.399656
-119.584140 70.272633
79.793122 105.912510
60.477232 106.502559
-97.895843 43.486746
-6.206168 58.490511
-2.094025 85.497288
71.763684 103.005935
-106.231268 22.481475
1.893731 115.413900
1.442303 118.350413
21.907849 120.571051
13.405931 142.101506
18.192786 130.306451
-94.891291 -146.120930
-103.531128 -124.952936
51.002743 109.065609
-186.846705 27.975962
-123.406627 52.286618
-93.783700 40.485993
-106.480918 85.415973
-185.766514 28.382951
80.362874 105.548967
-114.566693 55.489758
-69.107646 136.410039
-107.533230 111.868274
10.162486 121.355356
-93.783700 100.501053
-77.886324 4.228647
22.044405 -67.954307
10.464682 121.506324
22.668598 121.359739
-94.480048 13.297758
-119.088762 -10.583841
-111.319722 -1.859486
-106.231268 -4.525302
-97.895843 97.500300
-177.137950 61.491264
-64.554143 -19.529067
59.523890 105.438472
-98.943681 4.127358
-44.782806 121.168135
-111.524009 70.021511
-6.206168 55.489758
-115.660198 -7.952931
-53.216407 -17.055367
-81.889843 142.199007
-119.473946 115.266643
-111.483507 108.975275
-97.895843 73.494276
-86.093491 37.277536
-94.018944 16.364510
-81.224993 130.508583
-86.674630 15.497856
5.190312 118.123182
-115.893236 -4.954653
-6.206168 139.510842
-107.285923 138.789853
-131.907647 124.206824
-107.133266 72.368054
-119.923649 46.151798
-115.966458 48.992712
-118.789975 85.497288
-127.385526 91.362311
-128.285001 121.130103
-132.261283 121.179660
-127.437365 130.414983
-99.236271 75.951779
-90.716986 70.012231
-144.936545 85.016748
-143.796250 91.498794
-120.030460 129.878150
-127.125400 130.508583
-94.395454 37.391760
54.981174 109.197377
-22.877018 139.510842
-12.070475 135.938174
135.496057 118.505571
134.921169 121.344670
-111.711523 69.601100
-86.221277 54.733102
26.185322 -65.529308
88.877761 -214.688538
-82.071537 157.195436
-102.853093 142.297198
-102.830454 93.554217
-87.022997 93.874816
-85.448275 49.488252
-111.659916 -250.971789
-110.796101 -253.665450
-74.046837 178.111970
-19.400877 166.231355
-95.021937 100.011664
-168.802525 85.497288
-106.724912 88.303947
-102.119125 58.490511
-82.685069 55.155700
-81.224993 169.518372
-107.038096 121.178393
-152.131675 109.503312
-106.697607 67.278747
-139.572968 61.491264
-102.589728 48.604284
-102.794326 43.288743
-106.525981 52.430525
22.056812 184.155440
-82.302175 163.118246
-119.838840 147.684256
-107.516289 126.906708
-99.021431 106.040883
76.854090 106.382691
71.645732 103.153188
68.812657 103.501806
76.182271 106.158295
67.789957 -260.604397
67.648295 -260.006384
-90.688643 70.013974
-123.880787 91.209488
-116.130283 51.934796
-90.808779 169.064305
-94.256782 157.310085
-103.476023 120.982611
34.416486 117.963306
110.253978 109.412935
27.135532 -67.541115
-27.100300 172.519125
-177.137950 88.498041
-2.094025 85.497288
-127.125400 64.492017
-93.783700 49.488252
-68.777425 178.520631
-153.049980 130.026591
-87.032705 135.998479
-111.258164 64.060946
-161.390444 55.124519
-110.741641 52.337053
-86.027642 34.165581
-111.400616 27.593361
-95.112822 148.026054
-78.375107 132.648064
-93.783700 127.507830
-98.222257 118.347767
-148.230506 109.410753
-107.105982 93.605654
-103.287297 88.129683
-94.731523 153.661109
-94.945360 115.073420
-173.700729 88.112448
-107.575626 60.862432
-107.803173 57.956051
47.653696 193.462839
-81.524479 154.379997
-97.895843 139.510842
-97.895843 103.501806
46.975352 112.279831
72.050817 103.220864
-81.224993 85.497288
-120.077500 72.709288
-107.085963 37.139599
46.795246 -49.962361
-85.448275 175.519878
-107.332496 145.104750
71.587635 108.905573
-111.643603 79.039548
-98.232412 73.399244
-107.208160 69.355891
-110.454550 55.489758
-3.156437 58.034290
-94.028593 37.378282
89.595650 106.502559
89.595650 106.502559
84.670543 106.250522
88.596486 106.105560
-90.709267 136.067794
-82.227688 129.475879
-119.753534 151.277108
-119.880322 135.528356
-86.479187 94.081937
-107.753860 18.990511
-77.112850 166.517619
-82.048430 159.563095
-132.110857 136.291569
-77.112850 121.506324
-107.266252 91.109735
-119.363869 91.295574
-94.740098 76.220584
-85.448275 40.485993
71.897241 103.016757
72.687588 103.356262
68.812657 106.502559
-102.119125 154.514607
-107.057975 109.172723
-93.783700 85.497288
-94.060052 49.329204
55.785152 109.403517
-115.140695 25.333483
-98.807632 133.133077
-2.094025 85.497288
-135.460825 109.503312
-90.642171 10.045403
-97.895843 13.479216
-86.429459 157.223795
-89.560418 136.510089
21.417628 123.782630
-89.560418 91.498794
72.424952 103.299534
76.561796 106.306221
72.011274 103.285280
-115.483295 19.154213
-114.566693 22.481475
-114.848722 -7.612767
-98.981710 39.993318
-99.221042 39.673632
-118.789975 16.479969
43.275918 115.334784
-94.124570 19.342575
-86.547729 156.669854
-140.076723 142.316404
-89.846470 142.348676
-86.511057 139.132132
-132.677613 66.974965
-115.164986 55.265565
-82.070496 91.197017
-82.009262 94.099212
-86.471850 90.531943
72.349237 103.266037
72.393852 103.371064
-81.674667 181.278158
150.706742 174.976357
-78.469554 84.926616
-86.342409 76.241623
-128.039585 64.242098
-123.717817 -5.567002
-119.773586 82.108598
-124.265146 84.895033
-86.451029 162.491249
-178.491443 81.740300
-106.231268 76.495029
-95.131401 75.682837
-114.566693 10.478463
55.564981 109.206107
-85.740963 148.369085
-81.224993 151.513854
-94.664876 142.025127
-94.624593 130.114044
56.253950 112.504065
-116.071480 63.812145
-111.013375 25.366011
47.918525 -49.536597
-107.362206 72.681422
-106.231268 73.494276
-110.693401 79.408478
-127.928829 70.220271
-123.729569 70.189466
-131.237543 73.494276
-70.176606 178.006639
-90.761634 126.905295
-102.119125 31.483734
29.769742 174.986718
26.893731 175.462699
27.135532 175.519878
22.348940 178.201825
42.404037 196.090127
-120.102360 159.850255
-114.566693 94.499547
-89.560418 58.490511
47.444520 115.338328
-82.387017 87.544203
-119.400295 76.303888
-89.834561 79.403881
-136.418284 63.604668
-102.733420 58.274506
-107.202942 96.408488
-106.682304 97.297262
-107.658477 99.798803
25.980821 121.042124
22.912250 124.507077
-86.196369 178.366624
17.887963 123.652639
-94.642921 118.193297
-157.231954 64.202215
-99.030406 64.161655
-98.904133 63.459821
-106.530507 64.390317
-106.231268 70.493523
-124.231748 153.945882
-98.190618 115.373666
-173.205773 100.443263
-111.869899 -248.124857
18.800107 124.507077
13.202686 120.688085
113.521135 106.083185
-78.020679 94.238257
-77.112850 88.498041
-74.001479 91.027101
-103.272642 70.091469
30.370451 124.238833
30.223668 121.168738
-95.458730 96.973852
-94.715085 100.314670
92.658354 106.014590
97.135639 103.195069
-106.465501 73.347284
-115.558587 69.468864
-115.787640 97.118966
-119.784644 97.091909
-118.789975 94.499547
64.589375 -262.590060
71.885810 103.036933
68.812657 103.501806
72.049609 103.119661
68.812657 106.502559
-57.221086 -16.937113
-53.292442 -16.957338
-61.962165 -16.985590
-72.889568 112.504065
-81.224993 109.503312
-81.887808 109.288055
-72.889568 112.504065
43.018780 112.142403
42.700923 115.007497
42.815217 115.144773
43.806382 115.504818
-110.454550 118.505571
67.797151 -262.887583
22.112306 124.089132
18.800107 124.507077
-132.546572 69.868968
13.590348 118.056057
9.172275 121.128156
-106.767670 46.256675
-102.371738 46.372077
-86.847540 40.007418
27.135532 121.506324
34.318094 118.093528
-94.125880 67.412604
-94.244759 67.242205
55.720995 106.380919
59.314639 106.035851
-122.902118 22.481475
-114.566693 22.481475
-90.675833 72.621999
-89.973651 76.305652
-86.041375 73.217249
-111.699065 58.012700
72.064799 106.188328
-78.640482 51.940195
-103.335415 72.959247
22.363950 175.382593
21.876690 175.045196
-164.579243 88.498041
-90.853751 75.916188
-86.785207 76.155177
-86.831952 73.057114
-144.089688 109.368039
-122.902118 22.481475
-111.457914 19.129488
-15.510396 163.100487
55.500805 106.155346
54.875985 111.869232
-132.522417 90.972454
-128.400748 90.860049
-131.237543 70.493523
-139.823934 67.354100
-32.226334 153.936365
71.893628 154.178191
-3.348825 144.984005
-90.611270 90.506072
-141.120671 81.822774
-136.486732 82.036037
-106.938321 66.642764
-90.722629 60.945008
-81.224993 52.489005
26.584767 -265.829264
-107.566601 57.977911
-114.805509 58.336501
-111.811568 60.972369
-106.231268 55.489758
-56.218718 175.519878
31.247675 166.517619
-60.442000 166.517619
75.674999 154.018012
-44.726090 126.491500
-60.442000 106.502559
-49.217598 94.007539
-132.316697 90.581176
-132.281566 72.518082
-136.372350 64.153357
-86.326452 61.195938
-65.831069 -215.051427
-64.893878 -4.628091
-70.382482 -8.033646
-68.777425 -7.526055
-111.238573 -4.816962
-110.981509 -4.690210
-111.593892 -4.941460
59.727289 172.234671
-74.265408 169.135017
-19.705700 139.187196
-90.396834 94.230587
-128.186530 91.014298
-118.789975 55.489758
14.576825 -277.593825
-114.891204 19.376761
-116.037652 21.995587
-111.305581 28.178223
-73.871330 168.356316
-61.518583 169.155919
55.913333 154.440052
-45.058991 138.879366
-93.783700 94.499547
-68.777425 76.495029
-86.212432 67.241090
-106.738559 61.324678
-107.516177 54.999412
56.253950 106.502559
51.096163 108.536987
-61.550775 151.017355
-28.467486 144.667399
-60.442000 -229.581777
-23.828968 -278.548072
0.980835 -277.999331
-64.554143 181.521384
-72.889568 160.516113
-20.103888 160.007764
39.583100 160.516113
76.882529 154.405246
-6.206168 154.514607
-56.495505 148.375614
-61.772588 144.981026
-53.275849 93.521648
-103.275254 67.131996
-103.248816 64.108160
-119.788700 61.130725
-97.895843 61.491264
-173.500608 22.315463
-56.218718 -214.578012
27.135532 -265.590813
-68.777425 181.521384
46.595931 151.134674
-57.135153 102.342994
-89.560418 85.497288
-139.572968 70.493523
-106.231268 67.492770
-86.147166 1.164659
-7.518196 -278.066398
5.216763 -277.994949
-64.554143 181.521384
59.125130 174.997941
38.320674 172.070141
-40.580993 162.699776
-36.836036 136.100767
-44.780227 129.437395
-139.572968 85.497288
-97.895843 85.497288
-73.410765 70.419889
-148.808189 63.446230
-99.341968 60.805545
-93.783700 55.489758
47.918525 -52.537350
21.591213 -272.074598
92.910355 106.218088
-95.246053 99.924516
-64.554143 70.493523
-132.323209 61.085766
-81.224993 61.491264
47.918525 -163.565211
-65.609195 -247.894347
5.478482 -272.457732
-2.751016 88.235414
-7.263352 85.099846
-7.306615 85.037036
-97.895843 10.478463
-95.147970 9.759515
-97.895843 16.479969
-89.560418 10.478463
-106.231268 67.492770
-110.454550 70.493523
-107.173577 67.019960
51.052884 112.158740
51.147785 115.060787
-93.783700 94.499547
-90.520682 90.579488
-89.560418 91.498794
-36.598619 165.574847
-27.926990 151.093565
1.070627 148.143108
-27.100300 130.508583
-139.572968 61.491264
-7.125312 -274.913825
54.894557 109.108022
60.477232 109.503312
55.207709 109.259833
80.203934 169.258528
-52.106575 148.513101
-49.024223 147.435340
-15.653871 142.108913
80.555933 112.226600
-128.490670 87.849806
-140.421280 79.151683
-132.493029 54.786959
22.912250 -64.540362
25.743666 -62.099870
-119.868038 61.158594
-120.043062 60.957613
-120.298074 60.777257
-115.587284 58.103371
59.131130 174.648357
-65.666851 148.037734
-44.334222 -253.869953
-6.206168 -277.593825
80.169392 172.041708
43.806382 157.515360
64.589375 154.514607
-48.795985 148.009623
-127.797623 88.247387
-65.304405 -223.836248
-73.996752 -238.991921
-69.783672 -242.676460
-86.363546 18.561839
-85.448275 19.480722
-86.560306 18.468378
4.922195 150.617478
-6.206168 139.510842
-128.180011 91.098012
-73.885456 91.095260
-173.606712 76.261592
-118.789975 76.495029
-73.814610 76.150036
-82.238509 67.148362
25.873973 -269.112147
-65.588335 183.581498
71.914829 154.160266
-34.605940 144.858056
-118.789975 103.501806
-74.231845 99.912135
-77.428643 94.380175
-124.126952 91.103402
-111.320951 88.172505
-95.033311 70.147767
-90.437049 61.188158
-77.423007 55.391102
-116.022004 51.823626
-65.760752 -242.499830
9.588669 -278.486526
-86.584685 178.146035
-65.672528 151.190992
-24.001256 145.081620
-19.619336 135.554644
92.681755 108.993439
-73.915471 97.167862
-48.727286 94.031785
-114.566693 58.490511
-81.549912 48.563561
109.630597 109.220415
106.266500 109.503312
42.492748 112.011734
42.931074 112.282420
-107.644664 19.085962
-107.568660 16.026953
-106.231268 16.479969
-103.178029 48.669662
-102.674763 49.222296
-102.119125 49.488252
-98.508956 9.526885
-93.783700 10.478463
-86.769974 12.884572
-56.218718 184.522137
-31.212443 163.516866
-31.212443 160.516113
54.721341 153.982530
-52.106575 142.511595
-56.468988 106.361375
-98.486419 82.390387
-114.566693 55.489758
-89.560418 70.493523
-85.448275 40.485993
-69.104712 172.449864
-61.534584 163.069627
47.192217 163.292193
-99.026737 103.060789
-94.295600 82.336252
-106.231268 67.492770
-106.231268 67.492770
-107.291479 67.158639
-3.002089 58.243026
-3.155573 58.061842
-2.834834 58.283203
-94.477835 70.287617
-94.342481 70.289407
-94.636764 67.226758
-107.047947 103.189711
-115.774843 108.600891
-141.276478 84.992474
-140.864249 87.898107
18.018908 166.328769
-93.783700 103.501806
-94.249800 100.289427
-45.204352 136.043401
-43.771150 133.509336
-2.913251 82.189650
-3.531700 81.961913
-6.206168 85.497288
-94.608227 67.224059
-102.119125 70.493523
-94.881648 70.126951
-73.522394 175.324866
-77.904304 178.125680
-73.455443 178.377619
-86.185134 64.193583
-95.280282 61.040729
-82.032820 19.039381
-93.783700 16.479969
-90.679307 19.245458
26.632858 169.401646
-31.777049 133.294419
-120.212476 90.981500
-102.813873 88.304532
-144.820314 85.038459
-98.893105 82.181942
-77.941300 -7.747031
93.037585 -208.876069
-61.730269 -245.187797
5.991752 -277.708260
-27.882330 -280.815086
-90.400041 166.218329
-82.050960 166.062482
-90.553864 162.506747
-90.457143 166.288037
-61.003496 166.358813
81.260225 169.518372
-69.080528 163.448546
51.562886 154.339662
-40.926275 132.987861
-123.822256 82.186150
-111.843830 66.882501
77.148082 163.516866
52.141807 160.516113
-35.928833 145.319753
60.477232 145.512348
-18.764875 145.512348
1.568394 145.427799
-35.674544 139.438616
-52.568538 130.316054
-102.413621 55.332693
-77.112850 46.487499
-44.315845 -265.696972
25.791654 -269.057860
9.720194 -271.901047
60.027524 166.344306
55.392592 160.246030
-2.094025 136.510089
-31.763700 130.365789
-102.119125 94.499547
-136.634669 78.447773
21.981754 168.755028
21.829804 168.498674
27.135532 172.519125
59.876675 166.207730
-57.759292 163.050513
26.885044 160.405555
68.812657 157.515360
-15.032299 148.286962
-27.100300 127.507830
-118.789975 97.500300
-97.895843 70.493523
-136.633938 63.517493
22.571407 -271.723774
26.866036 160.429157
-89.560418 55.489758
-64.832807 -253.751822
-6.477627 -280.711200
-65.807447 177.992723
-56.550469 169.421109
35.165394 154.354098
-56.218718 151.513854
-89.560418 91.498794
-119.651524 84.450633
-89.560418 85.497288
-156.243818 64.492017
-156.243818 58.490511
-107.262709 19.163110
-111.108882 16.250947
-107.119186 22.185288
-106.532079 19.361572
-102.119125 67.492770
-102.119125 64.492017
-95.154867 69.806936
-82.418708 177.639311
-77.112850 100.501053
-115.999009 97.033364
-107.382335 96.497897
-81.482629 97.371139
-145.318778 67.087877
-77.386613 52.340324
-10.429450 -280.594578
-2.358900 -283.725885
-93.783700 127.507830
-98.132254 130.443282
-94.893790 127.180414
-111.473081 82.099842
-119.110828 79.334773
109.409476 108.980224
109.667407 109.273285
-86.515903 121.153873
-85.448275 121.506324
-77.564990 118.305315
14.576825 169.518372
17.826129 168.449034
22.605684 172.391133
-69.594489 172.149732
-72.889568 172.519125
-106.231268 13.479216
-115.756160 85.017336
-98.362157 52.266755
-111.022405 16.262427
-85.448275 175.519878
72.043699 103.147856
-111.725071 102.986131
-128.009214 61.120975
-114.826352 43.379519
-131.884114 67.252668
-111.319134 109.177973
42.818812 112.117634
68.812657 151.513854
71.871898 153.745643
-94.992243 70.170049
-94.486972 67.257012
-98.758131 63.698063
-44.604209 148.229994
59.173165 147.806497
-15.673325 130.172439
-78.016314 100.227545
-127.796369 94.264934
-90.990938 75.943965
-28.084726 -277.826008
-69.538298 76.177699
-65.081828 79.352931
-65.101171 76.263472
-65.903136 73.110811
-111.244406 16.179239
-107.060134 16.253281
-110.454550 16.479969
-107.286840 16.090509
-98.977380 69.575884
-95.193523 66.681507
-103.524960 70.006880
-115.126590 100.305029
-114.825444 103.419404
-65.098462 -7.739383
-127.993338 70.222013
-89.824293 91.428626
-89.560418 88.498041
-82.490509 66.962031
-85.989923 70.303704
-165.764565 84.950316
0.542204 135.960312
-105.870270 100.471513
-98.348447 133.290644
-82.511467 106.653918
-80.340005 109.989008
-85.961105 106.305749
77.613789 164.278930
76.257511 163.902468
74.033285 159.983759
2.129257 121.506324
-0.287143 121.918751
-111.583803 53.712702
-112.625298 55.257130
20.803923 -62.573974
-140.529466 90.649421
-140.863231 88.289084
