date:2016-09-19, time:1600, wind_speed:0.54, wind_dir:158.0, temp:20.4
-97.512809 -34.536081
-94.154564 -73.737636
-143.911853 30.902216
2.180300 129.813091
-101.884687 67.259851
-60.561728 127.279621
-93.830359 130.114314
-98.154401 33.909165
-60.283456 82.154568
-122.756469 106.249443
-110.602619 0.966861
51.556996 141.774022
-114.704419 7.123233
-101.966575 121.103262
35.295840 141.780717
-164.097056 85.420304
-172.663532 67.223947
-98.705429 81.712621
-106.342971 102.943525
-90.647994 -17.200339
-15.184325 -287.175780
-14.439950 -286.992596
-89.641351 82.150853
-97.985819 66.873198
110.325411 105.938592
110.249929 105.990289
-89.235041 136.422512
106.434986 190.205446
-127.281893 147.697691
-94.072623 121.058741
-43.688025 82.146525
43.650014 135.901079
-26.985632 156.933953
-35.118999 139.347921
-52.302867 91.081050
-64.905025 57.853920
89.365344 192.684261
-81.283659 37.219017
114.308351 169.132250
110.697079 106.372927
-139.093666 52.344738
-93.708020 73.155282
-68.500210 67.064117
139.510006 214.064744
139.099049 213.646731
105.945234 144.816896
102.365207 214.160303
-35.849920 163.069042
-97.847704 139.057401
-56.458417 55.144935
56.006489 204.855612
-27.488781 111.814733
-102.332958 96.999155
-89.404199 49.187336
-110.281723 46.114411
139.354107 208.175558
-110.781688 177.964773
-36.038647 153.929443
-147.704822 142.158452
-35.570853 88.077274
-106.304563 7.024826
93.329664 153.985028
-98.236258 138.980731
-69.403226 87.999282
39.608861 130.015458
119.248588 166.362467
-23.203917 99.968740
-81.612295 48.972103
139.503956 171.955503
-143.344033 121.315472
-60.233012 64.008167
-69.323536 153.782921
94.074416 148.362730
106.049368 147.817127
-131.166865 22.061901
110.042233 148.044938
-14.384298 151.332413
106.565773 145.140310
-85.705547 45.867829
143.794021 223.299618
-110.612546 162.884455
110.850538 145.293116
56.610112 145.361253
-181.796414 81.623717
-94.079765 0.933417
1.802090 148.092868
-68.846458 91.237977
-85.390234 25.026922
-114.318743 -1.652210
-48.172521 58.006010
-47.819691 102.936749
-89.505955 19.100455
-122.552481 37.354449
-56.580233 124.025503
-119.226320 66.964554
-173.291699 76.023492
-176.540951 61.750838
-85.875453 105.895998
-85.250511 106.069996
-47.509415 166.380732
89.732107 148.083601
-18.241297 118.423427
27.402799 121.268004
-135.632965 76.182578
-89.267129 19.263591
-97.570193 10.150720
118.951451 177.952649
-97.569220 22.144096
-110.367708 -4.798699
136.002934 112.167056
43.973827 112.207255
114.228602 210.993473
139.151763 180.929350
-106.476989 132.939954
-31.245078 88.331438
-85.257552 31.162646
-5.803608 133.282579
135.996201 127.520301
-94.251287 111.847534
-39.461470 109.138140
-156.563694 64.114079
-156.269940 57.990019
-139.631842 78.949166
-148.831722 81.991062
135.085671 111.823173
-69.057896 63.961750
-68.931078 61.035147
-47.776492 49.181783
-64.413635 40.303575
-56.471625 84.990795
-52.261450 84.876517
-56.379894 91.040713
-110.143884 46.116723
106.237808 211.195591
-39.406325 169.322161
123.060785 145.182677
-106.315369 90.942447
-94.485325 75.930393
-139.600608 54.700527
-26.556696 163.260507
-31.944750 168.877374
-23.645680 165.715044
93.857947 198.869133
-52.307136 162.950332
-81.523488 97.150750
43.464884 111.946044
-55.657301 163.237689
94.180858 160.313804
6.513607 148.017135
10.480801 120.968246
-64.605320 58.260484
-39.314977 58.076825
-39.825603 58.004658
-60.070646 166.435085
-47.592077 166.328882
-60.265203 172.426963
118.105424 159.964936
-181.581671 85.112697
-26.927160 79.290051
102.168781 193.065993
89.461991 151.276973
-85.697623 138.971517
-55.739493 139.724021
-10.627715 133.140501
44.026134 115.302671
43.555346 112.138758
-151.990782 67.144511
-97.875612 16.076394
105.579541 219.828964
-76.877055 178.097274
5.875772 138.942380
88.733787 198.997155
148.114156 187.263441
-26.753801 163.358354
-148.146187 130.048938
-131.776027 139.078056
-110.806658 48.987327
-139.849922 33.662311
97.605692 205.011692
101.854496 192.639513
22.942711 141.861482
-93.719258 97.062918
123.427502 145.273170
-48.288293 42.753775
-85.611878 27.729818
-27.821241 147.909844
-118.345071 40.323717
-77.104784 33.855384
-114.123338 157.338035
-114.386164 157.198914
131.434203 214.261958
143.312632 213.916084
-1.827732 135.892843
27.002191 133.067994
18.597147 120.985138
-85.658645 93.917457
89.608397 193.337753
98.277962 190.356588
-81.061893 100.132591
-102.199089 -1.763932
11.018643 127.278940
-123.068794 72.978461
-127.126456 34.285646
118.776012 199.245491
117.999917 192.849282
-156.470068 118.108955
-185.627143 40.151580
-44.401072 123.722695
-39.629663 129.889994
-81.410410 30.950272
-111.135708 132.864367
-110.715350 132.907291
-55.968914 145.355333
127.246425 208.152801
114.702562 172.030574
-60.380064 127.013482
-130.841527 112.180131
-131.022950 64.147852
110.145796 105.938783
110.558024 105.929272
-10.647468 160.024063
-81.677521 150.848295
-115.137323 138.863398
-139.605908 141.800797
-123.046402 99.868852
-106.784317 96.560133
147.716409 223.472469
98.105004 217.005302
69.265743 148.236323
35.346593 130.121691
44.524675 112.396280
-35.488287 63.948244
-52.393588 -32.019410
-168.426353 70.366019
-144.506450 69.836380
-156.201400 66.949029
89.773029 208.392627
119.413438 163.453320
60.340237 145.369163
-26.962230 91.163599
-114.621840 79.136979
-114.836333 18.947818
-26.844605 139.233465
126.693274 211.057715
52.528618 196.202077
-69.012280 85.039423
-118.862339 75.900745
106.615528 145.503992
118.672029 187.015788
118.972930 184.234925
135.501185 187.496421
-114.522988 94.162304
-94.058605 99.823626
-110.440534 93.955640
-60.450962 132.787393
-56.012793 133.155002
135.136718 111.733300
-139.325449 148.365159
118.337142 192.813183
-23.162026 121.093688
-56.940963 144.819585
39.995161 118.310499
-40.170200 171.738594
22.768847 138.960584
131.206883 232.107127
-10.877181 115.007857
10.446076 135.955528
-18.647995 106.337436
-85.537218 172.168392
-76.871984 172.014576
-26.801258 118.346377
89.922947 148.173228
-2.860719 141.876786
118.872611 217.278498
114.562554 208.021163
-94.037821 61.058423
89.853463 153.936301
131.080266 172.147267
110.908477 169.261508
122.940890 235.086234
-126.758723 148.371328
-139.675301 148.113660
1.841123 138.929565
-126.897868 151.122775
-135.693440 145.071566
115.135199 109.355064
-105.932646 79.494886
-111.054734 75.801317
30.158598 135.701362
40.021079 139.329942
-89.637455 24.839881
-93.422087 19.323964
-177.609931 39.853193
-110.823665 159.936717
-119.444200 157.026068
114.731484 211.209430
111.053553 214.510024
139.673711 187.074759
-93.962634 18.834762
-93.784321 22.157794
-68.548344 60.960757
118.521325 189.968546
110.337663 192.874851
-122.863352 40.095338
-122.710567 40.083385
110.127681 145.020998
-139.209655 55.305916
-114.627683 154.036846
-89.318093 4.240297
-18.468197 118.410876
-22.593178 97.230009
68.289165 156.681814
-48.030307 100.089281
-114.831466 88.161310
-114.152407 91.268882
-131.607716 70.017071
-43.532916 174.984688
-123.094118 129.850990
-93.808073 18.934109
118.713411 220.462169
114.764643 217.262571
123.151385 214.348963
85.458243 150.948766
-135.641443 87.903344
-139.203151 88.409289
-130.672557 88.240962
-56.020243 127.309813
-60.748338 127.136338
-60.544142 127.086505
-39.199738 124.430417
-43.313457 121.326308
-40.122060 120.945314
-6.566216 144.772142
-1.820350 148.172435
-65.121016 84.989706
-68.915329 85.141203
98.074527 190.156843
97.981709 190.097018
-68.673014 43.241567
-77.898395 45.767775
35.203192 135.979250
35.203724 136.007858
39.677538 135.837111
35.863058 136.467532
113.983036 216.893590
114.966468 214.562624
-101.846896 -28.729202
-94.097831 -25.977729
-14.334630 160.471187
-19.436560 159.738641
131.154218 232.303552
126.923041 228.760992
-60.765882 84.931882
-64.124312 87.981209
-52.064825 129.936426
-47.341344 133.518397
64.393345 163.008151
72.768551 163.078933
-39.468693 148.105301
-89.506231 133.268069
22.650876 133.054326
-88.869516 130.380512
135.319199 123.954326
109.868696 105.865793
-35.883826 66.812957
-97.949196 55.026014
152.495217 235.415768
131.242390 157.155804
-114.647456 130.073030
14.722054 130.285408
-27.337400 78.933312
-93.435466 22.052657
-56.931755 54.614723
-43.518386 55.194483
-52.684627 54.931459
-98.325829 186.872334
-93.886847 157.205186
-15.348645 129.752830
-109.869350 127.465945
-76.613557 124.349746
-126.772472 121.498059
-118.354454 31.539854
-98.702941 120.722608
-97.974897 120.970927
-106.642165 121.054457
-102.426617 117.795248
105.749569 231.702159
68.216322 222.743185
-14.121464 154.679345
-80.752210 136.685115
-56.637534 132.649271
-48.699209 126.812399
-123.291235 123.941652
-89.509204 106.165362
-123.249092 99.920819
-80.802348 91.578018
-126.968954 52.218528
-80.975591 28.388609
-94.056806 9.778003
126.668841 198.633307
-35.047393 166.397763
-118.880803 138.952281
-157.137121 135.927013
-44.221121 75.956857
-98.509176 72.787759
126.606085 171.934365
126.720143 171.723416
-93.631136 1.290369
-89.555983 4.231922
109.984628 105.736413
110.780573 106.293599
110.162322 106.193491
97.563446 189.860522
97.647050 193.049510
96.935657 192.476364
-32.195806 90.864192
-23.340185 94.074264
-135.978727 63.829903
-136.064438 60.630666
119.341481 157.627244
-73.270496 177.934142
-72.912209 178.131052
-56.856847 81.773239
-60.977545 84.676189
-122.497540 115.236370
-119.423984 118.009252
-56.648438 81.840183
-89.287035 13.241277
118.256227 168.969081
119.331034 169.424926
118.096255 211.002740
118.582230 214.088277
-69.139707 46.082310
-69.291283 45.547321
93.743328 157.151954
97.100844 159.914409
93.360165 160.017636
114.893069 205.375373
134.641197 123.664372
-52.489784 99.934078
-56.690349 85.238763
110.345256 106.162093
110.549780 106.389266
-48.277544 130.063112
118.027849 213.914402
-5.605189 115.356838
-5.909090 115.184429
114.074335 156.883128
115.217994 157.593811
123.208921 232.304237
119.146335 232.272747
44.269835 130.282169
43.143958 130.020396
110.804120 106.418956
110.240600 105.781510
-72.822516 85.191199
-68.837607 82.004334
122.293696 192.922172
118.102444 195.636177
-47.542452 169.257349
-48.120700 172.242460
-148.085733 106.251329
-39.926907 135.965495
-39.786499 136.176569
43.406984 111.792340
43.418575 112.137371
114.959124 157.314147
118.585092 157.117708
106.388787 145.199569
102.367681 148.106775
156.341667 220.378939
-22.528799 187.008756
-2.066975 181.188876
-47.691299 177.812772
-93.513634 151.267511
-131.109620 148.304928
-43.510426 145.333762
-1.878298 142.183965
39.646233 139.191548
-18.624747 133.092987
-30.996359 118.234912
-31.102681 115.062890
-118.381679 112.219597
-110.175839 109.266684
-68.451687 106.109404
-35.212620 85.248670
152.627195 202.395750
-55.852974 193.443797
-93.414525 190.231820
-22.672570 190.369185
-68.484891 187.189500
2.369832 172.121232
94.325823 157.246199
110.961168 157.299350
48.201554 142.163470
-85.082872 133.192518
148.359764 133.185819
-55.919240 130.494039
-134.928734 112.468381
-76.830694 100.304266
-60.123953 58.279288
-89.252594 40.391682
140.078165 244.569304
127.713066 196.315266
2.526872 184.334307
2.548154 178.349847
-76.550634 175.410915
-72.345434 160.301264
35.749795 154.411532
115.093729 151.454526
-18.252611 148.222555
60.977496 148.433785
-22.367286 145.276645
31.534396 133.381709
-147.548016 76.220513
-68.595010 73.408686
-68.508820 67.382252
-80.858549 7.503485
56.644698 145.700759
54.851605 148.838441
56.371695 144.524555
52.610634 145.467453
56.662211 148.609339
85.972659 208.456934
-55.677649 190.523886
15.238770 163.525850
152.615509 163.399929
-135.019497 154.575656
27.490020 148.480867
111.041490 145.473563
-143.351511 139.517613
-89.158737 130.561653
44.257450 130.422235
-1.759803 115.623086
-109.876504 100.387351
-110.098769 94.606829
-47.241362 49.438711
-101.499050 28.283987
-39.147070 184.474409
-105.751341 175.517161
-139.269987 154.756563
-72.269096 151.664534
-1.461710 145.498508
27.480816 133.731363
-72.222554 127.666287
-68.450576 118.532728
-109.980790 94.632588
-155.901585 73.423779
-68.381885 46.559660
-84.908968 31.409937
-64.048087 22.761558
-64.053068 16.651055
-60.206963 187.500154
-55.969206 192.780121
-54.944257 193.023145
-55.256125 191.213425
-81.041032 178.830623
-93.441031 163.771592
-5.942880 124.617366
-101.993473 112.705430
-93.587343 106.824348
-10.067383 97.759375
-64.249257 91.725140
-60.235754 64.694948
14.759408 163.647312
14.145869 161.088426
14.832728 163.587635
14.051810 162.820470
18.837246 163.488813
-81.058375 175.751632
-35.468346 163.676532
-130.989624 154.736406
35.675669 142.533472
-143.715323 121.617388
-31.166306 109.761411
-110.142102 82.752720
-76.906634 64.754011
-72.721340 64.498073
-101.822586 55.653139
-97.587159 40.797237
-176.775709 60.326355
-177.311804 61.423087
-63.602144 57.788950
-64.137206 59.458843
-64.479050 60.186030
-65.103098 58.928656
110.223144 193.043245
109.310823 192.869230
114.584565 193.527296
109.163183 192.836700
-93.706113 164.136376
-95.233948 162.927196
-93.876641 163.506144
-95.003358 163.772691
108.316355 193.630607
109.951577 193.509482
109.676195 192.412532
114.987450 191.191891
