date:2016-06-15, time:0700, wind_speed:2.62, wind_dir:310.0, temp:15.7
97.931075 133.509336
65.525987 105.507455
107.122968 156.473104
123.338216 136.118194
82.942023 133.298615
82.173198 108.662644
-43.771150 -106.550904
111.090190 144.803496
98.067127 109.232856
81.926481 102.878741
73.359746 103.058430
82.356744 102.379365
65.295933 105.705719
31.388089 121.292492
57.229691 105.423867
56.253950 106.502559
70.474147 103.347422
-22.663683 -112.769931
90.330112 123.791131
43.946103 -286.794697
48.123864 115.288670
52.313361 109.275128
-34.962189 4.002611
-26.952083 10.309012
120.488509 142.260362
106.486142 139.280325
77.918591 126.785795
94.264252 112.068416
89.777317 106.241274
6.975630 54.859840
12.041746 88.140297
36.385984 -68.575624
69.443762 102.801116
81.436815 103.224257
116.221726 169.066052
85.955091 -242.029960
90.681534 126.419955
18.800107 118.505571
-42.933770 -83.424598
-51.262186 -92.600486
73.411805 144.970125
82.068827 108.512105
-27.100300 31.483734
98.847262 162.610860
19.024820 118.306824
56.422727 106.278572
99.572127 102.948097
64.741106 157.324285
73.121869 148.279761
65.552221 129.620018
106.877287 183.935316
81.985882 102.770433
81.441026 103.237826
89.595650 133.509336
86.257386 168.800998
81.445536 142.289396
2.271622 55.259184
44.206546 -287.056808
56.775157 106.014227
93.818932 106.502559
98.123611 103.247416
65.280531 105.677815
81.772607 160.126434
-6.037628 46.279503
56.920813 138.731009
91.353177 130.328276
89.797389 106.324367
11.546009 81.569713
48.133563 109.249016
114.816877 178.284130
116.301239 178.283682
69.683212 156.536830
56.689390 124.136350
73.089984 115.257069
6.456756 -103.759374
98.172886 145.250433
94.566978 144.702197
-5.231373 36.468243
98.873768 168.614955
35.470957 -67.541115
69.343216 133.036837
-2.094025 49.488252
7.012817 54.737162
35.865414 -68.064900
23.131248 -103.727064
123.114589 145.248867
36.186606 -68.248438
27.135532 -70.541868
-1.169262 48.495127
-10.266832 31.296530
114.775803 136.297381
77.576320 103.087396
106.644131 124.091714
81.260225 157.515360
23.105608 -103.779067
56.909295 -281.237774
73.536042 102.767807
90.312570 150.817512
44.293013 -287.128083
72.924800 109.503312
74.759410 121.265246
60.629374 136.324112
64.938355 133.050540
111.948848 124.202134
77.310295 103.308923
69.021849 160.242346
81.862162 102.694525
39.950909 118.048744
31.969487 -116.213792
69.508657 102.724361
73.626416 102.713570
73.896596 102.527429
81.719033 103.030350
48.343087 109.046380
-39.336743 -76.745510
-34.776676 -83.268082
85.671626 136.326359
81.778910 136.051002
106.266500 103.501806
43.994471 115.303407
-106.017479 -256.848141
81.260225 103.501806
65.620798 -278.486874
81.400016 103.289380
19.242549 118.119650
69.041794 103.244612
69.032693 103.277467
65.010334 106.087017
6.461040 67.311770
36.340114 -68.491813
65.267824 -278.376483
77.148082 103.501806
6.481780 82.282869
53.861774 109.180006
48.082149 109.276386
89.785215 112.265089
89.750675 136.260210
65.453620 105.519824
107.771146 145.345846
36.487506 192.630001
82.214915 102.522560
61.133750 105.739613
40.351002 117.859341
73.165014 103.281109
73.413770 102.999632
73.767705 153.460093
47.918525 193.524396
127.627797 108.986451
68.992087 109.304126
65.017596 118.034533
64.738086 121.278425
86.329512 147.509871
77.758946 102.756444
77.604574 103.010469
82.239679 102.404883
35.661524 118.332824
122.937350 106.502559
10.464682 58.490511
69.334422 102.983899
7.176001 54.481055
81.414203 103.229742
72.924800 154.514607
68.812657 157.515360
106.502576 145.329487
106.475585 145.249482
44.484544 -287.349960
94.420245 105.838403
