date:2016-10-14, time:1500, wind_speed:4.12, wind_dir:346.0, temp:12.6
-1058.324477 253.304263
-933.139239 1573.918121
-266.036536 1484.373783
1119.036618 1630.503371
1276.402218 1784.563009
-728.895685 1425.115948
-1215.895557 1210.499149
-1678.578231 793.102624
-350.006634 1303.716030
-754.044001 160.195073
145.768245 1245.070768
-521.065755 734.942758
-766.792660 1123.601916
-675.679787 582.187842
276.130577 1363.971069
201.677865 1571.227942
196.689875 1812.180702
1438.314815 1635.168658
1447.446502 1752.850983
-1432.978614 1064.205577
-466.178281 1841.470433
-720.091993 162.684457
1121.972185 1720.436089
1276.124985 1543.508714
1243.183801 2111.885580
521.418065 1395.108418
-1090.796158 1391.618698
-516.366517 1244.329478
-558.046391 1873.585934
104.646815 1215.063238
-391.113125 1784.250210
521.418065 1365.100888
-1104.545505 1545.146068
-839.992752 1392.096041
-1104.545505 284.829808
-1345.683196 1302.311557
-632.517490 1060.408139
1021.543565 1725.191248
-100.190256 1393.501498
-507.490771 1211.302173
530.918727 1122.220904
-386.651148 941.830505
-386.404653 852.296887
-132.176383 1451.612367
-312.124435 1395.108418
-145.415935 1365.100888
-215.386595 1390.932463
-548.759403 1211.470132
483.498147 1153.597474
438.063815 1275.078298
275.906326 1814.360813
-1021.191255 494.882518
-1187.899755 1275.078298
-1104.545505 1305.085828
-16.958667 1273.457862
-145.415935 1485.131008
1192.459961 1814.073002
-174.057902 1721.261800
-516.432308 1184.088205
-636.678669 1002.945161
1316.976806 1753.762983
1327.146579 1630.871123
150.683684 1453.820164
-807.798047 1333.764793
1409.295380 1240.888076
1159.326633 1060.693664
1479.436245 1845.221368
150.538131 1603.808432
900.907813 1574.453727
-469.340816 1542.592017
-140.956768 1424.289070
-807.425977 1123.595364
-507.319611 311.274650
-812.249935 134.792158
-395.478685 1605.161128
659.828391 1630.607041
1326.755118 1511.464085
1492.732146 1451.424944
-8.440479 1120.341286
1242.161455 1661.007286
1109.128319 1664.129039
1146.019245 1695.183718
1192.350064 1844.556409
-174.562481 1030.883012
-512.248822 -1458.013227
-90.335810 -1879.278118
-299.502771 940.380138
1280.348583 1783.120195
1200.700747 1781.747321
-604.420005 1215.063238
-640.588511 1333.661769
1359.146810 2205.037917
-433.797518 914.280996
1275.701758 1933.898912
372.344135 1420.653178
1326.389082 1931.317377
1280.192314 1302.342846
104.646815 -1455.606932
1285.131384 1991.682750
-474.768128 1663.570830
284.611872 -2269.557278
-762.056460 672.007750
1271.606315 1755.198778
-645.541435 1425.115948
-549.428679 850.769378
-754.611189 -20.625756
-266.861930 -1876.791242
1483.572942 2114.205738
-507.694764 1750.628249
-802.954689 1212.389704
-1187.899755 1185.055708
-437.711505 764.950288
312.476745 -1785.689762
-271.003005 734.942758
-228.770185 704.935228
1326.537549 1751.517457
-187.648755 -1395.591872
-141.215841 -1877.049191
-478.832935 1485.131008
-474.693232 1214.488756
812.602245 1545.146068
692.020027 1903.915372
-271.003005 554.897578
-604.420005 44.769568
-849.991480 1453.528934
-391.092799 643.368550
-20.940255 554.897578
-728.895685 254.822278
-924.450932 -200.319475
-104.294505 -1395.591872
938.189315 1875.228898
483.484985 1724.043144
-183.498838 1724.439738
1242.143747 1540.891471
536.022143 1480.909065
438.063815 1425.115948
-178.310489 1363.104858
-99.780167 704.291336
-1049.051186 -168.896863
479.185245 1605.161128
-962.469609 1240.940355
771.480815 1635.168658
688.126565 1425.115948
1312.727745 1335.093358
-1003.728125 1030.567259
-99.573546 643.358194
62.413995 -1545.629522
145.768245 -2235.802712
-299.124702 970.512852
-1140.725124 -106.377025
-550.034725 -1549.264086
-219.207202 -107.847436
479.185245 1335.093358
613.490321 1992.379392
1535.150598 1840.517539
938.189315 1575.153598
-11.906851 -1458.698458
1150.725402 1964.631050
-424.257567 430.632670
-354.357255 134.792158
-298.294862 550.511920
-354.357255 554.897578
-178.490547 552.575207
1275.868746 2114.167646
692.117686 1933.656926
983.304701 1753.918514
491.471792 1121.277624
-219.639755 1002.080976
-798.296467 941.639702
521.418065 -1935.727412
-345.810519 762.897127
-591.639698 491.251636
-590.915302 551.520825
854.835065 1605.161128
1233.872389 1873.850130
21.292565 1185.055708
-20.940255 1785.206308
-521.065755 -1785.689762
567.404740 1573.742136
1368.766094 1420.627131
979.310745 1395.108418
645.893745 1125.040648
-521.065755 1065.025588
-257.671260 701.012536
-925.009501 280.853700
-521.065755 -1455.606932
21.292565 -2295.817772
-516.725244 1123.550270
-645.541435 1185.055708
-645.541435 1155.048178
25.814717 1364.399296
-100.009711 1363.580215
-841.181756 1450.404911
-844.800061 1452.304253
1229.373495 1155.048178
1283.714857 1811.162189
1246.094960 1960.569571
1201.904113 1961.615190
-812.249935 494.882518
1271.606315 1965.251488
-16.361773 1123.871212
242.788127 1481.076379
1354.608255 2085.765062
1146.019245 1935.243958
938.189315 1575.153598
-215.230302 -1640.378846
-1104.545505 -45.253022
-928.206043 1362.473195
-886.650002 1303.188790
1075.917861 1692.035040
1076.868660 1690.808439
-754.091883 580.163228
-803.642471 252.580459
-683.287741 524.082396
533.632294 1331.381219
-303.191697 1482.142599
-516.634113 734.323287
33.061656 1510.689347
1396.081995 1485.131008
-928.199857 1182.214508
33.682240 670.530965
-312.124435 344.844868
-425.360523 -1760.454690
395.830995 -1785.689762
-8.924592 521.611124
-7.648493 521.296189
25.291367 553.672814
-104.294505 1335.093358
-62.061685 1365.100888
-62.061685 734.942758
-58.005452 703.295721
479.185245 1695.183718
-849.960338 1153.994161
895.956495 1485.131008
-604.420005 854.972878
776.355738 1633.666934
363.726383 1842.250986
243.424975 1481.425448
650.334968 1484.429688
535.588315 1451.378942
-678.052335 311.754288
-173.998026 -1639.698738
-145.415935 -1455.606932
900.835881 1483.817684
479.185245 1845.221368
359.031692 1813.557717
1479.436245 1305.085828
1321.845216 1271.923289
-767.072339 253.271812
-807.270639 193.583924
-261.376186 1751.890841
-271.003005 1695.183718
-1183.506293 -106.577821
-344.787586 -1638.015057
-141.125135 -1607.102676
229.122495 -1665.659642
229.122495 -1785.689762
-478.832935 1485.131008
-423.648148 1541.377304
-478.832935 1515.138538
-437.711505 1515.138538
-1271.254005 914.987938
-1131.701142 911.114995
-799.077683 1180.868592
1280.886064 1303.083300
-548.301220 1211.249687
1400.865959 2085.065286
-354.357255 1335.093358
-346.130901 1362.754935
-937.837005 1305.085828
-937.837005 1275.078298
-923.716535 1210.121149
363.616803 1841.915722
400.760940 1814.191931
312.476745 1515.138538
271.355315 1485.131008
400.813598 1663.985917
408.372689 1631.792896
312.476745 -2205.795182
1279.374837 1831.005664
1452.231247 1480.807342
-721.946587 1375.201502
