date:2016-10-12, time:1400, wind_speed:3.73, wind_dir:172.0, temp:16.7
34.289527 133.606034
-28.488402 142.603550
100.223398 181.526596
121.677699 157.677912
125.557203 166.695264
90.247043 160.312885
-97.895843 -7.526055
-45.529122 154.650880
-124.146080 79.593734
-49.367813 -37.408589
-16.207355 133.743195
125.677498 184.592935
-112.245838 88.567583
-29.996548 115.519590
-31.986607 106.598317
-57.772722 82.646335
-49.453319 118.656707
70.998059 154.714338
50.522300 139.626965
-145.706476 61.782837
-49.882402 187.558775
29.400099 151.667944
-21.881922 103.419518
-87.174484 64.616945
-49.381853 43.690360
121.485668 175.587474
-87.471800 151.628794
125.701088 193.633809
-89.092344 76.318844
-24.405104 46.705634
-76.330591 46.422608
113.159694 214.763010
-33.115682 163.678368
-16.283161 85.680291
-81.224993 127.507830
-78.612156 124.710159
144.928086 124.485041
-20.464127 85.801704
-11.948330 133.600209
42.582259 115.650781
-128.615850 55.739846
117.411854 181.742801
107.593451 184.690007
129.413575 166.680740
108.671662 169.736057
128.222943 187.523519
46.162110 136.631573
54.977324 115.640556
4.669836 139.595265
108.601556 172.727453
113.025858 163.603149
-78.628363 82.701731
137.913640 160.621770
129.501740 211.707812
63.052844 118.704000
154.747555 202.645388
-20.625720 130.652403
69.539538 151.446463
-1.099815 139.419335
-3.470909 148.719315
-36.881811 169.713458
-53.888970 160.574394
117.079864 172.632411
-78.761101 94.754358
-41.277802 133.564623
-35.435725 61.491264
121.475562 220.687373
-53.470584 58.570578
-108.158068 88.577122
-103.940573 79.624802
142.491172 175.659835
-157.478561 94.559571
-49.414570 85.559330
128.062942 151.431708
-70.499142 118.830957
-69.944558 106.512011
-5.293583 79.388316
43.004775 127.640615
-50.907030 40.374990
119.879862 166.325927
29.650680 136.535162
-32.353712 61.636213
-15.720146 172.693232
-12.215031 166.634745
-15.616888 79.518722
-20.636552 88.648176
-103.574822 88.573139
4.575290 178.581742
112.814607 166.714897
17.340973 166.685425
50.445857 139.700409
-11.975188 97.596334
-28.813982 79.563241
-79.157911 -4.374769
105.106653 196.686358
136.760199 184.445078
111.527175 175.521811
107.356800 154.344055
-74.656119 31.661020
-20.246289 -169.533894
-15.810472 -184.371252
123.992819 193.367565
-112.142987 151.611200
125.198380 196.619087
125.519568 154.686269
-40.838714 121.558401
-111.933948 25.607212
146.203771 208.849539
142.276583 211.744816
-8.094797 151.634447
-91.096783 139.584752
-95.337787 127.628597
-7.937826 76.638596
-71.650053 22.472978
-37.017804 -148.368557
-20.250021 -193.497327
58.996035 184.741152
104.514678 175.658856
0.468526 169.757726
45.088790 166.536484
-62.188132 154.686959
46.707894 139.620488
9.011889 115.665321
-49.693434 94.503624
0.415002 70.435135
-12.349038 -118.269905
125.955779 157.672189
-49.099275 154.567174
59.034700 190.644189
67.106222 181.656821
121.095633 175.666219
45.913552 172.666748
150.358943 154.652119
58.815955 184.610743
83.657173 187.656181
25.401919 184.690115
-3.904458 160.618636
-7.705191 109.629050
-57.896217 100.631351
4.591642 85.645843
0.412546 -142.394314
15.411978 -145.544781
0.346689 160.668997
29.269250 151.680680
-88.695818 133.391306
-4.042766 -184.457096
117.292044 151.589292
100.579358 154.630733
58.889157 184.688070
122.065369 154.669551
-37.512205 154.682033
-78.997584 163.576414
-28.598525 112.706776
79.507746 190.740727
62.811090 193.590689
121.493797 190.577514
88.130873 124.691716
125.679803 181.519911
109.358990 178.647031
109.075943 178.738179
-38.557791 163.355291
-18.352564 82.370759
25.629413 136.728965
29.782673 130.595179
-0.784735 136.569785
0.388385 136.693924
24.807239 154.605017
75.310277 133.616910
136.210690 118.396673
-32.342969 112.485204
4.405836 112.596768
-37.119962 -193.495210
-66.280682 25.602474
-70.541856 25.586122
-22.086616 64.412986
-21.788914 61.363157
-24.577073 64.711520
-45.521001 -148.299384
-45.459382 -142.473970
156.279050 202.526655
100.686583 139.622823
-99.439777 130.554100
-74.035549 115.626553
-25.841089 85.486552
-71.806675 34.342216
-12.239171 -70.500001
0.517352 -193.465107
33.179309 148.726543
100.462282 196.678805
-28.235796 67.625240
-70.782145 -4.448617
-95.184843 -7.299244
-63.964435 -169.623909
142.652726 124.613852
21.123755 127.608058
-7.960171 106.583081
-5.395304 -196.636948
46.533929 -238.477932
98.971768 148.498310
62.773752 154.705732
-77.966995 136.570708
-72.281620 64.367071
-37.212695 25.763274
-7.748057 4.606256
-16.111779 -145.480885
-13.747766 172.457893
26.065120 157.562040
-91.035577 148.676650
-82.691100 109.542866
4.797158 100.674456
-49.540987 85.799164
-30.121876 -184.719848
-13.323592 -187.500540
63.101631 -193.394390
-20.554691 121.674531
121.133597 118.525417
-62.729489 118.623458
-41.003327 88.583917
-66.267967 10.668141
-3.845403 -157.420005
117.580951 184.612369
-49.599410 94.616072
-16.294784 7.506470
-37.006107 -88.434712
4.550571 -163.457527
-37.440790 -184.354692
125.563688 199.707858
-3.805973 151.643098
-78.209267 145.674566
17.317252 133.657937
-49.577781 130.552436
-16.081622 97.625555
-29.996708 7.493163
-69.908015 -4.357499
17.099106 -157.292842
13.510245 -229.453216
129.482950 148.727591
136.183753 148.407135
86.668827 190.321080
125.748590 184.586168
-43.771150 163.516866
-41.113360 160.552410
103.229420 178.372600
108.837471 169.687981
130.157916 196.667315
117.428369 193.584066
-40.975321 106.655646
-20.579388 4.533595
-20.906492 13.514591
-99.729720 70.602492
-41.111082 130.535874
-49.011101 130.625234
16.998497 169.718575
-24.440522 118.675994
-88.957800 103.425040
8.751239 94.648894
-66.128299 1.649110
-37.240097 85.693640
-38.417100 97.419243
0.592881 160.627249
4.317864 163.758472
104.776510 196.699091
-32.411585 -196.405880
-33.100463 160.788037
-25.761041 160.446320
50.619299 118.583421
-74.738108 118.552192
-32.472616 -154.426921
-44.877432 -154.439224
-3.574344 160.560628
-37.280714 -181.350833
75.370852 205.778989
129.532065 202.611141
134.315012 199.553301
-3.244788 169.544904
79.269499 169.708152
67.309613 163.659613
94.579233 154.573792
128.703659 151.530354
79.169862 124.527458
-32.340946 121.594214
-7.689289 91.668110
108.980162 169.632446
108.728531 166.641272
108.744470 169.573269
-3.861612 160.577302
-107.374511 43.519627
33.996000 148.715109
28.162397 148.342673
26.089674 151.719433
-15.687913 -190.513236
-19.960207 139.710368
-24.381315 145.591719
-40.805949 67.552743
-42.512884 67.533616
-28.888670 67.649733
100.373794 187.645161
96.478316 190.623847
-74.689563 31.604401
-28.564333 -196.429246
121.196765 211.688665
50.190099 121.571822
50.675607 118.653304
88.431723 193.658654
100.687782 193.644400
96.129523 196.645505
121.854793 208.740267
-80.408453 31.503245
59.426611 184.634988
54.452821 187.678662
98.851465 169.505476
109.313666 172.586683
0.916107 157.625199
1.304237 157.565231
-11.917689 82.548139
107.263437 196.517659
107.339974 196.518382
71.514071 202.613545
109.039838 187.615147
58.898859 181.768064
84.071442 181.546957
50.942484 142.568182
112.643510 142.680939
46.746113 130.549308
142.364397 130.685945
-51.305437 106.525365
-62.305489 37.584675
-13.517593 28.317590
-20.393084 19.634849
-63.489974 -1.546022
4.703131 100.719850
157.768371 205.512041
-17.596666 58.559582
96.696701 154.554498
100.134568 154.642923
-15.649685 61.456932
-15.990749 61.655599
-91.343780 115.635682
-16.287702 -187.413134
119.986309 148.512527
109.335435 148.498378
54.493368 187.587052
51.038984 187.627001
-45.603845 97.511340
-11.626022 70.468501
13.080816 160.635479
21.155555 157.669016
-78.804434 88.749350
62.870651 187.600066
57.325201 184.412884
57.907359 190.620911
-86.699211 64.514425
-132.928083 94.636397
-0.327354 160.609776
-2.912847 160.564441
0.588093 157.469762
-92.661107 148.339927
-15.995510 79.611084
-12.572560 82.531710
-13.391643 82.550041
-45.615329 94.563871
-44.870584 97.694949
-28.557847 142.119590
-25.686968 145.479710
-25.404313 142.513125
59.343575 193.547691
61.910505 193.468043
33.456553 148.665877
32.496133 151.463673
-50.212922 94.796108
108.523444 169.630787
107.785214 175.475719
-82.582398 31.677973
-79.044138 145.629330
-76.640684 145.056050
-15.422253 170.469482
-28.874041 86.577229
-25.563372 85.427566
