date:2016-10-05, time:0100, wind_speed:1.24, wind_dir:256.0, temp:8.4
52.141807 121.506324
54.669342 118.731272
-94.569349 67.164016
-27.362971 70.257727
-22.877018 103.501806
-106.656677 79.242674
110.197877 109.255494
-119.591306 51.714803
-93.783700 31.483734
26.167151 -278.783390
-81.750782 97.273069
-60.962155 -241.947107
-78.213411 9.670547
-135.748384 -16.896509
-131.444585 28.270939
-111.291219 -29.566435
-114.673464 16.227167
-169.508259 37.375262
-119.307236 76.297284
-65.296247 124.347355
-81.632069 70.276378
-81.980475 21.755247
-106.547990 28.221766
43.806382 124.507077
39.233257 127.147479
-69.361197 73.233242
-89.638032 133.327775
-64.626729 94.236126
51.451757 136.348994
-136.904725 22.566957
-57.068704 124.545716
55.943752 118.161010
-143.796250 -7.526055
-102.423422 -64.756977
-110.454550 52.489005
-106.585198 1.229500
-115.069090 22.166754
-60.465752 127.427815
51.780571 118.158284
-94.235874 124.194287
-44.542458 91.304136
-123.388665 49.287959
-73.852580 112.479709
52.141807 124.507077
-128.703236 17.034090
-81.907408 37.286918
-111.033132 16.214444
-39.547868 76.495029
109.967527 106.090077
-127.964203 -17.389383
-77.281931 100.244329
55.878759 121.142615
-156.268079 58.189881
-52.673448 157.180742
-52.540951 100.250394
-72.962749 52.184950
-57.462440 66.839048
-136.356802 0.729324
-85.525341 73.227806
-52.942728 -260.798148
-127.146496 7.297810
-98.104074 31.312002
-102.119125 109.503312
-98.670070 88.167152
-85.869721 115.145863
-82.077316 3.403305
-52.609882 103.127729
55.959603 121.270587
54.858977 124.914978
-114.663601 58.165574
-36.154777 166.445395
76.269784 162.879807
-69.460566 64.260711
-110.920687 154.252630
-40.639698 138.547234
-27.374761 109.220892
-106.796039 103.312967
-106.771363 91.205303
-94.039779 151.214891
-98.376907 148.193384
-86.021503 148.202371
-140.432410 76.119284
-44.299989 109.252272
-98.946100 72.874154
-165.064266 28.163259
110.484262 112.350983
-64.633117 82.273176
-123.478120 64.277587
-23.117583 136.249707
-98.377154 133.145255
101.068462 222.966038
147.629740 217.300922
118.242554 160.226663
-57.140860 105.823825
134.744852 193.309232
-90.368443 91.334522
-160.821524 91.231162
142.865369 202.445766
138.266649 190.950930
-48.261402 100.252635
-90.208213 109.323747
-52.755792 112.237019
-56.661262 112.264724
-68.828977 118.331855
-61.073578 73.099307
1.407190 85.289360
-135.763525 25.174490
-119.454289 -1.737123
-124.179516 4.024866
-52.772746 135.137991
-81.224993 145.512348
-81.980233 127.412208
121.955066 177.775698
-106.817978 157.372899
-123.309446 109.305673
-73.257984 79.232671
155.562693 199.366283
-23.324607 133.208082
-94.086646 10.116455
-28.161616 69.587572
-27.418480 67.306348
-40.112085 67.197490
122.789109 199.274811
-81.790114 151.147161
-103.670399 121.950116
106.208502 217.390034
-40.331898 151.279901
-85.925715 136.292480
43.275672 133.414305
-106.324397 115.325377
76.634214 157.180285
-35.689382 139.253667
-69.061439 139.266797
51.493010 136.295482
-110.946140 97.303008
-143.790467 79.389040
-111.223752 79.266046
-165.054069 70.262530
-52.398813 172.273453
-27.751670 151.361523
-110.802489 121.229745
-10.972786 109.273439
-60.675334 94.220999
-106.569241 19.283079
-31.318482 133.286582
-44.108633 136.144705
-94.014285 16.215751
118.479824 172.325060
-77.549388 64.240108
-77.268230 115.245777
-98.917397 115.079607
-23.788906 97.009818
-131.482625 100.317553
-119.698407 96.186782
51.885387 121.287067
51.887150 127.117850
59.669567 121.284711
118.260106 115.245414
-44.936642 102.703832
-65.027475 73.234170
-31.714477 103.239051
-20.154896 107.122851
-89.970065 64.271025
-86.530227 156.689748
-86.049232 124.269127
-40.335172 94.302593
39.316244 133.281449
-11.581178 108.934531
76.972627 208.302436
-11.078193 136.382954
-102.455244 118.158501
-144.203069 -10.710029
138.927783 214.483513
105.319423 159.862143
68.294620 160.205429
-140.073341 103.213622
-78.415678 73.770396
-78.035112 67.268933
-48.124596 160.358436
-89.560418 34.484487
130.013577 177.813424
55.896544 124.281450
-148.649687 91.360799
-136.369518 66.704685
51.760863 118.152249
-114.587724 28.315047
39.253534 136.316157
26.821053 136.255166
-61.188738 70.289069
-110.473011 40.360590
-119.359622 106.325795
-110.817732 97.314820
105.763048 190.266907
-69.023832 139.200068
-14.798674 121.202911
9.964188 118.163699
-115.127471 106.350509
-156.541628 31.219191
-73.304007 64.175240
51.634864 121.299961
63.711593 201.907620
-53.682128 163.954406
-28.499878 161.220882
-44.852203 105.955808
-148.635123 70.214141
-43.771150 127.507830
-69.270470 163.258543
-52.215064 103.209206
-77.624996 136.226351
-85.728759 139.225506
43.395990 130.269204
110.240279 154.152027
-77.444281 94.245349
135.460825 211.577259
134.477052 207.648619
139.622270 214.484353
-18.771370 106.388952
-18.820876 118.305208
-102.185218 133.242959
-31.553727 148.234074
-35.526704 118.262459
-94.097257 31.250446
122.789375 223.309623
80.726036 196.196437
55.510122 151.295279
-94.589385 132.205819
147.859602 127.290016
-48.204451 88.302433
-164.843684 67.240341
-66.241349 166.738423
-98.005372 127.260505
13.934017 127.153173
-98.290961 109.136997
47.067593 120.992675
-123.572883 76.339018
130.485997 199.234584
-31.569429 139.206493
-23.307670 133.170236
-52.929994 144.354981
-114.888311 136.219078
-47.883293 97.500300
-152.449292 58.213765
-73.157237 49.272008
-69.545499 169.262728
-23.924296 141.373117
51.684964 118.268898
55.557932 124.431615
-69.031004 109.195917
-102.633125 70.349928
-77.145711 22.343151
-69.101585 127.220526
-56.655236 112.251914
-81.368978 142.306203
-77.097010 112.424347
-78.250524 72.425338
-56.705885 55.137727
-73.323279 31.223848
105.846877 169.103780
55.694351 139.286646
-23.226864 130.175169
134.903551 205.253958
-110.946555 142.167750
-44.278564 142.267180
30.728288 130.371181
-156.276412 106.327156
-60.512227 106.327520
-148.407302 79.175565
-102.910682 105.504060
-102.257978 -4.774477
-106.677927 82.229120
104.908248 168.727021
-48.259807 127.226241
-52.106575 127.507830
-122.935500 139.345934
-77.223415 127.221797
-77.257867 28.190577
-31.992689 121.201822
-85.776990 148.207613
-115.254302 94.370435
-97.961833 154.352159
-62.030560 139.911856
-44.449136 76.287583
-77.117547 34.369003
89.131929 169.265452
-72.995786 25.259767
-77.364845 22.274841
126.352833 220.381278
156.119175 178.234945
101.511825 160.303435
-85.615340 169.309770
-52.798868 133.485951
-48.711154 64.157130
152.117027 166.203490
-82.375074 103.028036
39.583100 133.509336
42.780255 129.927853
76.727604 193.236401
133.994165 171.845037
22.442290 127.159649
-98.355595 109.262249
-114.895711 94.240392
139.347018 205.244042
138.637883 207.392686
126.873719 217.267270
155.545634 157.413669
-48.142112 154.259336
-61.541831 123.662092
138.082886 124.507447
-60.826465 88.209366
110.088505 202.237784
135.237349 124.196586
-56.805551 94.237980
-89.591926 94.300550
92.680921 177.706181
105.999052 217.202091
10.199330 115.235459
-97.979735 142.335135
51.304424 121.260388
-135.500226 76.390086
-110.617253 79.212488
118.561571 178.227901
118.034458 177.193397
106.260526 205.407839
118.149843 190.331314
147.467175 202.204315
117.935358 163.432396
-127.557428 109.297986
-52.207395 85.199953
-27.315718 151.184336
-69.244629 55.095840
139.576301 163.256442
-56.765778 58.164252
-144.292003 133.264946
55.697099 121.346493
-102.670357 1.257657
-122.902118 49.488252
-122.902118 43.486746
-47.913986 106.221204
88.328841 159.870373
-14.777671 106.347380
122.667324 214.209853
-77.953881 70.299871
84.721871 160.378441
-106.832783 112.236126
126.636347 223.399600
129.968973 213.844377
-61.607346 112.081988
-47.972759 139.226161
-98.377682 79.193561
117.919262 169.528154
104.609757 193.807539
112.934419 193.695715
-106.937735 61.357921
134.474390 174.574855
139.171638 175.254836
135.483349 166.320643
-73.370010 103.331455
-73.545030 118.275423
-69.454243 139.333080
-118.949291 7.288567
-123.096042 19.282024
88.166516 157.574247
-2.073815 112.367347
-16.061019 119.089862
39.102180 127.264693
-69.033265 139.319953
-157.031505 46.213420
-39.898171 106.175007
-173.434060 88.265618
-72.979023 94.309334
60.160284 151.252389
143.437016 175.313030
-56.731945 136.206896
55.610096 118.198530
93.580392 181.254954
-61.544247 114.463664
-73.005034 112.295919
-64.995060 76.333585
-123.276239 124.268020
-77.203775 112.251760
151.556169 190.295890
147.422830 184.291730
38.883860 136.364388
22.414204 127.291437
-81.597675 94.279517
-85.827356 88.281061
-102.124381 157.430917
-115.358137 154.313808
-65.684298 126.599873
-152.720727 55.282448
-156.243818 73.494276
-48.124757 142.325941
-89.860019 79.241855
-73.650547 88.334528
-27.773851 184.432993
-35.638048 148.188033
-6.601551 148.204838
-37.075767 133.784563
139.594722 133.321337
-139.627164 97.356444
-73.393275 55.231222
-72.870121 67.383253
-61.672198 81.647213
-52.830234 75.141566
-35.753923 169.179358
-39.549640 184.336769
-110.523120 172.287353
-119.492434 157.324098
9.720161 139.356490
43.311245 127.257081
43.825079 136.415033
55.451741 124.300872
152.168853 190.354072
156.187476 199.326094
-160.467100 10.478463
155.975853 232.285976
-3.056628 159.494245
-136.238773 142.350161
-72.964362 145.427922
22.336552 145.213721
-77.464168 133.252471
-69.272632 124.287496
47.222863 121.266578
110.246345 109.232108
-69.387740 82.214179
-89.809202 85.270244
-74.018602 67.041605
-68.857067 55.221836
-85.443011 49.353247
-31.720164 190.290241
138.790199 225.643066
-52.206375 151.250954
-77.519141 91.310211
-118.789975 31.483734
55.600637 118.243357
56.182245 130.216781
55.717129 118.192652
55.741800 121.232815
55.628675 118.261116
-66.070930 151.861959
85.085594 163.331566
22.029573 132.235775
47.918525 121.506324
-119.222928 46.127074
154.878191 178.980217
-110.543375 127.269424
101.879697 157.307720
-77.112850 145.512348
101.575805 193.263203
-135.995499 82.263690
51.643578 121.300926
-81.288776 115.366812
-127.615653 109.194503
-49.077122 156.871265
-52.215941 151.282273
-115.031743 100.189975
-102.851006 103.238674
80.636927 202.245032
-35.521571 181.276510
-93.833771 31.284652
-131.395397 58.234668
-48.006813 127.271829
50.870337 121.289929
-48.001492 106.261924
-110.539243 103.412940
-44.518461 136.309645
-31.648194 133.258835
-77.249075 109.252300
-47.888501 181.433411
-73.332487 163.228061
-11.614342 162.769251
-47.890703 157.409700
151.499800 151.390367
-7.355564 123.486669
-27.201975 103.242194
125.673295 223.670670
143.319985 223.410164
164.541441 214.317431
118.714590 172.291567
164.518866 172.276632
-98.995161 153.767923
-6.900511 127.237215
-23.549794 124.312215
-56.773685 106.319158
-36.264480 96.407065
-135.531688 97.156629
118.473974 220.310462
-19.479307 160.236194
-6.512655 139.243825
-18.865027 142.286222
-123.906547 109.515134
122.120420 112.122471
-65.415059 78.190385
-85.680072 73.178413
-52.795337 61.221528
-102.258429 112.323646
-53.084997 135.417766
-60.615961 154.220993
-57.065942 153.648212
-44.297457 160.293865
88.614898 207.423825
118.747919 217.415088
143.796250 205.575753
97.340416 172.264053
-85.908717 169.140743
134.704155 169.313265
126.672680 154.342060
-118.916955 157.200547
147.454516 127.377432
-77.944962 43.268201
-149.334234 1.688084
-140.157423 1.243958
43.687653 130.287397
-2.579934 169.250741
-122.991802 154.317798
-64.881116 151.212793
-48.396840 139.202363
51.567896 121.195309
-120.175128 86.016221
51.672521 124.208121
55.349834 123.542509
-81.680643 112.297818
-85.700613 112.297395
-86.091992 91.268728
89.208975 226.336762
122.437593 187.337790
-53.386705 151.972280
-19.252334 118.215289
139.075219 214.299259
134.474710 198.477791
-56.872283 193.278740
-48.485835 178.271466
159.524366 169.302734
101.308612 162.255519
35.123169 157.131457
46.395917 130.644031
97.859371 181.412603
-82.028469 90.520493
-78.333122 -94.343919
-93.936241 64.224399
-35.574824 64.315627
-127.386321 10.129793
-56.515105 139.291548
-53.754452 142.891341
-160.960231 58.160838
-152.360644 64.249815
-64.773236 100.159622
-56.705988 106.288421
-52.695326 97.284887
126.676505 199.299596
-89.723854 10.281843
-89.856641 76.279527
-102.163554 76.306053
-102.977441 58.217424
-143.812124 76.307290
-86.253389 70.158559
-36.284736 136.230945
-35.830188 142.232684
-128.253937 30.397517
-110.980096 109.222248
135.441956 217.488971
104.942558 205.113567
-86.578897 166.295220
43.665388 139.343615
39.583100 145.512348
51.999844 133.239855
138.823470 133.361118
-119.366926 103.188964
-102.315622 94.228591
101.176187 159.642596
135.406852 220.395466
-23.367191 160.148278
-106.721969 160.185820
-61.456797 162.365356
-3.419581 155.157545
-48.372981 133.341704
-73.275804 124.244330
-69.104698 31.318106
-69.733903 135.475549
-115.206477 70.291269
-65.179978 106.264168
-65.235815 114.649732
-35.639449 76.320880
-35.652997 73.169086
105.564590 193.186118
93.111956 223.321495
126.371902 225.398950
-7.410344 168.860479
-98.406155 148.280960
-81.726265 136.237733
14.330351 139.216607
55.502114 124.277740
-44.729317 78.453185
122.802684 223.378482
89.070434 208.252233
122.865915 217.434175
-98.887814 150.921299
-65.063902 160.258002
118.456777 160.260924
-110.845383 121.243231
-118.789975 106.502559
-27.464758 109.309057
51.381979 130.420560
47.177865 123.348782
126.859655 175.266807
-69.247900 163.381281
84.206732 167.033374
-14.711028 154.218014
114.470984 160.324563
135.496057 163.516866
-114.566693 124.507077
-77.262676 118.236461
-110.454550 79.495782
-124.071029 82.128996
146.344827 172.968398
-44.087496 133.163778
-110.454550 115.504818
-106.367400 103.301794
-102.483402 106.173345
126.666851 193.191426
142.188247 172.690328
93.061022 160.306444
-39.543052 145.323088
-69.086038 133.298544
-69.237898 103.171874
-77.361549 166.190487
-23.207683 163.258575
10.464682 154.514607
139.359746 142.285965
130.435457 213.698363
127.125400 211.577259
127.043148 217.403392
-19.118718 169.179155
-11.141940 172.338336
52.135323 133.404410
-82.379145 111.532732
-114.634620 79.388950
-73.441658 40.265868
-147.908393 94.499547
-153.621229 86.006348
39.275239 130.153874
-89.623233 76.166423
151.425097 181.304695
-44.175006 181.268100
155.766047 175.315744
52.087578 127.206762
-106.517175 94.214866
-82.095131 27.292535
-94.674619 19.377373
-40.326079 163.223485
151.864365 187.269161
-39.828329 172.241339
-90.314042 163.184287
-89.854665 160.143168
1.761519 130.242221
-119.322286 97.302916
-39.788606 163.137469
118.564680 154.300756
-68.790385 100.173209
52.131600 124.422503
-82.391820 43.110889
164.531211 205.395759
-3.366723 177.699804
-3.511514 162.911271
-14.981815 145.121958
-77.578326 148.180844
14.505858 148.263089
-73.143902 139.237007
-73.204557 139.279377
-52.381840 115.303513
-95.419083 103.874734
-27.188618 103.311047
-94.697692 85.338405
-136.137576 47.977028
55.678938 121.272246
50.851822 120.819460
56.253950 121.506324
55.941274 121.213021
-97.921074 91.314707
-89.872019 91.204985
-107.689247 82.866193
18.437466 127.284184
26.670993 136.253434
114.270983 112.329344
-98.230988 139.209629
-77.239212 109.182742
-64.706730 58.206341
-131.791823 7.332891
-73.923696 102.793087
139.571344 202.234995
127.049945 223.341418
55.518052 121.303445
55.791318 118.224529
-111.693804 87.774338
-106.541788 103.260432
-118.920471 94.268996
-56.506340 124.189160
139.297046 121.160723
-48.830344 142.087978
-68.875396 136.286729
-86.448823 141.471997
-41.010977 137.102386
-31.674255 103.280935
-65.062153 43.303763
-135.472887 76.308142
-144.615066 88.257160
110.354813 214.298282
117.717795 228.540144
-106.776602 160.157534
-35.485061 160.337801
-31.212443 154.514607
-89.580057 28.266622
-81.715265 25.237013
143.315067 124.146659
55.753706 130.265213
-73.746220 138.902467
114.052629 112.250138
114.399687 115.258808
-110.624232 88.222546
-102.559175 88.290149
47.601545 127.309342
-32.020412 157.319106
-27.288407 61.137328
-27.100300 70.493523
56.132381 124.307872
-69.571900 42.496228
-102.780865 73.353546
-64.657042 124.240151
-114.863790 85.209146
-157.160179 76.268855
-85.647418 88.122181
114.473262 160.270283
-127.685891 97.209539
39.536351 133.275912
34.791046 138.051392
-60.645355 103.303177
-110.895252 148.136593
-123.596128 148.209794
-86.239804 15.966878
-86.148083 18.206128
-85.932648 22.295067
-52.465448 64.290605
-81.373565 175.184344
139.069257 130.193250
113.863741 223.404916
118.242177 223.345576
-18.781028 169.408488
-77.097390 19.362309
-60.989825 106.214073
-52.666368 115.184089
-77.700091 79.301765
-44.612168 123.533026
-94.121458 100.350661
-85.448275 106.502559
97.606490 163.312645
56.253950 124.507077
51.247565 120.185386
-94.216990 76.287678
-44.391973 108.404225
-56.931435 118.300053
-111.213250 99.794353
-119.009238 25.303536
-23.333472 136.325896
-48.939082 102.603977
147.895286 205.454744
-35.567644 127.291138
-57.079551 141.954593
-81.572419 124.220762
-43.771150 136.510089
-118.886682 97.261154
134.489966 198.316854
-60.677511 94.227370
-93.829872 91.212484
-110.763390 103.312609
-81.683772 70.231010
-43.933710 94.168650
56.064807 118.195897
-135.899183 79.281147
-11.955765 134.049451
93.326099 154.383089
-52.890515 116.755077
114.128807 110.885740
26.732553 142.285471
47.838387 136.325706
105.331810 159.513742
-61.280328 141.181162
-102.557721 109.182075
-98.410152 91.245481
-73.667518 117.157793
-73.462664 1.251771
-53.039651 111.923858
-64.788133 133.256875
55.815787 127.218593
-103.346115 93.566448
-86.320159 27.656529
55.946334 130.247579
-94.343921 112.280393
-39.581321 121.339062
-69.210650 37.243531
14.067637 157.164011
143.831482 127.507830
135.143984 163.286097
-85.580711 34.188360
-3.116564 94.007066
113.016515 154.862114
-78.709812 100.800079
-132.015999 94.302698
-81.900096 46.316453
-98.021888 97.356511
-90.155762 97.158084
97.456250 175.243838
-73.340212 136.202079
-131.672740 94.196123
39.583100 130.508583
-136.170110 84.625395
-35.722405 157.303148
-43.938157 148.300885
-19.099894 145.340297
-19.006916 148.268269
-72.889568 118.505571
-61.211374 106.205582
-64.865502 106.280751
-139.843295 82.250325
102.137745 160.403038
93.737100 163.433687
105.217698 195.791463
-77.207445 112.280386
-52.712849 148.250969
-47.926285 151.205268
-43.962093 97.319252
-39.890354 91.258698
-111.204626 99.078240
5.738031 91.189594
-44.077741 154.285064
-44.632019 150.553721
118.535151 193.200728
-39.663004 100.238506
-52.213763 91.331032
38.824829 148.325263
39.066959 142.370220
135.393557 193.202838
-53.743929 67.767158
-60.981499 70.290628
106.213668 175.292683
113.645411 174.337507
-102.541829 160.355870
126.356518 222.173023
130.621514 226.349692
-56.199297 136.425971
-57.021837 136.179413
146.734462 123.692054
138.796645 192.517978
-68.884429 145.265898
-48.099399 100.166802
97.711989 172.232288
101.148280 186.383219
51.674394 124.217407
-106.231268 112.504065
-85.460804 145.424765
113.839183 189.209673
51.494351 121.334329
-64.933407 22.232288
-81.300971 112.356914
-98.836303 108.649522
-73.116232 178.336035
-10.410873 100.342974
-69.133651 61.277308
-48.177950 91.230289
-70.119162 73.703218
76.465329 157.461056
-136.012294 91.222071
-140.212260 67.317368
135.166003 160.208509
-60.739509 103.174366
-82.580474 148.451159
-36.547639 180.963325
-69.090928 127.223934
-85.879607 100.130279
55.341928 120.978116
-86.138551 73.275914
-115.036975 106.189163
-102.119295 67.383389
130.349004 198.317248
-10.715956 145.251793
-107.055016 79.367114
47.862047 124.364202
147.503049 127.291017
-65.376856 67.309967
-78.698380 16.998178
110.141471 166.209445
-115.934025 109.674182
150.964882 175.228868
-73.679769 109.403109
52.141807 124.507077
-48.489791 97.251244
-90.120455 160.383365
-131.304954 76.162524
-85.499906 121.378502
-27.128000 148.337583
-77.160541 130.338176
-93.932768 109.259393
46.265429 121.883870
-52.106575 103.501806
-48.703126 106.401207
22.473365 136.176405
21.973716 133.609017
118.446184 112.242134
-10.904223 133.229116
-52.968464 109.287816
55.937487 121.173231
54.834489 121.884566
-52.615454 136.316349
55.989768 118.219853
-40.107273 76.231860
-47.939406 73.264139
-90.216422 70.441361
-43.872044 112.261958
43.662936 136.194277
-48.786559 162.203880
51.610370 127.401307
42.355095 127.818843
-143.826359 85.399709
-143.865407 79.292263
-28.750892 184.998582
-31.696071 181.289633
138.577167 123.370329
-81.895517 142.254102
-86.276323 142.239707
-86.001508 136.180978
-81.259009 19.201549
-77.602491 16.332149
139.359117 235.277583
134.978219 205.395189
-23.667950 187.291349
97.744268 178.324301
-2.999151 168.561081
55.441451 151.377663
126.641378 148.238502
-6.442300 139.217394
-27.565597 133.366655
51.415456 133.289215
-119.501907 121.343957
-77.157002 94.232185
-119.264438 76.288551
-27.163995 139.356135
-27.917847 136.271179
151.023349 240.860699
160.323665 226.354947
143.107954 202.232458
-18.873415 175.283669
151.267068 175.408645
102.115977 169.298686
-19.086781 154.217981
127.160632 154.514607
-27.660775 145.331636
4.813521 142.738393
-52.606079 109.142290
-106.736939 100.155641
-23.363653 115.187857
-23.388223 115.360577
-24.346149 118.956677
110.069275 229.319234
102.119125 211.577259
-53.843237 181.601292
-44.922324 183.530196
101.673270 166.257329
-48.322090 160.154837
-69.660346 156.206249
-2.421271 148.293325
147.894816 148.310664
-90.532089 139.538391
-61.190546 139.314741
135.238810 142.230147
-15.133890 133.234837
139.608200 130.508583
42.553034 114.723181
-85.950962 114.678639
-65.566254 108.316390
-131.679741 91.216608
-77.409511 91.240972
-135.591960 94.270521
-135.476592 97.318821
97.197139 226.296107
-53.098984 192.331245
-40.490793 165.428190
-65.731492 160.122150
93.326642 160.259355
121.964405 162.397666
-36.246285 151.350926
-43.877657 133.241599
-115.102790 103.324547
-127.900177 103.315358
-65.055785 106.370797
-65.015916 103.243417
-69.244118 106.253917
-43.958791 163.331588
-36.348132 162.340138
-35.734666 163.259348
-119.587031 75.686185
143.231390 214.300191
139.639219 214.477652
-35.728497 121.221782
-40.437462 114.866069
-27.642889 121.327887
-77.112850 187.522890
-52.568012 43.325375
-57.638186 43.997565
-56.861429 37.336004
-85.998856 166.231691
50.988103 123.586952
-16.108412 175.981901
110.454550 211.577259
-72.946088 142.426885
-66.082074 143.075764
35.394577 136.261838
39.089186 133.299658
-89.655746 28.267169
51.672782 124.247175
-98.236177 16.110709
-103.127885 15.267077
-57.692982 76.818089
114.554933 196.372960
114.608612 196.355913
-2.581219 172.296512
6.241400 175.519878
-3.618231 172.893455
-106.720229 91.186221
47.231511 127.357285
47.443126 130.222557
-27.903778 139.309010
-24.399767 138.831904
14.061940 184.184550
97.251881 178.370611
22.912250 169.518372
60.130532 157.183494
80.720300 154.257896
18.298535 148.348102
-23.564779 139.294761
85.195704 127.254323
-19.057786 37.242037
-37.149723 133.867225
-36.310598 138.561112
-39.866291 133.253070
-44.518495 127.299856
-110.454550 94.499547
-111.202907 94.205983
97.908619 193.442350
38.228304 187.932073
81.190724 184.237976
72.801726 163.167451
127.060313 163.288720
35.364234 157.231795
39.397219 148.177725
-27.639442 136.251645
-6.455604 136.242011
-35.575435 133.207076
81.260225 136.510089
97.899537 136.363867
-52.359080 130.249831
-14.593922 79.285266
-18.908228 70.296545
-23.536861 70.241686
-52.106731 46.343134
-40.282213 148.201016
-40.204151 142.293324
-44.662947 144.673599
-43.846468 142.337099
142.702454 207.456076
143.651251 208.331323
147.849155 202.274179
143.533644 208.347246
-131.740598 40.213604
-132.664458 42.725314
-64.934608 115.288234
56.086820 121.301791
-77.654782 43.199790
118.064209 205.462347
-36.992753 127.679161
-36.997324 164.079071
-72.989135 100.301318
-44.283664 160.203502
-48.537967 61.293712
-10.490794 145.409648
139.145020 220.237480
159.769412 178.279595
138.426586 129.631152
143.108792 133.312639
-73.464763 79.164451
-73.106144 79.288979
127.047673 214.335877
127.125400 211.577259
-127.411870 31.237064
-15.208393 108.517987
-14.760398 109.117272
-11.495478 105.866237
-64.705739 151.301336
-68.784903 151.306314
-68.777425 151.513854
147.031190 126.978659
143.403451 130.185369
143.437048 127.094545
-111.254128 168.293111
-111.049822 169.326678
-48.945404 117.671775
-52.222970 115.246667
-85.834831 145.232007
-85.954311 142.255236
-81.456413 142.253877
-156.506531 55.243559
-31.905597 163.387155
-36.227590 163.354089
51.933617 130.306300
51.652816 127.356244
47.877592 130.416033
59.869015 118.334388
56.228475 121.276118
60.411094 121.218442
-35.836803 139.347021
-39.547868 139.510842
-40.405481 133.350155
-81.798556 166.195809
-81.525294 166.326362
-86.163750 163.218074
139.080702 202.323565
77.002590 196.259998
97.549543 175.248226
135.444243 169.214884
-10.867186 136.195767
1.093592 111.833116
-10.618011 73.198452
-111.417040 127.289285
-110.692197 124.243750
-110.539558 124.221616
-110.917907 124.305204
85.308386 205.367670
68.525997 193.241109
93.428724 175.197357
109.880048 172.315690
4.612476 166.914809
14.458942 160.211232
77.014081 160.243318
-27.125859 160.392074
-7.086966 153.620494
126.652980 154.154250
-19.322614 148.311478
76.656433 133.359538
-14.779222 94.202597
-10.719370 76.252173
-52.306114 -160.810391
-60.792252 127.262878
-60.860217 130.225823
-56.306674 130.264238
-60.535429 127.356128
47.431756 133.191124
51.848231 133.154706
46.748611 135.707648
51.675970 136.235652
122.871778 199.207163
122.613605 196.242988
-23.201653 142.252277
-22.929436 145.316995
-77.201495 139.251818
-81.343391 142.358067
-37.088867 157.779289
-36.747339 154.970168
-98.181864 82.302622
-131.795800 73.149690
-135.460825 73.494276
-36.097647 64.263788
-40.383932 63.947675
-39.598918 61.221553
-35.505658 139.413225
-31.631677 133.404168
-31.265381 136.247593
-27.806446 100.379909
-27.153768 103.255391
-27.934447 102.880160
-93.770933 109.361353
-94.489336 100.364331
-98.203857 100.266229
-31.303092 187.273519
-37.010949 184.937286
47.884362 196.352104
77.006746 181.223192
88.409772 176.006591
9.601934 168.244146
-52.262101 160.273481
-27.156415 151.336647
102.143098 145.417432
-7.515929 136.964916
68.027474 132.262595
-2.074819 127.363302
-77.116939 118.342738
-2.179105 118.233649
-23.768366 99.321320
-18.764875 76.495029
-157.752800 55.343067
-156.255044 58.323275
39.554235 142.351598
38.922570 142.173750
39.140165 142.201898
38.993452 142.299123
81.262751 205.458168
97.592883 190.217158
59.566992 189.461887
22.764030 187.303804
43.764377 187.349880
102.019845 175.253591
1.805240 172.274248
101.829079 169.309823
106.248196 169.395635
39.276781 154.293796
97.879690 154.343385
80.267903 150.353232
-19.074394 148.295529
51.281517 144.425554
-56.329106 139.286934
-31.194971 97.353331
-6.405976 31.263834
-106.290012 97.352562
-106.719922 94.227408
-52.106575 64.492017
-52.968815 63.749248
-52.618106 61.192379
-52.108408 64.403157
-52.680230 118.292031
-53.655383 112.835679
-52.106575 115.504818
-52.106575 115.504818
109.689783 195.219725
13.732560 162.421813
127.135270 157.385571
63.929286 153.347962
101.114992 153.381505
71.916247 144.475184
-19.534507 141.240481
147.965351 139.408278
55.776328 136.151575
106.188342 127.340323
-20.394188 79.875895
-22.877018 58.490511
-72.922390 76.225345
-77.193551 76.162503
-69.260962 148.232497
-72.889568 154.514607
-68.806715 148.324583
54.568815 118.928487
51.428312 119.842046
-52.674608 121.202064
-47.883293 127.507830
-53.005611 126.394517
-69.312970 43.253157
-69.307169 40.109981
-69.954813 43.355109
-27.887206 130.273560
-44.385629 109.298438
147.616929 208.379265
-43.852843 121.375295
-90.098548 37.306181
-107.872562 121.804635
-69.685025 115.387797
-7.231352 141.454192
121.304116 220.593748
-94.459522 148.203213
-64.814257 154.296153
-132.413903 85.213342
-61.206123 73.350001
-65.429383 69.505467
-73.977435 105.766529
-68.777425 109.503312
-95.407176 166.908538
105.991284 166.295956
106.234530 166.287098
114.457994 194.339071
113.647647 189.396250
-139.628152 94.339292
-31.754550 61.350549
-28.353508 64.826559
134.748856 207.159398
131.246082 208.444338
80.055326 161.380643
89.328196 163.166997
118.493815 181.302845
14.498967 178.384755
-39.709659 157.302479
102.154357 139.510842
-10.429450 91.498794
-27.247686 73.263393
-6.262109 73.337531
-6.299453 37.171081
-52.267061 148.258770
-52.397305 148.201603
-52.439845 154.296329
-27.734604 145.325227
-24.293652 145.839965
-28.611574 145.176683
-48.166174 100.180141
-48.079214 109.263149
52.141807 124.507077
48.103720 125.029577
39.570304 127.372146
39.583100 133.509336
42.576505 130.517523
-52.637610 103.122529
-56.571067 100.187697
-52.120991 100.235714
143.496226 175.293474
143.024509 175.683931
-21.962196 166.401147
-19.080948 166.350455
149.770336 169.143447
152.529291 167.445459
1.103978 140.189891
6.183136 145.298398
6.173339 145.254748
2.037272 111.038105
1.629189 109.212961
2.038956 112.488196
127.116593 202.416348
35.412179 181.376280
6.237547 175.405066
114.577631 175.373733
106.278727 169.393895
-14.598892 157.397049
27.095870 142.323036
143.809859 136.394173
-6.272879 124.401578
110.499490 124.369469
-31.284849 94.378063
6.213910 70.368663
-18.747444 55.340969
-43.833409 -175.679463
68.812657 202.526655
68.812657 199.525902
47.918525 190.523643
85.483507 175.519878
22.912250 166.517619
122.937350 166.517619
14.576825 151.513854
68.812657 133.509336
131.272775 133.509336
114.601925 124.507077
-10.429450 64.492017
