-1.093153325838507271e+03,7.387337974623133050e+02
-7.288956846866516344e+02,7.949578176748428859e+02
-9.455052628508088901e+02,9.752556852461779044e+02
-1.112536251110058629e+03,4.342143925852324742e+02
-9.447624959601379260e+02,-2.222726401888359078e+02
8.070314244980024796e+02,1.516375398506472948e+03
-1.028211641372279246e+03,8.251438510125205994e+02
-1.401457054437683382e+03,6.775626837211473230e+02
-1.187899754685463449e+03,-7.526055232498481473e+01
9.489834733447628423e+02,1.607697141943292991e+03
-3.543572546862215518e+02,1.425115947675071993e+03
6.544183005278616747e+02,1.428921507443014661e+03
-6.128025319171789533e+02,3.169674929837188415e+02
7.569656488014110209e+02,1.492111252708930124e+03
-3.600229367328390708e+02,7.375901969965748322e+02
-6.044200046866258162e+02,4.348674576750503320e+02
6.753301953549586187e+02,1.576977694994068315e+03
-7.288956846866516344e+02,1.005010527674392733e+03
7.292479953134246671e+02,1.425115947675071993e+03
-7.589201749760813982e+02,8.543708761046353857e+02
5.724481818965136881e+02,1.607895266241539730e+03
4.386316622850142721e+02,1.490210682947595160e+03
6.386219342726490140e+02,1.395896781589009834e+03
1.181402651922930545e+03,1.636511614134825777e+03
3.958309953134120178e+02,1.455123477675120512e+03
-5.266032335244772185e+02,1.187900606244614437e+03
2.832545489467961488e+02,1.485228243252159245e+03
9.669909945586355207e+02,1.548542074119631707e+03
-2.365758114929744806e+02,8.270181270551598800e+02
8.049687838603522323e+02,1.455217283902857162e+03
-5.266026960077023205e+02,7.949774272307561205e+02
3.484168088027216186e+02,1.336230659697269402e+03
-9.448232032658580692e+02,6.173485545372878960e+02
6.052592639264020136e+02,1.583210039048369026e+03
5.543486388386342014e+02,1.484352119414472327e+03
3.896997856782252256e+02,1.516608678555916413e+03
1.388471188122106923e+03,1.425841513972877465e+03
3.958309953134120178e+02,1.605161127674573436e+03
-1.193727997926183889e+03,6.751253749467081207e+02
-9.378370046866384655e+02,1.005010527674392733e+03
8.126022453146123325e+02,1.485131007674379362e+03
1.229373495314233423e+03,1.245070767674780882e+03
5.739678250178199050e+02,1.546053532892805833e+03
-8.544827546854508000e+02,8.249653476748914045e+02
1.112284662774196704e+03,1.338980684014413100e+03
-6.949142345271859540e+02,1.065276007107920123e+03
-7.992485333897891451e+02,9.192826086151899290e+02
-1.068541231560384858e+03,4.079574401386804539e+02
5.625394953142080112e+02,1.455123477675120512e+03
-5.690733072802253218e+02,1.096066589519810350e+03
-1.070367863512677332e+03,7.665462580328371587e+02
-6.143300828102699143e+02,6.799854440539908182e+02
-9.038719255024266204e+02,1.037739407812126046e+03
1.021543565314599164e+03,1.515138537674427880e+03
-8.116420732261623243e+02,7.751077974086109634e+02
4.300368041288159588e+02,1.425612486748879292e+03
-7.788197414512854948e+02,6.459681890938836659e+02
-6.044200046866258162e+02,6.149126376745517746e+02
-1.026438271849721332e+03,8.560087789354432743e+02
-1.960444466167946302e+02,7.366938597127476669e+02
5.655600515893182774e+02,1.524181306433800501e+03
-3.626745360078207341e+02,9.154236247482085673e+02
-1.521316754685476099e+03,6.149126376745517746e+02
1.073980715998169444e+03,1.456268856774065625e+03
-9.032284488296949121e+02,2.552827300490943685e+02
-8.196978303090620557e+02,1.156545814695647096e+03
-1.258960356603588480e+03,9.178943988782397128e+02
-3.013388658162974139e+02,7.972778687633225445e+02
-9.907337819332384470e+02,9.501737034317900452e+02
-5.083631122861993958e+02,8.868852366045596227e+02
-6.127062760076045151e+02,3.460251141483882407e+02
-8.544827546854508000e+02,8.849804076749884416e+02
8.900393605720701089e+02,1.486599879813707730e+03
-4.377115046858298797e+02,7.649502876747943674e+02
-7.767754548649634216e+02,8.849177850043811304e+02
-4.023095662353691750e+02,8.564308221878164886e+02
-4.788329346862473130e+02,9.149879376750369602e+02
-1.403818859805359125e+03,5.556913426888231697e+02
8.065352649555705966e+02,1.576152947029913321e+03
-1.026248002150266757e+03,1.961993870377621079e+02
-6.131136410051764187e+02,6.465983895923563978e+02
5.625394953142080112e+02,1.455123477675120512e+03
3.890769550501832441e+02,1.425742779567253137e+03
-8.122499346862599623e+02,5.248900476744062189e+02
9.793107453138289884e+02,1.125040647674586808e+03
8.054197653574435662e+02,1.455003503971704959e+03
6.809159838011966031e+02,1.547205057559831403e+03
-2.370134398739321000e+02,7.953188254460362714e+02
3.547095653145739789e+02,1.365100887674974956e+03
5.496150177152965171e+02,1.458662231013936207e+03
-6.945727272936093186e+02,5.267738167000841258e+02
-1.152635609037884933e+03,9.450012518020112111e+02
-9.861016033092306543e+02,5.273159818735957742e+02
3.894644928500939614e+02,1.275408911109119117e+03
4.380638153141822499e+02,1.305085827674877919e+03
2.644451370183648464e+02,1.458149767598586550e+03
6.579236413871544755e+02,1.490299644465317670e+03
-9.448717511462481298e+02,1.366416270786865653e+03
-9.864026933968816593e+02,4.072198585158237734e+02
-8.183181505186080358e+02,1.647151773769678016e+02
1.075946722410992834e+03,1.605843431274552131e+03
-1.077946235726582927e+03,1.221302342234315574e+03
-9.032212351307456402e+02,9.467931402000129992e+02
3.241067829261369297e+02,1.307017831239025099e+03
1.146019245314625095e+03,1.575153597674524917e+03
-4.440100402540079472e+02,5.845910629601837627e+02
8.126022453146123325e+02,1.545146067674476399e+03
-5.290683610450046217e+02,7.346301446772481540e+02
4.639359443973200428e+02,1.521057324661465373e+03
5.967069490034997443e+02,1.546454874514203766e+03
8.910050316279850904e+02,1.485696117631475317e+03
-9.217562275477062030e+02,6.467273753551760365e+02
1.306482129363032982e+03,1.454346369446961262e+03
6.812235170382142542e+02,1.576608659256309693e+03
4.709380605986091268e+02,1.485412416383803475e+03
-6.103468626870250091e+02,4.667862955112040595e+02
5.149916700279535462e+02,1.215013377943000251e+03
1.161384936683364913e+03,1.424621806550504743e+03
-1.176642393707851625e+03,1.036462067193568373e+03
1.182027967498790304e+03,1.516282305842702499e+03
2.382808157612257958e+02,1.518635370989152989e+03
9.708165612616525095e+02,1.545410789210416624e+03
4.791852453145997401e+02,1.515138537674427880e+03
-6.343852127482326750e+02,9.164887796098504396e+02
-1.320443161214815063e+03,8.571626204773858717e+02
-4.027445303188335970e+02,8.257415934548630503e+02
-3.543572546862215518e+02,7.649502876747943674e+02
-8.122499346862599623e+02,4.048599276750018134e+02
1.097708145118202765e+03,1.546232550964650727e+03
-4.861538381401864513e+02,2.544774350176685118e+02
7.230617023400270682e+02,1.456066046964168436e+03
-8.191442982005524982e+02,5.269298774062127677e+02
1.097925338718521971e+03,1.576310114319290278e+03
-6.987001971697270619e+01,1.125840631853783179e+03
-3.007412235966831986e+02,6.464025855631147124e+02
9.726242307285131119e+02,1.186439605545009044e+03
-7.711285046858424721e+02,9.149879376750369602e+02
-6.122360571450161615e+02,8.263811666176127346e+02
-2.790779973771599316e+02,9.152312711900611930e+02
7.967604546812908666e+02,1.611234716981575275e+03
1.204164538486999618e+03,1.457960776866989136e+03
9.516732483914431668e+02,1.457659134779646820e+03
1.021543565314599164e+03,1.485131007674379362e+03
1.097232768642747033e+03,1.516317398331036429e+03
-2.340700010294718254e+02,7.661969552021635081e+02
-2.782280190815097853e+02,6.450975783638524490e+02
4.285978640181214132e+02,1.579001456965556144e+03
5.559082619634397133e+02,1.456258520675242607e+03
-3.446910208420455319e+02,6.753316384464765179e+02
-2.780887261106790902e+02,1.277141199077623924e+03
-5.709101278140732347e+02,1.035246683310230310e+03
7.229781980270088297e+02,1.515582633371637939e+03
1.113773559289694731e+03,1.574686259197067557e+03
5.227732499631684959e+02,1.703304351735997216e+03
5.735216895597910991e+01,1.217361354617109555e+03
7.714808153141948424e+02,1.275078297674829400e+03
-9.378370046866384655e+02,4.948825176751473691e+02
5.482549829536345669e+02,1.612310028537086509e+03
-3.241534333439142301e+02,6.800674055123624839e+02
-1.941276453813294438e+02,6.470562722543289738e+02
1.089475712871298583e+03,1.401912524074442445e+03
8.884360973391701464e+02,1.665218528147138613e+03
8.848825843277149943e+02,1.640565173538602949e+03
1.005268309748641059e+03,1.490648322358943915e+03
7.478259638607335091e+01,1.188619613963262736e+03
-4.011891263691992435e+02,6.765243330907337622e+02
-6.098789270459207046e+02,6.174121378224580212e+02
-8.956041846858682902e+02,5.849051076745032560e+02
1.015240123760404458e+03,1.545741413547957336e+03
-3.121244346854513196e+02,8.549728776749399231e+02
1.811392060469581793e+02,1.395985224890772997e+03
-2.768239486780981906e+01,1.426467718828225088e+03
-1.454159346862346922e+02,1.425115947675071993e+03
5.048568700872716022e+02,1.159242506783138424e+03
-8.580736572973726197e+02,7.959480727506639823e+02
-9.015863482006265031e+02,6.465249066740249191e+02
-6.206168468662637849e+01,7.349427576747458488e+02
5.560570424968763064e+02,1.727575435159202470e+03
3.852051944318574783e+02,1.397501167999705785e+03
2.215152272311317461e+02,1.276050283052438544e+03
5.323345811039898763e+02,1.213556511896456186e+03
-5.279338981022629014e+02,4.360148230183062878e+02
-6.044200046866258162e+02,1.155048177674635326e+03
-3.418284189175250276e+02,6.756051437976936995e+02
-4.451479504245868952e+02,5.862046306537630471e+02
8.905346591801502427e+02,1.485977244427854203e+03
9.712733845638441608e+02,1.456507239014346624e+03
8.959564953142206605e+02,1.485131007674379362e+03
-9.847667811584183255e+02,1.126896656268841298e+03
7.396471526197232151e+02,1.577394491555742206e+03
-6.948679414915562802e+02,1.368353651114725835e+02
-1.229021184685880826e+03,4.948825176751473691e+02
-1.312375434685489154e+03,8.249653476748914045e+02
2.957527197857511965e+02,1.430309456267938231e+03
-9.442707750572299119e+02,5.563546447002855757e+02
-1.325073007031118550e+03,7.381711115955685045e+02
-4.859436399716340702e+02,8.561838849189026632e+02
-1.521316754685476099e+03,2.248147476747107021e+02
-7.787018424264153964e+02,4.953383728788831490e+02
-1.402505786093968709e+03,6.167066892721993554e+02
-2.631318573289492520e+02,6.805336899651852036e+02
-2.348308274012731260e+02,5.549140334103047962e+02
1.062664995313437203e+03,1.545146067674476399e+03
1.146019245314625095e+03,1.485131007674379362e+03
8.126022453146123325e+02,1.515138537674427880e+03
-4.381640867915523927e+02,9.586783881447282738e+02
-3.622050500897728966e+02,5.253059198880347367e+02
9.915249120163190355e+02,1.727602262094020944e+03
-6.044200046866258162e+02,9.750029976751339973e+02
-9.740579913250753634e+02,1.679942937353215200e+02
7.253039353911254921e+02,1.575591209290362031e+03
4.306077466942813885e+02,1.367448847275195021e+03
5.556079365690296754e+02,1.366080209089532673e+03
-7.008031994696769971e+02,1.339879718547921584e+03
1.140927264799014210e+03,1.457120649770437922e+03
8.126022453146123325e+02,1.665176187674670473e+03
3.547095653145739789e+02,1.275078297674829400e+03
9.316239552756363764e+02,1.487892180221850140e+03
-1.483589267808991281e+03,7.660815353737982605e+02
-1.027759426275026499e+03,-1.053485455620426308e+02
3.052869140415522224e+02,1.365548847363706045e+03
-6.455414346854639689e+02,4.648749876750988506e+02
-1.009655122120309443e+03,1.064990721144919803e+02
-9.262784224917566007e+02,1.356805296213586871e+02
9.311148179062309964e+02,1.606598188257306902e+03
-5.920794976744348332e+02,8.565826752024470352e+02
1.055961014746475939e+03,1.576725717224117261e+03
9.236747285974100805e+02,1.702669263750787877e+03
-8.653100317222169906e+02,6.472764470713584615e+02
4.717534620040621007e+02,1.215646146121962829e+03
4.895274811305387175e+02,1.215062033721906118e+03
7.741426787503910418e+02,1.613795414291810630e+03
5.156600899561417464e+02,1.156573251410201237e+03
-7.790918978072974141e+02,4.058040935405232972e+02
-1.222409221246897005e+03,1.126788110234698934e+03
-6.113202130163174388e+02,7.955474698543380327e+02
-1.327751251860160437e+03,1.129681349005212041e+03
-5.129002327693959842e+02,8.563800404202513619e+02
1.805960744712449468e+02,1.245897501181212192e+03
3.434079389743649813e+02,1.399633074117834212e+03
-4.788329346862473130e+02,1.035018057674441252e+03
-1.152346064701076784e+03,8.555527441159065347e+02
1.142345790222104370e+03,1.575111995100323156e+03
1.140969285023721568e+03,1.485927928973433836e+03
-7.864211133353953755e+02,7.404026202185311831e+02
-4.443278624263977008e+02,5.560803603940244102e+02
1.389271788254046669e+03,1.397030589753895129e+03
9.282513249348961608e+02,1.517995345014946452e+03
5.768803642113736032e+02,1.454466480198723048e+03
1.146019245314625095e+03,1.455123477675120512e+03
3.958309953134120178e+02,1.485131007674379362e+03
-8.599935150299147608e+02,7.659903091275541556e+02
1.021543565314599164e+03,1.095033117674538289e+03
5.566045643783415926e+02,1.156117581624119339e+03
-8.174481064772934360e+02,-1.314623137521844853e+01
3.958309953134120178e+02,1.485131007674379362e+03
-5.621871846858556410e+02,1.185055707674683845e+03
8.882447004945165645e+02,1.364770983139162581e+03
5.313112708226060477e+02,1.187021937013861134e+03
-7.837597682754656034e+02,1.157706849537264588e+03
-1.009092494620348930e+03,7.568585302450338759e+01
-4.437447378583624982e+02,7.666868639897946878e+02
-9.378370046866384655e+02,-1.052680823250333333e+02
-9.438365167577051125e+02,7.653172771273145827e+02
7.648146370618532046e+02,1.695128016283979150e+03
1.229373495314233423e+03,1.635168657674621954e+03
7.655597416405132662e+02,1.456300111117435335e+03
1.323688687958261653e+03,1.459260546650462175e+03
-9.859530771681394299e+02,8.555285923763046867e+02
-1.161434649332948538e+03,2.003682659990051320e+02
-5.241023119075575778e+02,5.259685317506316551e+02
6.979917219553036603e+02,1.635843104946387257e+03
1.271606315313424147e+03,1.245070767674780882e+03
-7.776417348326650654e+02,5.264817962836776815e+02
1.062664995313437203e+03,1.725191247674767510e+03
4.720648430676444605e+02,1.515159291816635459e+03
5.962162494652235409e+02,1.247079393284348726e+03
3.882085715265488943e+02,1.246895670094427715e+03
9.519910280769266819e+02,1.547420886661749364e+03
7.215619700872058502e+02,1.637318470290378173e+03
1.264498896530250249e+03,1.424901090830117937e+03
6.773752387407795368e+02,1.489498989289609653e+03
-5.687766606492076562e+02,8.554425122418813316e+02
-1.236954423300102235e+03,8.875596799839423738e+02
1.180964969688267274e+03,1.637634186120018967e+03
-3.954786846866389851e+02,5.849051076745032560e+02
3.489066469960071686e+02,1.454601383801163820e+03
7.655604943399411013e+02,1.545853780237007641e+03
6.815264233925429380e+02,1.606552888590216071e+03
-4.095205871496990540e+02,9.785358137913851806e+02
1.880010653137779286e+02,1.455123477675120512e+03
-8.043921952034198739e+02,7.059979857297807939e+02
-1.006068145909116424e+03,8.280568997970384544e+02
-9.443541171442127506e+02,7.534836382966274471e+01
-1.070773758576375485e+03,9.472198678221448063e+02
8.697708014501266689e+02,1.608718727078759457e+03
3.482056676115325331e+02,1.335868086750049315e+03
-1.079112080309157818e+03,1.039467195131482413e+03
3.476622958421018552e+02,1.577203201320040534e+03
-5.686643922821014030e+02,2.854172585844873993e+02
-6.953749291444844403e+02,4.663779497130111622e+02
7.588176675717667194e+02,1.578931128590643993e+03
-5.686381993215438797e+02,1.156152095254612505e+03
8.058692118201894345e+02,1.214522118627375221e+03
-1.145666934686272498e+03,-4.525302232493628907e+01
1.880010653137779286e+02,1.245070767674780882e+03
-1.104545504685855121e+03,7.649502876747943674e+02
-2.287701846858429917e+02,8.549728776749399231e+02
9.793107453138289884e+02,1.125040647674586808e+03
-1.367832286248704349e+03,4.958240564036221940e+02
3.882980578415080686e+02,1.395707747790083886e+03
1.046468153141696291e+02,1.365100887674974956e+03
1.033130299114680838e+03,1.665301057038115232e+03
-1.236207600527956401e+03,7.670998725470871022e+02
-1.119894389539985866e+02,8.855278354585618672e+02
8.548350653138031703e+02,1.455123477675120512e+03
4.723022623037602443e+02,1.455469551899710268e+03
-1.651506456208556301e+03,5.561931819966868034e+02
-9.835346920232210550e+02,7.646630897662651023e+02
-9.905068379156490437e+02,1.247043595162906058e+03
3.863010096146093133e+02,1.548156944295655876e+03
-1.612393946691145402e+03,5.245597661587072480e+02
-9.378370046866384655e+02,4.476956767441957652e+01
-3.954786846866389851e+02,5.849051076745032560e+02
4.088124837861251990e+02,1.607204687550958170e+03
-2.750464712792905857e+02,7.363345798877126072e+02
6.881265653145866281e+02,1.365100887674974956e+03
1.139049994034384554e+03,1.576082776972070633e+03
-3.603984062834582573e+02,1.364992917322539938e+02
5.561644485099227495e+02,1.544447082849749449e+03
5.472640808049631005e+02,1.460922266221700283e+03
3.079251915163504236e+02,1.276564030302505444e+03
-8.192795456648567551e+02,8.860184756974297215e+02
-1.951348513515887646e+02,8.571951735103330066e+02
-3.181673708417290527e+02,7.364186786115180894e+02
-7.413492277047339485e+02,9.756485386182957882e+02
5.625394953142080112e+02,1.725191247674767510e+03
7.292479953134246671e+02,1.665176187674670473e+03
-7.779830545432739655e+02,7.675950646915182460e+02
-5.681191404943120915e+02,1.361001198246555646e+02
1.117860486230152446e+03,1.455597430642583049e+03
1.305508813168884444e+03,1.367408473009441423e+03
4.732576660760259983e+02,1.186411763941341178e+03
-5.684548217197489066e+02,4.359730300237638403e+02
7.714808153141948424e+02,1.575153597674524917e+03
-1.320965719809545135e+03,8.554948422955812930e+02
3.880594788049286308e+02,1.395170313503815350e+03
-1.563210758152661356e+03,6.536052592999817534e+02
9.309997847267178486e+02,1.485129573214174343e+03
8.493013102994525525e+02,1.515172548033056728e+03
8.671704364485570977e+02,1.573731529018604306e+03
-5.780073970974543727e+02,7.401951359510654811e+02
4.649439595566982462e+02,1.221184658313129376e+03
9.793107453138289884e+02,1.485131007674379362e+03
5.320671454079447358e+02,1.158544257821646397e+03
-7.780002311066598395e+02,1.096798463772038758e+03
6.998246710319006070e+02,1.488989418881797519e+03
6.581026948987113201e+02,1.187319306178145098e+03
6.047723153133988490e+02,1.395108417675023475e+03
-5.281448398619575073e+02,1.216188183176154098e+03
5.561312203503847513e+02,1.455284840050172534e+03
-7.763238262515889119e+02,4.346548206062989834e+02
6.396108086645807589e+02,1.425573616130448727e+03
5.319925588582265163e+02,1.459031385510028713e+03
3.958309953134120178e+02,1.515138537674427880e+03
-3.198101679221795166e+02,1.156432349930679720e+03
8.677578188376171511e+02,1.483795048851546881e+03
-4.250491493974080868e+02,7.357455831762631533e+02
6.047723153133988490e+02,1.455123477675120512e+03
1.379878859654408529e+02,1.455630924542312869e+03
-1.062312684686664397e+03,9.449954676750854787e+02
7.223204902922877864e+02,1.486377294271042501e+03
3.053482587408912536e+02,1.276659356466502686e+03
1.140112089418659025e+03,1.546523952692827606e+03
7.402367502411093483e+02,1.574619955427164541e+03
-7.971536654584574535e+02,6.760636037357578516e+02
-4.060569080068679568e+02,8.281447380508889182e+02
6.394060133329390965e+02,1.486261533793272974e+03
-5.694902724123048756e+02,4.954392015528949855e+02
-2.287701846858429917e+02,8.849804076749884416e+02
8.612645456661252865e+02,1.577845854894841978e+03
5.625394953142080112e+02,1.365100887674974956e+03
9.706406039670048358e+02,1.517115306332065984e+03
5.726592381833829677e+02,1.548361014435144625e+03
8.055630230905683220e+02,1.576592115454220675e+03
-1.109255332841593145e+02,9.146296168836051947e+02
1.354960565314611813e+03,1.545146067674476399e+03
9.713462983446299859e+02,1.397049839638349113e+03
7.599277977131831676e+02,1.489293848998435124e+03
6.047723153133988490e+02,1.185055707674683845e+03
3.474350606894665816e+02,1.545532693361800057e+03
-6.366683110959627356e+02,7.659803288820387479e+02
7.221003999207681545e+02,1.454587578363180910e+03
1.097096952535243190e+03,1.515847531164037491e+03
-2.353585890350032628e+02,7.057858719215291785e+02
-4.827391880880373947e+02,7.050521052212201312e+02
-8.186941732676680203e+02,8.256835361753568350e+02
5.988168108184961511e+02,1.456753667876831287e+03
-5.889234123362718947e+02,4.358094627763301219e+02
-1.021191254686246793e+03,8.249653476748914045e+02
-1.276548382425146201e+03,-1.373191764657931202e+01
2.713553153133862565e+02,1.365100887674974956e+03
6.413619168060973834e+02,1.306468861697684588e+03
7.657942597526568989e+02,1.787805041397029527e+03
-1.202835430885888400e+03,-8.810210196856026243e+00
-9.073197736032306011e+02,-4.079675974690400864e+01
-3.598814204606289877e+02,5.239076153626006089e+02
1.133910817346174554e+03,1.458738716399538362e+03
2.291224953141954188e+02,1.485131007674379362e+03
8.478907586788739081e+02,1.695537410706116134e+03
9.072792041687296205e+02,1.484076779309142921e+03
-4.246928638260770867e+02,1.125677720120197137e+03
-3.608782395992150214e+02,1.067237386712285115e+03
-7.440785934408576168e+02,1.011801091291491389e+03
4.237011822722382703e+02,1.517745373834092334e+03
-2.771701143298479337e+02,6.750704591262460781e+02
-3.121244346854513196e+02,7.649502876747943674e+02
-6.940608940296307310e+02,5.555820897059483059e+02
-8.189092542195627402e+02,6.474975502796467026e+02
1.579781186347280197e+01,1.335887240104366128e+03
-7.370112287546456855e+02,1.156182295974510225e+03
4.731436732042307085e+02,1.547371965015511478e+03
-5.694483522666021145e+02,8.560188025989097014e+02
-2.003192291993683511e+02,7.684799554632770651e+02
1.116345045223552688e+03,1.487785152701736479e+03
1.266477313987357320e+03,1.394995811071805974e+03
9.793107453138289884e+02,1.785206307674864547e+03
1.129575719020974248e+03,1.490576117202612750e+03
5.289485223201576218e+02,1.457175990465490713e+03
-6.367022637550953732e+02,5.252562079483823254e+02
-4.680743025330488649e+02,1.097708915907851178e+03
-4.377115046858298797e+02,1.095033117674538289e+03
-7.449355872232442835e+02,1.107373132703485226e+02
4.308427780844522772e+02,1.485544784561435563e+03
1.056617442210351328e+03,1.546010665037655599e+03
8.959564953142206605e+02,1.545146067674476399e+03
1.088269844128913064e+03,1.430149734493003052e+03
-5.621871846858556410e+02,6.449201676746002931e+02
9.051492825812845240e+02,1.639406304843754924e+03
-7.288956846866516344e+02,5.849051076745032560e+02
-8.186628286485064336e+02,4.663660336330517566e+02
6.375900055015571297e+02,1.455484063454881834e+03
5.551896901489834590e+02,1.276568030664818252e+03
8.548350653138031703e+02,1.365100887674974956e+03
1.074359705897190224e+03,1.519037291047487088e+03
7.204421334510820998e+02,1.485893204430931746e+03
5.450853507615091758e+02,1.489322956873322937e+03
1.056148164544636074e+03,1.606760365599640181e+03
-6.101535740307809874e+02,8.257608190152828911e+02
1.515464671185774932e+03,1.908025163006368530e+03
5.558696880536876961e+02,1.454757245167402061e+03
1.305961124984220760e+03,1.246306007801371607e+03
-1.876487546854255584e+02,5.849051076745032560e+02
5.560251888892839816e+02,1.187794606697259269e+03
-3.016144280756639660e+02,7.651473718398448227e+02
-6.044200046866258162e+02,1.005010527674392733e+03
-6.106867485352240692e+02,8.871431881265591528e+02
-3.121244346854513196e+02,1.155048177674635326e+03
4.726375359432916525e+02,1.335840617287047280e+03
-2.781091337431921602e+02,7.346472059956312251e+02
-3.171949988073709505e+02,6.464471308455790677e+02
3.495542775791828944e+02,1.245063829682702135e+03
-1.069987687729729487e+03,9.463565849478726477e+02
7.645602673679977670e+02,1.516194461762518586e+03
-7.404448752868057682e+02,3.483213348608588831e+02
4.909996957018806825e+02,1.488297245174380350e+03
-4.006404188754600000e+02,7.058224833187368858e+02
5.978726009095892096e+02,1.425355398132297978e+03
1.305780319202471219e+03,1.425786273525033266e+03
6.595574685689651915e+02,1.487063367982604404e+03
-8.004084911138645566e+02,7.349870555275624611e+02
1.014529509158650171e+03,1.606431964958323988e+03
5.214180653137905210e+02,1.545146067674476399e+03
-6.877742546862341442e+02,1.647996876746136650e+02
-3.203625945324749296e+02,6.167890849582512374e+02
1.243297268636730678e+03,1.277324958604344829e+03
-2.710030046866132238e+02,7.649502876747943674e+02
5.141150994175698088e+02,1.456170864259381005e+03
5.625394953142080112e+02,1.665176187674670473e+03
-3.195296990718937309e+02,4.359458449715963866e+02
-4.264855275023256809e+02,6.166048177539852304e+02
8.126022453146123325e+02,1.485131007674379362e+03
-2.785253353144463517e+02,7.355815810228054943e+02
9.265530436884972687e+02,1.518683367421845333e+03
-4.858198021424503850e+02,8.847758982664380483e+02
-4.264588692911128192e+02,8.876571481404581618e+02
-7.711285046858424721e+02,7.949578176748428859e+02
1.015926770729325312e+03,1.486226469725095740e+03
1.199990239310925745e+03,1.215138135484748545e+03
6.834007993191333981e+02,1.485751697563141079e+03
-9.905176067188400566e+02,1.068013020594572254e+03
-7.711285046858424721e+02,6.449201676746002931e+02
6.316471487952894677e+02,1.430818383218101417e+03
8.879204332711865391e+02,1.425856452911484894e+03
-6.529044753203717164e+02,1.006749276768769619e+03
-3.543572546862215518e+02,7.649502876747943674e+02
-1.876487546854255584e+02,7.949578176748428859e+02
-1.949381922380195249e+02,7.077139871898633601e+02
5.563457468466522187e+02,1.547827056303061227e+03
1.015026004681048903e+03,1.335971097608646687e+03
9.654975745277226906e+02,1.490839338248410968e+03
-3.200756880574944034e+02,5.848972520112088205e+02
-1.024552229093844517e+03,5.552981415679870452e+02
-6.772955593075113256e+02,9.473177233958809893e+02
-1.068180332313141662e+03,2.577401318656256990e+02
-1.052956365642676474e+03,1.307448706968958049e+03
-1.194287883355232907e+03,-1.355418031576158171e+02
4.729175993319383338e+02,1.185433820276974075e+03
6.168596659968770837e+02,1.574958951001656033e+03
6.382118461804184335e+02,1.545478412568255635e+03
7.292479953134246671e+02,1.485131007674379362e+03
-1.229021184685880826e+03,9.750029976751339973e+02
3.646298061163589068e+02,1.429139591332835380e+03
-1.100109149534838480e+02,1.217167442876431096e+03
7.218546154138102793e+02,1.486191525711923532e+03
7.234856032901684557e+02,1.456569328777599821e+03
1.229373495314233423e+03,1.485131007674379362e+03
1.092967786335316987e+03,1.550576585400810700e+03
1.104897815314207492e+03,1.485131007674379362e+03
3.958309953134120178e+02,1.215063237674732363e+03
3.450743920348750180e+02,1.367653765267029485e+03
1.139087320668122175e+03,1.485395737622888191e+03
-1.152664876539938177e+03,7.675127683366345082e+02
-1.104545504685855121e+03,5.248900476744062189e+02
9.731214233608952782e+02,1.306580563145484803e+03
-2.772917879580587623e+02,8.252546907346995795e+02
-3.000611104793533741e+02,8.552267520688526474e+02
-6.517016915670818662e+02,6.144374594436862935e+02
-7.205489492165876300e+02,5.274451680597604764e+02
-1.935631741176823652e+02,9.451918522031439807e+02
-4.869494445404845919e+02,1.004812036797267638e+03
9.124853160519838866e+02,1.603799557882514591e+03
-1.027912430052117543e+03,8.262779870196161482e+02
-1.104545504685855121e+03,8.549728776749399231e+02
-2.253683670044908354e+02,1.164175355667116037e+03
-1.327526110820343774e+03,7.718420360584883610e+02
-7.753933496314192553e+02,1.185332773022272931e+03
4.088119024289151753e+02,1.244680287302434181e+03
-9.449407152557176914e+02,8.873131609680679048e+02
5.561587570965621126e+02,1.606022312435457025e+03
1.055158960957754744e+03,1.516643354684098313e+03
1.097866586953962042e+03,1.695305127281103523e+03
-1.749171619678968455e+02,4.937691931709784399e+02
-1.042945046858172304e+02,5.248900476744062189e+02
-9.378370046866384655e+02,6.449201676746002931e+02
3.466373407199654366e+02,1.337398228139356434e+03
7.292479953134246671e+02,1.395108417675023475e+03
9.297924559594900984e+02,1.427018889062117523e+03
5.112612272658849975e+02,1.578184191787249119e+03
1.089641579288007733e+03,1.521955499836843501e+03
4.727780019719032225e+02,1.187056941412265360e+03
8.907355351787895188e+02,1.395083855110997092e+03
-5.621871846858556410e+02,8.249653476748914045e+02
-6.166545092288188243e+02,1.279607176052778414e+03
-5.621871846858556410e+02,1.095033117674538289e+03
-8.181534155682819573e+02,7.071001498495022588e+02
6.609196453113002008e+02,1.428157287299867676e+03
9.312867783882226149e+02,1.274827558611965742e+03
4.791852453145997401e+02,1.215063237674732363e+03
4.020735503180297883e+02,1.189562096094215349e+03
3.063441278222812798e+02,1.456993344599220791e+03
4.728273654173698901e+02,1.395419368941876883e+03
1.878646511092135256e+02,1.495432372714816893e+03
1.074432424487117487e+03,1.484113177017791259e+03
-6.101410059834720414e+02,5.269361519985984614e+02
-1.145666934686272498e+03,9.449954676750854787e+02
-1.955777421341300339e+02,6.154159030403179713e+02
5.927175620718799109e+02,1.219070508239293076e+03
8.893067846383422648e+02,1.605791000651450076e+03
-7.792351508859886735e+02,7.658841091868621334e+02
8.888236292148258144e+02,1.485010969889982107e+03
-5.283965788706888134e+02,5.273279836483548024e+02
7.223438584461030132e+02,1.545624559541306326e+03
3.418703477150725121e+02,1.308376136712844982e+03
7.714808153141948424e+02,1.575153597674524917e+03
1.076233003246101816e+03,1.216380882570390213e+03
-1.177761920652791758e+02,1.280340635347266698e+03
-1.362235203195183885e+03,1.004629384978313851e+03
5.465337781473623409e+02,1.551039366229288589e+03
7.644686093784386003e+02,1.606989251691804611e+03
4.309669918661358565e+02,1.455691669468079226e+03
7.663948574837792194e+02,1.486122438543467752e+03
-5.355936611057855998e+02,7.698754122951704630e+02
-9.798473173682849620e+02,2.780339545737038520e+01
7.638043101052652446e+02,1.576251312365976673e+03
5.059477437226826169e+02,1.399948944678561702e+03
4.679808452440934161e+02,1.368713010637653724e+03
-1.024624512926209718e+03,5.548438981011952364e+02
-6.932103005511852416e+02,1.247001823490785682e+03
-7.844990892254943446e+02,1.187755555122923852e+03
-8.122499346862599623e+02,7.649502876747943674e+02
-1.145666934686272498e+03,9.149879376750369602e+02
-6.581210582983908353e+02,1.008347124708977049e+03
-5.771014535677079493e+02,9.814141266523876084e+02
-6.742628357907185546e+02,1.364126937465501669e+03
-8.544827546854508000e+02,1.275078297674829400e+03
-8.200127389877741280e+02,4.366387173549525187e+02
5.141884556048561308e+02,1.156980111589695753e+03
5.494714205670530873e+02,1.547347588009703713e+03
5.575428451471622111e+02,1.307767891650519687e+03
1.097466335732693324e+03,1.575594551368594466e+03
1.431353705144972082e+03,1.547213857239192521e+03
-1.143040701364162487e+03,9.834551336502335062e+02
-4.441106061894398636e+02,4.347841881558487671e+02
1.014308765298048229e+03,1.576569822524270649e+03
-8.616447661834374685e+02,7.943654876278199026e+02
-6.347451881575700554e+02,7.641235222459307579e+02
-1.943230625366573463e+02,7.665566970859264302e+02
-8.601909029484691018e+02,8.566868116987249095e+02
-1.145666934686272498e+03,7.949578176748428859e+02
-2.355451765043258661e+02,7.350482294579986728e+02
4.293552458422937548e+02,1.455475903813811556e+03
-9.678565513850094248e+02,7.964351531676813920e+02
1.057345981606852774e+03,1.516080157609893604e+03
-3.992226109600484847e+02,9.461565537154701815e+02
-4.070960412375349620e+02,7.982860228820969724e+02
-1.939886181601669364e+02,1.214934590410201281e+03
-9.447996900317587006e+02,3.442011784823550897e+02
-4.652593741029857028e+02,8.861691057971955843e+02
-1.048343486526458491e+03,5.863885404774608787e+02
-2.873051324334732612e+02,5.906052990833388776e+02
-3.954786846866389851e+02,1.035018057674441252e+03
8.126022453146123325e+02,1.485131007674379362e+03
-4.199455684417569614e+02,1.097208485866709680e+03
7.820333708698963164e+02,1.545856118382227351e+03
-3.543572546862215518e+02,1.185055707674683845e+03
-9.437075842602718012e+02,1.485887911746312511e+03
-2.287701846858429917e+02,7.349427576747458488e+02
6.156521213189020045e+02,1.157458405647844529e+03
-6.521505833546664235e+02,8.264095108471782396e+02
-5.582226130072460535e+01,5.890724162169672127e+02
1.015828550899978836e+03,1.545484217343997898e+03
-1.510077083721429858e+02,8.556996544602569656e+02
-9.789584346854766181e+02,-4.525302232493628907e+01
1.032293973941588774e+03,1.371216367070495380e+03
-9.861332426975918679e+02,1.064535991647567698e+03
6.401683859542645223e+02,1.485117057363011327e+03
8.480050381813227887e+02,1.397849529821452506e+03
-2.770453411032750637e+02,6.751679627832797905e+02
3.513474130715702586e+02,1.515792934787431705e+03
-1.941856464712269315e+02,8.260330370342454671e+02
-6.948911666940917939e+02,5.576111869137163239e+02
-6.525779905904081488e+02,9.445968253020745351e+02
-6.529632834277402935e+02,9.457657690636860934e+02
-7.205449080391422285e+02,7.970168979307524069e+02
-1.948336656514202332e+02,5.546362433467460278e+02
-2.589484680302367678e+02,5.268237836867348278e+02
4.714152660958166621e+02,1.516491229922103230e+03
9.319939970256616562e+02,1.305979471974929766e+03
8.237362279679106223e+02,1.426068624874094212e+03
-6.942686808715930056e+02,4.955834150803142393e+02
5.222760263686171811e+02,1.494420755534918953e+03
1.055410011337773994e+03,1.665753152180653160e+03
3.547095653145739789e+02,1.485131007674379362e+03
6.794996450189130428e+02,1.516186549145195613e+03
6.389859335620599268e+02,1.127556088263447464e+03
-1.222440243249227706e+03,4.582104408814214480e+01
-9.022247060563857985e+02,9.450216455612488744e+02
1.180747010118567914e+03,1.514803185333592410e+03
9.736442020833176230e+02,1.484469692782994116e+03
3.053727960498388825e+02,1.275242578645746789e+03
8.126022453146123325e+02,1.455123477675120512e+03
9.317577152259860895e+02,1.487679144158231793e+03
9.322970101081855319e+02,1.486334708758528677e+03
-4.377115046858298797e+02,1.005010527674392733e+03
-1.271254004686651115e+03,8.549728776749399231e+02
4.644840073207369073e+02,1.281310671727087765e+03
4.744993929728844932e+02,1.605925556393826128e+03
-1.152490119101994196e+03,8.262886028472015596e+02
7.646524497560001237e+02,1.547504891748052160e+03
-5.621871846858556410e+02,9.750029976751339973e+02
-6.109205968622406999e+02,1.127315457054490253e+03
7.598330101786342539e+02,1.639335049510081944e+03
-3.121244346854513196e+02,7.349427576747458488e+02
5.625394953142080112e+02,1.365100887674974956e+03
8.266613987551349965e+02,1.575977560529581069e+03
8.873882907874533430e+02,1.575760004070613377e+03
1.347138192252542694e+03,1.334960029250727075e+03
-8.128522597791700264e+02,8.646976180880612901e+02
-2.370997545202527022e+02,7.364297438343610338e+02
-9.018399028237513448e+02,8.868516850590324339e+02
1.070874664817696612e+03,1.546338481155104546e+03
-8.817084816573407124e+02,8.277570338474821483e+02
-1.069163704019747911e+03,-4.456177852103437687e+01
3.550229074345120921e+02,1.345477488098780441e+03
1.305209791478583838e+03,1.515479307959735252e+03
7.485542617273617907e+02,1.455821582193608265e+03
6.395112924168055315e+02,1.605095205989113765e+03
-1.145666934686272498e+03,9.750029976751339973e+02
-4.650128380542855666e+02,2.252497322806411830e+02
2.713553153133862565e+02,1.275078297674829400e+03
3.892266590756411233e+02,1.545819977652159196e+03
-6.877742546862341442e+02,8.549728776749399231e+02
-6.943239844148857856e+02,1.336185990352122644e+03
-9.080217965457874243e+02,8.285095039438011781e+02
9.381893153134114982e+02,1.215063237674732363e+03
-3.954786846866389851e+02,1.035018057674441252e+03
7.174201883132623152e+02,1.606863249994897160e+03
-1.930437082841776828e+02,8.567741824757836184e+02
-2.003844027885037065e+02,9.194227523238939739e+02
-5.685172639130033758e+02,4.655804477666781622e+02
-8.176632136200497598e+02,7.972074285880357820e+02
-7.771855952173048081e+02,9.776700815108772531e+02
6.807789029686861113e+02,1.516658539265285071e+03
3.486542399726340591e+02,1.275330935965263279e+03
-7.781300695665738658e+02,1.247083601982701566e+03
8.058275662291994195e+02,1.426391864562943738e+03
-7.711285046858424721e+02,1.155048177674635326e+03
5.104935442361359037e+02,1.219969165439923472e+03
6.399515523973484505e+02,1.575889292058096771e+03
-3.434965053824957977e+02,6.458466805282751011e+02
-2.143419675312110257e+02,4.935057318311722270e+02
8.060840431494669929e+02,1.606750780203908334e+03
6.381167779284153312e+02,1.845592336788069133e+03
-1.067465038766010139e+03,7.595979467791651984e+01
8.548350653138031703e+02,1.395108417675023475e+03
4.903104427493416893e+02,1.637990949472807642e+03
2.646704116942768223e+02,1.276452551143779147e+03
1.229373495314233423e+03,1.575153597674524917e+03
8.057706465314363413e+02,1.394329445915655242e+03
4.667402995404031572e+02,1.308066647491651111e+03
-8.122499346862599623e+02,7.949578176748428859e+02
9.381893153134114982e+02,1.635168657674621954e+03
1.388742408208911911e+03,1.425738438395228741e+03
3.477286144218528534e+02,1.394351010786877396e+03
1.264904701423974984e+03,1.785873953180040189e+03
1.140196591963127503e+03,1.576852219658773492e+03
3.547095653145739789e+02,1.365100887674974956e+03
-3.209477169311541047e+02,4.962537633827441255e+02
9.712359086676236757e+02,1.664302063618951934e+03
1.222878472777028946e+03,1.457195577658959792e+03
-2.348127320919033423e+02,7.357056321275406390e+02
-1.951978600511413902e+02,1.185903926739023291e+03
-9.443896941800690001e+02,1.669408579038501159e+02
8.437371392988443404e+02,1.487906252770137144e+03
5.556136743498336727e+02,1.455210363156820449e+03
5.897421185868593057e+02,1.671648308131572094e+03
-4.451208219829329664e+02,6.758568795457945271e+02
-6.369143123586362663e+02,6.169018997514160674e+02
1.196375796951849452e+03,1.486940647322464883e+03
1.312727745313841524e+03,1.515138537674427880e+03
-2.616382791136347805e+02,8.272699060000984446e+02
-1.518408352008652287e+02,6.161723883214330044e+02
-5.210657546854381508e+02,4.648749876750988506e+02
3.694459723682807066e+02,1.425344667494829082e+03
4.674313271366344225e+02,1.369124594222867472e+03
1.188252065313815820e+03,1.395108417675023475e+03
5.145463654107664979e+02,1.456016118928191645e+03
-4.534303846840561505e+02,1.011437003199060541e+03
4.731853358446298898e+02,1.215028562701867259e+03
9.725923324070885201e+02,1.576580668464389646e+03
7.981884629367431216e+02,1.611723052063737214e+03
8.126022453146123325e+02,1.425115947675071993e+03
4.380638153141822499e+02,1.545146067674476399e+03
-2.710030046866132238e+02,6.149126376745517746e+02
-6.044200046866258162e+02,9.449954676750854787e+02
5.931655265800894767e+02,1.128082464603077597e+03
1.222438689279693108e+03,1.575364797651033996e+03
-7.778133170688969358e+02,1.096332962074248826e+03
6.401615639289653927e+02,1.455481674152748383e+03
-8.122499346862599623e+02,6.149126376745517746e+02
-8.620792775596839874e+02,1.066316024640658270e+03
9.756982781560374178e+02,1.666203468305405750e+03
-8.408816613581611819e+02,1.350110650374190300e+02
1.264543487829535707e+03,1.515777682612721492e+03
5.971448002176279033e+02,1.515814719845572654e+03
3.483581355933731629e+02,1.424261945428276249e+03
-1.027732279822120972e+03,1.185512133383708488e+03
1.146019245314625095e+03,1.305085827674877919e+03
7.205461693574258106e+02,1.486308833810908936e+03
-2.039720344108847598e+02,8.891632012409723984e+02
6.809561208598406665e+02,1.517245017774277130e+03
8.885077330365518264e+02,1.425355223210414806e+03
-3.954786846866389851e+02,6.749276976746488117e+02
5.747928092651469569e+02,1.488856846930954816e+03
1.221010912207594401e+03,1.516531468609913645e+03
3.547095653145739789e+02,1.485131007674379362e+03
-1.949081020162975619e+02,7.950137094930307740e+02
4.910828139922709852e+02,1.453889082929935284e+03
1.222364801076613276e+03,1.455752317315663504e+03
-4.096688930904464883e+02,7.410771825473530043e+02
4.263840563309279332e+02,1.487338945499573356e+03
-7.177469729833163683e+02,1.092944212604639233e+03
6.458937453138163391e+02,1.395108417675023475e+03
8.060310341312824676e+02,1.456910136710592724e+03
1.181361216302638695e+03,1.517376185162581578e+03
1.118026735607071259e+03,1.547712564381874927e+03
6.458937453138163391e+02,1.695183717674718991e+03
3.654320802759968956e+02,1.308595447094826568e+03
7.809679311480861088e+02,1.364317220499663108e+03
8.901988233776162360e+02,1.425852025808543658e+03
-7.440705332209802236e+02,7.719712580239317958e+02
-7.784111122830694285e+02,6.161544415274993298e+02
1.306055792138412016e+03,2.026183681281793952e+03
1.305428352201444341e+03,1.965758006579891116e+03
8.548350653138031703e+02,1.485131007674379362e+03
-3.687162120271912613e+02,7.677937513509798464e+02
1.146019245314625095e+03,1.425115947675071993e+03
9.219841862444111484e+02,1.550778269813092948e+03
1.093068929660556023e+03,1.517825055467437096e+03
-1.073874463588098706e+03,8.884820306820189444e+02
-1.028762207430076614e+03,9.466501562658675084e+02
1.098138428436843697e+03,1.425167894886226122e+03
1.094037628945801316e+03,1.396526134127738942e+03
8.881712888978354385e+02,1.486617939314580326e+03
-7.999924075333656219e+02,5.873450290659573056e+02
1.051645377090598458e+03,1.371150792120581400e+03
1.146019245314625095e+03,1.395108417675023475e+03
4.728263193196443694e+02,1.576346323058258577e+03
5.129587686579550336e+02,1.578122172837875269e+03
-6.949545902510162705e+02,8.869337318426288448e+02
-8.392288311387529802e+02,8.849733494794428452e+02
-9.789584346854766181e+02,1.647996876746136650e+02
6.392199153056380965e+02,1.396579996858559525e+03
8.915950070165788475e+02,1.454869439238095538e+03
9.216386078725471407e+02,1.550742177587369724e+03
-6.877742546862341442e+02,7.649502876747943674e+02
-4.377115046858298797e+02,6.149126376745517746e+02
-3.604966568412255583e+02,5.856438576793857465e+02
6.135501760475679021e+02,1.758077281640820502e+03
5.978719546256393187e+02,1.755147557371021776e+03
3.061603589874832778e+02,1.275822499241290870e+03
7.695934152200369454e+02,1.554968513050060665e+03
8.600761187819324505e+02,1.546802351358694068e+03
-6.114937730076917433e+02,3.445000820476530521e+02
-6.191849629571473770e+02,1.192268726832665607e+03
7.650516856127021583e+02,1.517752239925677941e+03
5.977879226543373079e+02,1.366061520831091912e+03
-4.788329346862473130e+02,5.248900476744062189e+02
-3.165464010575736324e+02,4.560332375347650213e+01
1.223133174181786444e+03,1.455304771614065885e+03
1.265817012570810220e+03,1.456658451641643069e+03
-8.394537461376778538e+02,8.579367707791647035e+02
-2.794393466387776357e+02,1.125595441605202268e+03
-3.543572546862215518e+02,1.125040647674586808e+03
-1.503499915702002738e+02,6.163543726011383797e+02
1.062664995313437203e+03,1.575153597674524917e+03
1.104897815314207492e+03,1.605161127674573436e+03
-5.292100191913571052e+02,3.474400623906605006e+02
-5.698144633010319922e+02,2.861426987908964747e+02
7.714808153141948424e+02,1.605161127674573436e+03
7.790029468658941596e+02,1.516635767261944238e+03
5.151396960646276284e+02,1.545272699337967424e+03
9.925992502756342901e+02,1.547815092216261746e+03
1.013326050946847317e+03,1.454921219799370192e+03
-7.326239753078943977e+02,1.064717621464609692e+03
1.306168876350145410e+03,1.547253387907450815e+03
6.573926864504360310e+02,1.638255098982516074e+03
7.653811299889911197e+02,1.576460856463444998e+03
-8.428649288722739357e+02,7.046588423213488568e+02
-5.904962039997874399e+02,7.341487339105220826e+02
7.207335368889379197e+02,1.546043903868275947e+03
3.894755785590772916e+02,1.275774120458819425e+03
-2.601868776111749639e+02,7.379869451857663307e+02
9.316272533783967447e+02,1.546260765946428819e+03
-4.409296701127528308e+02,7.966002917451966141e+02
-7.772803686748382006e+02,7.669452062970430006e+02
5.891223201429156688e+02,1.491477302821131616e+03
1.132045765881177886e+03,1.521700536641134249e+03
-2.837006654333102063e+01,7.949125026601250283e+02
4.309510271374730905e+02,1.426980706227430574e+03
-6.877742546862341442e+02,1.275078297674829400e+03
-8.698804182558615139e+02,9.802101242446109381e+02
1.013834585714799800e+03,1.516531912016951310e+03
1.096039117836989362e+03,1.577492510937263205e+03
7.239951260062269967e+02,1.606688977537225810e+03
6.387886271537374796e+02,1.577627670899956911e+03
-9.033128248721284308e+02,8.580108039456547431e+02
-1.021191254686246793e+03,-4.525302232493628907e+01
-1.942286311997208941e+02,6.158575038988418555e+02
-3.595570624908517630e+02,6.760903085686943541e+02
-3.028562301525984708e+02,7.098106157265665388e+02
4.725021713221448181e+02,1.186276485406680195e+03
4.724567694359891448e+02,1.215962810299910188e+03
4.466614419169411576e+02,1.189328948834319363e+03
8.888729193565201285e+02,1.425707599030843085e+03
6.881265653145866281e+02,1.785206307674864547e+03
6.380989556701882748e+02,1.756763817985201285e+03
6.157124303633772797e+02,1.758850888080664618e+03
-5.275926564762102089e+02,8.852743928671909543e+02
4.307834386751698048e+02,1.546634009518619223e+03
-5.621871846858556410e+02,6.149126376745517746e+02
7.226580377733644127e+02,1.755708104018639688e+03
-8.956041846858682902e+02,7.349427576747458488e+02
-8.544827546854508000e+02,7.049352276746973303e+02
-8.591785745334010471e+02,7.643898896294783754e+02
-6.877742546862341442e+02,1.005010527674392733e+03
-8.614602392350964237e+02,1.004158406681820566e+03
-6.944587386561322546e+02,9.769737767458576627e+02
1.606969643342537779e+02,1.275184920610649669e+03
5.850230210456732038e+01,1.276802470765846920e+03
-1.445339963455609450e+03,7.662171605445040541e+02
-2.710030046866132238e+02,7.949578176748428859e+02
-3.194608991137240537e+02,8.866315842770284235e+02
-3.206493186585371404e+02,8.547373834268746577e+02
7.714808153141948424e+02,1.545146067674476399e+03
8.497704337813362372e+02,1.487080304352272833e+03
6.395378679758947555e+02,1.456715701962905086e+03
6.736560987861353169e+02,1.521942894383494377e+03
6.187439982571671635e+02,1.423242821140865317e+03
-6.455414346854639689e+02,1.215063237674732363e+03
-7.333513743129352633e+02,1.185443151778654965e+03
-6.962635509389567687e+02,1.216952134369019177e+03
-9.453672202215694824e+02,9.767566347454683182e+02
6.396276560677634961e+02,1.455899590243060402e+03
5.543347746429703875e+02,1.485644554227868184e+03
4.887107028040696832e+02,1.519984067700311471e+03
5.160718287344109285e+02,1.545751192570171497e+03
-7.335643747694273316e+02,9.754994499793733667e+02
-6.365789334786858262e+02,9.485002282590437517e+02
-3.187270196196103029e+02,6.759958637114738167e+02
8.126022453146123325e+02,1.515138537674427880e+03
4.925820585893496286e+02,1.186982389322253539e+03
-3.821673955515790340e+02,7.075554149778494093e+02
-9.861234740021549214e+02,1.095998974087301121e+03
1.389442315457999257e+03,1.334539415345315547e+03
1.390272252886381466e+03,1.395836496074930210e+03
-5.275100280827028882e+02,5.246016658609129308e+02
-4.493430797916034862e+02,5.597936767798814799e+02
-4.844675051054471169e+02,6.148277052370120828e+02
-7.006745722443216664e+02,1.008307356441923048e+03
3.873065420988976939e+02,1.246585546545191846e+03
6.817820875306017570e+02,1.607957315853000409e+03
7.714808153141948424e+02,1.545146067674476399e+03
-1.191944168075496151e+02,1.189839705462466782e+03
-2.008925432089154697e+02,1.127777888503539998e+03
-1.563304792393935543e+02,1.188551163250274158e+03
-6.513852485994917743e+02,5.849792730888134429e+02
1.271606315313424147e+03,1.485131007674379362e+03
1.181916962113054979e+03,1.426518444688100772e+03
6.576570329199086018e+02,1.637882594759252697e+03
6.405348735539937479e+02,1.516874853649926990e+03
-4.215443291034026743e+02,6.767699307467501058e+02
-4.788329346862473130e+02,1.065025587674489771e+03
-5.621871846858556410e+02,1.095033117674538289e+03
-1.050233727557568500e+03,6.164283110071864940e+02
5.924846506584574399e+02,1.247302484148913663e+03
6.458937453138163391e+02,1.185055707674683845e+03
5.986612035058261654e+02,1.215400205008404100e+03
1.098710087620796685e+03,1.574996993602386965e+03
1.030758646707993648e+03,1.550525070537084503e+03
1.221284803853882522e+03,1.635622680524903444e+03
6.815864003991842992e+02,1.487739639135239031e+03
6.951882290321877917e+02,1.581896444346838052e+03
-6.877742546862341442e+02,4.948825176751473691e+02
-6.114505304011603357e+02,4.654719187179799178e+02
-1.354608254686259443e+03,9.449954676750854787e+02
4.380638153141822499e+02,1.485131007674379362e+03
6.825006039404013336e+02,1.484180906704242261e+03
1.266462277239314517e+03,1.396177789343556015e+03
1.312727745313841524e+03,1.515138537674427880e+03
1.223032498168294069e+03,1.516808310450726367e+03
-6.044200046866258162e+02,1.245070767674780882e+03
-5.284237618199115332e+02,1.214960375540049426e+03
8.959564953142206605e+02,1.575153597674524917e+03
8.474071941137624435e+02,1.547266860495008586e+03
-3.855880308307634436e+02,7.087584409733129860e+02
-4.667095962996366438e+02,6.769283289023813950e+02
3.792295646107522771e+02,1.310437292824728047e+03
1.093154400573554312e+03,1.216767503983911183e+03
8.126022453146123325e+02,1.575153597674524917e+03
-3.193297065295676020e+02,1.063162186908166689e+02
-3.121244346854513196e+02,6.449201676746002931e+02
-2.362247902563884168e+02,7.048257259560272132e+02
5.981596405278985458e+02,1.605707983660925265e+03
7.812583580678102635e+02,1.550236797807431913e+03
1.062664995313437203e+03,1.485131007674379362e+03
8.895102708770292566e+02,1.666701121027028876e+03
-5.293448132203492378e+02,7.351340748515144696e+02
-1.051303062937472305e+03,-1.352023497595043722e+01
-1.193072538162760793e+03,-1.337921277492521455e+01
1.229373495314233423e+03,1.275078297674829400e+03
1.146019245314625095e+03,1.335093357674926438e+03
-3.063152635028216650e+02,7.380424292909086716e+02
5.968344356115431992e+02,1.756441947194116437e+03
9.758359472808162991e+02,1.514865502518905487e+03
9.739506427319747672e+02,1.606672354886160520e+03
4.718503937714803556e+02,1.184938906739155527e+03
6.047723153133988490e+02,1.155048177674635326e+03
-1.319246517998490162e+03,-7.408564414783054985e+01
6.569541930429525110e+02,1.518593710630958412e+03
7.714808153141948424e+02,1.455123477675120512e+03
3.910973327076538339e+02,1.546445185244216646e+03
3.547095653145739789e+02,1.545146067674476399e+03
-1.025772060676821184e+03,7.361715293273982752e+02
-1.528489683446811682e+02,6.165179467544119234e+02
-8.122499346862599623e+02,9.149879376750369602e+02
-7.361732599742967977e+02,8.863044840712943824e+02
1.179903411316945494e+03,1.215934463020561452e+03
5.717561828345880031e+02,1.518498625162921599e+03
-9.945938771674107102e+02,9.791948606865112197e+02
-2.357646328731558469e+02,4.062448549213648334e+02
-8.122499346862599623e+02,6.149126376745517746e+02
2.656337395706977986e+02,1.455462650312344749e+03
3.036928618928602646e+02,1.457357398026625560e+03
-8.617772148202240032e+02,1.065677578877387759e+03
-9.232128674372739852e+02,9.133802579463128950e+02
1.097093020731454772e+03,1.484845363079152094e+03
-7.777205332023811479e+02,5.568085833948732670e+02
-4.444007668304034269e+02,8.851222687827499840e+02
-5.093184144521998746e+02,9.805701053065499764e+02
1.099266851084301379e+03,1.576540155303204756e+03
3.486110919235942447e+02,1.307050767299305562e+03
4.380638153141822499e+02,1.365100887674974956e+03
3.872773855214529135e+02,1.397378110085039452e+03
4.225544615877499837e+02,1.250700382461727486e+03
-7.765505353063679195e+02,5.871307246163290756e+02
8.893662275602018781e+02,1.485263490172287220e+03
7.663396943647579747e+02,1.487014365783239100e+03
8.820540552089364610e+02,1.581178636906587826e+03
5.468997728825532079e+01,1.515407726330065088e+03
1.056598898303310762e+03,1.487025600779185652e+03
9.512408161886581865e+02,1.485645355508240755e+03
-4.018013037304486943e+02,7.964243613458139635e+02
-1.042945046858172304e+02,1.275078297674829400e+03
4.791852453145997401e+02,1.515138537674427880e+03
-4.914099925455280413e+02,4.373620521488675195e+02
9.733584614404536524e+02,1.515726487838028561e+03
7.846955497920221205e+02,1.515174699749029514e+03
6.378597162584289890e+02,1.546975519779078013e+03
3.886220425753194263e+02,1.306721024081385167e+03
5.991101627455796006e+02,1.605479497614705224e+03
-5.280655264010858900e+02,6.770454301744246095e+02
-1.145666934686272498e+03,1.125040647674586808e+03
-8.279755847197485537e+02,8.293470776958963597e+02
-6.946433794304031153e+02,9.761790078940289277e+02
3.021583083391793423e+01,1.308939904625587815e+03
5.062977777866383349e+02,1.490999587587656833e+03
1.142168960008768181e+03,1.575747595891325091e+03
-3.242682236352872565e+02,6.793863841661415108e+02
-3.618514440727476540e+02,1.006915083003196969e+03
4.791852453145997401e+02,1.185055707674683845e+03
1.139122880872524092e+03,1.487179801526663368e+03
-1.239610592162598095e+03,1.039528355465034565e+03
-5.685402695232564838e+02,6.762461927838256770e+02
2.647071992397562781e+02,1.246658138928428116e+03
-4.377115046858298797e+02,4.348674576750503320e+02
-6.915678555840700881e+01,1.156838989194371152e+03
7.817233703725395344e+02,1.457400887013306601e+03
8.236204233132981471e+02,1.368354221686348410e+03
5.484267538626229452e+02,1.551656718093297059e+03
8.061920263959618751e+02,1.517190869199334429e+03
1.261345497510878431e+03,1.576761730401072782e+03
-8.122499346862599623e+02,7.049352276746973303e+02
1.091873539469189154e+03,1.488248241453281935e+03
-5.270517089321675712e+02,7.364001743066459085e+02
-6.193361027623825521e+02,5.620602671956154381e+02
1.104897815314207492e+03,1.485131007674379362e+03
1.222058567617365952e+03,1.516483386474524877e+03
-6.785877287992510674e+02,5.601879918786239614e+02
5.478832314392755052e+02,1.551700058995712880e+03
9.900352848763899374e+02,1.520025247076434653e+03
9.736832009837447686e+02,1.606193868691674425e+03
1.062664995313437203e+03,1.575153597674524917e+03
9.736354807617453844e+01,1.577924539348603503e+03
1.177647237159106680e+03,1.518723119522363731e+03
-3.114506240420953418e+02,2.680740459076424287e+01
-5.940162401577628088e+02,5.872511170947690289e+02
-2.781448933506594017e+02,6.754720629263335923e+02
4.791852453145997401e+02,1.605161127674573436e+03
9.467980420196247451e+02,1.606886652154347075e+03
9.726817192495250310e+02,1.546924936734655375e+03
5.557526245951648889e+02,1.456677003693547249e+03
1.138637098758135835e+03,1.456227963515297461e+03
3.885378842267533628e+02,1.247208151232632645e+03
5.104974903238386332e+02,1.486805694250678016e+03
-7.357410686048782509e+02,6.750459324157291121e+02
-1.049991136568394722e+03,1.305897778445770882e+03
-2.287701846858429917e+02,4.348674576750503320e+02
7.714808153141948424e+02,1.395108417675023475e+03
-3.009262015749404213e+02,1.309999023566828555e+03
1.033891660863196876e+03,1.455601386170241085e+03
-1.095354761280470484e+03,9.776101058285461249e+02
-3.005011228194013029e+02,9.791446567928331888e+02
7.157555058216437374e+02,1.457253515219079191e+03
4.725397086562544473e+02,1.184582616616050927e+03
-4.864254503681379447e+02,9.760340358700667593e+02
-4.023941266941296249e+02,1.095455485367926713e+03
-5.765072205349797514e+02,1.102736742774357481e+03
-1.036159778423482749e+03,2.311758508847316875e+02
7.292479953134246671e+02,1.425115947675071993e+03
6.881265653145866281e+02,1.515138537674427880e+03
7.181177067514036025e+02,1.609941059938765648e+03
-9.378370046866384655e+02,7.949578176748428859e+02
8.057346411976827767e+02,1.276398870683697851e+03
-1.145666934686272498e+03,7.349427576747458488e+02
1.159957944498462211e+03,1.126615470713202058e+03
3.885116457832053243e+02,1.426340238860685531e+03
-2.776937736957073071e+02,8.558496911442451847e+02
-1.069511351515477145e+03,1.036103975364881762e+03
8.065462549114715785e+02,1.516238665235523968e+03
9.462856996234918370e+02,1.546435264968556339e+03
1.347871418737705653e+03,1.276558903966103799e+03
3.042594378432762596e+02,1.456336905980972915e+03
6.458937453138163391e+02,1.425115947675071993e+03
-8.122499346862599623e+02,8.549728776749399231e+02
6.588284102576285477e+02,1.425796144640116381e+03
8.548350653138031703e+02,1.575153597674524917e+03
4.314105389853818906e+02,1.485729837626585550e+03
-6.530150933457442761e+02,5.261049561264044314e+02
-8.623077418775810656e+02,7.073241913564236256e+02
-7.339380992755183115e+02,6.459084982148632434e+02
-6.942859766118486959e+02,5.870579375547430345e+02
-1.027906774970818788e+03,1.456546004709813360e+03
-3.954786846866389851e+02,6.749276976746488117e+02
3.062076943982393686e+02,1.276611414321845359e+03
1.414344726832065646e+01,1.396079350710827612e+03
9.280054210489078059e+02,1.578334776833615706e+03
-8.597274891944388173e+02,9.459183151774642511e+02
-7.777184334669690315e+02,9.470987122945986130e+02
1.062664995313437203e+03,1.515138537674427880e+03
-3.188810604351022562e+02,6.467846300323684545e+02
-3.183325930340001264e+02,5.551014734258909584e+02
7.656456905781938076e+02,1.515144516542088923e+03
7.714808153141948424e+02,1.485131007674379362e+03
6.607019287134480692e+02,1.487051343288669841e+03
-2.878409974562794105e+01,1.276008370280861982e+03
-7.352613911344609505e+02,4.962383463720728969e+02
3.861449459479325697e+02,1.460015739000419899e+03
1.159388263693506815e+03,1.425457519059913011e+03
-3.203345111612371738e+02,6.154167923711356707e+02
-1.091730051830429602e+03,9.757264572211307723e+02
-7.790756794775587650e+02,3.175335445420092242e+02
-7.354848947534530907e+02,7.657307481634501301e+02
3.232599978797762219e+02,1.246945192868556887e+03
-4.456365057678988251e+02,8.865187934943908203e+02
4.708196278790641145e+02,1.486374673274625820e+03
5.543889910199146698e+02,1.516462665308985834e+03
1.264793770199615665e+03,1.425402668210413367e+03
-7.762960431252619173e+02,5.845876712120240200e+02
4.864801264300017465e+02,1.458349822609347484e+03
-9.682751475193124406e+02,1.066566612841916594e+03
-6.526069756455857487e+02,8.862227441138859376e+02
1.097325817322358716e+03,1.455308628649206639e+03
8.905112116640602835e+02,1.515866437916301493e+03
-2.710030046866132238e+02,7.949578176748428859e+02
-3.954786846866389851e+02,8.249653476748914045e+02
-1.070426980354125135e+03,-4.386717661134993307e+01
-5.628620086500602611e+02,8.658874785543239341e+02
7.589544403509107724e+02,1.576667527324057119e+03
4.629133625876720544e+02,1.339400745885386868e+03
7.204503346337996845e+02,1.546605776201026856e+03
7.543844723482764039e+02,1.549995172115683317e+03
4.313042102928277473e+02,1.305868287442469409e+03
1.574582658704518394e+02,1.337106148831811424e+03
-2.648609842951596534e+02,5.046995354704612282e+02
9.730582835759463478e+02,1.426463033979914371e+03
1.383958742352354648e+03,2.060736981833664231e+03
5.574943397189321104e+02,1.277962981294307838e+03
-7.288956846866516344e+02,9.750029976751339973e+02
-8.183510694718321474e+02,7.955763628695561920e+02
-1.928963415439669120e+02,7.046848378499073533e+02
6.412290368089954882e+02,1.486284006528549526e+03
-7.350499932102851517e+02,2.564607591391360302e+02
-5.531426324343133274e+02,6.484689499630677574e+02
6.881265653145866281e+02,1.695183717674718991e+03
8.548350653138031703e+02,1.575153597674524917e+03
-5.368161813718853637e+02,1.101466976470677764e+03
6.241399531339939699e+01,1.485131007674379362e+03
6.047723153133988490e+02,1.365100887674974956e+03
6.623745601481341509e+02,1.576918238409780315e+03
-2.778701480098983438e+02,4.660247731965811226e+02
1.015246688691038798e+03,1.607411643034831741e+03
-4.234557633270379142e+02,6.464042787313214831e+02
1.199006384922045527e+03,1.542002900248710148e+03
-2.370919665365578339e+02,6.470827894332090864e+02
1.181311255903582605e+03,1.516788474302717759e+03
1.224544400865780972e+03,1.457692707962682562e+03
1.354960565314611813e+03,1.305085827674877919e+03
6.335028096037102614e+02,1.458055518853793046e+03
1.117709202066409716e+03,1.547008335607462868e+03
6.241399531339939699e+01,1.275078297674829400e+03
-1.876487546854255584e+02,6.149126376745517746e+02
-8.198305162935230328e+02,7.345900026925172597e+02
1.013052535870596557e+03,1.487112156296777812e+03
5.143824066957918149e+02,1.547468028924575265e+03
6.047723153133988490e+02,1.425115947675071993e+03
1.279337936386320052e+03,1.426861107651288648e+03
-1.876487546854255584e+02,8.249653476748914045e+02
-2.362841815372541987e+02,8.559359363523262800e+02
-1.008499866719596866e+03,1.213483027833863844e+03
-1.021191254686246793e+03,1.215063237674732363e+03
-6.122898210105856833e+02,7.345824021141264666e+02
1.094989845536756320e+03,1.608752784212311781e+03
1.098617188650632670e+03,1.607038618482398533e+03
-6.455414346854639689e+02,1.005010527674392733e+03
-6.108048343723409062e+02,9.462656053028914585e+02
7.292479953134246671e+02,1.455123477675120512e+03
-7.711285046858424721e+02,3.448448676749047763e+02
-6.103496703511748365e+02,3.743436430809700823e+02
5.985983083779231038e+02,1.397323134836449526e+03
5.547844252721924931e+02,1.307139450759250167e+03
9.731009590428481033e+02,1.545461307430759234e+03
-6.352950639362031779e+02,7.402540819422723644e+02
1.049833969951043855e+03,1.547908045953013243e+03
8.470168162234473357e+02,1.457218120859862665e+03
7.814975685500628515e+02,1.546159718837820265e+03
1.220648519130455497e+03,1.514648625446906635e+03
-2.287701846858429917e+02,6.749276976746488117e+02
6.166170908631007705e+02,1.457140147892392633e+03
5.967572953177857471e+02,1.366461561976633448e+03
9.726745180513698870e+02,1.515634516552350533e+03
1.184723516337722231e+03,1.484828664835002883e+03
1.222211165229993867e+03,1.455624336427167236e+03
-6.766538633243392269e+02,5.270157165951335401e+02
-2.710030046866132238e+02,7.049352276746973303e+02
-3.276580894597703946e+02,7.115991926981566849e+02
-8.956041846858682902e+02,1.095033117674538289e+03
-8.597397954658000572e+02,1.124965543667011616e+03
1.037279561520197603e+03,1.516961231104248782e+03
1.006613063406875767e+03,1.521815075720243840e+03
1.146019245314625095e+03,1.545146067674476399e+03
-9.690004807614089941e+02,6.756499482951408027e+02
7.636652976276168374e+02,1.635683118433376876e+03
-6.877742546862341442e+02,1.425115947675071993e+03
8.126022453146123325e+02,1.455123477675120512e+03
6.458937453138163391e+02,1.245070767674780882e+03
5.914402511077645386e+02,1.252325817220781573e+03
-2.425537143248708958e+02,7.104800672521909064e+02
-2.362200883942045948e+02,7.049339083315652488e+02
3.903399418636412861e+02,1.365908878905004713e+03
3.898702706211229270e+02,1.457503047703396987e+03
4.753510383169519855e+02,1.516215993296973465e+03
9.065780757034009412e+02,1.425253386599661553e+03
1.009107106339811708e+03,1.579575405378955338e+03
1.096790421124345130e+03,1.578126063940246468e+03
-6.517057506878654749e+02,5.871983865181517785e+02
1.015377288093165816e+03,1.576435249912534800e+03
6.576401409955778945e+02,1.572034901505658127e+03
6.881265653145866281e+02,1.545146067674476399e+03
-6.942077149123598474e+02,1.365925486631716922e+03
-6.953516781648849019e+02,1.396507307348969789e+03
7.722511128720088891e+02,1.493955875130546247e+03
1.197546914279368821e+03,1.490303996308424303e+03
1.223537594549779669e+03,1.456934515921215052e+03
4.070778799132323229e+02,1.547446564790169532e+03
3.904876728705179403e+02,1.427479138808292873e+03
3.124767453138036899e+02,1.365100887674974956e+03
-1.200351504353674727e+03,9.777632838586526987e+02
8.548350653138031703e+02,1.395108417675023475e+03
8.629500792849503341e+02,1.424834595349520441e+03
-1.037682115206118624e+03,1.897286549997642879e+01
7.565955583053956843e+02,1.310229410924610647e+03
7.549702669706456390e+02,1.490654884720716382e+03
4.949814724153626457e+02,1.335950910637656307e+03
5.144366116396029156e+02,1.335245705530689747e+03
-2.346028893154795583e+02,7.366179529109640498e+02
-1.948482893552197766e+02,7.664035530851451767e+02
9.907434328685096716e+02,1.485718984592680272e+03
1.013986253287295995e+03,1.454760750798349363e+03
6.800073544185761421e+02,1.484740287372861303e+03
3.805311675381595933e+02,1.550665508701481258e+03
5.148705820133824318e+02,1.545539693299538612e+03
1.221978019943533354e+03,1.517584665687272491e+03
1.182573270696983855e+03,1.516222499263028112e+03
4.730130613992311623e+02,1.516699101192991975e+03
-2.355933496451800977e+02,4.055563195001951726e+02
7.292479953134246671e+02,1.545146067674476399e+03
7.645552169887273521e+02,1.485279002495393797e+03
-5.278954871450611108e+02,5.564651499389605078e+02
-5.621871846858556410e+02,5.548975776744547375e+02
5.625394953142080112e+02,1.545146067674476399e+03
-9.851075723547193093e+02,-4.289176709091408668e+01
-6.112350524278341481e+02,1.096261593735923725e+03
8.243114381307642589e+02,1.487514015623995419e+03
-8.244874554797640940e+02,2.272058017648194550e+02
-4.028978336111619001e+02,9.158080437389663757e+02
-5.279457039533309626e+02,5.544325330650832484e+02
-1.021191254686246793e+03,-1.524549232488777051e+01
8.056806983062109566e+02,1.696554035776798628e+03
-4.788329346862473130e+02,4.948825176751473691e+02
1.090176340633624932e+03,1.491060160981679701e+03
5.985250641339454205e+02,1.636212533061409658e+03
8.126022453146123325e+02,1.545146067674476399e+03
4.312944500470747471e+02,1.577015460460958593e+03
4.791852453145997401e+02,1.515138537674427880e+03
-1.876487546854255584e+02,4.348674576750503320e+02
-6.455414346854639689e+02,3.448448676749047763e+02
9.301689220579403354e+02,1.456833793657153365e+03
7.460449847865363608e+02,1.695858773077346996e+03
7.852460876736771525e+02,1.485947266265525286e+03
-3.109672769307855447e+02,7.142652980439122530e+02
9.381893153134114982e+02,1.485131007674379362e+03
4.807650762313646169e+02,1.525661020241024517e+03
1.139763269481107045e+03,1.637484876227306131e+03
1.305707906540064641e+03,1.516455563366188471e+03
6.396434112821688132e+02,1.246583403223624828e+03
-6.877742546862341442e+02,4.948825176751473691e+02
8.256760629976682822e+02,1.575679153161313479e+03
-2.660480532819707378e+02,8.592697955495276574e+02
5.934683674233075408e+02,1.339988815477768412e+03
-4.904137780110489189e+02,7.685426681569753100e+02
5.154347964208510575e+02,1.576599116073461801e+03
-7.781712399662897042e+02,6.157228372421232052e+02
5.625394953142080112e+02,1.665176187674670473e+03
-1.204338379483275361e+02,1.190924102726249203e+03
5.992952444133045447e+02,1.425404621162969534e+03
-3.267572910721052892e+01,1.126613678311748572e+03
-2.710030046866132238e+02,5.548975776744547375e+02
4.752716103194294419e+02,1.501455628202798835e+03
6.458937453138163391e+02,1.425115947675071993e+03
-8.111032143302827535e+02,8.941034682825608115e+02
9.673710860421663256e+02,1.609558342912572471e+03
1.015900200404302041e+03,1.545258024789971387e+03
-5.629306810480101149e+02,1.014789396417961825e+03
-1.104545504685855121e+03,4.476956767441957652e+01
-2.766027647532167180e+02,6.767190842735583374e+02
-7.711285046858424721e+02,1.095033117674538289e+03
-2.818655766614032245e+02,6.472060853517822352e+02
1.213073453029926668e+03,1.520701820742759764e+03
-1.486629256651512833e+03,5.565084015629629448e+02
-1.325667761575183022e+03,9.174805771857470518e+02
-2.413034227004058323e+02,7.391492462986035434e+02
-2.426794451865059727e+02,7.683056806531188840e+02
-5.590852504235840570e+02,1.193188919716782721e+03
-6.044200046866258162e+02,1.185055707674683845e+03
1.138742959458230644e+03,1.396939564317154463e+03
1.146019245314625095e+03,1.395108417675023475e+03
-6.044200046866258162e+02,9.149879376750369602e+02
-6.124998490451459929e+02,9.453950708363911417e+02
-6.616603670325650910e+02,5.302286676849602145e+02
7.714808153141948424e+02,1.575153597674524917e+03
8.056669870672003526e+02,1.546352926254696285e+03
-7.489613892919727789e+01,1.276678867399599767e+03
6.047723153133988490e+02,1.605161127674573436e+03
5.935908793770427110e+02,1.580044896806670977e+03
1.146019245314625095e+03,1.485131007674379362e+03
-1.187899754685463449e+03,9.750029976751339973e+02
4.664793498359914565e+02,1.516312998199170579e+03
1.146019245314625095e+03,1.485131007674379362e+03
1.093361216865862843e+03,1.367638161722082486e+03
7.983227062137543726e+02,1.490053725921101659e+03
-4.927474935083374135e+02,7.374178544088181297e+02
8.497665822827125339e+02,1.514633655180503411e+03
1.148537553173443484e+03,1.433218614115130094e+03
1.188252065313815820e+03,1.425115947675071993e+03
5.172988077281711412e+02,1.576274783493800214e+03
4.789776374590553587e+02,1.584629783636085676e+03
-6.103802970141138076e+02,4.964940853072081950e+02
7.613532278816095413e+02,1.757365472143195575e+03
7.603320924904437561e+02,1.788176260638155782e+03
5.107260527133481673e+02,1.217232232772524412e+03
-4.000226590180660082e+02,5.677177674645701018e+02
-7.711285046858424721e+02,8.849804076749884416e+02
-8.246386316518072590e+02,9.186933809896712546e+02
7.190442766846678069e+02,1.396829600646364725e+03
6.757580667120988664e+02,1.399251390282671991e+03
8.126022453146123325e+02,1.575153597674524917e+03
8.024077058018292519e+02,1.576999478824241123e+03
-8.614881835261153356e+02,9.164254990042055624e+02
-9.020863884507391504e+02,8.853424987880612207e+02
-7.020946326875427985e+02,7.412041434263254587e+02
4.717451769088755213e+02,1.544702168501121832e+03
4.380638153141822499e+02,1.575153597674524917e+03
8.874953806954532638e+02,1.486368075916947419e+03
8.761366265078082733e+02,1.486270778620938472e+03
9.727729364530279099e+02,1.547639133029516643e+03
-2.094025468620891672e+01,1.305085827674877919e+03
-1.157303041621318243e+03,1.219403111653127780e+03
-6.950428874395806815e+02,9.768263512637597614e+02
-6.455414346854639689e+02,1.125040647674586808e+03
5.214180653137905210e+02,1.635168657674621954e+03
8.890787104905253955e+02,1.544605423538053401e+03
-6.844101606632098083e+02,6.214351486052091786e+02
1.146019245314625095e+03,1.425115947675071993e+03
-9.854728281974238371e+02,1.277730244636143652e+03
8.064404117867194373e+02,1.395631871207370978e+03
1.062664995313437203e+03,1.515138537674427880e+03
-4.513335778234850295e+02,9.184174690531632450e+02
-7.756929284243884695e+02,1.365085582089575610e+03
-8.544827546854508000e+02,1.647996876746136650e+02
-2.370532436565083003e+02,5.548698073561113233e+02
-8.195079112967625861e+02,9.462002122249231206e+02
-6.932992877109346637e+02,7.044088056649201235e+02
5.358754776411808507e+02,1.548240000081285871e+03
8.889563856443810437e+02,1.456656908439533026e+03
1.134629937196077890e+03,1.578562477812590487e+03
2.291224953141954188e+02,1.305085827674877919e+03
5.723652289261644910e+02,1.518799636602177543e+03
-8.666091532759437541e+02,8.870391297874890597e+02
-2.017833544870787819e+02,5.910933799863719287e+02
7.245929324324194454e+00,1.459697473051417546e+03
-2.340160466053658297e+02,7.672815378630677969e+02
-3.954786846866389851e+02,5.849051076745032560e+02
-6.877742546862341442e+02,7.349427576747458488e+02
-5.724628284476269755e+02,5.003688917989101128e+02
8.180506186793736561e+02,1.431178117660614589e+03
8.548350653138031703e+02,1.545146067674476399e+03
1.344017573876913730e+03,1.277254275424833622e+03
7.331636905137004305e+02,1.577047370631682952e+03
1.186588443598682261e+03,1.493344176566296028e+03
1.378663427635510743e+03,1.636353935011764634e+03
-6.523761862068276969e+02,1.305402452032702513e+03
-5.557751811465683431e+02,7.103270095084685636e+02
-5.290978780891265387e+02,5.556494973954750094e+02
-3.196057283822495947e+02,6.770876160058306823e+02
-6.935886779760473928e+02,4.586586360810076712e+02
4.783285522272472576e+02,1.591904618078418480e+03
7.657304320355025311e+02,1.546129012406705897e+03
9.347826553029609613e+02,1.546756480676174760e+03
7.086532951077957705e+02,1.513988005977937291e+03
-2.336346692694597778e+02,6.115246867719396278e+02
2.677993007800976670e+02,1.471523345881802697e+03
7.552592012544853333e+02,1.637743739198553158e+03
-4.495728144034017078e+02,5.914179589438139146e+02
-4.735784242293085526e+02,6.094036235307222569e+02
-4.433108192566653543e+02,5.685127333575013608e+02
-4.490570877651134083e+02,5.777424109411028894e+02
-2.019484514345013793e+02,6.221956582868035639e+02
-1.876487546854255584e+02,6.749276976746488117e+02
-1.868757006069507156e+02,6.553293598437500123e+02
-1.793003445574904049e+02,6.322435161858122683e+02
-7.288956846866516344e+02,1.005010527674392733e+03
-7.288956846866516344e+02,1.035018057674441252e+03
-7.241197177162149501e+02,1.011513769247628261e+03
-7.288956846866516344e+02,1.005010527674392733e+03
1.239078602054306202e+03,1.279622647241717686e+03
1.271606315313424147e+03,1.275078297674829400e+03
1.242290936749163166e+03,1.273243319927821403e+03
1.229373495314233423e+03,1.305085827674877919e+03
7.196711210168368780e+02,1.457557075437593085e+03
7.360910444528805101e+02,1.443949678646058146e+03
7.049589321551532066e+02,1.456632823155511232e+03
7.292479953134246671e+02,1.455123477675120512e+03
-1.805669291705746673e+02,8.651460629489595249e+02
-1.840073626657938348e+02,8.322344734949368785e+02
-2.044223529978909539e+02,8.867950261406282380e+02
-1.825460157826360614e+02,8.377644841692401769e+02
-2.013637776698186599e+02,1.187859404818764460e+03
-1.796603409220440426e+02,1.210357510209854127e+03
-1.798732511832927230e+02,1.202144247693069929e+03
-1.876487546854255584e+02,1.155048177674635326e+03
6.009252855618002513e+02,1.687311255065307250e+03
5.769662649226803524e+02,1.662590959301146540e+03
6.047723153133988490e+02,1.665176187674670473e+03
5.625394953142080112e+02,1.665176187674670473e+03
1.185620406321695782e+03,1.503531999396069068e+03
1.190636440101684684e+03,1.467357800354054689e+03
1.185199923314524085e+03,1.481215299663751011e+03
1.181186954622657595e+03,1.466892069499255967e+03
4.791852453145997401e+02,1.635168657674621954e+03
4.791852453145997401e+02,1.635168657674621954e+03
4.633477976403712546e+02,1.630899171059409127e+03
4.620129342819506633e+02,1.604212463198093474e+03
4.363033429928191254e+02,1.480941531862190914e+03
4.298143908680996219e+02,1.485685054007754616e+03
4.311197468450462793e+02,1.499229642558618025e+03
4.333858775687535285e+02,1.484480745038336181e+03
1.179598731328148688e+03,1.459699552408876798e+03
1.157888096738401828e+03,1.495207615976893294e+03
1.185112402805116972e+03,1.502827138192819802e+03
1.142790564295479953e+03,1.492176457584797163e+03
3.217820070318176136e+02,1.348695565453936524e+03
3.452854988982358009e+02,1.378053973395769390e+03
-8.142333735741781311e+02,1.215699337230047377e+02
-8.515427278249588880e+02,1.553110505667268058e+02
-7.648372027783998419e+02,7.693094528218520054e+02
-7.661685452324771859e+02,7.673094787220936723e+02
-6.405034015357091448e+02,8.747068304532165257e+02
-6.525374621961012735e+02,9.059737932933176126e+02
4.930716709059990421e+02,1.584902550521249395e+03
5.209935626561255049e+02,1.563446862912505139e+03
-7.012504027340119137e+02,4.819228893964287295e+02
-6.710635022629153355e+02,4.672224469189904994e+02
