date:2016-10-28, time:0700, wind_speed:4.4, wind_dir:93.0, temp:6.9
-68.911387 -252.191655
-81.905491 -4.493277
-48.836519 71.007368
97.192524 110.195051
-90.136666 49.129586
-127.696581 -19.763553
-106.885578 88.617250
-89.607188 134.494785
-136.414293 43.820810
-56.592035 82.166565
-77.645351 85.222778
-56.802168 115.522193
-77.740174 121.622743
-86.525392 103.957119
151.357325 169.529688
-107.024967 -22.449039
-32.076074 52.648151
-31.931538 34.575556
105.255318 182.020277
-44.446628 121.474134
-115.274411 91.413324
110.529161 110.505353
-36.265296 85.600963
-94.448423 37.247819
-86.373618 134.017677
-102.848262 100.627175
-102.866384 88.537395
63.788785 112.645068
-144.636894 68.022409
-102.791109 19.605187
-152.547876 52.175968
-81.936896 109.756352
38.661332 125.031274
-23.747649 71.131160
-31.903106 127.679702
-169.687627 37.376563
9.699366 100.695315
-69.528570 1.636961
-82.146665 46.954380
-77.771054 4.513046
105.268749 154.966975
-31.989888 109.587205
-156.935466 76.510606
-56.909597 97.724022
97.299032 127.689011
-52.850178 118.670662
17.934814 124.667054
155.401062 152.013083
-106.754324 109.270922
109.584185 184.511265
-48.802643 26.081535
-115.144393 13.179161
105.830111 186.791323
134.913807 175.712242
-57.059443 110.071087
97.138551 148.696182
126.625837 147.811009
84.765509 139.717091
-69.575583 112.492817
-161.189864 25.579581
80.563375 151.506157
146.921913 157.935937
134.662797 122.126895
55.614661 115.574827
134.754213 166.736863
159.652294 194.186856
43.025803 118.572193
-94.686925 55.611818
-81.982106 46.424682
-44.425084 160.607380
-48.591610 121.508447
-136.266978 -1.216725
63.566173 112.973953
105.549072 127.712749
47.194828 121.516270
-44.365078 127.300564
-53.016639 121.969796
-44.356767 151.545160
143.112886 202.612242
-6.971077 100.751106
113.692380 188.044441
-43.837786 113.440095
-60.997520 124.118706
105.729702 148.156755
-144.576872 -16.519940
-52.711111 112.361503
55.437885 115.528160
-86.289736 73.504458
-15.194979 94.690659
138.562053 170.087372
96.849600 127.917201
47.080561 125.055077
-36.151815 37.530099
-56.994651 124.658747
-48.522133 118.175506
-52.877418 112.616093
-40.273028 118.590007
-53.141136 142.847481
-2.808207 130.658459
-77.833246 94.621877
-32.026420 43.528220
-36.132400 55.471903
138.888060 199.771767
-6.765767 142.181773
35.371968 125.463112
126.414820 139.616984
-123.690322 97.529951
-19.559577 139.508409
-77.842875 16.480408
-73.669385 -4.565166
-27.985712 127.940768
47.014652 116.025472
-2.683146 154.662508
-103.052839 83.091053
63.698220 112.652543
47.023740 115.874619
-107.106966 59.053027
34.457428 128.166288
151.544889 172.677749
-86.086254 -1.910157
-77.835562 1.120517
-81.987337 112.455182
38.666033 125.019631
-78.016379 82.537342
-115.261252 73.575432
-119.537397 64.681882
-111.282143 91.777701
134.879511 136.760266
-23.567338 64.635665
-86.161769 25.689158
-56.971269 121.653229
-111.089621 85.529424
5.529726 88.625106
-44.652561 133.664318
-65.461152 145.972360
-11.330865 68.030594
-86.205819 76.564050
47.046068 118.972307
46.989352 118.934932
109.737858 109.630150
-68.846443 83.469063
42.711784 122.158374
-40.322006 46.479301
-36.275922 47.136958
-52.774086 85.628147
-94.485942 115.544562
5.438923 139.541792
-81.827295 64.322135
163.749747 203.033734
-65.266877 64.631064
-77.823347 136.660714
-32.144782 112.954081
-56.964654 73.583814
-69.695131 73.899269
-40.412405 134.139891
-53.114361 2.033428
-69.148512 114.753887
-107.008056 -4.470812
117.907836 167.016053
5.589094 151.704480
-107.156236 55.982024
38.680571 124.831217
-40.459270 112.958833
-44.678324 103.576381
85.468693 149.381697
-31.940601 43.556064
-131.298671 23.480974
-73.701490 82.870397
59.695247 112.113601
-77.654775 7.641792
156.208495 152.545381
-132.124800 139.723454
-48.643252 97.657529
-94.725033 142.926328
130.570747 175.798474
97.193186 148.648368
9.572660 128.099325
-57.145290 100.956855
68.286198 112.189313
-27.867514 112.573935
-31.991476 29.016611
-27.882801 112.632221
-90.039397 81.860706
-27.732869 76.464733
-152.807201 25.122019
93.219791 163.744238
-61.258204 37.638218
97.140338 175.602569
122.030164 128.047038
55.435421 124.745663
105.614220 130.297842
-27.741357 49.671309
-69.901004 127.942348
-44.371519 76.294200
-107.137471 95.107308
-56.786246 127.127001
-123.711629 64.548562
-44.479733 133.654367
51.153918 115.983903
-52.802325 73.640509
17.739335 125.038681
5.350679 115.519227
-11.342544 92.084896
-6.945406 131.097766
10.320488 110.927403
68.060196 172.706112
72.303157 181.215288
-44.606535 121.678794
2.083890 119.482665
-81.921997 97.626014
-69.496304 91.514651
105.290815 109.976113
-115.226815 16.562249
88.654290 134.089872
68.671919 128.564674
1.531766 106.581273
118.028938 112.666754
59.795575 127.542867
126.715780 118.181990
134.476604 119.108260
71.958510 116.143629
-69.587114 103.664987
-23.582944 43.321268
9.681779 121.624044
118.092159 157.642526
-52.919147 118.547833
-36.277967 68.208989
-73.538457 46.706354
-77.787011 52.653662
97.120170 202.607972
113.717870 143.148693
72.270335 133.517173
-36.051076 112.516614
-19.523958 130.542716
38.937224 124.523980
9.769183 142.574786
-15.200798 100.896600
-56.939131 124.753549
-28.123294 113.051438
88.569695 167.092414
-27.833881 112.659590
-53.208350 70.933785
55.259727 115.985154
84.974161 139.179980
30.359656 128.036700
13.938982 133.485985
101.478493 109.723145
-73.458640 100.251105
-44.660158 143.034369
117.957178 145.674052
-52.760786 52.665277
76.287751 136.735382
-40.375005 118.474266
101.505041 130.498185
105.610667 142.735843
-82.073028 73.533762
130.612471 151.510970
55.799662 130.245109
34.650171 136.505314
84.911023 157.557300
-53.218494 161.030644
-57.184050 155.054479
-65.409914 52.481348
121.957225 157.667515
-77.167864 77.988924
-78.091915 82.851528
47.413130 118.046437
22.211716 157.607492
30.512199 154.632205
101.546796 145.246493
-102.795215 82.556119
67.937874 112.950333
5.452365 100.469752
51.619074 124.047358
-136.197120 76.647506
43.044719 124.658592
-36.205622 103.740481
38.726090 127.607766
-52.930575 137.027690
-52.760537 79.654468
38.717480 124.429863
-78.201764 116.103334
88.895168 148.589430
30.398190 160.615287
-81.994403 109.569089
117.816032 193.892270
130.685826 187.622238
122.292688 181.274757
38.739138 125.023138
-52.878828 136.666143
-52.921735 88.630281
-36.323266 100.669378
88.738342 134.003398
-52.884368 109.476962
-98.465614 79.165164
85.348560 125.500651
1.421947 167.232007
-48.456289 58.613349
134.737947 118.550637
-77.803335 121.572792
1.466493 118.572168
-6.829358 70.617044
97.042681 148.504369
-48.532733 79.066976
-31.741496 85.486170
-60.430655 11.384185
38.566896 128.069690
-102.955987 97.626788
-23.680521 112.529207
-11.018033 49.546988
84.673884 160.639125
113.793953 139.583845
113.646565 142.610449
-52.937643 139.639913
59.861787 124.703348
-11.329013 58.994715
-69.284418 127.320289
-2.948905 133.650307
130.666304 121.788763
-19.517191 7.588076
-23.585904 127.667982
-19.656053 112.508263
-65.383079 97.927336
-11.119463 88.200737
-10.923190 85.267817
-65.432164 97.594488
-44.405404 103.801425
-44.400393 106.553636
-52.112385 101.531508
26.513079 154.678194
26.428033 154.125764
-136.306816 -25.394096
-52.832703 34.576089
-61.150023 34.589950
80.367187 118.932510
-15.351484 40.562196
59.946090 112.147362
76.290156 133.563148
-86.467673 83.185766
-57.026673 133.483750
-56.786461 94.694028
-115.221676 82.161955
105.565072 130.214141
42.890291 118.966258
-28.054981 103.484209
-61.448994 28.834993
-3.073956 151.603115
-61.029842 91.156822
-69.484614 130.131088
26.288409 130.710718
105.659857 154.558916
-86.286835 88.693893
-69.333075 106.594164
-52.800745 82.689656
105.644643 133.577721
-98.397188 106.033101
126.499742 181.473859
-2.990543 103.978439
-102.939846 67.473647
-28.071863 116.103304
-60.868016 42.804462
-23.632748 55.579530
105.376567 125.091835
109.652239 139.969420
-81.990258 70.557633
-82.000025 7.602685
80.464406 178.619009
84.922623 175.156433
109.601808 146.109984
80.581374 136.475011
117.854634 137.046211
105.246816 140.080785
134.806605 121.385447
80.491288 127.540433
1.544531 61.171900
-23.822737 50.074405
-27.864792 28.509783
-19.521684 91.464627
-77.855461 82.748260
26.365340 127.711960
-98.587592 -4.420989
76.211028 143.012120
-23.557342 88.589549
-90.243802 118.499532
-94.306704 115.252188
105.814737 162.838872
26.406382 127.555180
34.803740 169.658864
47.303563 154.617444
30.620850 148.673927
93.019264 148.691019
113.689611 145.422382
-36.009723 121.147477
38.617397 124.980674
-86.162193 97.650047
-82.080799 109.981588
130.262460 152.020200
126.409744 148.149252
105.617453 166.598852
101.376026 127.627674
-23.721689 70.573906
101.114556 110.119485
-6.664876 100.131544
-6.986245 13.526208
-57.014498 55.618890
160.461357 194.545614
-86.230507 19.570102
-90.206429 109.632655
-86.031347 118.532448
-65.241931 82.601587
-61.240298 31.585578
-57.090692 32.080912
5.297727 118.639124
-23.715394 115.690689
-2.877787 124.633132
-15.171928 121.137637
76.187495 110.069188
88.901889 124.671608
-107.065599 91.962768
-73.584328 79.472342
-78.023427 82.610282
-61.156371 91.139271
-69.767280 82.970814
-56.934589 82.701197
-111.210497 7.521867
-78.031232 82.654161
-61.486067 121.944789
-73.660067 58.622416
47.496889 163.297406
-103.056594 106.962631
-36.385142 125.021196
10.346424 89.499333
9.595070 98.188619
113.847899 148.666713
105.352835 145.631980
-40.506708 128.009590
109.755435 130.330935
-53.177455 136.977719
92.841080 154.970648
-86.103623 94.222381
47.321679 121.341629
-106.971735 79.693470
13.709618 154.672102
-52.956607 133.611916
-10.888751 91.172747
143.177282 181.595920
113.826095 130.609494
-52.696141 136.250850
93.134667 139.178069
-40.184618 37.668231
-61.056593 31.230581
105.748780 169.344571
-48.747340 115.481786
101.536996 145.603907
-86.404973 131.087969
147.404059 181.631253
-15.277773 97.511902
-65.366802 46.562193
113.759646 157.480949
-69.749199 76.838680
-11.367193 62.035921
143.733757 164.950790
-69.843523 31.998472
-53.018478 5.035109
109.810250 160.638914
-64.934072 78.331789
71.877064 128.440548
-52.752342 76.594704
-14.541593 103.501806
38.931777 124.550916
39.266625 126.351885
-106.428451 60.271327
-81.225338 4.934672
-81.952030 7.187577
-68.840037 17.013766
-93.783700 112.504065
-44.175068 124.204932
-97.873781 -6.121944
-106.361730 17.916921
-39.788913 137.852306
