-7.010272210401319626e+01,4.413363850486129536e+01
-7.009060999999999808e+01,4.415552999999999884e+01
-7.009110559501439752e+01,4.415576451930860458e+01
-7.009623999999999455e+01,4.413960000000000150e+01
-7.008911000000000513e+01,4.415579999999999927e+01
-7.008847648385744833e+01,4.415550556430299167e+01
-7.010004252163915339e+01,4.413338559936564565e+01
-7.010223999999999478e+01,4.413257999999999726e+01
-7.008810988555022448e+01,4.415549953421279383e+01
-7.009298033353906021e+01,4.415576969751867153e+01
-7.008835999999999444e+01,4.415606999999999971e+01
-7.009409649764370442e+01,4.412067528974873198e+01
-7.008847526201259370e+01,4.415604003022238544e+01
-7.009099000000000501e+01,4.415552999999999884e+01
-7.010117487335715225e+01,4.413473054676899210e+01
-7.010010506269475172e+01,4.413363218576794367e+01
-7.010121319080015212e+01,4.413283488287373046e+01
-7.008960038161359307e+01,4.415549719080277669e+01
-7.008777575480814903e+01,4.415576632620483366e+01
-7.009291723579414679e+01,4.415633597887647710e+01
-7.009135999999999456e+01,4.415552999999999884e+01
-7.009073196609323020e+01,4.415631132004983783e+01
-7.008986000000000161e+01,4.415579999999999927e+01
-7.009060999999999808e+01,4.415903999999999741e+01
-7.009135999999999456e+01,4.415552999999999884e+01
-7.009184252610155852e+01,4.415550228123242249e+01
-7.009591907788450271e+01,4.414094863905759780e+01
-7.008809814167740626e+01,4.415549742623651497e+01
-7.010121841656265929e+01,4.413390832675941056e+01
-7.009517079477647883e+01,4.412069916423340032e+01
-7.009147482690228514e+01,4.415551322259113221e+01
-7.009174000000000149e+01,4.415579999999999927e+01
-7.008922445898862463e+01,4.415606042259226882e+01
-7.010116142292091013e+01,4.413446638405850564e+01
-7.009147394293223954e+01,4.415549746277260112e+01
-7.009447156272680957e+01,4.414091422471905446e+01
-7.009147124775363125e+01,4.415577974232649439e+01
-7.009135999999999456e+01,4.415525999999999840e+01
-7.010084027943258889e+01,4.413551874385230889e+01
-7.009366000071237579e+01,4.412124308092423064e+01
-7.009516068842749803e+01,4.414039957026894001e+01
-7.009554646357683794e+01,4.413986823451844543e+01
-7.009109180023723695e+01,4.415578480031459918e+01
-7.009511000000000536e+01,4.412042999999999893e+01
-7.008921886480581520e+01,4.415578051128734671e+01
-7.009111450023414136e+01,4.415550807449300663e+01
-7.009148426850119051e+01,4.415576167163391830e+01
-7.009108754670029384e+01,4.415603527031852593e+01
-7.008811558262632957e+01,4.415550773890892344e+01
-7.008880395939188190e+01,4.415552859108456119e+01
-7.008885856055159991e+01,4.415577914513303881e+01
-7.008848577947331648e+01,4.415631145048934769e+01
-7.009135999999999456e+01,4.415579999999999927e+01
-7.009635212896191092e+01,4.414039251532446428e+01
-7.009474000000000160e+01,4.414041000000000281e+01
-7.009485794992981766e+01,4.414013198687470663e+01
-7.008878978408341709e+01,4.415525279162026351e+01
-7.008848108528039234e+01,4.415603917932951106e+01
-7.008886172068991982e+01,4.415550076601179796e+01
-7.009598716914072725e+01,4.414092602298407542e+01
-7.009485552206530201e+01,4.414038600410025026e+01
-7.009072598945529364e+01,4.415928199879971316e+01
-7.008996487709794110e+01,4.415956137059497166e+01
-7.009135999999999456e+01,4.415552999999999884e+01
-7.009071982676117329e+01,4.415524634521543135e+01
-7.009104624613048884e+01,4.415579760868595116e+01
-7.008760999999999797e+01,4.415606999999999971e+01
-7.008911000000000513e+01,4.415552999999999884e+01
-7.009148283962825587e+01,4.415523374541416501e+01
-7.008772076374640392e+01,4.415605470419860268e+01
-7.008799000000000490e+01,4.415579999999999927e+01
-7.009560401317325784e+01,4.414039948491880949e+01
-7.008874000000000137e+01,4.415606999999999971e+01
-7.009141203065162529e+01,4.415607412069174131e+01
-7.009141809213441832e+01,4.415551727672272619e+01
-7.009226833787265321e+01,4.415575974796005454e+01
-7.009222330763661546e+01,4.415524257923275542e+01
-7.009184346890423001e+01,4.415577757614938292e+01
-7.009140711056339512e+01,4.415606356336173377e+01
-7.008840611472216153e+01,4.415606391711885692e+01
-7.008760999999999797e+01,4.415634000000000015e+01
-7.008846811422480982e+01,4.415632619674509129e+01
-7.008736177193434003e+01,4.415632324299282629e+01
-7.008808806038985040e+01,4.415659020504337207e+01
-7.008773235197570273e+01,4.415630671614098191e+01
-7.008799000000000490e+01,4.415579999999999927e+01
-7.008799000000000490e+01,4.415606999999999971e+01
-7.008835999999999444e+01,4.415552999999999884e+01
-7.008922366515022873e+01,4.415603155175215733e+01
-7.008835999999999444e+01,4.415552999999999884e+01
-7.008835999999999444e+01,4.415579999999999927e+01
-7.009135999999999456e+01,4.415552999999999884e+01
-7.008885331812746244e+01,4.415578606793172156e+01
-7.008885224416371784e+01,4.415524265106862600e+01
-7.008810589220442466e+01,4.415631495885577351e+01
-7.008835999999999444e+01,4.415606999999999971e+01
-7.008835999999999444e+01,4.415525999999999840e+01
-7.009410071839764100e+01,4.412040538295409675e+01
-7.008948999999999785e+01,4.415606999999999971e+01
-7.009336172916489716e+01,4.415633374581796744e+01
-7.008840647035107452e+01,4.415578861526528698e+01
-7.008948999999999785e+01,4.415606999999999971e+01
-7.008960336574267558e+01,4.415605874922511020e+01
-7.009411417968897240e+01,4.412148740470571084e+01
-7.009114397601670987e+01,4.415602874662273791e+01
-7.009186421676602663e+01,4.415578982822871978e+01
-7.009586000000000183e+01,4.414094999999999658e+01
-7.010111000000000558e+01,4.413582000000000249e+01
-7.008998058247232166e+01,4.415928023045114514e+01
-7.008986000000000161e+01,4.415930999999999784e+01
-7.008961366079392974e+01,4.416008981109209230e+01
-7.008885178471933841e+01,4.415631408567284666e+01
-7.008846963888862547e+01,4.415550092647745117e+01
-7.008799000000000490e+01,4.415552999999999884e+01
-7.008841288099391420e+01,4.415552150595110703e+01
-7.008921620444111511e+01,4.415523279874622631e+01
-7.009135999999999456e+01,4.415498999999999796e+01
-7.008879211618587135e+01,4.415579596719637578e+01
-7.008848098653865577e+01,4.415549672521274260e+01
-7.008835999999999444e+01,4.415552999999999884e+01
-7.008920790304954096e+01,4.415603858767509848e+01
-7.008922419703603168e+01,4.415630545768447490e+01
-7.008961572688593833e+01,4.415549972621000308e+01
-7.010116496136879505e+01,4.413285576441975877e+01
-7.008846883792547544e+01,4.415550399268690995e+01
-7.008874000000000137e+01,4.415606999999999971e+01
-7.009485315527628302e+01,4.413984547326749919e+01
-7.009189121137828238e+01,4.415575428143949210e+01
-7.009186680716406670e+01,4.415577179821686826e+01
-7.009141181266221565e+01,4.415579303205239370e+01
-7.008922540584758565e+01,4.415550086964303489e+01
-7.008884185578139636e+01,4.415550715975362550e+01
-7.009147816397498332e+01,4.415578299782271188e+01
-7.009115225395996163e+01,4.415522434051464984e+01
-7.009099000000000501e+01,4.415498999999999796e+01
-7.010115993605705853e+01,4.413527860107546985e+01
-7.008835999999999444e+01,4.415634000000000015e+01
-7.008841651949039431e+01,4.415580436552296817e+01
-7.010271019419953120e+01,4.413255257094315454e+01
-7.009035507394713704e+01,4.415956174015105518e+01
-7.008986000000000161e+01,4.415957999999999828e+01
-7.009104354408231075e+01,4.415606621037933621e+01
-7.008799000000000490e+01,4.415606999999999971e+01
-7.008874000000000137e+01,4.415579999999999927e+01
-7.008922966377068065e+01,4.415605521940791789e+01
-7.008776442476766988e+01,4.415576376460026609e+01
-7.008874000000000137e+01,4.415579999999999927e+01
-7.008885241161834756e+01,4.415604042911378002e+01
-7.009147312599569091e+01,4.415549133894827349e+01
-7.009104215792220316e+01,4.415580050656736688e+01
-7.008736600321941523e+01,4.415577807646236863e+01
-7.008808980517221698e+01,4.415549763471281608e+01
-7.009560863829490529e+01,4.413930098348779296e+01
-7.009522097340439473e+01,4.413984801547960757e+01
-7.008810348090050013e+01,4.415575983353941325e+01
-7.009216689126336064e+01,4.415579594430916188e+01
-7.009222252541641751e+01,4.415604030632783150e+01
-7.010229234090185457e+01,4.413393542314563689e+01
-7.010270789362402866e+01,4.413390270362602053e+01
-7.008997615321567309e+01,4.415955273191622155e+01
-7.008923023752775805e+01,4.415956327994057062e+01
-7.008835999999999444e+01,4.415552999999999884e+01
-7.009099000000000501e+01,4.415525999999999840e+01
-7.009099000000000501e+01,4.415552999999999884e+01
-7.008874000000000137e+01,4.415661000000000058e+01
-7.010123122644694149e+01,4.413525280710391030e+01
-7.010123954829040827e+01,4.413552030518700064e+01
-7.009254469452075398e+01,4.415551959337534527e+01
-7.009211000000000524e+01,4.415579999999999927e+01
-7.008760999999999797e+01,4.415634000000000015e+01
-7.008723999999999421e+01,4.415661000000000058e+01
-7.009221509481669443e+01,4.415550318278543074e+01
-7.009146280809214602e+01,4.415576401328838330e+01
-7.009146942699941008e+01,4.415549499881101525e+01
-7.008886326312322979e+01,4.415576315263096063e+01
-7.008799000000000490e+01,4.415579999999999927e+01
-7.009598849739603565e+01,4.413957907927124324e+01
-7.009553995224376877e+01,4.413958626721635170e+01
-7.009526661048647611e+01,4.413983121999838488e+01
-7.009105536428121752e+01,4.415579550380112295e+01
-7.008960201061395878e+01,4.415549826088226126e+01
-7.009447080759140647e+01,4.412094667264513959e+01
-7.008835999999999444e+01,4.415634000000000015e+01
-7.008885277887836196e+01,4.415629736621291812e+01
-7.008803694489459701e+01,4.415634422980406981e+01
-7.008915738430378894e+01,4.415553138160115054e+01
-7.008916393859291816e+01,4.415607341812555120e+01
-7.008915855543335738e+01,4.415551871093310865e+01
-7.008840980565861400e+01,4.415552171924284863e+01
-7.008840715350571315e+01,4.415525477691407019e+01
-7.008804368452979361e+01,4.415553293041551797e+01
-7.008760999999999797e+01,4.415552999999999884e+01
-7.008814131430108318e+01,4.415549200026150345e+01
-7.008810653104963251e+01,4.415550599716655000e+01
-7.008954658804229609e+01,4.415958191836199376e+01
-7.008799000000000490e+01,4.415498999999999796e+01
-7.009330150613885735e+01,4.414068209951051358e+01
-7.009141698148691546e+01,4.412070204032020371e+01
-7.008760999999999797e+01,4.415606999999999971e+01
-7.008765955111111623e+01,4.415661099283902757e+01
-7.008776080728256375e+01,4.415629722229802212e+01
-7.010074000000000183e+01,4.413582000000000249e+01
-7.010111000000000558e+01,4.413582000000000249e+01
-7.010148999999999830e+01,4.413582000000000249e+01
-7.010304532600279970e+01,4.413223145152829829e+01
-7.010299000000000547e+01,4.413257999999999726e+01
-7.010310462452751779e+01,4.413254834967288787e+01
-7.009286000000000172e+01,4.415498999999999796e+01
-7.010123889402595410e+01,4.413956099748082806e+01
-7.009147551115997032e+01,4.412175931954579511e+01
-7.008760999999999797e+01,4.415552999999999884e+01
-7.009672009578332563e+01,4.415307231573795121e+01
-7.010122462395982268e+01,4.414254912112514972e+01
-7.008803869500609096e+01,4.415551907889687300e+01
-7.008842295672437217e+01,4.415553493204226498e+01
-7.008842000608697731e+01,4.415551858702182386e+01
-7.008803735883984132e+01,4.415524827780203054e+01
-7.008875820627528697e+01,4.415626597892900662e+01
-7.008848237390945712e+01,4.415604112373083723e+01
-7.009023999999999432e+01,4.415552999999999884e+01
