date:2016-06-06, time:1000, wind_speed:2.01, wind_dir:207.0, temp:15.3
77.514189 177.012666
64.848427 129.067222
-85.258753 -49.801503
69.367714 189.918948
73.294548 198.708853
48.268793 150.994261
94.324702 192.290774
97.524359 163.508928
102.605332 174.093593
-39.670187 -70.829038
60.907974 113.944070
61.060412 114.853467
44.088294 147.601600
81.348391 141.972726
-110.306356 -241.983432
69.008675 214.276297
110.775116 220.180649
73.484439 192.734613
-101.933059 -14.830808
77.391497 192.611133
89.650332 187.262661
77.710224 186.294726
48.304518 114.233228
72.762873 184.458877
60.277335 187.427279
-39.228602 -38.394787
-13.947381 57.137485
119.144977 243.694315
-72.648935 6.419756
-56.496734 -43.709790
-64.186438 -32.845215
-80.967827 9.634693
81.732217 234.765214
-43.687805 -44.304260
-68.110877 -95.804798
-80.991427 -103.871722
106.472277 183.184442
40.032556 -272.331537
64.828117 232.248159
73.459070 234.205734
-47.559534 -20.987103
102.177674 205.023868
14.699137 205.116996
52.321439 168.212552
55.818676 151.831084
101.594950 175.392142
56.575585 108.668388
-5.925099 60.958224
-14.237373 -50.288579
6.358685 -73.926305
52.471628 177.151424
22.866974 126.968350
10.689828 123.524129
89.750869 237.654375
23.335840 129.031045
-18.281364 -59.921291
-72.582016 -149.305070
81.558111 183.577618
106.279683 226.373338
-93.865294 -7.468706
-30.824319 -62.484321
114.839855 238.151389
77.219260 187.262650
60.852467 156.649544
119.103518 171.622661
102.312673 177.190158
89.565832 238.348973
73.283613 156.268357
60.212196 190.258733
-72.551164 -131.798736
-23.207411 -34.571909
-1.655182 191.590588
102.050252 187.403257
-14.842746 -52.573938
-77.060160 -110.252184
60.742989 156.136250
-22.420894 -56.355473
43.642741 -274.769952
85.789191 174.693630
102.256934 180.311439
-64.319989 -107.317923
27.107911 -280.616347
77.312899 169.224265
52.443645 -269.803691
119.225327 228.419486
31.648126 201.823913
102.452930 144.305622
-22.694062 -41.825663
76.642745 -205.647620
52.105267 208.176525
56.814478 183.267553
-101.819064 -2.583882
-35.333036 -28.959663
2.461260 195.193637
-31.157893 -11.072834
30.940581 202.583212
81.725355 192.242489
72.903782 196.264045
85.318505 142.580870
94.313822 171.065316
68.557872 166.470688
-60.266303 -20.063109
27.478310 -287.602364
106.617670 198.680598
114.561515 199.564526
89.763577 143.969592
94.001095 150.716547
90.151515 -203.997659
-55.940679 -104.370024
-72.539509 12.712909
-85.333771 13.056322
-14.895374 -10.612804
27.508079 192.654988
2.457860 87.723216
18.860973 -76.739849
81.155657 106.260426
-47.461001 -14.805835
-47.464675 -17.400224
68.874518 187.525889
64.740502 108.638208
-164.308782 24.748406
-109.948760 -248.394851
65.167101 -272.946884
-5.949407 39.247659
23.332459 -83.976663
81.051407 106.515733
-6.018841 48.073715
98.284878 -210.562986
10.006897 61.147908
5.811618 55.142569
39.157542 -58.854918
22.623285 -88.813699
102.154357 142.511595
102.105899 147.361305
101.738246 145.197580
43.499518 196.268228
97.568797 109.308668
