-1.029988303043333872e+03,-1.113255903431406750e+03
-8.631492915423943941e+02,-3.937880867560411957e+02
-1.739237071039944340e+03,3.268535601908258741e+02
3.905076210392247162e+02,1.175363482094830943e+03
-1.196584539877922680e+03,2.661374860172469425e+02
-1.831283853420316518e+03,4.047418329688755989e+02
-4.091447238627592355e+02,7.673141853176798577e+02
-1.401613836649691393e+03,4.259605191807455071e+02
-1.613061413779269742e+03,1.471903899655440568e+02
-9.074589543464643384e+02,1.067220668777213461e+02
-9.472809383663542349e+02,9.863412337834199661e+02
-1.930096160141543464e+02,7.562035355356331365e+02
6.774919524961011348e+02,1.555282741912212259e+03
4.791852453145997401e+02,1.515138537674427880e+03
3.916532899986558505e+02,1.775576923048595063e+03
8.548350653138031703e+02,1.515138537674427880e+03
-9.829311467169759453e+02,4.858181893102062077e+02
-1.696891896662181807e+03,4.779127231251699186e+02
-1.025996328891132634e+03,-2.409428384747545948e+01
1.053470072075241887e+03,1.496328625006668517e+03
5.961088885482193973e+02,1.677597903013055429e+03
6.805902422596333281e+02,1.496806741063142908e+03
-1.479083934686285147e+03,3.148373376748562578e+02
6.377560332693251439e+02,1.407749105119004298e+03
-5.255891958157305908e+02,-1.733598382729644811e+02
-1.562438184685893475e+03,1.047846276745166136e+02
8.879920000396788282e+02,1.466903238669005532e+03
-1.035830407989035621e+03,-1.376915737492242187e+01
1.220177790376030998e+03,1.286876534469722628e+03
1.053712176338927975e+03,1.406699704081913296e+03
-1.239041846511807307e+03,-1.844833801469108607e+02
1.057388419247527736e+03,1.536656912165060021e+03
9.695592601078731150e+02,1.616140312453072966e+03
1.183978914178850800e+03,1.595922406458968453e+03
-1.445818228389987553e+03,7.766184659136688424e+02
1.053385302257003104e+03,1.645501680450290678e+03
6.790206385228960926e+02,1.467167435138424707e+03
7.292479953134246671e+02,1.395108417675023475e+03
8.506494907214954537e+02,1.595925391429865385e+03
8.126022453146123325e+02,1.785206307674864547e+03
7.292479953134246671e+02,1.725191247674767510e+03
1.132403091461723761e+03,2.113826521641810814e+03
1.178924332597843659e+03,1.887420531393607916e+03
9.323688782808537781e+02,1.986570193870212961e+03
-1.562438184685893475e+03,4.476956767441957652e+01
5.745162771905383181e+01,1.504928790697608292e+03
5.947104721189612064e+02,2.006508850819097006e+03
8.862180620823996833e+02,1.766194405785503250e+03
8.070420650444669946e+02,1.835967362173478250e+03
1.219569090478272983e+03,1.796869453849750926e+03
5.117151826410965327e+02,1.435520649021976624e+03
1.223836601937213345e+03,1.955515862100377490e+03
1.219026042110625212e+03,1.917062084982434499e+03
1.307361979003581837e+03,1.895464885129689264e+03
1.104897815314207492e+03,1.995259017674414508e+03
-1.700469920392139784e+03,3.167373394207953652e+02
1.266378786630578134e+03,1.775179522202654653e+03
7.615133696247908119e+02,1.496285470320283594e+03
1.229373495314233423e+03,1.785206307674864547e+03
1.049682902141854356e+03,1.969531647034077423e+03
1.188252065313815820e+03,1.875228897675010103e+03
1.053324427608055885e+03,1.915132497347191247e+03
1.516232904286792063e+03,1.955370023150684801e+03
1.176157905805498103e+03,1.877696021136453055e+03
8.914162607876507991e+02,1.475619800529551412e+03
1.012560670950327335e+03,1.917820052458941063e+03
-9.045127879503345412e+02,-6.384311110683538715e+01
8.492252088824944849e+02,1.747012379060612602e+03
1.094969645204209655e+03,1.855898890503833627e+03
-1.071454050795417970e+03,-1.246877898906248561e+02
1.429768580494879416e+03,2.006437531887732575e+03
-8.279037295911812180e+02,-1.701798080521500367e+01
-1.655800579890317294e+03,4.456466259133314907e+02
1.221843171667570005e+03,1.376691054794871889e+03
1.266117044480056848e+03,1.927096491275161270e+03
1.392312998587621678e+03,1.986516604901256414e+03
-1.275258086027762374e+03,3.646164168576891740e+01
1.391730094707958642e+03,1.897005421109374765e+03
1.047387110843113078e+03,1.783295204655150428e+03
-1.312375434685489154e+03,-3.453283223254214818e+02
1.304419477137470494e+03,1.767484480702455812e+03
1.392143382813963854e+03,2.016996488007182961e+03
-1.486984870337141047e+03,3.556683408124072230e+02
1.225579852941873924e+03,2.015232896622386761e+03
-1.024963965144524082e+03,6.361135999201306959e+02
8.448852412207945690e+02,1.526175339019028797e+03
1.553196730844860213e+03,1.917382179122434763e+03
-1.572725122822778530e+03,1.454548747389562209e+02
1.212002151500166065e+03,1.963874076219737844e+03
1.016902185758639234e+03,2.015264373209818132e+03
9.293835958890500706e+02,1.736374307561414525e+03
-1.613236424870409110e+03,1.164450465512239532e+02
1.548915886076792958e+03,1.998489744359680799e+03
-1.359671527632734978e+03,6.610409346573601397e+01
-1.030377717465936030e+03,-1.541004273324718099e+02
-9.004896492441060900e+02,-2.045812620127287289e+02
1.058466262260444637e+03,2.226346422801446806e+03
-6.130987169427506842e+02,2.739532140338323529e+01
7.206949762680907270e+02,1.495356340980902132e+03
1.062664995313437203e+03,1.635168657674621954e+03
-6.044200046866258162e+02,-2.853132623253244446e+02
7.210022355663539884e+02,1.527661666435753432e+03
6.790825399679637258e+02,1.977831790662416324e+03
7.556654214730784815e+02,1.785006050378669443e+03
2.670482336606192462e+02,1.715283331871054770e+03
1.220370650375858531e+03,1.946004035919066382e+03
8.412303655350427789e+02,1.728604067887045630e+03
7.540083191471516102e+02,1.782486443943199220e+03
-1.202755314703459590e+03,1.108291290470950941e+01
3.073392847137656645e+02,1.565287036960877458e+03
5.527007234276602503e+02,1.497335287034444718e+03
-1.317258461584131283e+03,-2.368991340368980758e+01
6.384212969373078295e+02,1.737139702007683809e+03
8.863370042215461808e+02,1.766272050300332467e+03
6.374547404492751639e+02,1.887671662938764257e+03
1.012424593368537444e+03,1.676741734982747630e+03
-2.992790449313730505e+01,1.435413508664625397e+03
-2.373327108670413281e+02,1.676885344135859668e+03
8.832906516835369075e+02,1.729275179754249393e+03
8.909379132090458597e+02,1.866077369204781235e+03
8.871998896763830089e+02,1.617089454508849940e+03
8.490124880947481643e+02,1.956293764699910753e+03
5.587441454676160220e+02,1.746902916313148580e+03
8.047048063483046008e+02,1.826524261791330218e+03
8.959564953142206605e+02,1.875228897675010103e+03
5.569165774356420116e+02,1.776565065304628888e+03
1.304604568714226616e+03,1.886043748728925038e+03
-1.114287683874219056e+03,-3.299366533769891419e+00
-9.052103351379331571e+02,-2.137427545319293642e+02
-1.070276032983730147e+03,-9.313502660127042532e+01
6.791633620527854873e+02,1.526799545462520655e+03
3.499142987447435189e+02,1.296019162130508221e+03
7.575997050557266448e+02,1.667335819377567987e+03
-1.614062718922991280e+03,1.165137768697832428e+02
1.054181092162325967e+03,1.825822289215207320e+03
5.163380343144074232e+02,1.624947151731424810e+03
5.534180453711804830e+02,1.796949445902373554e+03
4.791852453145997401e+02,1.515138537674427880e+03
1.271606315313424147e+03,1.725191247674767510e+03
-3.996108816729121145e+02,4.847857436229848531e+02
9.294698871921316368e+02,1.347692357392423219e+03
5.899844884201643254e+02,1.696787432475314063e+03
9.708389761110660174e+02,1.795278065482884585e+03
3.958309953134120178e+02,1.545146067674476399e+03
5.506463096487111670e+02,1.847935170219301881e+03
5.119800862669366666e+02,1.767240957620745803e+03
9.673064901792458841e+02,1.820893552395995812e+03
-9.010301672567557034e+02,-2.637141734209557740e+02
1.141247298830174032e+03,1.686547076776524591e+03
1.345689416082687558e+03,1.705941150619549262e+03
6.412203288079156209e+02,1.745821954074122459e+03
6.001606990206137198e+02,1.836420156375744909e+03
8.049639641100728795e+02,1.676758092858622149e+03
4.380638153141822499e+02,1.755198777674816029e+03
8.865986184770190448e+02,1.736386855835673487e+03
1.017409841541503965e+03,1.745773332876535278e+03
1.265712370818966974e+03,1.867141490176516527e+03
-5.249297652504635607e+02,-1.439349874051996210e+02
-9.473268156870086614e+02,-9.278150064855441315e+01
-1.326645546082250348e+03,-1.335929611374747878e+02
3.918452444529589798e+02,1.685551103260199625e+03
1.126951205906059613e+03,1.934239754403497727e+03
1.386550857030371617e+03,1.857346353415908425e+03
9.311558904949321231e+02,1.766534699030082265e+03
1.011183662311876446e+03,1.937640909770980670e+03
6.708223069577940123e+02,1.602008047194862911e+03
1.216184975311280596e+03,1.816254302063265641e+03
6.366267120429890838e+02,1.887082937837273221e+03
-9.378370046866384655e+02,-2.853132623253244446e+02
-9.957801476938325322e+02,-1.948855607706674675e+02
-1.038541286397834483e+03,-1.062504100250131671e+02
-1.529534756890599283e+03,1.157106145141122227e+02
-6.721512564329408690e+01,1.536123608498115800e+03
3.958309953134120178e+02,1.335093357674926438e+03
8.802639831107793498e+02,1.509151336184851061e+03
-2.794101468147447349e+02,9.262520984268501252e+02
-1.316997945005781958e+03,-5.356661199066254397e+01
8.959564953142206605e+02,1.755198777674816029e+03
8.032608032280362522e+02,1.767313290135925627e+03
6.399597010877862431e+02,1.686733155754921427e+03
7.197771779233318057e+02,1.647555922185777035e+03
6.458937453138163391e+02,1.815213837674913066e+03
8.870425133331378902e+02,1.647308191453632844e+03
1.095820333977717155e+03,1.946369210927513905e+03
8.455623823694747898e+02,1.916400504515112743e+03
8.879611092743651852e+02,1.828004543924298559e+03
7.205386712184232465e+02,1.587122786376598697e+03
6.832984925561183900e+02,1.536878455614518316e+03
6.772600244095183371e+02,1.759121926742488540e+03
8.068371525765146544e+02,1.625928611851810729e+03
9.628541648838718174e+02,1.572521415065755036e+03
1.056954199559110293e+03,1.595482611233155467e+03
6.362638500368184395e+02,1.826882922649374905e+03
-1.153771937702435935e+03,-1.537596683728997391e+02
5.570444111314330939e+02,1.925163035797078692e+03
3.507230643543528572e+02,1.325758397219315157e+03
7.292479953134246671e+02,1.725191247674767510e+03
7.197611733326925787e+02,1.886401788194051505e+03
1.219566146025584885e+03,1.855061121509550048e+03
5.069764028467068329e+02,1.872110445352966963e+03
8.126022453146123325e+02,1.785206307674864547e+03
7.244707027976298832e+02,1.805639237632088680e+03
8.867191385259446861e+02,1.556280931904625504e+03
8.548350653138031703e+02,1.455123477675120512e+03
1.016308710626237826e+03,1.445613958330186051e+03
6.369200213125932351e+02,1.707460553830636627e+03
1.021543565314599164e+03,1.725191247674767510e+03
5.078806922363101535e+02,1.458746702513318269e+03
6.373738069486578297e+02,1.708533256261932365e+03
7.212768209806571349e+02,1.796986325525717575e+03
-2.643709046320174139e+01,1.685018316972933007e+03
4.380638153141822499e+02,1.755198777674816029e+03
1.058572111048854140e+03,1.716215706280768700e+03
6.788496968611548255e+02,1.797088603044929187e+03
9.328927053753091059e+02,1.445596896174731683e+03
1.183837013084341834e+03,2.227024397762572789e+03
5.489070100432090840e+02,1.699619292961758447e+03
7.250487100175162141e+02,1.656790987234971453e+03
1.223597970991145530e+03,1.957095585807236148e+03
6.881265653145866281e+02,1.935243957675107140e+03
7.251050013493975257e+02,1.956086639842516661e+03
6.047723153133988490e+02,1.845221367674961584e+03
6.788299323190849464e+02,1.736424900065534985e+03
6.404965050031498777e+02,2.015224398611747347e+03
6.783083641094444829e+02,1.827568025970800591e+03
7.636615459758288580e+02,1.797698800758149218e+03
7.714808153141948424e+02,1.845221367674961584e+03
8.507169161087667817e+02,1.776240596768762771e+03
7.626506299609732196e+02,1.855956670468660377e+03
1.049738679747164497e+03,1.878789064223486548e+03
1.017205688000475561e+03,1.926968572478417627e+03
8.458523044355855518e+02,1.317127724167077304e+03
1.262541727158605909e+03,1.977816338125167249e+03
1.188252065313815820e+03,1.905236427675058621e+03
7.249314200569226614e+02,1.686815498722842221e+03
6.365695813968914081e+02,1.707264992386294125e+03
5.504276014701787290e+02,1.667929470077029009e+03
1.479436245314637745e+03,1.965251487675155659e+03
1.345490507132572475e+03,1.975650037471287760e+03
6.796896339330000956e+02,1.827841063035004026e+03
8.548350653138031703e+02,1.425115947675071993e+03
1.047804627791675557e+03,1.576547162596906446e+03
6.357807016336469133e+02,2.097230129079014660e+03
8.073205365947806058e+02,1.655097362610990558e+03
8.082114779743864119e+02,1.834999350420065412e+03
6.833653983036190311e+02,1.776228917422098675e+03
-6.101397080788465246e+02,-2.341436051083745440e+02
8.078373228708207989e+02,1.896781552886519194e+03
1.176420418191305316e+03,2.178254672586805555e+03
7.625002502893083829e+02,1.767344133654870802e+03
4.642317996846355754e+02,1.634992278056872237e+03
1.177205770309411946e+03,2.006351206463721610e+03
6.749559239047724759e+02,1.969233361001692401e+03
1.438314815314220141e+03,1.935243957675107140e+03
1.138241675714719122e+03,2.187730472484674465e+03
8.508603768870077602e+02,1.535603916896952342e+03
7.237153951418632687e+02,1.835398769496713840e+03
7.519177901743429402e+02,1.752941437928874848e+03
1.388473836022475098e+03,1.796566435060136882e+03
5.587379185890953295e+02,1.925902403992686232e+03
1.179088354857600734e+03,1.766139148534633478e+03
1.013358815209258751e+03,1.527179505882766307e+03
9.745538070459178925e+02,1.565021512768924595e+03
3.453589225503259286e+02,1.495859441646533924e+03
9.292377060556765400e+02,1.617888611572962418e+03
4.636197951328481395e+02,1.725421681986732892e+03
1.259944936397048423e+03,2.119455406323942043e+03
1.011796100217157004e+03,2.037374528037883238e+03
8.470497519607446293e+02,2.036968394077928451e+03
6.320248716381382792e+02,1.962544168209282134e+03
1.021543565314599164e+03,1.575153597674524917e+03
9.719915288479819537e+02,1.647414841431600735e+03
9.708835983093453024e+02,1.677859808782625350e+03
9.752796271556462671e+02,1.685304774278507239e+03
8.828632677357559260e+02,2.148216290395434953e+03
1.221234813907782154e+03,2.187494290524727603e+03
6.460971296840609739e+02,2.085765062325076997e+03
7.206330564927367277e+02,2.156452980155385376e+03
1.304750792952924940e+03,2.186921609824521965e+03
1.354608254684680105e+03,2.145780122324384138e+03
1.384061686311566064e+03,1.996599419915185536e+03
1.382616351620604291e+03,1.997769226979429504e+03
8.871573408789306541e+02,1.676611518020424455e+03
8.878173218645086990e+02,1.646582924942718137e+03
5.919920355910386434e+02,1.662129473807642398e+03
1.179478517843233703e+03,1.886376912538435818e+03
1.383768208481032616e+03,1.998822106347881345e+03
1.131913481684717681e+03,1.692425679713619502e+03
-6.096800425683015874e+02,-2.654141182119170708e+02
-6.044200046866258162e+02,-2.553057323252759261e+02
7.673773859214009008e+02,1.805314716404940782e+03
7.292479953134246671e+02,1.815213837674913066e+03
8.126022453146123325e+02,1.785206307674864547e+03
6.881265653145866281e+02,1.875228897675010103e+03
4.822124598980387873e+02,1.743708275383674618e+03
