date:2016-07-31, time:0200, wind_speed:3.16, wind_dir:11.0, temp:19.7
5.438619403156749286e+02 1.096619067924299543e+03
-7.291836301000273579e+00 5.874619427131626708e+02
5.214180653137905210e+02 1.125040647674586808e+03
1.946678378900409712e+02 1.187244869602420522e+03
-9.052199181898647851e+01 1.381480816365584587e+02
8.126022453146123325e+02 1.035018057674441252e+03
4.278734004759365916e+02 1.184709914941444595e+03
4.791852453145997401e+02 1.095033117674538289e+03
7.714808153141948424e+02 1.035018057674441252e+03
-2.094025468620891672e+01 4.948825176751473691e+02
-7.926512912160774249e+00 6.184546432367128546e+02
7.573121734873400328e+02 1.034347173453569212e+03
7.939092839599067020e+02 1.036638383347084300e+03
-9.686590173524736258e+01 5.853810026517860479e+02
6.745775903772030233e+02 1.065617498033606580e+03
4.380638153141822499e+02 1.125040647674586808e+03
-2.094025468620891672e+01 6.149126376745517746e+02
-1.282534739096366593e+03 -2.227200574268082391e+02
5.915526286716371942e+02 1.064817143525293659e+03
5.077805746505862317e+02 1.097731670180280162e+03
5.777069201678333457e+02 1.069788148470305259e+03
5.364437494715994035e+02 1.098404538281131181e+03
6.758316937014905079e+02 1.066745334779977611e+03
-1.214496993561569070e+03 -1.266961260906196429e+01
-1.005754526863815840e+03 1.362609860666418626e+02
4.791852453145997401e+02 1.185055707674683845e+03
5.771414465473949349e+02 1.096895045878109386e+03
-6.206168468662637849e+01 6.449201676746002931e+02
1.046468153141696291e+02 8.249653476748914045e+02
-1.223039309070018561e+02 4.083650154662595924e+02
6.194510238896098144e+02 1.068432620056195674e+03
5.625394953142080112e+02 1.095033117674538289e+03
1.046468153141696291e+02 8.249653476748914045e+02
-7.288956846866516344e+02 4.648749876750988506e+02
3.830181527027722836e+02 1.185584221031784864e+03
-1.215121992286914747e+03 -4.019761800712399804e+02
-1.091450439361142344e+03 5.276402735015084318e+02
-5.300060430518456656e+00 4.969174140842353040e+02
1.046468153141696291e+02 8.249653476748914045e+02
-9.235888292696403141e+02 3.177678122457940617e+02
5.914315076227501322e+02 1.067101907057772451e+03
5.487741639206533364e+02 1.097099613043013733e+03
9.287074044911662440e+00 7.681600536949415527e+02
5.526110101873565554e+02 1.095062107006677479e+03
5.355516202622698074e+02 1.098166942117319422e+03
5.214180653137905210e+02 1.095033117674538289e+03
2.787975461338044170e+01 6.466793666451719673e+02
-4.073088316917411476e+02 4.956383828837059582e+02
-5.621871846858556410e+02 -1.952906723251788890e+02
-3.896115447424448348e+02 4.359456765978235921e+02
-7.418890661780045548e+02 -1.925820164936135939e+02
5.452341699518550513e+02 1.098723936102417383e+03
5.774470441544983714e+02 1.098010618071656836e+03
6.609138248578406092e+02 1.066293024168129023e+03
6.342298323151052273e+02 1.068606626152978606e+03
-6.206168468662637849e+01 4.648749876750988506e+02
-1.876487546854255584e+02 5.849051076745032560e+02
-7.455436573273608758e+01 5.266752080202295474e+02
5.753566410488139127e+02 1.097063949266018426e+03
-3.321742991451978355e+01 6.141829176234507486e+02
3.854832692608218849e+02 1.185660316816673458e+03
-1.229021184685880826e+03 -3.753358523254700003e+02
4.943788493486904940e+02 1.097673686135053686e+03
-6.026249189692720165e+00 5.885187302420814603e+02
-1.257662307881755396e+03 2.276043059760211520e+02
5.777898216709204462e+02 1.067032522010317280e+03
7.436026567055524765e+02 1.036649364359745050e+03
3.540159430983649713e+00 8.574119888246182200e+02
5.758723850729193146e+02 1.097157536055462288e+03
6.325739315342394775e+02 1.065541337402526779e+03
1.110848911983293732e+02 8.265371721512533441e+02
-1.115243623561768118e+03 5.554862013102454057e+02
2.129256531456131540e+01 1.215063237674732363e+03
-1.728590056343897459e+02 7.671227693325178052e+02
-8.816292434318233973e+02 5.581040698669149833e+02
-5.499224614630536223e+01 7.961424577249748609e+02
-5.900528968578837521e+02 5.589221925523188474e+02
-1.161779738062209844e+03 -4.339425330018640921e+02
-1.090177929603803705e+03 7.673192930166055703e+02
6.458937453138163391e+02 1.065025587674489771e+03
7.025750005445222541e+02 1.068362097517811890e+03
-8.891127330925095293e+02 4.956383853767575260e+02
-1.229021184685880826e+03 4.648749876750988506e+02
5.780290359247328524e+02 1.067440066111181295e+03
-1.327156598203743215e+03 5.556664365827576830e+02
-9.650632378862026144e+02 4.680531934583123075e+02
-9.236426522782595612e+02 4.975852295338773388e+02
5.905159728361920770e+02 1.064485911502275258e+03
-8.956041846858682902e+02 4.348674576750503320e+02
-1.039822148047085875e+03 6.167296745345079216e+02
9.239075622200410010e+01 8.265170088125287293e+02
5.511160186399953318e+02 1.127409612359203720e+03
4.256974438825197353e+02 1.185693398957775344e+03
2.129256531456131540e+01 8.549728776749399231e+02
-4.081350908052750128e+02 5.243954420343850416e+02
-5.470873007132569228e+02 4.375566915407937927e+02
-1.090158598495775323e+03 6.171346414391163080e+02
-1.298608007557092378e+03 7.075408807688382922e+02
-5.373154186382638500e+02 6.796706209397794964e+02
5.505128861774123834e+02 1.098076800304306289e+03
1.765741771878479938e+02 1.187059518257898389e+03
-6.877742546862341442e+02 7.049352276746973303e+02
-3.420791655037662338e+01 9.152018258474305412e+02
-7.158185655809782020e+02 7.675915806759682027e+02
5.781582671571894707e+02 1.097509155781584923e+03
4.939994491740799276e+01 8.563090736875087714e+02
-2.094025468620891672e+01 7.949578176748428859e+02
-7.493858594665256589e+01 7.341550750943144976e+02
4.252736828465099279e+02 1.185867375617280914e+03
1.046468153141696291e+02 8.549728776749399231e+02
5.124598143470124967e+01 8.254597390459309736e+02
3.838524109173292800e+02 1.186653238400330338e+03
-1.213938562722715233e+03 -4.322980489380595941e+02
-1.032514486446684714e+03 -5.537481549042229290e+02
4.687662379064686888e+02 1.153957416742214718e+03
4.916722731020151969e+02 1.097332804707183413e+03
2.559245517959413405e+02 1.218657017997104958e+03
4.380638153141822499e+02 1.185055707674683845e+03
-6.741707672602335606e+02 8.573711786720456303e+02
-6.044200046866258162e+02 8.549728776749399231e+02
-1.248373829082410793e+03 -3.739520718481047084e+02
3.547095653145739789e+02 1.515138537674427880e+03
2.857691916706938287e+02 1.400216090043465556e+03
4.671474293966947471e+02 1.187229327529319107e+03
5.502412867613929848e+02 1.099026968821375021e+03
5.432610439237600986e+02 1.156902865412711435e+03
7.582689923700346526e+02 1.036151843228130247e+03
1.273831110089943621e+02 1.187290138879867527e+03
7.599365124645339620e+02 1.034967064198859589e+03
-8.412682319898709693e+02 -1.935951401305519255e+02
3.410486246951372777e+02 1.785069918784605761e+03
4.380638153141822499e+02 1.185055707674683845e+03
4.123404419887440895e+02 1.188962778777662379e+03
7.592883702474656502e+02 1.037658505015449236e+03
-1.123553888314755568e+03 -4.029408632501210263e+02
-9.109407678646340401e+01 1.397994673088920990e+03
1.105197333291563382e+02 8.269695878495155057e+02
1.046468153141696291e+02 8.249653476748914045e+02
1.342574382872355727e+03 1.126685687338279649e+03
-5.317050475627639798e+02 1.396315976697718952e+03
-6.455414346854639689e+02 7.649502876747943674e+02
5.347273129609795888e+02 1.099967621599695349e+03
-8.645111964402331068e+02 5.272490502147837788e+02
-7.395718168120465634e+02 1.604891547928867112e+03
4.944790408051842974e+02 1.546278511641042769e+03
3.000266318029128456e+02 1.818142160232954893e+03
3.257161304937581008e+02 1.787302112075194827e+03
3.124767453138036899e+02 1.935243957675107140e+03
4.183846424278020208e+02 1.967465730946716803e+03
-9.232648408274443455e+02 3.770143001301282197e+02
-8.242486114705715181e+02 2.536986416919351370e+02
-9.378370046866384655e+02 2.248147476747107021e+02
-7.434887362025365292e+02 3.140218681341524984e+02
3.124767453138036899e+02 1.755198777674816029e+03
3.701556444417442435e+02 1.936846513297514321e+03
2.851225824331974081e+02 1.727980562516202326e+03
-1.996474265736584925e+02 1.577909805970275102e+03
5.766316175832014324e+02 1.098703269345735862e+03
5.929979679538572555e+02 1.065605583859169428e+03
6.347677265966415234e+02 1.065940990545687328e+03
3.259436649768429675e+02 1.968472186462637183e+03
-8.122499346862599623e+02 1.545146067674476399e+03
-8.813114831806130951e+02 3.490630847215068684e+02
-8.314841909996875984e+02 2.876277504727552810e+02
-9.498434374327116529e+02 2.876709453725288768e+02
1.046468153141696291e+02 8.249653476748914045e+02
5.425693148505590671e+02 1.097030432661118994e+03
-6.970656881189515843e+02 1.607781236491217214e+03
-8.253693613232691177e+02 1.576009391528345986e+03
3.276349365802121838e+02 1.697000837606914047e+03
-8.394413272549302292e+02 1.638516312474215965e+03
-1.722809549025794809e+02 1.578216346013275597e+03
4.097648347159997115e+02 1.849175747416622698e+03
3.676323860268003045e+02 1.936511664233281181e+03
4.528188835423285923e+02 1.967772699894096377e+03
-5.751635515997922994e+02 1.606062372872050901e+03
-7.288956846866516344e+02 1.545146067674476399e+03
-8.807559500511115402e+01 1.547276858029998948e+03
3.547095653145739789e+02 1.935243957675107140e+03
-4.901612126311218844e+02 1.636498439316500253e+03
-4.913579226599667322e+02 1.636027331684563933e+03
3.006267349621868448e+02 1.727636442773798308e+03
-7.489988055034162073e+01 1.607097997075313515e+03
-6.738398295136482830e+02 1.607242565777696655e+03
-7.044707116720275053e+02 1.607398091214508440e+03
-1.587763497864189901e+02 1.516367178706811501e+03
-8.240813678327640446e+02 1.605861868620811720e+03
-1.042945046858172304e+02 7.649502876747943674e+02
-8.937781580341892607e+01 7.673796062014259860e+02
3.706535837403220626e+02 1.938109774212403181e+03
-5.332237595367930680e+02 1.607171757101425783e+03
4.380638153141822499e+02 1.545146067674476399e+03
4.338275886474821164e+02 1.755350410344589591e+03
-4.705247601481683262e+01 1.607755085452147796e+03
4.198943635937771433e+02 1.608121036364276733e+03
4.380638153141822499e+02 1.965251487675155659e+03
4.248535311253871782e+02 1.965406101715629120e+03
4.449239476914489728e+02 1.545655882521380136e+03
-4.073979584686987891e+02 5.260164271290519764e+02
2.014991561800347881e+02 1.187402142408608142e+03
-5.747264463379798372e+02 3.165286134880632858e+02
7.292479953134246671e+02 1.035018057674441252e+03
2.020513496817122245e+02 1.185957669709393031e+03
-1.158345441615104846e+03 -4.322677977388023010e+02
-5.320848248428218312e+02 1.786740450989281271e+03
-6.733520790903904754e+02 1.757795332433541489e+03
-5.210657546854381508e+02 1.785206307674864547e+03
5.939528752037400636e+02 1.095285989297072319e+03
5.934373050204319497e+02 1.066510414773224966e+03
-9.637492493867550820e+02 4.998576177468623314e+02
-2.094025468620891672e+01 4.948825176751473691e+02
1.192834013613218218e+02 8.284810173102110866e+02
4.245196566429654013e+02 1.188198734398997658e+03
4.937529495221961042e+02 1.189542959415784253e+03
3.610780563817969551e+02 1.936687764504478537e+03
3.204412514118379249e+02 1.907355693487655572e+03
-1.042945046858172304e+02 1.725191247674767510e+03
-1.325130609229598576e+03 5.871092643174482646e+02
-1.381199230566578308e+03 6.178681556549711331e+02
-1.323926657289336163e+03 5.250859128730423890e+02
-1.354608254686259443e+03 6.449201676746002931e+02
3.262727186997614695e+02 1.907809837676978077e+03
-5.805041858033689550e+02 1.817459687755381083e+03
-6.206168468662637849e+01 1.785206307674864547e+03
5.502407733064750346e+02 1.096062892093671962e+03
5.782739593709886776e+02 1.098123411182300742e+03
6.749081336262063360e+02 1.065126865101741259e+03
7.444801321175724524e+02 1.037321601427140877e+03
8.185791016839464191e+02 1.035808256870052901e+03
5.625394953142080112e+02 1.095033117674538289e+03
-6.044200046866258162e+02 1.575153597674524917e+03
-5.918557554174146844e+02 1.606725056665149168e+03
-1.075428370072104144e+03 7.047364645029524581e+02
-1.074227205167707098e+03 7.055182348229232048e+02
1.343253469525235005e+03 1.188065894802440653e+03
3.605883831531920123e+02 1.937584234194853707e+03
-2.018609044625792421e+02 1.724023835604743226e+03
-6.455414346854639689e+02 1.725191247674767510e+03
-5.439091377438813879e+00 1.397836504367479847e+03
-6.206168468662637849e+01 1.395108417675023475e+03
-4.678898411637317167e+01 1.367423154337716596e+03
-5.338034475125373319e+02 1.818727003170576609e+03
-4.631929821294236831e+02 1.759925781710858018e+03
-8.946427867614897878e+01 1.818325965988923372e+03
-1.151363025076527151e+02 1.786575928664591629e+03
-4.788329346862473130e+02 1.785206307674864547e+03
-4.772627115023881572e+01 1.758957645376726077e+03
-5.621871846858556410e+02 1.695183717674718991e+03
6.047723153133988490e+02 1.965251487675155659e+03
5.917818996563829614e+02 1.907885893828900180e+03
-5.474771859648850523e+02 1.788646045985364708e+03
7.436578982376410067e+02 1.038957283729171422e+03
8.280315815556629104e+02 1.037907903525684333e+03
7.599893153088501094e+02 1.037197481714130845e+03
4.521000674988384844e+02 1.966981258016887523e+03
5.214180653137905210e+02 1.905236427675058621e+03
-5.902132182445051285e+02 1.727862038806195869e+03
4.946528499943224801e+02 1.998431244522843372e+03
4.232739848129310758e+02 1.964063401501962971e+03
4.923496575968557067e+02 1.906965860715672079e+03
3.124767453138036899e+02 1.965251487675155659e+03
5.782532627245373078e+02 1.098195136014372110e+03
5.483076247975144497e+02 1.095025430647983512e+03
-9.237100404269049250e+02 5.283652132378738315e+02
-8.544827546854508000e+02 5.548975776744547375e+02
-8.878138848284119149e+02 5.863745295550091896e+02
7.714808153141948424e+02 1.065025587674489771e+03
8.045311010808030687e+02 1.068289959408538607e+03
-7.573041858384026170e+01 7.659988295574951280e+02
-6.150960305386870459e+02 1.579733015423086044e+03
-6.304837270814149406e+02 1.548371688786662617e+03
7.780827176070721407e+02 1.066045850959558265e+03
7.573158690790284027e+02 1.064674232917821655e+03
5.214180653137905210e+02 1.185055707674683845e+03
5.427028015002239272e+02 1.126566069128862637e+03
3.958309953134120178e+02 1.185055707674683845e+03
4.380638153141822499e+02 1.965251487675155659e+03
5.017273758603545275e+02 1.997290156716727324e+03
3.710044442370694924e+02 1.937912675101677905e+03
3.547095653145739789e+02 1.935243957675107140e+03
3.617928277763640494e+02 1.937465467628294846e+03
3.686312443663147178e+02 1.937961741656047707e+03
-7.190168687874844977e+00 1.427761919059363890e+03
6.191660035372923403e+02 1.067510857131561124e+03
5.929231376615542786e+02 1.095509594825570730e+03
4.378283726897376482e+01 6.175778282709449059e+02
5.509307828437172248e+02 1.095157968903539768e+03
6.194663494462715789e+02 1.068017427635436661e+03
4.938481091350252541e+02 1.097199013008922975e+03
