date:2016-10-05, time:0200, wind_speed:0.92, wind_dir:139.0, temp:9.2
-61.168957 -25.636483
-60.874895 73.348091
-115.484026 10.363593
-127.318968 79.447381
-73.210795 70.381770
-135.886704 -19.772861
-28.035998 118.497671
-123.657425 73.375610
-36.167651 130.380501
10.140072 139.316894
-69.755802 130.518863
-77.297047 127.518153
-77.335007 58.384658
131.052736 187.452940
-120.582138 121.847744
-2.669180 154.306079
-23.104711 118.424491
-94.233917 82.384461
-70.317412 106.847296
-94.153374 7.305026
-11.953865 134.159041
-81.509388 88.444388
92.985580 199.418312
97.483919 187.457182
-69.477586 112.293273
97.362026 190.229388
71.528214 157.507470
-60.472267 151.555442
112.993631 110.113742
122.325522 202.201779
131.060127 181.454720
56.086254 124.488014
-23.704282 148.308119
-90.365562 139.417709
-72.889568 133.509336
-110.573160 1.503624
-99.049972 108.617311
-48.428064 169.255656
-44.199646 154.329118
-52.224988 103.425966
30.666919 136.346860
-27.226824 97.499022
-23.839013 126.679705
-69.033382 73.272674
55.555463 199.476706
-123.471581 82.260264
-90.256318 142.540700
-94.612954 28.356973
-31.340590 115.575807
-31.309936 115.400895
-40.482258 114.604410
9.467300 123.466822
68.591605 157.415906
88.880903 157.325522
-73.454014 118.398467
-86.075674 118.564587
-82.242908 160.442433
-69.376087 70.444923
-98.420631 142.338418
-73.431969 109.420407
-103.389104 132.799113
143.681629 130.589743
-23.102406 91.613947
-110.635326 112.614076
-24.280211 126.804029
-48.495289 112.426861
-53.739596 97.893424
-98.798213 84.506943
-61.402873 10.449120
105.263165 183.562323
-61.498765 99.538748
118.567492 190.516010
-27.645871 85.317680
-139.572968 103.501806
-35.491440 166.637292
-10.948666 160.284154
5.617619 142.304634
1.883167 142.523875
-36.382444 136.359787
93.132951 229.357984
134.845952 214.319911
-94.838200 27.327290
-102.119125 109.503312
-107.059359 184.569771
-111.547271 171.808522
-106.319388 37.552114
21.854692 130.243889
-93.989199 46.358486
51.931183 148.463233
-98.746745 148.391494
109.776853 154.339677
-36.002618 97.377680
147.357783 187.341769
-57.051033 142.475756
46.953302 136.293318
-43.986674 112.394425
-143.971467 106.503190
-23.599147 103.483289
-73.704304 112.399721
-61.627498 84.802711
-160.710978 112.445165
168.190044 211.450280
18.667555 169.545990
-69.127879 160.354199
122.005113 166.418238
126.622224 154.361833
-106.573772 145.448491
-77.668007 139.350169
1.634932 109.406303
-85.694273 16.214845
-89.647074 145.570368
-49.730028 160.723249
-52.830154 163.247501
51.490877 118.292943
101.801118 196.175563
97.644777 196.537993
117.177808 172.554972
118.125161 175.555034
126.887723 181.388912
14.375316 172.369291
-53.268537 105.933636
-69.135377 49.451933
122.586416 187.350893
-110.874458 103.284092
-144.545188 73.362299
-60.697684 52.374690
-53.266497 42.493503
13.731078 142.497115
25.954733 144.888896
-52.674507 133.269470
147.348295 139.376590
109.274127 163.012647
-69.607207 -8.355081
163.183341 223.525068
131.053010 199.520935
-2.933022 172.388748
155.358969 166.309153
51.220608 144.330297
118.182013 226.430175
84.877062 163.344399
-73.137523 145.354780
-31.782998 139.341617
-43.925306 136.699973
-31.452979 124.377007
55.583347 124.424158
-27.224544 118.630725
-23.574986 121.440682
147.823980 244.545969
-31.749339 154.337560
-44.023404 61.426282
131.272775 181.521384
-119.440482 61.296797
126.586251 211.379087
143.093684 187.507072
-65.541602 171.498640
55.856991 142.383224
121.493126 160.084002
114.268390 166.358479
-102.739730 4.275410
-77.318636 124.603728
-93.930494 112.297067
-102.119125 46.487499
-60.729056 88.279111
-69.513140 88.188441
63.522056 156.641840
-128.061375 120.231868
-131.859624 136.353373
-27.795762 88.379115
-22.980032 127.472744
-148.494588 136.345086
-64.602821 94.618566
-61.386361 100.318940
-61.329480 67.486668
-102.552218 142.430951
118.158732 184.304725
118.409577 181.375497
-85.906407 25.259176
-89.764865 181.383816
96.984111 175.441909
101.777615 184.449351
-44.736420 163.497277
114.501189 214.600020
-23.147762 70.420586
-115.368803 114.103973
-81.898022 154.289243
-11.003999 115.376291
-44.280684 103.174858
-73.444224 166.273807
-48.652352 145.430736
76.799918 157.475793
-77.457440 151.401403
-124.194422 114.686371
113.949525 166.404110
-52.715767 133.412446
-60.672338 112.657028
-48.498754 115.316255
-6.829125 148.426821
-139.673147 100.373021
10.277122 142.548231
-53.666526 194.147654
-106.372042 142.626855
-82.045849 106.377822
9.778990 145.411529
-10.889410 106.436265
-102.366190 178.376753
-40.275693 103.322549
-144.014134 97.553141
-145.032025 91.188705
-111.205780 28.461164
164.430382 208.487600
-81.684237 121.368315
-82.479199 117.806534
-110.857693 109.577996
109.344054 156.741798
-98.531693 136.479147
-52.679465 163.431660
-31.642037 106.535631
117.796670 183.521140
-31.675936 160.423312
-69.435786 139.293591
-69.714950 144.540394
-118.789975 61.491264
-35.917509 163.353006
-36.669288 166.263885
-102.614663 109.329366
97.487228 163.326771
93.190806 166.341916
97.838033 169.521954
-115.642509 111.453927
-110.630583 115.666427
-48.289874 97.303814
-52.686504 94.250434
-48.283784 100.411174
143.103473 244.469784
9.898770 139.466196
164.413254 211.402244
163.414127 210.842176
-40.539826 85.408708
168.678405 214.572538
-111.683001 108.662841
-107.520580 106.423060
-111.058466 112.382454
126.615540 193.375002
-7.188596 166.509777
-45.026104 147.929048
-156.760467 136.302395
-56.703396 136.238013
-10.908316 121.472767
-64.923056 106.228981
-148.276191 103.408967
-148.350722 91.449419
-27.260904 70.316176
-160.951389 64.379957
-52.996766 31.488415
126.424954 211.494704
126.518886 190.328014
131.134438 190.589364
-11.438771 175.007673
139.403008 163.496131
-114.842529 142.531667
-124.598767 115.963943
-15.157212 94.394681
-27.931727 70.353556
-103.187242 64.003210
135.244282 235.446911
126.301696 208.618913
6.053733 187.640186
-18.968236 172.386835
-19.047138 151.387857
-106.382835 139.473363
-52.274536 124.487346
-144.436841 94.228917
-11.085231 97.334666
-111.389610 84.576875
-27.503637 79.237335
-65.564390 19.405138
-106.795276 145.475892
139.628538 238.584036
147.413014 181.329113
113.869003 166.444643
10.253686 133.359435
-110.619156 112.518268
-81.990344 34.336701
-52.534217 157.445070
-110.585182 112.632541
121.886588 168.954859
113.977066 163.438190
-127.821887 91.370031
-123.109433 91.659033
122.674213 193.414940
121.845079 193.126200
118.264125 190.454248
-31.835374 163.341931
-31.433161 166.359459
-27.959748 163.321550
-36.041291 169.253501
122.796258 202.608756
43.508927 190.382672
-24.476109 185.119198
93.818932 172.519125
105.684982 163.275731
-56.907138 163.381081
27.097079 160.603009
26.622106 154.311620
117.761462 151.525989
6.011515 142.421440
-81.968187 139.452098
-77.639504 118.505848
-48.201570 103.419307
-82.796759 88.963387
-65.532209 90.323264
-14.666828 67.494922
-18.959889 -85.587753
-35.686514 -91.560969
-52.189342 -166.450421
-40.220177 103.388883
-43.771150 106.502559
-45.021115 108.818585
-127.815429 133.151028
-53.042577 133.391604
-52.607127 136.263370
-57.092260 135.399708
-57.639084 137.053190
-89.845856 43.323919
-44.901476 129.960388
-48.416927 130.307197
-52.789034 133.276128
-32.061852 163.488306
-36.130929 163.250205
-36.198787 160.415834
-35.930505 163.463539
138.601404 181.339680
138.533390 171.910380
5.301907 169.462239
34.961376 136.268354
30.427333 133.460786
9.777964 130.392651
-2.314523 124.479748
-48.077106 100.448386
-19.808699 97.514443
-36.125360 94.351294
-40.172085 82.377909
-35.519206 82.647581
8.977232 71.088618
-23.372759 70.343283
-81.804786 46.396343
-94.072222 10.267676
-97.945587 7.519765
-90.466303 -1.472550
-7.432064 0.769621
26.954932 -145.460586
34.537989 -205.743219
34.360291 -214.976955
-36.451568 178.482866
-103.304478 -20.470914
-44.371257 82.286296
-40.333694 85.446867
64.376303 208.405641
47.481864 193.385565
-73.005812 184.727139
35.346115 172.440291
64.324450 169.456259
122.788278 169.635682
1.288513 162.322724
26.993530 160.509140
-27.248974 130.348854
-73.126115 112.349950
-27.254497 37.528948
-35.582057 25.563183
10.223347 -148.692368
-14.794153 -166.488423
1.995914 -193.469461
38.001574 188.079956
114.389271 151.534787
-94.003627 145.592785
22.547947 136.407129
85.483507 133.509336
-69.203670 94.427643
-23.240539 91.285698
-74.492565 58.821474
-18.801446 34.503439
-60.591930 25.504559
-22.992112 -130.427769
-18.894139 -154.545487
92.353729 178.819575
97.692876 175.642304
47.685956 166.309541
9.377873 159.768236
-43.962392 157.501730
47.823097 148.483816
-10.668555 94.656805
-69.927092 90.476879
-60.577134 40.525020
-81.455855 31.341538
-27.256600 13.527452
-107.691551 10.801926
-18.895153 -58.542917
1.057217 -77.665765
-31.460081 -85.809885
13.689940 -155.569897
31.086263 -154.415131
-35.661579 -166.629791
135.272328 214.621314
93.686922 196.465678
-68.959618 184.330764
-60.500082 172.663539
-57.281598 156.486125
92.089343 157.825669
-44.047559 151.328860
80.968854 151.393744
-52.261876 148.619831
-98.023764 139.598288
-60.625274 121.364198
-68.846929 94.609319
-35.713273 94.489472
-73.212582 76.380497
-69.778483 63.401614
-85.591266 19.596020
-69.308342 4.267044
-106.745118 1.236840
-52.106575 -151.562199
14.503334 -151.518733
31.164405 -202.594182
-6.206168 -208.576506
31.107180 -217.636272
-10.559149 175.479089
-10.429450 172.519125
-10.915601 172.366015
-39.656949 154.439556
-40.020922 160.261944
-37.337447 160.729431
-19.965931 90.722648
-23.065301 91.479433
-24.549371 91.329984
-78.454740 145.139204
-74.245298 145.119735
-73.573618 142.308683
67.849638 156.289265
67.862218 156.750471
63.460532 160.116144
89.346295 199.480652
64.431342 172.560105
35.148451 166.407320
147.655119 154.416920
-27.323142 127.526793
-81.554605 13.303802
-2.197742 -70.512873
-43.923178 -193.556154
47.760588 -196.606303
1.984486 -217.481613
-48.085139 103.584679
-43.771150 103.501806
-44.511607 103.511972
-44.115864 103.347736
104.998910 184.701148
105.258207 182.546067
109.279246 184.031592
104.614079 184.974103
-131.237543 139.510842
-132.650472 133.877264
35.612072 136.892326
35.040150 133.351709
35.119259 139.353602
34.745860 136.265200
-32.591793 115.811595
-31.396337 115.596326
-92.011530 181.477370
-64.554143 169.518372
-65.852158 172.611666
-105.934715 112.100251
-103.557374 110.008189
-110.970298 115.409437
-27.311187 160.369236
-30.465466 159.889759
131.127781 196.598544
123.674790 192.955917
76.879802 196.493309
60.242983 190.534233
106.108503 187.395083
22.716412 142.528437
-39.698992 130.476609
-106.492317 106.501083
-98.025764 106.409040
-43.877023 28.467492
-14.689520 7.489656
-77.322795 -4.544116
-6.378567 -88.693843
1.954720 -94.661227
-10.558010 -133.543944
101.962351 205.722211
-14.643713 181.584458
-18.925051 145.678839
-18.994447 103.621115
-85.573931 28.532769
-72.980296 7.633838
-39.625950 -139.369932
-52.184155 -175.426020
35.400347 -178.390764
35.269070 -196.475592
143.732961 214.591331
39.456622 178.540219
22.861498 154.589118
-35.507850 151.629213
60.441764 121.556407
93.742892 121.532551
-118.888208 106.591646
-35.516674 34.555118
-10.525678 7.531124
-60.467176 4.492993
-18.826396 -70.503914
-18.873171 -118.468652
-60.573960 -139.487290
-6.243249 -139.531206
-35.506208 -142.462993
-22.986923 -175.473367
2.081134 -199.560174
22.794796 -214.528328
43.729334 -226.463950
14.576825 181.521384
139.608200 175.519878
22.912250 166.517619
-39.547868 127.507830
-56.218718 100.501053
-64.554143 79.495782
-64.554143 49.488252
-52.106575 46.487499
-14.541593 28.482981
-56.218718 25.482228
2.129257 16.479969
-31.212443 -142.559940
-22.877018 -157.563705
-35.435725 -166.565964
-10.429450 -175.568223
122.578110 194.795168
120.273657 192.836428
122.220287 194.232611
124.012194 192.245777
