date:2016-07-03, time:1700, wind_speed:3.54, wind_dir:278.0, temp:24.4
-1187.716979 -1164.868670
-1310.672285 -414.445630
563.201420 1060.873218
563.424346 1060.797964
271.414289 1211.474701
689.768193 1025.624237
-850.080072 -1081.693723
647.492368 1056.836550
445.874526 1678.225994
-888.824221 -1204.815279
355.313191 1175.565374
980.881898 1025.617499
231.651752 -2911.505572
980.134490 1031.233817
979.620813 1025.238455
980.582967 1025.739074
-232.334192 893.084180
562.966296 1056.046906
565.745678 1049.902661
438.531460 1115.798959
979.894779 1026.535212
-57.419984 985.281813
981.438082 1020.258496
563.203352 1055.979188
439.451507 1115.903230
-53.388168 -845.708217
980.880151 1025.906374
979.627690 1025.379559
-312.124435 884.980408
563.303195 1055.943922
564.865856 1050.043442
-219.425506 894.081455
-144.468608 845.459972
-266.602663 835.581660
-1102.877778 -2545.529491
198.465052 -667.869979
312.476745 -2895.968372
272.125414 -2905.080055
981.103675 1026.526011
689.168010 1025.759717
980.146271 1025.766641
563.438889 1055.834547
-228.649599 642.097646
-1062.091574 -2569.988514
61.776078 1009.250983
979.599710 1025.368728
815.146587 1020.598366
980.502135 1025.257355
690.046425 1025.888811
564.110005 1055.815000
64.165538 809.911016
563.597313 1056.272065
564.089334 1051.272641
563.508153 1055.351182
563.574375 1055.695197
523.305508 1078.827095
565.521294 1050.259259
396.633536 1955.848807
-768.519148 1679.442253
-640.463708 1560.143936
645.710067 1512.711475
-143.166918 1470.964712
-727.771157 1243.153256
-894.935738 1007.626055
1064.054008 1025.062623
-687.774255 794.957818
-767.452350 329.451556
-1226.906437 237.851463
1522.567716 1601.642954
153.326180 1532.016554
442.515573 1559.022486
-270.843591 1551.560411
-728.895685 1425.115948
-515.739646 1380.317939
-768.412444 1139.920075
-1684.179677 779.557545
-682.036301 419.421127
-635.998672 324.011174
-895.604185 134.792158
-561.377160 -87.139074
-848.767815 1764.887284
780.652708 1587.604827
562.539495 1485.131008
-145.415935 1215.063238
-687.217224 408.755664
728.112596 1636.565717
-268.030310 1619.601090
-852.092405 1562.032215
-849.215085 1528.999670
-639.060411 1320.493998
-766.543347 -209.504738
564.467677 1055.112230
-1642.200041 751.346561
-1687.363058 731.197704
-685.360278 815.164598
