date:2016-05-25, time:1100, wind_speed:2.44, wind_dir:199.0, temp:21.1
1298.160836 1628.757648
675.153923 1898.575895
506.836600 1627.774704
-1110.046775 -2508.103210
1096.536580 1781.237214
258.967742 -592.618000
729.247995 1125.040648
-523.274776 -1456.430427
639.324357 1092.348869
-615.628458 -769.385920
-528.554117 -1637.332492
214.192179 1478.849417
931.247797 1572.816278
966.278861 1118.670272
-478.832935 -705.418682
-733.458924 -916.898513
510.085062 1630.171919
717.179184 1117.585154
889.656821 1153.003535
854.835065 1785.206308
550.014008 -2723.420208
604.772315 -2685.915662
598.384007 -2659.126374
-692.874456 -766.833098
598.326422 1272.213445
591.139429 1119.068244
935.866333 1753.904889
425.090265 1478.863257
562.539495 1125.040648
-658.543074 -650.976800
479.185245 -2775.938252
968.573140 1330.316156
343.613043 -619.741314
383.233927 -532.242659
593.889332 1299.665112
551.427446 -2781.215607
1091.300829 1447.408818
759.429565 1088.482398
60.271540 914.171201
979.310745 1965.251488
1185.510118 1844.232298
592.340990 1329.726995
972.355752 1122.826083
-23.625110 644.497847
930.060558 -2057.217695
673.237736 1748.658186
-534.270966 -1492.314920
757.937174 1868.548140
604.772315 1335.093358
976.984716 1273.816706
-900.103845 -467.429865
-282.373289 -500.724116
-385.953195 -679.653368
-523.343331 -1426.604107
845.318016 1240.067914
341.144304 -591.477472
1007.080873 1599.539885
305.723951 -649.280054
390.754593 -557.257272
-1645.792435 254.822278
-946.840872 -199.067172
-576.472638 -712.428823
6.775611 907.532615
-562.187185 -405.343382
-32.760104 -560.302385
934.350601 -2087.514656
938.189315 1845.221368
720.362974 1811.177637
-437.711505 -465.358442
-328.364215 -470.834439
-275.255801 -617.706639
-485.326504 -798.814532
806.434196 2292.989789
812.805630 2205.795182
1354.608255 2265.810242
1146.222630 2085.765062
1060.731529 2054.747584
1053.053183 1811.450586
854.835065 1755.198778
935.869968 1544.202020
-20.940255 644.920168
-1074.616689 -50.049054
928.872523 -2089.147998
347.199344 -2810.412435
1188.252065 1935.243958
758.763221 1628.936033
729.247995 1395.108418
-437.711505 -285.313262
62.413995 -315.320792
-618.923247 -351.645595
-75.256294 -502.651060
636.548631 -2689.279046
854.835065 2025.266548
688.126565 1995.259018
979.310745 1515.138538
808.049485 1423.670685
-528.633944 -498.369833
-775.106847 -1067.474460
763.835695 1962.777993
-75.812207 -232.156830
-446.558901 -378.511861
-567.453489 -1097.173065
895.956495 -2115.772592
938.189315 -2115.772592
979.310745 1095.033118
1058.200695 2263.391843
-895.604185 -105.268082
-357.408766 -196.269963
-404.745121 -379.446464
-529.341231 -558.461734
-606.660392 -1096.424867
685.292224 1934.057071
846.711244 1571.575913
-1062.312685 -105.268082
-31.742562 -349.715290
1048.242430 2439.408093
97.628173 2082.579839
771.480815 1995.259018
1015.612258 1962.547958
974.125916 1873.353158
881.546207 1598.552744
-615.055780 -920.610943
225.096715 -2777.901937
1188.252065 1155.048178
-1026.018361 -77.004142
-354.357255 -345.328322
-298.678372 -347.795585
-228.770185 -285.313262
967.585712 1959.456125
645.893745 -2685.915662
602.214635 -2716.921864
925.109286 1960.055908
938.189315 1995.259018
1188.252065 1935.243958
1214.944798 2349.138347
1049.531663 1839.414879
1093.116286 1840.429787
881.813935 1537.286832
104.646815 -315.320792
354.709565 -465.358442
896.159880 2325.825302
965.945407 2289.230007
141.832942 2054.234741
688.126565 1725.191248
-439.889797 -286.658080
-368.983906 -651.373190
766.364650 1393.119082
-26.669760 -137.705739
301.871013 -2751.257254
965.524925 2379.583732
806.721873 2173.162286
1185.322462 1724.157509
976.680522 1183.679398
-73.253232 -110.428135
-399.759148 -646.857819
-618.846795 -983.120168
-653.425412 -1008.970984
929.132254 2322.480987
1137.710903 1690.854792
137.557981 1241.604365
598.451390 1092.883377
-652.018108 -196.634403
14.644284 -198.384606
347.453943 -2868.842246
1057.202405 2292.603195
842.919628 2050.470495
701.712773 1843.762348
887.294153 1781.930247
930.129021 1571.424526
762.221467 1361.351179
762.966009 -2510.553470
852.251181 1784.564355
888.706658 1783.840458
-110.800685 -498.286550
-89.361689 -498.316212
1033.158020 1721.745806
96.685751 611.456010
-692.436521 -166.305969
-319.633237 -737.696999
369.199161 -2838.476347
1266.677900 2354.632615
850.889125 1873.005197
1060.137550 1513.860160
766.541331 1453.542653
-192.154555 -227.038535
99.208356 -377.048300
-314.244267 -496.446081
1098.802841 2413.864012
1018.108456 2324.765558
810.252102 1694.133382
1226.402577 1123.797801
-64.886778 -586.295532
893.655140 2324.676726
559.966090 1634.257191
893.774768 1453.827087
185.202071 1184.208637
-64.981508 493.613518
-525.815952 -106.668881
-565.238997 -1095.855706
519.328610 1724.484837
60.177259 -346.188899
1271.254005 2205.795182
854.835065 2025.266548
1188.252065 1575.153598
-145.415935 -315.320792
-565.105179 -1006.604337
