date:2016-10-10, time:1100, wind_speed:7.18, wind_dir:341.0, temp:12.2
-354.357255 944.995468
487.101757 1272.408638
-1054.921260 282.242761
-923.822866 159.831985
-1047.752133 1389.688273
-755.658838 1510.208485
-597.238114 1092.682172
-880.917923 1569.840994
-173.158163 1510.321522
1326.977832 1599.992435
1146.019245 1665.176188
1403.878812 1812.099282
-604.420005 1425.115948
-423.896121 1029.950708
-1214.432407 1179.005837
1119.443015 1569.519491
-1173.193835 1210.071126
-1590.227584 818.691523
1445.936341 1512.915004
-180.183189 1272.976859
-513.705527 1032.845025
-354.357255 1365.100888
-713.380347 188.815429
-423.157113 1389.561326
-680.003330 191.914862
1203.520429 1509.153801
-1346.798951 1333.022923
153.634936 1272.269840
-589.566875 669.389523
1453.680577 1420.194153
-464.649969 759.140759
-880.181272 999.530009
1035.535109 1569.817083
-1021.191255 1305.085828
-797.398271 1150.442165
-680.377575 581.828808
328.240061 1359.907603
-1263.958260 1032.833322
229.122495 1605.161128
-340.020849 1060.640829
-437.711505 914.987938
279.406902 1842.318517
1494.769689 1660.500157
1521.669065 1815.213838
1188.252065 1815.213838
-839.194631 219.776582
-1381.299566 1090.621723
1452.277149 1959.316029
1404.114861 1692.359173
-130.898513 1480.009244
-395.478685 1845.221368
-521.065755 1215.063238
-1631.789098 849.443342
-672.749080 189.902540
1160.785611 1720.580991
1328.108884 1539.996410
1320.235324 2143.109191
577.325898 1420.747707
-1090.157771 1389.476599
-797.104150 -20.281692
-470.935204 1242.873186
-463.847323 1900.397969
112.159150 1242.053513
1493.491315 1270.096644
-338.799052 1779.541368
-672.372007 1419.974227
1369.167543 2350.715426
576.700472 1388.850491
-645.541435 284.829808
-1048.458300 1540.619198
-721.245930 1422.328761
-1007.276688 279.364352
-1304.383625 1332.963443
-637.490446 1062.734289
-840.027501 1149.734806
278.646195 1632.826529
1077.037985 1719.600770
-728.895685 254.822278
-54.072717 1392.223132
1243.758469 2290.176639
645.893745 1455.123478
-589.284380 1240.625014
645.893745 1185.055708
-756.882885 729.691602
-847.172554 522.027384
-562.187185 1875.228898
-346.651413 972.663921
-395.478685 884.980408
-104.294505 1515.138538
-180.081472 1423.041241
-221.275421 1422.545030
-89.178035 1389.923012
-131.058703 1419.322688
-1104.545505 824.965348
-521.065755 1245.070768
529.012005 1182.964078
493.948476 1299.751168
1354.960565 1935.243958
285.134818 1840.208632
-963.982043 489.375195
-1131.647016 1300.536896
-1090.291034 1329.240941
76.579634 1299.330046
-131.558002 1479.865963
-880.842719 250.495386
1236.372452 1812.416214
-187.648755 1785.206308
-546.957472 1240.083651
-470.977154 1182.651914
1146.222630 2175.787652
-638.285065 1062.401921
-645.541435 1065.025588
-1513.875040 792.662840
1403.828498 1752.967019
1326.977665 1780.249791
-930.128636 702.852709
-604.420005 1695.183718
-547.256341 1660.214754
1444.978183 2203.263004
-924.095511 1809.943251
1409.853096 1629.568241
153.277391 1482.098461
-755.917590 1360.372794
1445.397249 1302.762015
-922.641020 1239.830939
1244.707897 1060.276513
-1007.318853 969.927357
1537.495666 1869.816300
153.385300 1633.057275
953.481538 1569.143452
-429.743882 1542.258863
1271.606315 1515.138538
-88.720683 1419.650360
479.185245 1275.078298
-687.774255 1155.048178
-604.420005 794.957818
-437.711505 344.844868
-804.498250 162.194890
1271.606315 1935.243958
-354.357255 1665.176188
-1229.021185 1575.153598
-1062.312685 644.920168
660.755071 1629.492882
1370.644826 1509.521538
1536.550966 1449.382507
62.413995 1185.055708
-796.740956 939.253870
1494.944635 1720.216527
1577.439562 1510.790126
-604.420005 1455.123478
1245.122883 1660.345285
1188.252065 1725.191248
1153.725244 1723.007260
-672.668541 579.657317
1278.802448 1902.944130
1236.384588 1873.019276
-173.420602 1060.042868
-1055.095793 1212.972339
-88.941112 -1311.016164
-471.660184 -1427.740881
278.694631 -1578.677174
-89.447782 -1850.859504
-297.386891 969.644289
1286.578719 1809.349785
1243.776948 1810.140519
-590.116851 1239.686320
-597.186121 1362.934169
1411.083682 2200.278044
-437.711505 944.995468
1327.462740 1960.126483
452.752834 1690.414379
320.568603 1662.300854
410.838946 1449.877406
1160.297202 1480.444971
-755.784847 1209.581316
-714.674189 9.859289
35.936250 -890.943372
1320.439428 1932.965469
1362.082488 1962.270392
1319.877930 1333.035669
-214.484791 549.532706
236.924093 -1428.324421
1320.483633 1993.032964
-354.357255 1725.191248
-340.123788 -1730.445737
286.042718 -2240.357023
-797.216287 1089.874220
-714.270565 699.670113
1327.843007 1750.330548
-297.296990 1510.533425
-590.108253 1449.996580
-422.264066 1149.785133
-1180.279536 972.749246
-721.080287 971.944675
-562.187185 884.980408
-478.832935 794.957818
-187.648755 794.957818
-797.858975 9.095933
-214.387000 -1851.376743
1521.316755 2115.772592
-506.159382 1779.643321
-513.212465 1303.009060
-771.128505 1275.078298
-1173.084000 1209.465628
-430.496053 792.637862
-1005.726027 -20.285024
-213.680142 -1040.465810
-180.453300 -1458.052758
-96.384521 -858.118359
369.929967 -1791.246111
1312.727745 1785.206308
-214.317463 759.281823
-172.691946 730.189533
1153.038769 1783.090247
1354.960565 1785.206308
1453.238991 1270.723184
-90.005218 -1160.913778
-172.743732 -1370.631281
-89.369760 -1880.670726
-463.990783 1509.725985
-506.503452 1299.326857
-437.711505 1245.070768
-423.664870 1269.485984
76.507815 1299.883632
119.481146 1390.126723
119.414015 1299.924972
77.286894 1269.507136
-714.337952 250.131658
946.165677 1602.899184
903.551026 1632.695241
979.310745 1545.146068
909.878085 1540.542639
869.864355 1570.899775
787.048265 1929.581499
612.762884 1662.642820
368.647481 1269.648058
-228.770185 614.912638
-589.940166 69.149757
-304.219194 -1487.801433
-304.417184 -1847.822464
-713.590904 1480.407334
-1006.441681 1150.349690
-271.003005 674.927698
119.123206 610.043226
35.902411 549.880629
-714.428130 279.553256
-680.047321 101.826526
-854.482755 -135.275612
-89.415267 -1400.699634
-145.415935 -1485.614462
-173.057499 -1460.901933
945.456119 1902.463722
479.185245 1755.198778
-228.770185 1695.183718
-130.118948 1719.208852
1286.362237 1570.239720
536.838243 1510.479441
479.185245 1455.123478
-89.869941 1389.646913
-6.892011 700.266730
-937.837005 -135.275612
-172.470388 -831.115076
-423.601562 -1551.100504
493.788292 1780.644247
486.226652 1632.464705
-339.961049 1360.141060
-971.340619 1272.107392
-422.189671 -800.055885
562.539495 -1965.734942
827.841664 1659.319262
785.989819 1449.668757
-680.739638 1362.623225
1354.960565 1335.093358
-1021.191255 1035.018058
-964.491917 1060.247210
-47.444737 639.482955
62.413995 -1515.621992
160.949212 -2241.818274
911.015624 1809.648669
979.310745 1725.191248
779.445598 1603.015845
-228.770185 1035.018058
-395.478685 824.965348
-630.779160 519.312543
-172.441310 550.160230
-395.478685 -1875.712352
1570.889741 1482.769220
1535.574013 1480.029683
-964.540579 -170.291870
-1055.050318 -107.725956
-478.832935 -1485.614462
-507.029121 -1551.030224
-756.485895 489.849960
-138.293207 -77.513816
-1088.848693 -110.115674
-388.483791 -1398.352604
493.267669 1360.257830
320.367502 1362.743597
410.430578 1360.520223
688.126565 2025.266548
1577.277264 1870.066988
903.260000 1602.722472
744.292647 1270.772178
-6.266659 -1431.067791
243.875138 -2151.309097
1237.024399 1992.503345
1236.813649 1992.654800
-714.356376 518.981086
-645.541435 554.897578
910.746471 1990.327328
938.189315 1665.176188
-213.718886 879.958225
-387.737774 462.499388
-728.895685 254.822278
-228.770185 164.799688
-437.711505 -975.486452
-214.469575 -1220.960202
-562.187185 -1485.614462
-463.512927 1779.590890
-297.769482 579.860988
-187.648755 584.905108
-228.770185 584.905108
-172.260325 579.422015
1354.608255 2115.772592
779.115330 1962.780402
771.480815 1785.206308
994.317321 1750.273005
494.543527 1148.979167
-172.274564 1029.031571
-756.514384 939.164743
-645.541435 614.912638
-879.803423 249.141521
326.779241 -1731.059254
536.071202 -1910.855068
-255.667194 789.454023
-312.124435 824.965348
-596.713207 582.102467
-562.187185 554.897578
-521.065755 614.912638
-604.420005 134.792158
938.189315 1605.161128
-797.150238 728.893167
-963.449525 1330.261269
1244.450276 1870.043572
1244.380850 1869.714028
1285.985572 1840.589516
77.423418 1209.280367
-430.621800 1542.740048
-387.450427 1512.467087
-513.744091 1512.468314
1452.368309 2109.721689
-5.571692 1809.458667
-478.832935 -1785.689762
645.893745 1575.153598
1369.469710 1448.919777
993.691657 1419.612449
69.823744 1151.946565
661.217415 1119.747324
-388.376819 1062.453205
-271.003005 764.950288
-854.482755 314.837338
-672.660323 -20.437620
21.292565 -735.426212
-214.262072 -1370.256030
-471.229674 -1458.334227
-354.357255 -1965.734942
362.672196 -2178.162030
36.513408 -2240.900384
-630.637094 1150.430213
-513.499671 1152.640433
-589.726149 1179.540152
-589.437812 1179.580733
-6.259137 1389.238939
62.413995 1425.115948
-47.058071 1419.861563
-763.327298 1542.007413
-679.808734 1482.452774
-713.691688 1480.059966
1244.734219 1150.798742
1201.972968 1180.298233
1328.175789 1839.152371
1279.654815 1992.458831
1236.897658 1992.643597
-713.624991 489.632824
1312.727745 2025.266548
1021.543565 1905.236428
410.881788 1509.647334
1403.085863 1332.262910
-437.711505 644.920168
-395.478685 464.874988
-263.367135 371.838892
395.830995 -2325.825302
35.771147 1150.182708
-213.751327 -860.399685
244.699059 1510.444547
243.518295 1539.756645
1445.095552 2113.153001
1160.940687 1959.841870
993.973953 1569.986661
-554.553544 402.438187
-173.259751 -1609.880480
-145.415935 -1575.637052
-922.672803 9.990874
-922.877947 40.349181
1244.411980 2170.700110
-1047.533176 -20.876728
-1055.023948 -47.892345
-930.140668 1392.357301
-854.482755 1365.100888
1112.082414 1722.502020
1062.664995 1725.191248
1077.654867 1720.595787
-714.016676 639.733269
-812.249935 314.837338
-521.065755 1305.085828
-673.456458 549.698222
-6.106097 -1430.473854
-854.482755 1125.040648
-255.915046 1149.855377
562.539495 1365.100888
-179.649478 1512.162203
-256.578442 1510.541416
-463.567205 729.654209
1410.918485 1840.384292
119.048223 1539.460321
1410.722443 1509.374418
-880.649056 1240.150046
-839.323422 1210.365447
76.724994 699.461072
-104.294505 644.920168
-297.621760 370.282031
-173.285564 159.402118
-423.208896 -1761.054858
369.684760 -1760.930236
-312.124435 -1935.727412
62.413995 584.905108
62.413995 584.905108
77.092131 579.641056
-104.294505 1395.108418
-62.061685 1395.108418
-96.889912 1392.920086
-54.261250 1362.501466
-96.667910 762.345388
-62.061685 764.950288
494.587787 1720.430571
-796.987419 1180.062863
910.748941 1539.273226
903.403399 1542.164947
-604.420005 884.980408
812.602245 1665.176188
493.145608 1839.947995
494.111681 1869.435538
-423.139635 1269.904851
354.709565 1545.146068
286.866179 1509.365249
688.126565 1515.138538
612.317987 1482.907978
-645.541435 374.852398
494.554897 1869.784730
-97.071031 -1607.799872
-597.391753 641.890399
-22.738841 -1428.622907
-637.659136 1242.824780
