date:2016-09-27, time:2200, wind_speed:2.46, wind_dir:63.0, temp:13.8
4.843153193335749620e+02 1.123980488625419866e+03
4.794667323660189027e+02 1.125058205594321862e+03
-1.179555351416621761e+03 -4.341103254142684023e+02
-1.016658107334479837e+03 -1.212100519202140731e+03
-1.061375129197652086e+03 -5.254254895054513099e+02
-9.748631870837701854e+02 -7.034388646551817601e+02
-1.101967392026533844e+03 -7.360074343237591847e+02
-9.738965995530199962e+02 -1.155021056498130292e+03
-8.070563522944856913e+02 -9.456021987198774923e+02
-1.514617482024986430e+03 -1.054400282293459270e+02
-1.348867854832374860e+03 -3.197568781857510203e+02
-1.269776044300198009e+03 -4.059921860944049286e+02
-1.430567826458353920e+03 -1.955605843693167856e+02
-1.644098416813228596e+03 8.036959717954323423e+01
-1.564190250735704922e+03 1.839475464400549640e+02
-6.439497164816300483e+02 4.395343307646335518e+01
-1.521443662919758708e+03 -7.960779313903185539e+01
-9.759692392639768741e+02 -1.246088424699839607e+03
-6.483604963566226616e+02 -3.510396646961223723e+02
-1.477974619601385029e+03 -1.029662529697792053e+02
-1.479570509366815713e+03 1.939968928559246706e+02
-1.270696944595016248e+03 1.323112007995781596e+02
-1.147000970871172285e+03 1.329576149536138701e+02
-1.603835529548620798e+03 3.416115486937187598e+02
-1.472611766877986383e+03 3.730281748507535440e+02
-1.523661908464682938e+03 1.921286095257930242e+02
-1.557731684532162035e+03 2.536288613153545271e+02
-3.920170643495824834e+02 3.441743520466208679e+02
-1.057695849224669246e+03 -7.054239725673218118e+02
-8.068831790806830213e+02 -2.878361844752234902e+02
-9.789420608452270471e+02 -1.247357803739498877e+03
-1.190343535270281336e+03 2.520897655353417122e+02
-8.568325885471886068e+02 -1.126487815341278974e+03
-1.223383024888310047e+03 -3.722731632205835126e+02
-1.601460811724517271e+03 1.336735536388551111e+02
-1.683025909365382404e+03 5.847471477384355012e+02
-4.792284471446935186e+02 -2.289784530855610001e+02
-1.432164531946799343e+03 2.839614107848789217e+02
-1.227151428689547856e+03 3.716953975329394098e+02
-9.745740420948203564e+02 -1.278681198890114956e+03
-1.355564337604638695e+03 4.487306064789883067e+02
-1.395137628035101670e+03 3.734722823127665947e+02
-1.477617503445071634e+03 -7.831162542188050679e+01
-1.397990210281721602e+03 -2.846479519756017567e+02
-1.438962377728188585e+03 1.456294545534873208e+01
-1.355290107890443096e+03 3.405012397048698176e+02
-1.307365870860107407e+03 -2.262897041661334185e+02
-1.522542893649560710e+03 4.358266378732614754e+01
4.812064550622018260e+02 1.121321234504544464e+03
-1.477562525372550226e+03 -1.069232028652396025e+02
-1.521655287759802832e+03 -1.567604669438665610e+01
-1.602366603362112755e+03 1.324626092234256589e+02
-1.643863987659673739e+03 3.556671817037121173e+02
-1.351451279585318389e+03 2.222907928004877647e+02
-9.345602735145535007e+02 8.252466484218346068e+02
-1.309925988278007708e+03 8.843509887833389485e+02
-8.896624215550737063e+02 5.864398782263345993e+02
4.873481765148920317e+02 1.126927016146038568e+03
-5.608605967315448027e+01 8.513864526776964112e+02
-1.305076359592347444e+03 3.120944470247299591e+02
-8.053880983283497699e+02 -4.084162303361964064e+02
-1.139141014252852983e+03 2.986144886140750714e+02
-1.063249285765708464e+03 4.057196224391450983e+02
-6.443846008379828163e+02 -9.156053976626229769e+02
-1.643195534303903969e+03 3.433751772973988068e+02
8.933349014087607429e+02 1.757693192812382676e+03
-1.020575130343365458e+03 -6.481939395959946069e+02
7.767463804073912570e+02 1.663652917024275212e+03
6.924345551757129442e+02 1.604255892917743495e+03
-1.600952675750060735e+03 1.359095479297556608e+02
-1.596754158952119951e+03 1.942300676420481693e+02
9.379760043444580333e+02 1.571774271826314589e+03
8.949867355857395523e+02 1.605955878297985919e+03
-9.721615842973917552e+02 -1.276685325477267725e+03
9.026957908315321220e+02 1.752829354061802860e+03
-1.518536329965029381e+03 -1.085902440663975312e+02
-5.643792045580999002e+02 -4.351849680430457283e+02
-1.104025612165421080e+03 -4.967660786577604881e+02
-1.062810021666498187e+03 -3.491751340964952419e+02
1.107265198318274997e+03 1.578507081196423542e+03
1.070888355423684516e+03 1.482922387395060468e+03
8.551340180183567554e+02 1.602650790130205223e+03
9.010090045146805551e+02 1.724589345351924067e+03
1.025758285889869512e+03 1.663782789654079579e+03
1.103563630654935650e+03 1.535925617401635009e+03
9.447183086126042326e+02 1.664000708855611038e+03
8.588030086390112956e+02 1.693035950010414354e+03
9.421341367401830666e+02 1.811414861598272182e+03
9.004871491010715090e+02 1.513491775462898204e+03
-1.433570363491782246e+03 -1.974296573737457265e+02
-1.221559661607028147e+03 -1.658226894825159548e+02
-1.355183849518212128e+03 -2.670104167162009503e+02
8.579177683638429244e+02 1.606005753987775506e+03
7.366474041099364740e+02 1.546512242226846183e+03
4.771294767543860189e+02 1.515416233610876361e+03
8.143629627715736206e+02 1.603829477524859385e+03
1.232322472443248671e+03 1.631651694652493688e+03
6.474684256617495066e+02 1.484584298725163990e+03
8.995594423757540881e+02 1.515912358500127539e+03
8.563582395201373174e+02 1.640160622642734552e+03
7.731834347531174672e+02 1.572697046507421646e+03
9.855303361511296316e+02 1.544425239918380157e+03
6.444748083579496551e+02 1.481990068652969967e+03
-1.391813753231657756e+03 2.843071743556528190e+02
-1.222380277697830707e+03 3.436377070887652962e+02
-7.645508438776871571e+02 -2.243320898325515600e+02
-1.227849686644030498e+03 -3.153868082255985996e+02
2.184126338571843462e+01 8.504999506633396322e+02
8.957023173697543825e+02 1.513737981986558225e+03
8.604933469882101917e+02 1.514412335451827403e+03
6.491497283105921952e+02 1.514032003015686996e+03
1.062724618486798363e+03 1.485226943511504260e+03
9.369146048729970744e+02 1.601429572562149815e+03
1.021097816024501299e+03 1.606178633394220924e+03
-1.433652200563698671e+03 -1.365070669079652532e+02
5.215792280488700499e+02 1.483909071164568104e+03
9.405776370228958285e+02 1.513335379249037487e+03
6.874015581955451353e+02 1.483751718669963793e+03
1.019785900594210716e+03 1.635592609342609421e+03
1.065153891716016687e+03 1.485317316446275072e+03
1.081182910577938827e+02 1.214625970047109377e+03
7.267204291121843198e+02 1.573969717905635434e+03
8.999459013358086850e+02 1.511857460423973862e+03
1.061237066290750590e+03 1.542397699564884533e+03
1.191186892294068002e+03 1.546075532386553050e+03
4.842164121532350691e+02 1.125346805402554310e+03
-2.674377957963321251e+02 7.058303092849456561e+02
6.058976945315712328e+02 1.636464855557145029e+03
6.858892690142514539e+02 1.513431319388393831e+03
7.315921906457679142e+02 1.572981100628110653e+03
5.235118136746307300e+02 1.453163962062353676e+03
8.615984636541535338e+02 1.516365378433727301e+03
-8.908196318636150863e+02 -2.556204374984823744e+02
-1.452319993579160382e+02 7.021136922922210033e+02
8.202005576029013127e+02 1.513351436579129313e+03
-1.311574389659525423e+03 4.049654975480299299e+02
-1.471335840286402799e+03 4.364449701359386040e+02
6.057180943617869389e+02 1.451278158564411569e+03
1.106020780729321586e+03 1.512357949467600292e+03
-1.356450079467262185e+03 3.727942920474469020e+02
-1.516698327964780447e+03 1.021056950459374946e+01
-1.142853534445521063e+03 3.137043052185990177e+02
-1.442068754649506445e+03 7.110010708571068960e+01
5.201471037628280101e+02 1.485868792661387033e+03
1.065924241194374645e+03 1.694918615832717478e+03
1.272611987159061073e+03 1.512980757838227191e+03
1.109948193051086946e+03 1.606973831156746428e+03
4.404623706538828856e+02 1.453767653526020240e+03
1.022368353218120205e+03 1.544854225696442882e+03
7.324223055111961003e+02 1.515223068089428807e+03
9.795588058892582239e+02 1.636078979626074442e+03
9.358653675449793354e+02 1.515889141765439035e+03
9.416933304662495630e+02 1.754240759380013287e+03
1.105317865718091525e+03 1.543275636511278435e+03
6.877203428611704794e+02 1.545434864663586723e+03
8.599963084401586002e+02 1.577786194501017917e+03
-1.643843727928217731e+03 8.012571847274600145e+01
-1.266222738481311580e+03 3.737666728118290393e+02
-1.101942108837922206e+03 4.354174581954994210e+02
-1.312699524064293200e+03 2.539121223526541371e+02
-1.472436209826705635e+03 2.252695142930249972e+02
1.027402235399816163e+03 1.513191822403417518e+03
9.401722502068990934e+02 1.664948364373490449e+03
-1.018098828270560716e+03 2.239056395630044847e+02
8.980408791524887420e+02 1.513773033572104396e+03
-1.315344738478513364e+03 6.032584355675422785e+02
-1.435830877552613401e+03 3.451000513023370786e+02
-1.393164831337782744e+03 3.445502726184695916e+02
-1.521990730329838470e+03 1.328872855750056488e+02
-1.519121308017836100e+03 1.662102420022500269e+02
-1.858421511690993668e+02 4.948641856048429304e+02
-8.898930701257545479e+02 -3.124385011612605467e+02
5.625806506845420927e+02 1.453944693684784852e+03
6.898346123598391841e+02 1.514277551430577660e+03
4.787063730090405897e+02 1.123029664733488971e+03
8.152492942799942739e+02 1.574176834577891668e+03
8.955439397563314969e+02 1.513212513990324624e+03
-8.174034692780611522e+02 4.922857758822723326e+02
-1.474458813664765785e+03 1.816992465711410176e+01
-9.798459591139633176e+02 3.449453720453074652e+02
7.776918954402705140e+02 1.633405400428235225e+03
-2.233923911222631205e+02 4.642316441393783180e+02
1.234839064629272343e+03 1.993229744240985156e+03
1.062272850780569797e+03 1.871634756618255551e+03
9.801697814748569044e+02 1.724481824843290497e+03
-1.560282190627225646e+03 4.671577005837820593e+02
-1.559378410466118794e+03 5.863021987400320540e+02
1.063233656129400970e+03 1.922902468898083498e+03
9.769775382237593249e+02 1.957119288921528096e+03
1.110582951248289419e+03 2.053367464766321518e+03
1.275343076733375256e+03 1.813986242004263886e+03
9.828283620129857354e+02 1.722378150502068820e+03
1.065770862775669457e+03 1.724216430977052141e+03
1.063314919775754561e+03 1.962075993172837116e+03
1.229265795978699316e+03 1.963128772249857548e+03
1.105534733762353198e+03 1.872471779579675058e+03
1.154175122685568113e+03 1.666681826323713722e+03
1.028996649929394152e+03 1.605777765037253403e+03
-1.108490030026223849e+03 7.629742930026806107e+02
1.354188079577674898e+03 1.935278028090457155e+03
1.486305349075161530e+03 1.997182888189515552e+03
1.437078025706693552e+03 2.085415873279268908e+03
1.605167187741328462e+03 2.023982390754280004e+03
1.434017958341321901e+03 1.871001229538428788e+03
1.441943959491660507e+03 1.965577515743133517e+03
1.436934942733565322e+03 1.903598083679143201e+03
1.397575827726846001e+03 1.845083524326385714e+03
1.312855284264123611e+03 1.963989281306886824e+03
1.440280914504573502e+03 1.994895842948598784e+03
1.480586147061917927e+03 1.964555485128482360e+03
1.519674459050336509e+03 1.990193829163260261e+03
1.525802060097151298e+03 2.022818929203699327e+03
1.278087147040722584e+03 1.967222380293838114e+03
1.315563631919920681e+03 2.069659649057748084e+03
1.102614124923181180e+03 1.876435759078372030e+03
1.274557750755589950e+03 2.023726753464894500e+03
1.106403229295630126e+03 1.752326576437855238e+03
-7.733362285863597663e+02 8.116419552282998211e+02
-1.019716692007744655e+03 8.255491133133425592e+02
-1.015380286426408816e+03 7.644923156025301978e+02
-1.351870260518229543e+03 3.134496808962809382e+02
-1.439309787835179577e+03 1.629877397086930557e+02
-1.435878722845729499e+03 2.843937892689954765e+02
1.565277743630446366e+03 1.994052323801436387e+03
1.527592880919436311e+03 1.934122347331863693e+03
1.519567734067604079e+03 1.964707055026580292e+03
1.478682714763237527e+03 1.994024382790000345e+03
1.484906251820908892e+03 2.084015871884350418e+03
1.525344083367294843e+03 1.905880017871268819e+03
1.401197501998283769e+03 2.020473117940367956e+03
1.270963781186356300e+03 1.811813043571694152e+03
1.316727004047574837e+03 1.993858449163557225e+03
1.358202800257025046e+03 1.846497146188597526e+03
8.522544990589401550e+02 1.601863869871575389e+03
-1.431954108184319921e+03 6.720770268420964157e+02
-1.228855400051056904e+03 6.755020833441897139e+02
-1.263096122489989057e+03 7.042037522412350654e+02
1.483492071511186168e+03 1.963342642362828428e+03
1.274077183354980207e+03 2.056013671984451776e+03
1.362072828232115626e+03 2.053305368255166286e+03
1.440051247428651095e+03 2.054067854355747386e+03
1.605745427166427135e+03 2.023483631327796274e+03
1.645513175281916347e+03 1.995100464527888562e+03
1.392806990182790742e+03 2.055466642898821647e+03
1.398206813010644510e+03 1.933526756036127153e+03
1.647755140966061163e+03 1.919255084208587277e+03
1.442224196469982871e+03 2.084089054535660125e+03
1.478006362338067902e+03 1.877041108235787078e+03
1.562763923531454793e+03 1.903135292011379079e+03
1.604507596802639000e+03 1.964854157862628654e+03
1.227968924419456471e+03 1.904974623845003180e+03
1.399306389060867787e+03 1.816746504937726968e+03
1.399855801179281571e+03 1.935388533015625171e+03
1.395026167817881969e+03 1.902731813409625602e+03
1.480312004496341387e+03 1.936443167334477721e+03
8.190591893067619367e+02 1.813565098579269034e+03
1.270976286372754657e+03 1.935299077031083016e+03
1.193130170630061912e+03 1.907639144575720820e+03
1.480811884428309895e+03 1.906628405112668588e+03
1.313933232550626599e+03 1.933794707902044593e+03
1.192963357831374196e+03 1.903600219719767438e+03
1.398239682774072890e+03 1.826806898881853840e+03
1.061560843347123637e+03 1.866116876389235358e+03
1.063828815651814011e+03 1.814080995973035442e+03
1.102741422891635011e+03 1.693219131436607313e+03
1.395303772719646531e+03 1.878213167511964457e+03
1.392908116714480229e+03 1.934896048204428098e+03
1.567001941644872886e+03 1.934667047180767895e+03
1.488533770623457258e+03 1.983715121346156820e+03
1.523814739568138748e+03 1.964414881133904601e+03
1.276224192634088467e+03 1.902932932042914445e+03
1.607868701771278666e+03 1.934141163086559118e+03
1.229934717426429415e+03 1.812320942125824786e+03
1.438139402861512735e+03 1.901719844440165389e+03
1.360132382612400306e+03 1.931754127092043973e+03
1.477712031130516834e+03 1.934876202035252390e+03
1.564353813722760606e+03 1.903668583011694182e+03
1.440751180917560987e+03 1.962819175274661120e+03
1.477821746928642824e+03 1.988423923861880667e+03
-1.480391065003683252e+03 3.465665310605303375e+02
-1.393737425933339409e+03 3.450927620395223698e+02
8.142437741685703259e+02 1.753262619442122514e+03
-1.223298458225744298e+03 6.717299549333114328e+02
1.024608057185621419e+03 1.725570381965462502e+03
9.377687706503963909e+02 1.667057405999774801e+03
1.069116177549791701e+03 1.630560807826099563e+03
-1.597774620663407177e+03 4.657251060846721771e+02
1.102032516013655368e+03 1.482069360135187026e+03
1.185419488753770111e+03 1.512873197453402781e+03
4.827866239063092735e+02 1.121845377328943414e+03
9.762715771756871845e+02 1.865319628763385936e+03
-1.019243483337407611e+03 -3.147645485806079364e+02
-1.308564646040676507e+03 3.144003354873429430e+02
1.275744906759931609e+03 2.020839018932237877e+03
1.313769609098579849e+03 2.054939553933377283e+03
1.269935354177519912e+03 1.694789153164996378e+03
1.352251729900412556e+03 1.603801330601732161e+03
-1.437222659907552270e+03 -1.381715734700563303e+02
8.596539116854488611e+02 1.512100442928070379e+03
4.844675094060993388e+02 1.123219308488251500e+03
1.311372055163304367e+03 2.043135582445368300e+03
1.559759634919602604e+03 1.994349560818190866e+03
1.067325971340145770e+03 1.786979134277587718e+03
1.399329112644360521e+03 2.026183649390949313e+03
1.437850513011954945e+03 1.993487842515042757e+03
1.441244541444528750e+03 2.025150155346699194e+03
-1.059892078945844787e+03 -3.152847448292758372e+02
-1.025716017855673272e+03 -3.170725074400667154e+02
1.069437412450037755e+03 1.485031696276162165e+03
1.110379368326265194e+03 1.480730337594351340e+03
-1.480618267837461644e+03 -1.069284584052060296e+02
6.925930731423351290e+02 1.603195316975383776e+03
7.295895060469077862e+02 1.602474875857084044e+03
-8.952419089393038121e+02 5.220433798701604928e+02
-8.503541214157795594e+02 5.865432685262824180e+02
1.053390880605695372e+02 1.240966255999082023e+03
-1.018807513632572977e+03 1.958687605751653962e+02
6.472345671966916143e+02 1.514357113056298658e+03
6.856052454198226087e+02 1.512156824150374632e+03
6.462717578639513931e+02 1.542711884674256908e+03
6.977134044261454164e+02 1.503759397053500379e+03
6.902298518271591092e+02 1.510037565283102140e+03
1.065071606231216947e+03 1.788301352221181787e+03
1.066359138681694503e+03 1.786102617370868529e+03
-1.526361416817628424e+03 2.236160334005692789e+02
1.570513729477211882e+03 1.924237681619348905e+03
1.566365183874970171e+03 1.906206660318137438e+03
1.610604227691856750e+03 2.020005192866106881e+03
1.607585871682865900e+03 2.039819595544316826e+03
1.563238711411401027e+03 2.040399122794436835e+03
-1.271254004686651115e+03 -4.353509123255670374e+02
1.637805809848147646e+03 2.038364369062606102e+03
1.608614046316225540e+03 2.030498086317515572e+03
