date:2016-05-04, time:1500, wind_speed:2.51, wind_dir:85.0, temp:8.9
6.563850310249025597e+02 -2.624139417970250179e+03
1.281570303937031895e+03 2.273376990428272620e+03
1.063806967537708942e+03 2.305495421167498534e+03
1.190281889427364149e+03 2.218754815913865514e+03
1.157228503269545172e+03 2.334069134010221660e+03
1.146423648168871296e+03 2.275653925962670201e+03
1.151949799315771770e+03 2.298544215833890121e+03
1.237736909021648216e+03 2.300501967152642919e+03
1.112126257268919744e+03 2.182726879960932820e+03
1.064336175866312715e+03 2.216780544340792403e+03
1.230962084835419091e+03 2.246526290132215308e+03
1.238611667467004509e+03 2.248208652633605652e+03
1.193187840534990755e+03 2.272213652294407893e+03
1.105379174426514965e+03 2.157449975049767090e+03
1.105798142146331656e+03 2.242163948891095970e+03
1.229576879684477944e+03 2.205795182324481175e+03
1.153096542841256223e+03 2.096252035433546553e+03
7.737187900609779945e+02 1.975482567152149841e+03
