5.214180653137905210e+02,1.095033117674538289e+03
4.791852453145997401e+02,1.095033117674538289e+03
-1.269568737243926989e+03,-3.824035170828609580e+02
-1.098949406680698758e+03,3.906427604841904895e+02
-1.354608254686259443e+03,2.248147476747107021e+02
-1.354608254686259443e+03,1.647996876746136650e+02
-1.350280451227514732e+03,6.301264319197313171e+02
-1.271254004686651115e+03,4.948825176751473691e+02
-1.394842813472460421e+03,3.980603464122315245e+02
-1.476062323014058848e+03,-2.014818597432724800e+02
-1.187899754685463449e+03,-2.553057323252759261e+02
-3.934989857678335738e+02,7.878706035572452038e+02
-1.688025254686272092e+03,4.348674576750503320e+02
-1.852577040522641028e+03,2.714311751309785450e+02
-1.021191254686246793e+03,-1.352756123250818518e+02
-1.093865357565979593e+03,6.124072536966075404e+02
-1.271254004686651115e+03,-4.353509123255670374e+02
-1.437962504685867771e+03,-2.853132623253244446e+02
-6.429709383138385874e+02,-2.723320418295214495e+03
-1.354608254686259443e+03,7.349427576747458488e+02
-6.044200046866258162e+02,-1.652831423251303704e+02
-1.229021184685880826e+03,7.049352276746973303e+02
-1.218623611025670471e+03,-1.114530731318480008e+02
-8.533930687328811473e+02,3.986617816649737733e+02
-6.001891055251398939e+02,-2.730322928980660436e+03
-1.312375434685489154e+03,-1.052680823250333333e+02
-1.094869793698244393e+03,-2.906337815365832284e+02
-1.346775957849413317e+03,1.646699914370953763e+02
-9.378370046866384655e+02,5.849051076745032560e+02
2.331156442062175529e+02,1.200434677619130298e+03
-8.048017580190719400e+02,6.672152321119235694e+02
-8.029618489946426507e+02,1.000480392677606005e+02
-1.688025254686272092e+03,1.948072176746621835e+02
-9.360060051274457464e+02,7.291163661972724412e+02
-6.044200046866258162e+02,4.948825176751473691e+02
-8.956041846858682902e+02,5.548975776744547375e+02
-1.562438184685893475e+03,1.347921576745651464e+02
-8.956041846858682902e+02,7.049352276746973303e+02
-9.378370046866384655e+02,9.449954676750854787e+02
-1.062312684686664397e+03,7.649502876747943674e+02
-1.100964776407899990e+03,5.556314584976168902e+01
-5.571807065271233341e+02,-2.760269171623136572e+03
-6.788581984893643266e+02,6.695044101083537953e+02
-9.378370046866384655e+02,6.749276976746488117e+02
-1.187899754685463449e+03,2.548222776747592206e+02
-1.271254004686651115e+03,-1.652831423251303704e+02
-1.104545504685855121e+03,1.948072176746621835e+02
6.915732973605990992e+02,1.022196573009741201e+03
4.791852453145997401e+02,1.095033117674538289e+03
-3.493460187820964506e+02,7.497436524275211696e+02
-1.271254004686651115e+03,-4.353509123255670374e+02
-1.187899754685463449e+03,2.248147476747107021e+02
-1.393465440183554165e+03,9.679131261579860848e+02
-1.310351735413025381e+03,-4.118947303092160723e+02
-8.122499346862599623e+02,9.149879376750369602e+02
-1.098139976030420485e+03,6.164653154165690694e+02
5.214180653137905210e+02,1.275078297674829400e+03
-8.956041846858682902e+02,2.848298076748077392e+02
-4.350762504874258525e+02,1.584348016626894378e+02
-1.437962504685867771e+03,6.149126376745517746e+02
-1.264189592754349405e+03,-1.400589968355916142e+02
2.129256531456131540e+01,1.155048177674635326e+03
-9.284261060003676675e+02,3.388053500522850072e+02
-4.377115046858298797e+02,-2.805945782325451546e+03
4.808587474963265436e+02,1.088049835972818528e+03
-1.479083934686285147e+03,1.948072176746621835e+02
-1.435847283098920116e+03,9.867534652177494081e+01
-5.621871846858556410e+02,6.749276976746488117e+02
-1.676779775900648929e+03,6.073600693022010546e+02
-1.391010123073053137e+03,5.632191189065987373e+02
-1.185497014222028383e+03,3.889696403505813294e+01
-1.686745413766741876e+03,1.875747328960006826e+02
-1.479083934686285147e+03,3.148373376748562578e+02
-8.476186823942784940e+02,5.196680639355716949e+02
-3.543572546862215518e+02,9.449954676750854787e+02
-7.711285046858424721e+02,5.548975776744547375e+02
-1.771379504685880420e+03,2.548222776747592206e+02
-7.648231420320312282e+02,4.650527882343489523e+02
-1.229021184685880826e+03,6.149126376745517746e+02
-9.789584346854766181e+02,6.749276976746488117e+02
-1.145666934686272498e+03,5.849051076745032560e+02
-1.178288125898956423e+03,4.292759028920249875e+02
-7.180289899183660509e+02,3.680987546392650529e+02
-7.288956846866516344e+02,4.648749876750988506e+02
-9.449561954668662622e+01,1.028402821084534935e+03
-1.019924015172114309e+03,3.375561305300401500e+02
-1.454159346862346922e+02,-2.985990962324952761e+03
-1.604671004686663764e+03,4.476956767441957652e+01
-1.352380744102341396e+03,-3.811596331096135373e+02
-1.042945046858172304e+02,9.449954676750854787e+02
-4.726352003479813106e+02,6.435043371771334932e+02
-5.130373075955235436e+02,1.245978748263816215e+03
9.871330800885638155e+02,1.239061285893454397e+03
-1.343616139556165081e+03,3.980242992138474847e+02
-7.711285046858424721e+02,3.448448676749047763e+02
-1.521316754685476099e+03,-1.652831423251303704e+02
-1.395729684686676819e+03,-3.153207923253729632e+02
-1.263184798388651188e+03,1.593019633343818668e+02
-6.859924942121125468e+02,1.387345942553454734e+03
3.124767453138036899e+02,1.395108417675023475e+03
6.047723153133988490e+02,1.125040647674586808e+03
8.548350653138031703e+02,1.185055707674683845e+03
-3.121244346854513196e+02,1.065025587674489771e+03
-3.954786846866389851e+02,-2.805945782325451546e+03
-1.020268248513807066e+03,5.481070584774237204e+02
-1.437074828122005556e+03,5.779853091994808665e+02
-1.262052832295936241e+03,2.468396595575128742e+02
-5.621871846858556410e+02,-2.535878012325014879e+03
-1.454159346862346922e+02,-2.865960842325548583e+03
-5.099799256850220672e+02,5.478362881341299726e+02
-1.386436386704050392e+03,4.609054919668436696e+02
-5.195469238583121978e+02,-2.752890598195565417e+03
-6.437188820415924511e+02,1.539285582732178682e+03
3.224715184025420172e+02,1.297712244539847916e+03
-6.206168468662637849e+01,1.155048177674635326e+03
1.046468153141696291e+02,-2.895968372325597102e+03
-1.354608254686259443e+03,1.347921576745651464e+02
-3.892887856455599831e+02,9.457725058166697636e+02
-1.021191254686246793e+03,-4.053433823255185189e+02
-1.677495103211770129e+03,3.389588095129359999e+02
-8.544827546854508000e+02,1.347921576745651464e+02
-1.227735478684345253e+03,3.972953182518656376e+02
-9.379975722607251498e+01,1.000357134514116183e+03
-1.351854901090180419e+03,5.698312533750831790e+02
-1.395729684686676819e+03,7.349427576747458488e+02
-1.019654978761619532e+03,1.575138929655686582e+02
-1.104545504685855121e+03,4.948825176751473691e+02
-5.621871846858556410e+02,-2.745930722325354509e+03
-7.711285046858424721e+02,8.249653476748914045e+02
-6.427713665468219233e+02,8.784124792412640090e+02
-8.956041846858682902e+02,6.749276976746488117e+02
-8.860127257640848484e+02,2.122273152397468721e+02
-1.104545504685855121e+03,7.349427576747458488e+02
-1.184092438405902840e+03,4.804307032152192392e+02
-1.187899754685463449e+03,-1.652831423251303704e+02
-5.210657546854381508e+02,7.649502876747943674e+02
-1.104545504685855121e+03,6.449201676746002931e+02
-1.431995757369979401e+03,4.105885979018646594e+02
-6.434004142786006923e+02,-2.722669146049865958e+03
-1.062312684686664397e+03,2.248147476747107021e+02
-1.020002556448744940e+03,7.583370702798076763e+02
-8.544827546854508000e+02,1.305085827674877919e+03
-7.711285046858424721e+02,1.425115947675071993e+03
-1.726970524321641506e+03,7.578283002592285129e+02
-1.095336381365212674e+03,9.984326830753451532e+01
-4.341171207046095333e+02,-2.820859081214381604e+03
-1.718740383670095071e+03,4.289994402272268985e+02
-4.377115046858298797e+02,-2.805945782325451546e+03
-6.877742546862341442e+02,5.849051076745032560e+02
-1.271254004686651115e+03,4.348674576750503320e+02
-1.685536190694082279e+03,1.800650796796572592e+02
-1.136474812573592999e+03,-4.090319830817188063e+02
-1.301314844267250464e+03,4.608141390598368048e+02
-1.269601605808605655e+03,4.581536733277204121e+02
-6.429102987035118986e+02,1.058932847003979987e+03
-4.346425358563617465e+02,9.622061788983015731e+02
-1.688025254686272092e+03,1.948072176746621835e+02
8.126022453146123325e+02,1.215063237674732363e+03
-8.544827546854508000e+02,1.047846276745166136e+02
-6.791434139377776091e+02,-2.513805466921867719e+03
-1.133068971065866208e+03,1.852230521781499135e+02
-1.454159346862346922e+02,-2.865960842325548583e+03
-1.354608254686259443e+03,1.047846276745166136e+02
-1.271254004686651115e+03,2.548222776747592206e+02
-1.437962504685867771e+03,-2.853132623253244446e+02
8.959564953142206605e+02,1.275078297674829400e+03
-5.621871846858556410e+02,-2.745930722325354509e+03
-1.104545504685855121e+03,2.848298076748077392e+02
-9.378370046866384655e+02,6.449201676746002931e+02
-1.479083934686285147e+03,7.477709767446809508e+01
-1.010906838661574852e+03,4.027294763681817358e+01
-1.062312684686664397e+03,-1.524549232488777051e+01
-9.684504733193261927e+02,-2.620940643034471123e+02
-5.621871846858556410e+02,1.125040647674586808e+03
-1.054780493099162641e+03,-3.743795396838743272e+02
-7.278226511817338178e+02,6.081139327577250242e+02
-1.268838288296236897e+03,-3.531905314289070361e+02
-1.187899754685463449e+03,2.848298076748077392e+02
-1.062312684686664397e+03,7.949578176748428859e+02
-1.229021184685880826e+03,7.477709767446809508e+01
-8.080870918333641839e+02,7.147388676207838216e+02
-1.187899754685463449e+03,1.647996876746136650e+02
-8.108468937260098528e+02,8.180865915781861304e+02
-1.603661071311617206e+03,5.184124953160501263e+02
-1.177521943462009176e+03,1.587507546425820237e+02
-9.741990114492156181e+02,4.511171972801867014e+02
-6.438871852824054258e+02,6.746918769284256712e+01
-7.711285046858424721e+02,6.749276976746488117e+02
-8.946536816529182943e+02,3.077660567030558809e+02
-1.145666934686272498e+03,5.248900476744062189e+02
-7.288956846866516344e+02,6.449201676746002931e+02
-1.454159346862346922e+02,1.155048177674635326e+03
-1.383297338054626380e+03,5.754252893691128747e+02
-6.877742546862341442e+02,7.349427576747458488e+02
-8.441397160247631746e+02,6.979878364921092952e+02
-1.434314970162942700e+03,-2.994833554714781485e+02
-7.174745689425867567e+02,4.263762005491799982e+02
-1.021191254686246793e+03,4.648749876750988506e+02
-1.354608254686259443e+03,2.548222776747592206e+02
-8.544827546854508000e+02,2.848298076748077392e+02
-1.104545504685855121e+03,3.748523976749532949e+02
-1.145666934686272498e+03,-4.053433823255185189e+02
-1.104545504685855121e+03,7.049352276746973303e+02
-1.469061579546849089e+03,6.307496510863537509e+01
-1.185119490843840822e+03,-3.221689184558655938e+02
-1.229021184685880826e+03,-4.053433823255185189e+02
-8.122499346862599623e+02,4.648749876750988506e+02
1.880010653137779286e+02,1.275078297674829400e+03
1.893397968885614091e+02,1.269286733028415483e+03
-1.559598507647925771e+03,5.189519247614410915e+02
-7.275640715947243962e+02,8.188862318631415746e+02
-6.044200046866258162e+02,8.249653476748914045e+02
-1.229021184685880826e+03,7.649502876747943674e+02
-1.009312971355642503e+03,1.579155463447692114e+02
-1.435468339636835481e+03,5.622300413653116493e+02
-1.554058419912891395e+03,5.203305057502529962e+02
-1.104545504685855121e+03,2.248147476747107021e+02
-1.229021184685880826e+03,2.248147476747107021e+02
-1.021191254686246793e+03,5.849051076745032560e+02
-1.511083775249658629e+03,4.890674927883670193e+02
-9.378370046866384655e+02,5.548975776744547375e+02
-1.134399301644227762e+03,1.288719891863091220e+02
-9.360758236689587193e+02,5.168874394851277430e+02
7.292479953134246671e+02,1.245070767674780882e+03
-7.288956846866516344e+02,7.649502876747943674e+02
-5.546580589453617449e+02,-2.752721167329421860e+03
-5.189996413082227491e+02,-2.753224901628168482e+03
-2.690677612277624462e+02,9.072978892849935164e+02
-2.599888983632041572e+02,8.803203601832623235e+02
-5.621871846858556410e+02,6.449201676746002931e+02
-1.021191254686246793e+03,8.549728776749399231e+02
8.156238603888235730e+02,1.147117070281559791e+03
-5.922008658505183121e+02,7.858821810409806403e+02
-5.187232961895844028e+02,8.182598403850727209e+02
3.124767453138036899e+02,1.365100887674974956e+03
6.973842822323579185e+02,1.389000954125904855e+03
-4.355964993697280079e+02,1.260033251263615057e+03
-1.771840574543378182e+02,1.267463561553380487e+03
-2.710030046866132238e+02,1.245070767674780882e+03
-6.206168468662637849e+01,1.125040647674586808e+03
-5.126591518682574815e+02,1.117314307684973073e+03
2.314649739471464613e+02,-2.910990126611199685e+03
-1.271254004686651115e+03,-2.252982023252274075e+02
-1.354608254686259443e+03,-3.753358523254700003e+02
-1.104545504685855121e+03,6.149126376745517746e+02
-1.227868637025092767e+03,5.190852424687564053e+02
-1.644388007564861709e+03,4.884083907862973888e+02
-1.221558188504917780e+03,2.793282099038894444e+02
-1.145666934686272498e+03,-5.253735023249229243e+02
6.087270961426056601e+02,1.433848997824862636e+03
6.458937453138163391e+02,1.395108417675023475e+03
4.032782926211991139e+02,1.398031721625396131e+03
-6.021590611449416883e+02,1.328889627600429321e+03
8.143429421203720722e+02,1.028792555450077316e+03
-1.347300476560767720e+03,3.679287582815751421e+02
-6.455414346854639689e+02,8.549728776749399231e+02
-1.521316754685476099e+03,-1.652831423251303704e+02
-6.379238550613596317e+02,-2.652355881018195760e+03
-1.013370387951708835e+03,-5.936040763066907857e+02
3.124767453138036899e+02,-6.754111523251655171e+02
3.547095653145739789e+02,-6.754111523251655171e+02
-8.544827546854508000e+02,6.149126376745517746e+02
-6.383290596374152983e+02,1.116915736665200029e+03
7.314744166493711646e+02,1.029090033424179637e+03
-7.204751111588284402e+02,6.384787737906486882e+02
-5.959430629995517847e+02,6.992282059938288512e+02
-5.965970188045140503e+02,6.106118729889407177e+02
-1.216668972520743409e+03,6.380108044653135266e+02
-9.789584346854766181e+02,5.248900476744062189e+02
-1.305616106802713375e+03,4.292288630954369069e+02
-1.229021184685880826e+03,4.048599276750018134e+02
-6.033943839599817238e+02,-2.512410898117803299e+03
-6.044200046866258162e+02,-2.715923192325305990e+03
7.714808153141948424e+02,1.185055707674683845e+03
6.458937453138163391e+02,1.215063237674732363e+03
-6.337505418102057320e+02,1.418816901122916533e+03
3.239381220552136824e+02,1.296514287052570353e+03
-9.285372948958657844e+02,7.277827047613849345e+02
-8.095662661361634491e+02,-2.932882089271087125e+02
-8.465222472116216750e+02,-2.295961222312542418e+02
-1.351842196396477448e+03,1.582556779224133550e+02
-8.956041846858682902e+02,5.548975776744547375e+02
-1.021191254686246793e+03,5.248900476744062189e+02
-4.346485478254622876e+02,1.290318156896283199e+03
3.124767453138036899e+02,-6.454036223251169986e+02
3.985906509854610249e+02,-6.512738160427470575e+02
-7.667520266251387966e+02,5.320371237336917147e+02
-5.192574625321469739e+02,-2.572436367270953724e+03
-6.021308395795173283e+02,1.507586829933188028e+03
2.308948320231943399e+02,1.327916804915206285e+03
-4.377115046858298797e+02,9.449954676750854787e+02
-1.145666934686272498e+03,3.748523976749532949e+02
-9.710113378898712426e+02,3.144333763039625183e+02
-8.447448997073578312e+02,2.196041859509683150e+02
-5.621871846858556410e+02,-2.745930722325354509e+03
-7.288956846866516344e+02,5.248900476744062189e+02
-1.395729684686676819e+03,3.148373376748562578e+02
7.311804930798451778e+02,1.447787076887182593e+03
-6.877742546862341442e+02,1.335093357674926438e+03
-4.355263650658939127e+02,1.238650077844573843e+03
-3.121244346854513196e+02,1.215063237674732363e+03
-4.759070917558813676e+02,1.207563362194987803e+03
7.742128610405331983e+02,1.028169187294204676e+03
-8.956041846858682902e+02,6.749276976746488117e+02
-1.018801622366023366e+03,4.887570386574857935e+02
-8.104894882319854332e+02,5.474479342289945407e+02
-9.378370046866384655e+02,-2.553057323252759261e+02
-5.621871846858556410e+02,-2.745930722325354509e+03
-1.454159346862346922e+02,-2.865960842325548583e+03
-1.144294980350272681e+03,-2.133343097445042247e+01
-6.877742546862341442e+02,1.485131007674379362e+03
-3.855898936101873460e+02,1.386808267864990512e+03
-5.621871846858556410e+02,1.425115947675071993e+03
-1.357336959244877903e+02,1.239378264633393883e+03
-8.515901708925857747e+02,5.490959616582974832e+02
-1.062312684686664397e+03,4.348674576750503320e+02
-1.269866855528763381e+03,4.577678438335858573e+02
-9.726302759182964337e+02,4.342775438475372312e+02
-1.472693788261990676e+03,2.570371634571310437e+02
-8.544827546854508000e+02,-2.252982023252274075e+02
-4.788329346862473130e+02,-2.775938252325403027e+03
2.673606206188046031e+01,-2.969262443485552012e+03
-5.621871846858556410e+02,5.849051076745032560e+02
-4.268533803530307864e+02,1.234118551703662888e+03
-9.681900437727218787e+02,1.268846114381688949e+03
-3.954786846866389851e+02,1.305085827674877919e+03
-3.954786846866389851e+02,1.335093357674926438e+03
-7.690332939326690394e+02,6.985821099482835734e+02
-1.145666934686272498e+03,5.548975776744547375e+02
-8.441554537064691885e+02,4.606651962213958313e+02
-8.956041846858682902e+02,-3.153207923253729632e+02
-4.377115046858298797e+02,-2.805945782325451546e+03
-1.021191254686246793e+03,1.647996876746136650e+02
-7.288956846866516344e+02,6.749276976746488117e+02
-6.877742546862341442e+02,5.849051076745032560e+02
8.646824465138600999e+02,1.331629724823728566e+03
-1.186363994284742148e+03,-3.516116391756895609e+02
-1.062312684686664397e+03,1.047846276745166136e+02
-4.354580262630467473e+02,8.189655749816143953e+02
-3.907956674839713287e+02,7.717497925650565094e+02
-3.446913078454329025e+02,8.501518044467300115e+02
-6.044200046866258162e+02,7.649502876747943674e+02
-8.956041846858682902e+02,6.449201676746002931e+02
-6.455414346854639689e+02,6.749276976746488117e+02
6.155485772536584363e+02,1.264010147572301094e+03
-9.378370046866384655e+02,3.148373376748562578e+02
-6.410497152481927969e+02,7.211625785549477996e+02
-7.288956846866516344e+02,4.048599276750018134e+02
-7.288956846866516344e+02,8.249653476748914045e+02
7.714808153141948424e+02,1.155048177674635326e+03
-5.210657546854381508e+02,1.185055707674683845e+03
-7.288956846866516344e+02,6.449201676746002931e+02
-8.122499346862599623e+02,3.148373376748562578e+02
-1.104545504685855121e+03,3.448448676749047763e+02
-8.122499346862599623e+02,8.249653476748914045e+02
7.319035951441933321e+02,1.022236527890829734e+03
-4.788329346862473130e+02,1.185055707674683845e+03
-8.003540952261481607e+02,1.361013403340453351e+03
-1.145666934686272498e+03,-4.525302232493628907e+01
8.985120654944158787e+02,1.051662719120907923e+03
-1.144055622140694595e+03,4.268926451342146606e+02
6.058990384340651190e+02,1.328916491702801522e+03
-1.437962504685867771e+03,6.749276976746488117e+02
-1.303328794736570671e+03,1.284603963901501800e+02
7.308706119804712671e+02,1.297432921603325440e+03
-8.525055460353951275e+02,4.581039857507971078e+02
-1.395729684686676819e+03,6.149126376745517746e+02
-1.384227362897833018e+03,3.655379555332388577e+02
-1.134699775623566666e+03,3.715410241363068735e+02
-3.543572546862215518e+02,6.749276976746488117e+02
-1.271254004686651115e+03,5.849051076745032560e+02
-1.604671004686663764e+03,4.476956767441957652e+01
-1.729146684686689468e+03,4.048599276750018134e+02
-1.268833311694552776e+03,4.271341285340749891e+02
-1.102654615854590020e+03,4.869368661932477380e+02
4.024875032309557241e+02,1.372711362884552045e+03
-8.544827546854508000e+02,5.548975776744547375e+02
-8.038983888648079983e+02,5.209918741107644564e+02
-1.429159510311437771e+03,3.379713553280928409e+02
-5.621871846858556410e+02,1.185055707674683845e+03
-1.513747632525405152e+03,4.901819043364824324e+02
-3.027057685300547973e+02,9.090820276778658808e+02
-9.378370046866384655e+02,9.449954676750854787e+02
-1.229021184685880826e+03,-2.252982023252274075e+02
-5.192896847955025805e+02,1.299295586770169848e+03
-6.398136975753652678e+02,-2.536607779011264029e+03
2.129256531456131540e+01,-2.955983432324904243e+03
-7.711285046858424721e+02,1.305085827674877919e+03
-8.940786765378348946e+02,3.984526905834920854e+02
-1.187899754685463449e+03,-2.252982023252274075e+02
-1.854216905354274161e+02,-2.842645890441151550e+03
-1.101904364980901164e+03,6.671897234596834778e+02
-1.271254004686651115e+03,1.647996876746136650e+02
-6.455414346854639689e+02,5.248900476744062189e+02
-1.142797123605100296e+03,7.187523822870061849e+02
-5.087634057890548434e+02,-2.755047975985536596e+03
-6.773020591266182464e+02,1.418492024136434111e+03
-6.044200046866258162e+02,-2.475862952324917842e+03
-1.876487546854255584e+02,1.155048177674635326e+03
-1.014899471838586123e+03,-2.832330669567078871e+02
-5.101205388344769744e+02,-2.751597653893864845e+03
-1.427460437154339274e+02,-2.993840739345231214e+03
-8.544827546854508000e+02,3.448448676749047763e+02
-9.789584346854766181e+02,6.149126376745517746e+02
-7.698110686458405780e+02,7.287413720882591406e+02
-1.093577051779110207e+03,1.574798189871369232e+02
-6.808764882788856312e+02,6.454717845887957992e+02
-5.136042334513014112e+02,7.382435839040573455e+02
-5.621871846858556410e+02,-2.745930722325354509e+03
-1.176472426855352751e+03,6.071532314655676146e+02
8.986604351805268607e+02,1.261343225728055359e+03
-1.137589050117445368e+03,1.358671239128139803e+02
-7.200331281550550102e+02,7.902077512869457223e+02
-4.788329346862473130e+02,-2.775938252325403027e+03
-7.269828865276642773e+02,1.328754262338054332e+03
-1.268864873500600879e+03,9.081756009328041728e+02
-8.122499346862599623e+02,8.549728776749399231e+02
-7.288956846866516344e+02,7.349427576747458488e+02
-8.956041846858682902e+02,5.548975776744547375e+02
-7.696857842307603050e+02,7.289230919844602568e+02
-4.329349721630406975e+02,1.225373621634611709e+03
-4.788329346862473130e+02,1.215063237674732363e+03
-1.135229922438827316e+03,6.985622245828399173e+02
-6.018800848168249331e+02,-2.730277604658655491e+03
3.174464866156841936e+02,1.200816048361124103e+03
2.333043740747490631e+02,1.199540908225850671e+03
-1.688025254686272092e+03,1.948072176746621835e+02
6.881265653145866281e+02,1.275078297674829400e+03
7.292479953134246671e+02,1.245070767674780882e+03
-4.719069016363845890e+02,6.162282939141852012e+02
-6.350191058383610425e+02,5.498522989585966343e+02
-1.145666934686272498e+03,-4.653584423256155560e+02
-1.104545504685855121e+03,-4.653584423256155560e+02
2.713553153133862565e+02,-7.054186823252140357e+02
3.958309953134120178e+02,-6.454036223251169986e+02
3.547095653145739789e+02,-6.153960923250684800e+02
-3.121244346854513196e+02,1.125040647674586808e+03
-3.458425304725820979e+02,1.149468954016097769e+03
-9.789584346854766181e+02,5.849051076745032560e+02
-1.095936706030977803e+03,2.196035021622668921e+02
-1.021191254686246793e+03,2.548222776747592206e+02
-1.104545504685855121e+03,1.647996876746136650e+02
-1.143721916066002450e+03,-2.260236742755987649e+01
-1.101957668976763671e+03,8.197470832910994432e+00
8.625763851756104259e+02,1.305810973460340620e+03
-1.384744300448486456e+03,3.646458156165014088e+02
-1.354608254686259443e+03,3.748523976749532949e+02
-1.021191254686246793e+03,-1.352756123250818518e+02
-1.092882005656904084e+03,2.471910556963109400e+02
-9.378370046866384655e+02,4.948825176751473691e+02
-5.959890203821463501e+02,1.089915429326314552e+03
-3.109816097427637374e+02,1.117776494029222704e+03
-4.377115046858298797e+02,-2.805945782325451546e+03
-8.459450174400507194e+02,7.287810661276033670e+02
-8.532276182017202473e+02,6.983381996215053960e+02
-8.544827546854508000e+02,7.049352276746973303e+02
-1.021191254686246793e+03,4.948825176751473691e+02
-1.021191254686246793e+03,5.849051076745032560e+02
3.200048044056771914e+02,1.238496120703064435e+03
-7.288956846866516344e+02,6.149126376745517746e+02
-6.206168468662637849e+01,1.215063237674732363e+03
-1.271254004686651115e+03,3.448448676749047763e+02
-1.389083278072560233e+03,4.287884625532165046e+02
-2.287701846858429917e+02,1.155048177674635326e+03
-9.378370046866384655e+02,3.448448676749047763e+02
-1.271254004686651115e+03,3.448448676749047763e+02
-9.378370046866384655e+02,5.849051076745032560e+02
-1.181091286866366318e+03,-1.054017903114060317e+02
-8.522870147995624848e+02,4.577226503837606515e+02
3.662754237329077114e+02,-6.809791494034836887e+02
-5.119674933096434870e+02,7.586549809369721515e+02
-6.877742546862341442e+02,5.849051076745032560e+02
-5.983552571731579519e+02,1.345973731694246226e+03
-5.121883597633145655e+02,8.202736404200098832e+02
-6.044200046866258162e+02,6.149126376745517746e+02
8.548350653138031703e+02,-2.235802712325319590e+03
-1.187899754685463449e+03,2.548222776747592206e+02
-1.021191254686246793e+03,5.849051076745032560e+02
-7.288956846866516344e+02,6.449201676746002931e+02
-4.332162555865523359e+02,-2.819940958495731138e+03
-1.271254004686651115e+03,-1.952906723251788890e+02
-8.033110819022072064e+02,3.664251413299795104e+02
-2.612408276580358120e+02,1.210373335219438786e+03
-1.876487546854255584e+02,1.185055707674683845e+03
-1.101772530689838504e+03,-1.117648205539852597e+02
-1.271254004686651115e+03,2.248147476747107021e+02
-6.352592576880598472e+02,-2.571598773012186484e+03
-7.711285046858424721e+02,-2.565885542325063398e+03
-1.270125175661513822e+03,1.582036369608310338e+02
-9.272248600153302505e+02,4.589498344489817896e+02
-1.183057144203073449e+03,5.551359283239731894e+02
-6.361290264339324949e+02,1.300193463854122228e+03
-2.710030046866132238e+02,1.245070767674780882e+03
-1.781613067363108485e+02,1.061991336571708416e+03
-1.395729684686676819e+03,5.849051076745032560e+02
-1.442368626461721988e+02,-2.872231447288037089e+03
-1.096037182612975812e+03,7.265854407696792805e+02
-1.062312684686664397e+03,6.149126376745517746e+02
-1.018779080554975167e+03,-5.287006980136861500e+01
-1.562438184685893475e+03,3.448448676749047763e+02
-1.686291828321853473e+03,1.874982433463627842e+02
-1.021191254686246793e+03,1.347921576745651464e+02
-6.425577997372314485e+02,-2.730519133383568260e+03
-1.683713037268203834e+03,1.796805334311310105e+02
-1.876487546854255584e+02,1.155048177674635326e+03
-5.197784154042127511e+02,4.881941371769172520e+02
-5.185819114560528078e+02,7.288396213777841695e+02
-1.437962504685867771e+03,4.476956767441957652e+01
-4.377115046858298797e+02,-2.805945782325451546e+03
-1.144281567577790611e+03,3.985698832597942101e+02
-8.122499346862599623e+02,7.049352276746973303e+02
-9.789584346854766181e+02,6.749276976746488117e+02
-8.909847783672496462e+02,1.434010769670020636e+03
-7.216456016050833568e+02,5.505158136525532200e+02
-7.270089193438095663e+02,1.209237462835453243e+03
-5.199136588189862778e+02,5.782945624336364290e+02
-1.467096242511672699e+03,5.202319276353533724e+02
-1.645792434685501803e+03,5.248900476744062189e+02
-3.470418475748173819e+02,1.357134947609502206e+03
-1.104545504685855121e+03,1.476203767437105796e+01
-1.271254004686651115e+03,4.048599276750018134e+02
-1.179966549708881303e+03,3.457954653980142439e+02
-1.186410613814581211e+03,3.671468545134553096e+02
-1.057058179226884477e+03,-7.859955699909612292e+00
-8.544827546854508000e+02,6.449201676746002931e+02
-1.677899529057053769e+03,5.180582438995278380e+02
-1.876487546854255584e+02,1.065025587674489771e+03
-8.122499346862599623e+02,8.249653476748914045e+02
-7.711285046858424721e+02,7.949578176748428859e+02
-1.176751274397650604e+03,1.892245334188342838e+02
-1.306460816916248405e+03,-2.179662803728286065e+02
-1.302021209955684071e+03,5.486183616943059178e+02
-1.512974642746656400e+03,4.874421811538434213e+02
-1.470769501941100316e+03,4.583208133518704130e+02
-6.435052399350518044e+02,7.579861672803601778e+02
-1.219423516966321131e+03,-3.821046238822453915e+02
9.398036351694294126e+02,1.119012385744111498e+03
-1.095091012110471638e+03,-1.703537868588229003e+02
-6.433734934764798936e+02,6.678571671153337093e+02
-6.044200046866258162e+02,3.748523976749532949e+02
-9.789584346854766181e+02,5.849051076745032560e+02
-1.347630059300237008e+03,2.635799140761201897e+02
-1.187899754685463449e+03,1.948072176746621835e+02
-1.011749076514453009e+03,2.179043149360140887e+02
-1.445463572412072608e+02,1.058788011383187495e+03
-8.956041846858682902e+02,7.349427576747458488e+02
-5.987468239498020921e+02,-2.558949334986246413e+03
-2.710030046866132238e+02,1.065025587674489771e+03
-1.509946701779422028e+03,4.595642631566645377e+02
-1.562438184685893475e+03,4.948825176751473691e+02
-1.012308958486238794e+03,-2.032566543058222805e+02
-1.145666934686272498e+03,-2.553057323252759261e+02
-1.229021184685880826e+03,2.848298076748077392e+02
6.881265653145866281e+02,1.155048177674635326e+03
-7.178958889691353988e+02,7.599660969924123037e+02
-1.096861788000164097e+03,6.704701819216171543e+02
-1.229021184685880826e+03,7.049352276746973303e+02
-9.366230322614123907e+02,2.190176452909968816e+02
-8.544827546854508000e+02,2.248147476747107021e+02
-1.638726701072585456e+03,4.917369378993527107e+02
-1.062312684686664397e+03,4.476956767441957652e+01
-1.309624588350711292e+03,3.690594891615814959e+02
-1.224038785781096976e+03,1.075246102719299017e+02
-1.178523167168150394e+03,2.483460011752504215e+02
-1.353499008947204857e+03,1.578057843402966682e+02
-9.748817595238929243e+02,2.096903282055031070e+02
-9.290163596331062763e+02,2.180740854652389373e+02
-1.229021184685880826e+03,4.348674576750503320e+02
-1.135842892846350878e+03,4.588411520085111874e+02
-1.562438184685893475e+03,2.248147476747107021e+02
-6.019625819591009304e+02,-2.722249516659777782e+03
-6.044200046866258162e+02,-2.715923192325305990e+03
-8.941999446870333941e+02,6.688629182118991139e+02
-7.612516485921620415e+02,6.400751668958569098e+02
-6.431512770981382801e+02,7.500173620352391026e+02
-1.062312684686664397e+03,7.477709767446809508e+01
-5.621871846858556410e+02,7.049352276746973303e+02
-1.220724178688958318e+03,7.278444303645806031e+02
3.986899942184548422e+02,-6.601427211069919849e+02
-1.437962504685867771e+03,-2.853132623253244446e+02
-1.385025026941481883e+03,2.799365123995854674e+02
-8.544827546854508000e+02,6.149126376745517746e+02
-1.354608254686259443e+03,-3.753358523254700003e+02
-3.121244346854513196e+02,1.065025587674489771e+03
-3.543572546862215518e+02,1.035018057674441252e+03
-7.278978919549460898e+02,3.680038159248656484e+02
-7.288956846866516344e+02,7.349427576747458488e+02
-1.262249657107018493e+03,5.861328537392612361e+02
-1.229021184685880826e+03,6.149126376745517746e+02
-6.877742546862341442e+02,5.849051076745032560e+02
-6.044200046866258162e+02,5.849051076745032560e+02
-5.503511170693201393e+02,5.810420530009042750e+02
-1.876487546854255584e+02,1.005010527674392733e+03
-1.511491328711508913e+03,2.798558680503125515e+02
-1.454159346862346922e+02,1.005010527674392733e+03
-5.210657546854381508e+02,1.275078297674829400e+03
-5.345010199354724989e+01,1.269656482777104884e+03
-2.287701846858429917e+02,1.275078297674829400e+03
-2.710030046866132238e+02,1.305085827674877919e+03
-1.042945046858172304e+02,1.065025587674489771e+03
-8.122499346862599623e+02,7.949578176748428859e+02
-7.684044055777238782e+02,7.576185455435158929e+02
-1.103151895198103148e+03,-3.226656155466600353e+02
-2.710030046866132238e+02,1.365100887674974956e+03
3.974355943939669942e+02,-6.512111011252815160e+02
-1.312375434685489154e+03,3.448448676749047763e+02
-5.210657546854381508e+02,6.149126376745517746e+02
-4.256193930981985432e+02,1.061549398572373320e+03
-9.378370046866384655e+02,2.548222776747592206e+02
-3.022659832274874816e+02,1.299889951497935272e+03
-1.062312684686664397e+03,2.548222776747592206e+02
-7.711285046858424721e+02,-2.565885542325063398e+03
-8.843906834907610346e+02,4.539905821149219491e+02
-6.044200046866258162e+02,4.648749876750988506e+02
-9.789584346854766181e+02,-3.153207923253729632e+02
-1.688025254686272092e+03,1.948072176746621835e+02
-1.437962504685867771e+03,2.248147476747107021e+02
-8.109489239363963407e+02,6.679905006511971806e+02
-7.689186716036402913e+02,6.090597400722800785e+02
-1.312375434685489154e+03,5.849051076745032560e+02
-1.216558971999855203e+03,6.711916075726131794e+02
-6.387031491840683657e+02,1.456158062153456740e+03
-6.855320600519793288e+02,1.448748886845790821e+03
-6.877742546862341442e+02,1.485131007674379362e+03
-1.227333994892670944e+03,4.268695170801438508e+02
-1.226024836284703042e+03,3.974782320449793360e+02
-1.229021184685880826e+03,7.349427576747458488e+02
-1.301437223960530446e+03,7.868440714903308617e+02
-4.356704185412945662e+02,1.117647154857186251e+03
-4.377115046858298797e+02,1.155048177674635326e+03
-3.954786846866389851e+02,1.125040647674586808e+03
-7.214247656602992720e+02,1.603801726181979177e+02
-1.729146684686689468e+03,4.948825176751473691e+02
-1.729146684686689468e+03,4.948825176751473691e+02
-1.729146684686689468e+03,3.748523976749532949e+02
-1.141031080129121619e+03,2.336456853751584504e+02
-1.216789007564126450e+03,2.480617464164205614e+02
-1.104545504685855121e+03,2.248147476747107021e+02
-1.062312684686664397e+03,7.049352276746973303e+02
-9.680250063031775198e+02,6.976278512456024146e+02
-1.016524686233830607e+03,7.134622024754909262e+02
-1.102721877060553425e+03,3.981408186643428735e+02
-9.378370046866384655e+02,4.348674576750503320e+02
-7.288956846866516344e+02,4.048599276750018134e+02
-8.464144278321382444e+02,4.082989073791920873e+02
-5.199488107804603487e+02,1.057165171363354148e+03
-3.431506380898768498e+02,1.088011590627843361e+03
-2.680286878871919498e+02,1.087072095776841707e+03
-1.178647944178918124e+03,-4.142778624218050254e+02
-7.628776024121440287e+02,1.478363792280897542e+03
-6.446533931505323380e+02,1.477412738597836551e+03
-6.394205965272162757e+02,1.515652298454255060e+03
-4.377115046858298797e+02,5.248900476744062189e+02
-3.121244346854513196e+02,1.125040647674586808e+03
-1.271254004686651115e+03,1.948072176746621835e+02
-9.763946760207805937e+02,2.789799479392444255e+02
-1.018119807962472692e+03,3.382867334996753357e+02
-9.789584346854766181e+02,3.448448676749047763e+02
-1.052434362081626887e+03,-4.417240584997925907e+02
-9.283840479037028217e+02,7.287754703378158183e+02
-6.455414346854639689e+02,-2.505870482324966360e+03
-5.210657546854381508e+02,7.349427576747458488e+02
-6.044200046866258162e+02,7.049352276746973303e+02
-7.711285046858424721e+02,-2.565885542325063398e+03
-1.095585157505682901e+03,1.898763040747145681e+02
-7.275021373032870997e+02,3.669484005424965289e+02
-9.325130550410920023e+02,5.238136633865019576e+02
-8.444234234146445033e+02,4.298095148018610985e+02
-8.525466255686309296e+02,4.279689026887045884e+02
-1.305301491062699370e+03,3.099699577004173534e+02
-1.229021184685880826e+03,3.748523976749532949e+02
-1.344396905711743784e+03,3.706679362432226412e+02
7.320222364508996407e+02,1.208947295812214406e+03
7.292479953134246671e+02,1.185055707674683845e+03
-1.229021184685880826e+03,-1.052680823250333333e+02
-1.437962504685867771e+03,6.149126376745517746e+02
-8.423896125348774149e+02,3.954051538672860602e+02
-1.018298266917939372e+03,6.801701961927273032e+01
-1.301913523548956164e+03,7.602744924430795663e+02
-1.349792652849536580e+03,2.317345713029418448e+02
-6.345257818124484857e+02,4.598529086690008398e+02
-8.122499346862599623e+02,6.449201676746002931e+02
-4.687092311643256721e+02,1.328247067764210897e+03
-5.194146674873721850e+02,-2.693080744331792630e+03
-5.950368467440148379e+02,6.368529802422191324e+02
-1.604671004686663764e+03,4.348674576750503320e+02
-1.430996008447988288e+03,3.072392111698478061e+02
-3.954786846866389851e+02,1.215063237674732363e+03
-4.341665895105281265e+02,-2.820652190998393962e+03
-1.021191254686246793e+03,3.748523976749532949e+02
-1.185774228533597352e+03,3.679085034738369018e+02
-4.336982585616199231e+02,-2.819066687983298380e+03
-4.377115046858298797e+02,-2.805945782325451546e+03
-1.312375434685489154e+03,2.848298076748077392e+02
-1.139634525121020488e+03,2.262809161647092253e+02
-1.093911507844593416e+03,2.436623363358936274e+02
-4.356677138211449574e+02,9.387422907204150988e+02
-4.377115046858298797e+02,8.849804076749884416e+02
-9.789584346854766181e+02,5.548975776744547375e+02
-9.378370046866384655e+02,7.349427576747458488e+02
-1.645792434685501803e+03,4.348674576750503320e+02
-1.437962504685867771e+03,-2.853132623253244446e+02
-1.018833636424427823e+03,-3.828794380448962897e+02
-1.259870082508805353e+03,4.889965444790942684e+02
-1.021191254686246793e+03,2.848298076748077392e+02
8.145447140082052329e+02,1.208978981462990305e+03
-6.015162272199276003e+02,1.207841509331135740e+03
-6.772179273211155532e+02,4.875158416024042367e+02
-5.523661760929551292e+02,4.594605611526130247e+02
-5.985048694618973286e+02,7.137917504014725409e+02
-6.429415831261771928e+02,7.591092484506168603e+02
-8.857011742411581281e+02,7.356753131247023703e+02
-8.453596034704168005e+02,1.300073978468209589e+03
6.061874160511451919e+02,1.297305691146267236e+03
-5.210657546854381508e+02,7.949578176748428859e+02
-4.788329346862473130e+02,-4.053433823255185189e+02
-7.711285046858424721e+02,5.248900476744062189e+02
-1.014974927600187584e+03,2.864652734548708395e+02
-7.711285046858424721e+02,8.549728776749399231e+02
-9.378370046866384655e+02,5.548975776744547375e+02
-8.956041846858682902e+02,5.548975776744547375e+02
-5.133301070032997586e+02,1.247141087316524363e+03
1.880010653137779286e+02,-2.895968372325597102e+03
-9.789584346854766181e+02,6.149126376745517746e+02
-2.654526993410158866e+02,1.229817886564805349e+03
-1.186268635597358525e+03,6.079439126643200098e+02
-1.354608254686259443e+03,4.348674576750503320e+02
-7.269807691142498243e+02,-2.572662458382970726e+03
-6.877742546862341442e+02,1.245070767674780882e+03
-8.038797309849554722e+02,4.597889113114108000e+02
-7.228047835012874884e+02,4.621290998296729526e+02
-2.624125858743423692e+02,1.326169255634487399e+03
-1.271254004686651115e+03,6.149126376745517746e+02
-2.623778805821157221e+02,1.179281888985850628e+03
-6.455414346854639689e+02,5.248900476744062189e+02
-1.187899754685463449e+03,2.248147476747107021e+02
-7.711285046858424721e+02,4.948825176751473691e+02
-5.621871846858556410e+02,-2.745930722325354509e+03
-1.187899754685463449e+03,4.948825176751473691e+02
-1.103581538949898231e+03,7.880177933168508844e+02
-1.008725087431246720e+03,4.881611136513519114e+02
7.806794824983824128e+02,1.267526178674045696e+03
7.292479953134246671e+02,1.365100887674974956e+03
-8.544827546854508000e+02,2.848298076748077392e+02
-9.683519335138723818e+02,4.532619431037536515e+02
-7.273925470374567794e+02,6.976017756866913260e+02
-5.536529295362689709e+02,5.788132308033408435e+02
-5.138260466549463672e+02,1.000933460164763687e+03
-9.778001165538734085e+02,5.478827442533985277e+02
-3.954786846866389851e+02,-2.805945782325451546e+03
-4.296853259854401017e+02,6.386599163483724624e+02
-1.271254004686651115e+03,-2.853132623253244446e+02
-1.021191254686246793e+03,3.748523976749532949e+02
-9.720939347471116889e+02,6.981339129790018205e+02
-6.877742546862341442e+02,5.248900476744062189e+02
-6.455414346854639689e+02,1.215063237674732363e+03
-1.018293560284448063e+03,5.783008381213223856e+02
-1.095214993010967873e+03,2.480254146642679132e+02
-1.267137673270814730e+03,2.703578528798273055e+02
-3.507112328146661184e+02,-2.819872579762994064e+03
-3.900095959060721498e+02,1.183904232238518034e+03
-9.774914892454571600e+02,-2.029084796027220534e+02
-7.687563965237335424e+02,4.279139770950379784e+02
-5.949364510089088753e+02,1.388468261373481027e+03
-7.711285046858424721e+02,7.349427576747458488e+02
-7.288956846866516344e+02,6.749276976746488117e+02
-1.229021184685880826e+03,4.348674576750503320e+02
-5.119263303567051366e+02,7.884809497250950017e+02
-6.044200046866258162e+02,1.455123477675120512e+03
-9.378370046866384655e+02,8.249653476748914045e+02
-8.122499346862599623e+02,7.649502876747943674e+02
-1.351539577729407711e+03,-3.904444493705382797e+02
-1.354608254686259443e+03,-2.553057323252759261e+02
-1.271254004686651115e+03,-3.453283223254214818e+02
7.292479953134246671e+02,1.215063237674732363e+03
-1.265487906361929618e+03,1.081296895061645955e+02
-7.689127332320767891e+02,1.419119056807320703e+03
-8.544827546854508000e+02,8.249653476748914045e+02
-1.271254004686651115e+03,-3.453283223254214818e+02
-7.288956846866516344e+02,6.749276976746488117e+02
-6.770459820422374833e+02,7.310477035646441664e+02
-8.828894329766119426e+02,5.471738912741365084e+02
-7.711285046858424721e+02,5.849051076745032560e+02
-7.640383744820145466e+02,4.948137161352284465e+02
-1.518995998887035512e+03,-1.785073121852112195e+02
-1.187899754685463449e+03,-1.352756123250818518e+02
-1.512802491612944777e+03,4.879971962940265939e+02
-6.455414346854639689e+02,4.648749876750988506e+02
-1.519594729901338951e+03,4.877607823515596124e+02
-1.553176093927408374e+03,5.127077988152694843e+02
-5.210657546854381508e+02,1.335093357674926438e+03
-4.788329346862473130e+02,1.395108417675023475e+03
-6.455414346854639689e+02,1.065025587674489771e+03
-5.621871846858556410e+02,6.149126376745517746e+02
-1.177847659621353387e+03,6.704147614773414716e+02
-1.187899754685463449e+03,6.449201676746002931e+02
-5.920504473734824842e+02,1.266492941610744992e+03
-1.604671004686663764e+03,3.448448676749047763e+02
-7.604642577027184416e+02,2.800836556701354993e+02
-7.613253648196927088e+02,3.099840510238713591e+02
-2.287701846858429917e+02,-2.835953312325500065e+03
-7.187520413130391717e+02,7.603214299526895275e+02
-8.122499346862599623e+02,7.649502876747943674e+02
-3.015960319006869668e+02,1.088197516572197173e+03
-3.513643922961405224e+02,1.118711057972378057e+03
-1.139464212491659509e+03,5.848521837477950385e+02
5.214180653137905210e+02,1.305085827674877919e+03
-6.455414346854639689e+02,7.049352276746973303e+02
-7.711285046858424721e+02,6.449201676746002931e+02
-1.187899754685463449e+03,7.049352276746973303e+02
-6.861521787831682104e+02,6.979845923907264478e+02
-9.284008588832198257e+02,3.975928031152242852e+02
6.910269934339551128e+02,1.419172182782556320e+03
-1.014572657507772306e+03,8.173192979454106535e+02
-1.343967991467757884e+03,-3.203381304925533755e+02
-6.432223432662881351e+02,7.271856279330263533e+02
-8.943399822582302932e+02,2.482001024081128548e+02
-1.598039364337519373e+03,5.540344987976651510e+02
-8.029326819553836003e+02,7.834903771101221537e+02
-7.711285046858424721e+02,7.649502876747943674e+02
-3.543572546862215518e+02,1.125040647674586808e+03
-7.288956846866516344e+02,3.748523976749532949e+02
-1.137437535905923596e+03,3.390134334418290791e+02
-1.222685160943380879e+03,4.024165671437165201e+02
-5.118512572315403872e+02,1.330056958794343018e+03
-5.210657546854381508e+02,1.305085827674877919e+03
-9.767736251338874354e+02,5.182265020506159772e+02
-7.711285046858424721e+02,1.347921576745651464e+02
-1.345217620194772962e+03,9.682751068763325293e+02
-1.436430463303780925e+03,9.388466962135668155e+02
-3.841746147767935327e+02,1.326997192434353792e+03
-5.180149105702400902e+02,1.328997656874011227e+03
-5.210657546854381508e+02,1.305085827674877919e+03
7.304017853873156128e+02,1.358763694155856456e+03
-5.196439807189584599e+02,7.280380093456484474e+02
-5.183325572640153496e+02,7.576342603897534218e+02
-5.193055012014136764e+02,6.976833170409903460e+02
-4.693833142318105160e+02,7.281769045172029564e+02
-7.596674001979882860e+02,1.391378901064652609e+03
-8.956041846858682902e+02,6.149126376745517746e+02
-9.759158236011973031e+02,5.176705735793537997e+02
-9.349201208693250464e+02,5.182599991233207675e+02
-1.100849936621910956e+03,2.607828140314894085e+02
-1.139951759746609241e+03,1.958843128463245193e+02
-4.788329346862473130e+02,8.849804076749884416e+02
-5.102448520934213434e+02,8.194648399155748848e+02
-5.130166812614984337e+02,8.232082402593321149e+02
-7.288956846866516344e+02,1.455123477675120512e+03
-7.264569450774745292e+02,1.388906663903428807e+03
-7.288956846866516344e+02,1.365100887674974956e+03
-1.145666934686272498e+03,-5.253735023249229243e+02
-1.145666934686272498e+03,-4.953659723248744058e+02
-3.515680684284449171e+02,1.058387663885271877e+03
-2.710030046866132238e+02,1.065025587674489771e+03
-3.463281773635978311e+02,1.058186461562206659e+03
-3.543572546862215518e+02,1.065025587674489771e+03
-1.101936097491097371e+03,4.275720996768579312e+02
-1.145666934686272498e+03,3.448448676749047763e+02
-1.145666934686272498e+03,-7.526055232498481473e+01
-1.177871719174113423e+03,-1.441308288957598620e+02
-1.229021184685880826e+03,-1.352756123250818518e+02
-7.288956846866516344e+02,6.449201676746002931e+02
-6.858610423158414733e+02,6.071654028065314606e+02
-6.829135485438519027e+02,6.547050807606151466e+02
-7.711285046858424721e+02,6.149126376745517746e+02
-6.337187204819856561e+02,7.320040740605153360e+02
-6.342974728297510865e+02,7.245823369819972868e+02
-6.862945090805592372e+02,7.580031492348890652e+02
-5.210657546854381508e+02,5.849051076745032560e+02
-4.788329346862473130e+02,5.849051076745032560e+02
-5.527178893855082151e+02,5.798618984884112706e+02
-4.705861252009797795e+02,5.768027580991736158e+02
-6.455414346854639689e+02,5.849051076745032560e+02
-7.647125876304099847e+02,7.728567107620604020e+02
-7.623443242055981273e+02,7.909936290551542015e+02
-1.271254004686651115e+03,2.248147476747107021e+02
-1.271254004686651115e+03,2.548222776747592206e+02
-7.214759221160703646e+02,9.909584574365320009e+01
-6.853621384566193910e+02,9.862673330242675718e+01
-4.328977959557890927e+02,-2.821663150188765485e+03
-4.362996156808592332e+02,-2.811841986334896319e+03
-1.597496699302815159e+03,4.650983213101400793e+02
-1.021191254686246793e+03,5.849051076745032560e+02
-1.018944724497033235e+03,5.780985704431490149e+02
-1.302991126633491376e+03,3.752342422831212616e+02
-1.312375434685489154e+03,3.148373376748562578e+02
-7.695468517882025026e+02,6.070027838481776143e+02
-1.145666934686272498e+03,-4.053433823255185189e+02
-7.675524522592589847e+02,-2.580090010238655850e+03
-1.394081506567920997e+03,8.439392299134951259e-01
-1.220335845014103597e+03,6.076218425815159208e+02
-1.185740255858979481e+03,6.373940791793285143e+02
-6.794531334175981101e+02,5.186026366371660288e+02
-6.455414346854639689e+02,4.648749876750988506e+02
-4.788329346862473130e+02,1.335093357674926438e+03
-4.788329346862473130e+02,1.245070767674780882e+03
-1.145666934686272498e+03,4.648749876750988506e+02
-5.210657546854381508e+02,2.848298076748077392e+02
-7.625671418523957072e+02,5.791468448451809081e+02
-8.544827546854508000e+02,7.349427576747458488e+02
-7.288956846866516344e+02,7.349427576747458488e+02
-1.431024496639636823e+02,1.118182000277159204e+03
8.575190827442438604e+02,1.239049309984204456e+03
8.959564953142206605e+02,1.155048177674635326e+03
-4.746087432629517480e+02,-2.518832422205051444e+03
-1.103411158735700383e+03,4.277606874919874258e+02
-9.774723908085584299e+02,3.385114819616466662e+02
-7.634463909604799028e+02,7.909536651715986864e+02
-8.440839247894022037e+02,4.281801894545238270e+02
-6.014237662150467258e+02,4.585923744402813327e+02
-8.478681554141428478e+02,4.969795705699838777e+02
-9.690505346597717562e+02,2.810760757453062411e+02
-6.850154959110236632e+02,7.878106153496395336e+02
-9.677829794607077929e+02,5.482381450512133370e+02
-5.983684867833406997e+02,4.981081976958453197e+02
-9.270198600418189017e+02,7.588380654839845647e+02
-8.921304379356862455e+02,6.551608864950048883e+02
-1.016186789659193664e+03,4.719149112987230410e+02
-8.102827337787286979e+02,3.974835072166414420e+02
-5.967513650136961587e+02,6.613449775786801865e+02
-6.414483224642009418e+02,1.449984860501292587e+03
8.142779861745640346e+02,-2.242456145189648396e+03
-9.776150214566787326e+02,3.972637022722877873e+02
-8.447558490526562309e+02,4.235595257542267404e+02
-5.918070242973358290e+02,8.765653983327655396e+02
-5.596276237151810165e+02,4.588358890004456043e+02
-7.714906721406254064e+02,4.978129731750694305e+02
-2.653878148558435441e+02,9.693853601659702690e+02
-1.436955163087914570e+03,6.386505688862652050e+02
-9.705430687042045292e+02,6.189893320943076560e+02
-1.021191254686246793e+03,7.949578176748428859e+02
-5.621871846858556410e+02,5.248900476744062189e+02
-6.538622740931746193e+02,5.370495506957936414e+02
-1.713101925440741979e+03,2.323749532212704594e+02
-5.715905551348757854e+02,1.109825369289008904e+03
