5.674322052553409321e+02,1.084484980659168514e+03
-9.360297891146897200e+02,-6.510568118140600973e+02
5.641630491522878401e+02,1.089250619444266476e+03
-8.881150804455086245e+02,-7.167074136958925692e+02
-1.432763525059244330e+03,9.433783459962552342e+01
-3.523285350948303858e+02,-5.130827360658064862e+01
-1.434552726925238630e+03,9.807463519847109978e+01
-1.354608254686259443e+03,-1.952906723251788890e+02
-3.106757191116756758e+02,-8.051591856117838120e+01
-1.353206102648557362e+03,-1.100673492540179694e+02
-2.674517012153979749e+02,9.823762704848591909e+01
-1.476772008171107927e+03,-1.701351820736242928e+02
5.659868944983064694e+02,1.088674153046364381e+03
-1.477388937182922064e+03,9.961106147377421394e+01
-1.435687486320799280e+03,3.098348177058272768e+02
-1.015296437775343975e+03,4.536982223876359512e+02
-1.432165474464034560e+03,1.845615547538486396e+02
-1.518069647696346919e+03,3.929537722184178250e+01
-8.922883412028033945e+02,8.409989958288470291e+00
-1.392491275320520344e+03,-1.409960464475519757e+02
-4.761028869248002593e+02,2.201206995430715949e+02
-1.435823080876009953e+03,1.883393060448329379e+02
5.657327549691043487e+02,1.088732660999636437e+03
-1.184855346664540775e+03,6.958970524162342031e+01
-1.185277122860308509e+03,3.690221028414873672e+02
-1.353151631787663746e+03,2.191784458070769119e+02
-1.021191254686246793e+03,2.548222776747592206e+02
-9.342801583459274752e+02,2.790719841927263474e+02
-1.020785694503266825e+02,7.299294250826227426e+02
-1.351374739206488130e+03,3.984440525473749517e+02
4.819968087283024261e+02,1.088538511754925139e+03
-3.927591416891834228e+02,2.781111680211926114e+02
-1.843062081162186701e+02,7.582816571393756249e+02
-1.348912887407324433e+03,3.026817047998341650e+02
-1.145666934686272498e+03,4.048599276750018134e+02
-1.640063426654488239e+03,5.439165787464368123e+02
-1.018547053960871040e+03,-1.251719466615508509e+03
5.645729294217770757e+02,1.089507783773174879e+03
-1.021191254686246793e+03,-1.245554222325297587e+03
-1.056722250177744399e+03,-9.866868674991346779e+02
-1.383359714959462963e+02,6.032809648169901493e+02
-6.845874130922502445e+02,-2.300005783248271598e+02
-1.021191254686246793e+03,-5.253735023249229243e+02
-1.103069103228190215e+03,4.292089286839212150e+02
4.852890851851583420e+02,1.083647939090281398e+03
-5.621871846858556410e+02,6.749276976746488117e+02
-1.227115411417259565e+03,-3.802854677902184903e+02
-8.514089616534306515e+02,8.798563062527451848e+02
-1.145666934686272498e+03,8.849804076749884416e+02
-1.434580091421054476e+03,3.997383018143200388e+02
-1.518129888118332701e+03,5.182195921691354670e+02
-1.180209893346942863e+03,9.027520031138559489e+02
2.403505404954668734e+01,6.692327222983740285e+02
-8.490554323990063494e+02,6.926572376299360485e+02
-1.226830042007707334e+03,-2.607064805435661015e+02
-1.393200023660317584e+03,-8.185434289597623092e+01
-8.544827546854508000e+02,6.149126376745517746e+02
-1.302770534642929078e+03,3.573856451047815312e+02
-1.518821299965127309e+03,3.824240555599149616e+01
-1.688025254686272092e+03,1.948072176746621835e+02
-1.354608254686259443e+03,-1.352756123250818518e+02
-1.229021184685880826e+03,2.248147476747107021e+02
-1.227077510045494137e+03,1.586707761971093191e+02
-1.477201327881471116e+03,3.690776577636680145e+02
-1.434820713727045813e+03,1.300294870912950671e+02
-5.595773117145089373e+02,-1.106674542974925117e+02
-1.435798515430404450e+03,1.593168511697746226e+02
-9.378370046866384655e+02,6.149126376745517746e+02
-1.518137653295777682e+03,2.495496223806675289e+02
-1.354608254686259443e+03,1.647996876746136650e+02
-3.926459004917982725e+02,3.681160498520076771e+02
-5.177969650317542119e+02,6.932203472649156595e+01
-1.479083934686285147e+03,1.347921576745651464e+02
7.309616244347066640e+02,1.750098181853527649e+03
1.024428679495226561e+03,1.630310046542936107e+03
-8.122499346862599623e+02,7.649502876747943674e+02
-9.378370046866384655e+02,6.449201676746002931e+02
-8.525300703807901073e+02,6.998040665596560075e+02
7.767741628687992943e+02,1.682911840179516275e+03
1.147499437663778281e+03,1.510431740252127611e+03
7.292479953134246671e+02,1.635168657674621954e+03
7.306277832171903128e+02,1.570312208698192535e+03
7.292479953134246671e+02,1.665176187674670473e+03
6.517771734547902724e+02,1.624817094570788413e+03
8.161247691353602249e+02,1.599935234822115945e+03
8.575333736142019916e+02,1.508449176157622333e+03
-8.469363835537620844e+02,7.835304538388123774e+02
8.186300385300619382e+02,1.712974707038302995e+03
8.582016314000618422e+02,1.629146712756315083e+03
1.065862773527653417e+03,1.508581505266126896e+03
6.510222096127160967e+02,1.503415811037358708e+03
-8.928377780606283523e+02,-7.104450994069616172e+02
7.351117479956884608e+02,1.714574226806132174e+03
6.081813882882568123e+02,1.508311914375524339e+03
-1.476277787251515747e+03,-1.116999566662995278e+02
5.642812457845037670e+02,1.479166659959762683e+03
8.143750491600465011e+02,1.629675198241304315e+03
9.404248975645544988e+02,1.479321651048825743e+03
7.768960330903581735e+02,1.503741310027189911e+03
8.144570291563932187e+02,1.539479093544038960e+03
-1.348553025566477800e+03,-3.261399476640983721e+02
-1.436234561542493566e+03,1.588934564267754013e+02
1.023948759397266940e+03,1.479509357736438005e+03
1.028232747037134004e+03,1.534303003252910003e+03
8.599813521062576456e+02,1.565186850442315745e+03
6.881265653145866281e+02,1.455123477675120512e+03
8.548350653138031703e+02,1.485131007674379362e+03
6.899482130794322075e+02,1.449679076062989907e+03
1.068932018625461751e+03,1.535034790388896681e+03
-7.288956846866516344e+02,-7.354262123252625543e+02
8.563069267499508896e+02,1.509002931656823648e+03
-1.476493583146175752e+03,3.921562511102547433e+01
-7.643335259611950505e+02,-2.364418545694356055e+02
-1.351356203128435254e+03,-5.002668546613622169e+01
-1.519760916352592631e+03,9.138558675982999091e+00
9.860208618012270563e+02,1.474500168562146655e+03
8.140515020740630234e+02,1.479640717174213933e+03
1.108763187707691941e+03,1.474974208809316679e+03
6.960176932008779431e+02,1.444223420425750646e+03
7.761248298511931125e+02,1.533604785188043024e+03
-5.621871846858556410e+02,2.848298076748077392e+02
-4.323081108146295151e+02,4.223047721659513059e+02
-1.353157971056457654e+03,1.292118864478991327e+02
-1.268084112659636276e+03,3.091182317463647564e+02
-1.226972497140887299e+03,9.797427655194996987e+01
1.024219835343518753e+03,1.479480692638415348e+03
8.959564953142206605e+02,1.485131007674379362e+03
1.023478596640580236e+03,1.540152530551845985e+03
1.357501169248715996e+03,1.600127424304773740e+03
1.231445184429425353e+03,1.510401928505929618e+03
7.313846809992419367e+02,1.540006576691979262e+03
1.109189697555407975e+03,1.594065104251264529e+03
9.815235205444035955e+02,1.508991808573387743e+03
9.870208571712810226e+02,1.475020426449284969e+03
8.580166757242321864e+02,1.539374793366327140e+03
1.064579589513559540e+03,1.450378226177749866e+03
1.028758667727950524e+03,1.563492617533482189e+03
1.148221731527699603e+03,1.539051843660365421e+03
1.064067305543437897e+03,1.478682556709924484e+03
1.148117929653911460e+03,1.510318701213036775e+03
1.067060992919598220e+03,1.535601568531563544e+03
-1.225770980126313816e+03,1.893080358516003514e+02
-1.266144515064419011e+03,3.199781168606362058e+01
-1.393818891565045305e+03,2.797696552218941406e+02
8.959564953142206605e+02,1.665176187674670473e+03
1.023613816849520731e+03,1.478340374237621063e+03
-1.145666934686272498e+03,4.348674576750503320e+02
-1.060953162879256752e+03,3.399054098832414184e+02
-1.185709784659170055e+03,3.086506899695109496e+02
8.126022453146123325e+02,1.605161127674573436e+03
-1.062312684686664397e+03,6.149126376745517746e+02
-9.355694846485189373e+02,7.295732122678087990e+02
-1.227164197806168431e+03,5.201876741370601849e+02
8.987534286718566818e+02,1.539892616772372094e+03
-8.122499346862599623e+02,-7.654337423253110728e+02
9.408668566928375867e+02,1.599459476543346682e+03
-1.008644862773828379e+02,6.681533083983920278e+02
-7.258507058524609192e+02,9.995109830598062217e+02
-1.018928163470223922e+03,7.585528113723444221e+02
-1.015601451915185407e+03,9.648294512766253774e+02
-1.431323239551962160e+03,3.036817344527040632e+02
-6.877742546862341442e+02,9.449954676750854787e+02
9.828245923767957493e+02,1.599622690661113893e+03
9.843928962520554933e+02,1.742884269196744071e+03
-1.518237529040490699e+03,9.995256259988769898e+01
-1.599551166190002277e+03,2.719428545696448509e+02
-1.476089943841699096e+03,-2.178630838241343071e+01
-8.513589754362467374e+02,8.198348211642835395e+02
-1.268035939874142741e+03,4.596387647602093693e+02
5.625394953142080112e+02,1.095033117674538289e+03
5.638890169695922623e+02,1.088720677479353526e+03
-6.044200046866258162e+02,6.149126376745517746e+02
-6.849346039591607678e+02,6.390736484963263138e+02
1.062664995313437203e+03,1.455123477675120512e+03
9.434001957750272140e+02,1.533119874245548772e+03
6.385112114269725225e+01,7.284661828808607424e+02
-9.789584346854766181e+02,-5.553810323249714429e+02
9.823311831622750105e+02,1.480168231514912577e+03
1.229373495314233423e+03,1.665176187674670473e+03
1.062664995313437203e+03,1.545146067674476399e+03
1.232882896804197117e+03,1.510244800291997763e+03
5.651833284593783446e+02,1.419884653656688215e+03
1.190358363898659491e+03,1.539588180304256866e+03
6.490310259561036901e+02,1.508580440667542007e+03
6.932634080200334665e+02,1.654300355379439679e+03
1.149032166333683335e+03,1.539078204445071606e+03
1.234270540124874060e+03,1.654697092098382655e+03
-1.017845928768017984e+03,8.201546879311850944e+02
-1.019591172738831347e+03,6.683598305011332741e+02
-1.018207872246159127e+03,9.089323113916796046e+02
7.292479953134246671e+02,1.575153597674524917e+03
9.437604232960849231e+02,1.532342726008530690e+03
6.068358656598195466e+02,1.508516468206511490e+03
3.567000284737410425e+02,1.418923043308044271e+03
7.353893342718223494e+02,1.683784660630626149e+03
1.069327180156687291e+03,1.562400260913779221e+03
9.824308644584380090e+02,1.568832162190584540e+03
9.017726509045435250e+02,1.683151328995148560e+03
1.107869125378083254e+03,1.780393378426591198e+03
9.409667227638468603e+02,1.659397092912349081e+03
1.230786550612499468e+03,1.718608512380472348e+03
9.456140643331123101e+02,1.474706828587421114e+03
7.747383363287652855e+02,1.658318213012651995e+03
8.990503668106539408e+02,1.808673419546962577e+03
1.104897815314207492e+03,1.455123477675120512e+03
-1.562438184685893475e+03,1.347921576745651464e+02
-3.508302357109888021e+02,2.482087660570383889e+02
-4.731725962813712272e+02,3.335329557562962464e+02
-1.269612493220089618e+03,7.280963995877156094e+02
8.989381366171667196e+02,1.719032206793488058e+03
1.026571476264147805e+03,1.564444376284233840e+03
1.111643749099092702e+03,1.563652978358016526e+03
-6.812375177191751163e+02,6.326119848202670255e+02
-6.877742546862341442e+02,6.449201676746002931e+02
2.441438200383964841e+01,6.680658939475227953e+02
1.273263549095901908e+03,1.478614677030527218e+03
8.582462858382288005e+02,2.019603950132071304e+03
1.146019245314625095e+03,1.485131007674379362e+03
-1.222725613175237186e+03,-4.162632071777972556e+02
-1.187899754685463449e+03,4.648749876750988506e+02
-1.435090621355236635e+03,-2.142248974724584087e+01
-8.062612995617042770e+02,6.028089177831461711e+02
-1.352290412368861553e+03,-8.127754602303693332e+01
9.450115450127655095e+02,1.593200474677416196e+03
1.445273929271688985e+03,2.043229197581527615e+03
1.192595061819225066e+03,1.955071278509728018e+03
9.818623517820179813e+02,1.900131311578453960e+03
1.146019245314625095e+03,2.025266547674463027e+03
1.147855882130231976e+03,1.989506307937126167e+03
1.065966815227163579e+03,2.079322058084559558e+03
1.274136294163195771e+03,1.988774326787709015e+03
1.236913642282355795e+03,1.834402176252926893e+03
-1.351575709960041422e+03,6.389471435623011075e+02
-1.306777378319978880e+03,6.629784409139401760e+02
1.276881073849152017e+03,1.895757626958791889e+03
1.273207335453731730e+03,2.049208601102568082e+03
1.104545504684275784e+03,2.115772592325125515e+03
1.148639864289230445e+03,1.930270589828091488e+03
1.396081995313449852e+03,1.965251487675155659e+03
-1.434942164605793096e+03,1.879990600023997729e+02
-1.393895565164594018e+03,1.298886860390313984e+02
1.189610970047909859e+03,1.539396925629089765e+03
1.232341884857768946e+03,1.450454635671765118e+03
1.022896333223271768e+03,1.539343491065078069e+03
8.195577816048141813e+02,1.624114880427677008e+03
-8.122499346862599623e+02,6.449201676746002931e+02
1.237371706887346136e+03,1.894472361410852955e+03
1.062664995313437203e+03,1.725191247674767510e+03
5.625394953142080112e+02,1.095033117674538289e+03
5.625394953142080112e+02,1.095033117674538289e+03
-1.516283719891787996e+03,3.639741249459454480e+02
-1.016806901400045717e+03,3.621968029834178537e+00
-1.229021184685880826e+03,4.948825176751473691e+02
-1.019361643313788932e+03,7.284144320364138139e+02
-5.621871846858556410e+02,1.347921576745651464e+02
1.402282955990599476e+03,2.163854660247481206e+03
1.604671004683505089e+03,2.055757532325028478e+03
1.398682304179109678e+03,1.869455890275871297e+03
1.649605337445983423e+03,1.989561301838985628e+03
1.605023315313436797e+03,1.875228897675010103e+03
-8.526309331828385893e+02,-7.116974782384053242e+02
-7.688681629464447269e+02,-8.309637498854956448e+02
1.649436832016078142e+03,2.049747896043204491e+03
1.274930151210416625e+03,1.898809184406577060e+03
1.274473705972355901e+03,1.990584588859258247e+03
1.440131584882243260e+03,1.990334326679184869e+03
-8.939361726018072432e+02,-1.312077550157606311e+03
-9.347722151198250913e+02,-1.310835076468202033e+03
1.315405173437494341e+03,2.018545887128094591e+03
1.481548546534444995e+03,2.019505167980204760e+03
1.648919576395629292e+03,1.899351250362635938e+03
1.402487646020226293e+03,1.894115190061519797e+03
-1.139514950313760664e+03,4.553612923447236085e+02
-1.187899754685463449e+03,3.748523976749532949e+02
1.397751636223348669e+03,2.080495856608150461e+03
1.274178253111110962e+03,2.049858740969440987e+03
1.438314815314220141e+03,1.965251487675155659e+03
8.976760993223359719e+02,1.630313865481057746e+03
1.437962504684288433e+03,2.055757532325028478e+03
1.729498995313462501e+03,1.965251487675155659e+03
1.312727745313841524e+03,1.965251487675155659e+03
1.481331182229977685e+03,2.080853854720365234e+03
1.523073989901320829e+03,2.079367234766105412e+03
1.316180259574940237e+03,2.019015623553212436e+03
1.315307443988321211e+03,1.929603731447303744e+03
1.608563816732349551e+03,1.870192744806580777e+03
1.527188050008937807e+03,1.804704562284983012e+03
1.528373516689284088e+03,1.895830243257792517e+03
-3.954786846866389851e+02,2.248147476747107021e+02
-9.350864782442607748e+02,-1.011278274571550924e+03
-8.930032201342082772e+02,-9.517770656894583681e+02
-1.348097491700275214e+03,-2.968050158393513129e+02
-1.186176986217000604e+03,6.981200802769686788e+02
-1.104545504685855121e+03,7.049352276746973303e+02
1.397921646549866409e+03,2.049590239004616706e+03
1.441185861876595709e+03,2.110094015624853455e+03
1.480796045517810626e+03,1.990258117565871544e+03
1.397938703062985269e+03,1.958788462244078573e+03
1.568478136031581471e+03,1.925514413886720149e+03
1.026880451328389427e+03,1.474724267101276155e+03
1.065296226702587546e+03,1.450285293317245760e+03
1.148288753106942977e+03,1.449453204124719832e+03
1.231462280246999399e+03,1.659283557729926542e+03
1.146019245314625095e+03,1.755198777674816029e+03
-1.015933732465015993e+02,6.992307354312071084e+02
-1.454159346862346922e+02,5.548975776744547375e+02
1.074220770802853053e+02,1.028316014496034086e+03
1.076307001851015173e+02,1.000223842777338973e+03
1.312727745313841524e+03,1.575153597674524917e+03
1.232393689570135621e+03,1.540150487643322549e+03
1.400770804212223084e+03,2.075265161035869824e+03
1.562993879684490594e+03,2.055757532325028478e+03
1.315438689980797790e+03,1.960429238187761484e+03
1.438314815314220141e+03,1.815213837674913066e+03
1.399046952541656083e+03,1.898932885105286914e+03
9.404102749568447734e+02,1.659372303443509963e+03
8.959564953142206605e+02,1.575153597674524917e+03
1.607848279734818334e+03,2.079458587449629704e+03
1.647601231850344448e+03,1.899576487226607014e+03
1.362497997708831917e+03,1.924454440630310046e+03
1.648220275431109258e+03,1.958911126427952013e+03
1.566299909646150127e+03,1.958441120753259383e+03
1.607558116348892099e+03,1.868948743837587699e+03
1.357335186899184009e+03,2.079912440305694417e+03
1.354960565314611813e+03,2.025266547674463027e+03
1.356146786632285284e+03,2.049953102950265929e+03
1.605023315313436797e+03,1.935243957675107140e+03
1.564714683576159132e+03,2.018604743302319548e+03
1.312727745313841524e+03,1.935243957675107140e+03
1.319272364951596273e+03,2.105086886897312525e+03
1.438314815314220141e+03,1.965251487675155659e+03
1.271606315313424147e+03,1.905236427675058621e+03
1.356971745762729370e+03,1.929432557932551845e+03
1.190346488226352449e+03,1.959409502644683926e+03
9.404179429992498171e+02,1.658558271029794923e+03
9.015752827977341894e+02,1.684414136521316777e+03
8.139821896243975061e+02,1.599085827035703005e+03
1.521669065313828469e+03,1.875228897675010103e+03
1.312931129684086272e+03,2.055757532325028478e+03
9.839172905864240875e+02,1.863055730262187126e+03
1.315841599251531761e+03,1.809441424063496015e+03
1.231686273401196559e+03,1.959948189129105231e+03
1.487056394666108645e+03,1.954124576787437491e+03
1.316019993158646230e+03,1.930262562754665851e+03
1.568288976394749852e+03,1.865237585829528825e+03
-1.145666934686272498e+03,4.648749876750988506e+02
-1.266105858022411667e+03,5.133526422212254374e+02
1.562790495314245845e+03,1.965251487675155659e+03
1.479436245314637745e+03,2.025266547674463027e+03
1.564327648720391153e+03,1.930259254978991748e+03
8.986662817569347226e+02,1.899575258183747110e+03
-1.225880566048848550e+03,3.994905130123150343e+02
-1.271254004686651115e+03,3.748523976749532949e+02
1.398196135437191060e+03,2.048983515296834867e+03
1.479436245314637745e+03,2.025266547674463027e+03
1.443380398363230597e+03,2.044079104140150548e+03
8.146862034499048377e+02,1.868404779450755768e+03
1.107417651714539716e+03,1.929709555208854908e+03
1.440242156484894167e+03,1.988513304048019563e+03
1.312727745313841524e+03,1.965251487675155659e+03
1.605023315313436797e+03,1.995259017674414508e+03
1.736187824575198192e+03,2.073975450545890453e+03
1.235975084114358879e+03,1.952933047773925864e+03
1.565156691131397338e+03,1.900537571952788312e+03
1.648954771638437933e+03,1.989901367215330083e+03
1.315989574609054443e+03,1.838926943934642622e+03
1.064658180257956928e+03,1.780292206544579130e+03
1.107194638600491999e+03,1.899057137546248896e+03
1.486633095521412542e+03,1.774793092829128909e+03
1.566343696832444493e+03,1.928929073803677738e+03
-1.140735413895193233e+03,9.018240840677225378e+02
-1.309956664947281979e+03,6.693345400142126209e+02
-1.312375434685489154e+03,6.149126376745517746e+02
-1.388373513891223865e+03,-1.145729967436626566e+02
-1.437962504685867771e+03,-1.652831423251303704e+02
8.987614517368153884e+02,1.869758843747059245e+03
1.398502933496424703e+03,1.629337597814665969e+03
1.229576879684477944e+03,2.055757532325028478e+03
1.315272150962926844e+03,1.959337650369267067e+03
1.231466206854626989e+03,2.050477366119486305e+03
1.234259908096006711e+03,2.103978549622477203e+03
-1.101875060213372535e+03,-8.012249547109271930e+01
1.146019245314625095e+03,1.545146067674476399e+03
9.813096518047037762e+02,1.479020024488369927e+03
9.793107453138289884e+02,1.485131007674379362e+03
1.649382077032586722e+03,1.898419108792255656e+03
-1.430999004131031370e+03,6.038008855127770858e+02
9.845258444689050066e+02,1.533823472183928516e+03
8.143993839292795656e+02,1.479071873449441682e+03
1.354960565314611813e+03,1.905236427675058621e+03
1.524503277745326841e+03,1.930141405632735541e+03
