4.861699488588564009e+02,1.218776547932594440e+03
-1.048713641650710770e+03,-5.167906310933615259e+02
4.869398066951163173e+02,1.248647676120684991e+03
-1.470880090424166383e+03,1.397593246025424492e+02
-3.543572546862215518e+02,4.476956767441957652e+01
-3.121244346854513196e+02,1.476203767437105796e+01
-1.383077019525845571e+03,-5.731613266795342554e+00
-3.404146818355806090e+02,2.018984880006663616e+02
-1.479083934686285147e+03,-1.052680823250333333e+02
5.357438749251580248e+02,1.312904533295341480e+03
-1.522528884526812590e+03,2.371549673036735157e+02
-1.431533255556383665e+03,3.482080349136897439e+02
-1.521316754685476099e+03,7.477709767446809508e+01
-9.304097479507751132e+02,4.873852467425746227e+01
-1.388114072594387153e+03,-1.023490499244478258e+02
4.869983060999932150e+02,1.188075812384468009e+03
-1.215677530411995804e+03,1.420317410193090382e+02
-1.229021184685880826e+03,4.948825176751473691e+02
-1.437962504685867771e+03,2.548222776747592206e+02
-1.138904144495737683e+03,2.585515440891979893e+02
-9.835063422610866155e+02,3.844262141588403665e+02
-1.071597388827389921e+02,8.076111608501616956e+02
-1.431135461918592000e+03,4.394501393833310203e+02
4.870409562857564083e+02,1.249372254875495400e+03
-2.571477911791081397e+02,8.931213561553407771e+02
-1.437962504685867771e+03,3.748523976749532949e+02
-1.180582179791052113e+03,4.678424429339185622e+02
-1.673973806089292111e+03,6.222530245085110892e+02
-1.021191254686246793e+03,-1.095516572325054995e+03
5.214180653137905210e+02,1.245070767674780882e+03
-1.014129532226758442e+03,-1.121739283404146136e+03
-1.145666934686272498e+03,-9.454789223256021842e+02
-1.876487546854255584e+02,7.649502876747943674e+02
-7.288956846866516344e+02,-1.052680823250333333e+02
-1.138316746538727102e+03,4.693121710199160361e+02
-8.819015968565768162e+02,9.532871978046290451e+02
-1.215473721379587232e+03,9.222350036919133345e+02
-1.257059889246895409e+03,9.518697292427403909e+02
-9.726769034745456111e+02,7.696778653575122462e+02
-1.263290093215779279e+03,-1.302814376998552461e+02
-1.425342036276663976e+03,-5.977027230630604038e+00
-8.464888150309104731e+02,7.394914240635644092e+02
-1.381528893529084598e+03,3.809832997779691368e+02
-1.507062072151055190e+03,1.727636998017536314e+02
-1.424787994893855966e+03,-6.653390424883070864e+01
-1.298943516756439749e+03,2.620118936538011667e+02
-1.232292170922569767e+03,2.379164557619131415e+02
-1.554238922524717964e+03,4.098157306616963069e+02
-1.555982056565220319e+03,1.996935830292281366e+02
-6.377734422606160933e+02,-1.089897372033415479e+01
-9.789584346854766181e+02,6.749276976746488117e+02
-1.591178989343766034e+03,3.227539302789794533e+02
-1.431129234563098407e+03,2.586981754921072820e+02
-5.914857028770638863e+02,1.727684308429863052e+02
-1.514179357560713697e+03,2.585578985461013986e+02
6.599000620054682713e+02,1.822936578639301615e+03
-8.825807917222687138e+02,8.639726214521557495e+02
-9.789584346854766181e+02,6.449201676746002931e+02
-9.310182776513660201e+02,7.379608155646716341e+02
1.146019245314625095e+03,1.545146067674476399e+03
6.881265653145866281e+02,1.725191247674767510e+03
7.017322829817630918e+02,1.613432197694256956e+03
7.435230346385312714e+02,1.763059945677734959e+03
7.027057549786079562e+02,1.671390080443891975e+03
7.413019183300601753e+02,1.552930048247826107e+03
-9.299084984498053927e+02,8.592301331143705738e+02
7.292479953134246671e+02,1.785206307674864547e+03
7.787522575448197131e+02,1.669159968008014403e+03
9.793107453138289884e+02,1.575153597674524917e+03
6.047723153133988490e+02,1.575153597674524917e+03
-9.789584346854766181e+02,-6.454036223251169986e+02
6.186719126843962613e+02,1.823309913647338590e+03
5.767907589517135420e+02,1.581479281393442307e+03
7.292479953134246671e+02,1.755198777674816029e+03
8.967527621813027281e+02,1.587780046807161398e+03
6.881265653145866281e+02,1.605161127674573436e+03
7.790279265781833828e+02,1.580064369716979854e+03
-1.354608254686259443e+03,-2.252982023252274075e+02
-1.479083934686285147e+03,2.248147476747107021e+02
9.460775881525681825e+02,1.608181821062784593e+03
9.451989818585357170e+02,1.608241891138351548e+03
7.714808153141948424e+02,1.635168657674621954e+03
6.458937453138163391e+02,1.545146067674476399e+03
6.179140002279672217e+02,1.643313631115343924e+03
1.070753217659968868e+03,1.548392966322037864e+03
8.258735396931826926e+02,1.643454177551780049e+03
-1.521316754685476099e+03,1.347921576745651464e+02
-1.395729684686676819e+03,4.476956767441957652e+01
-1.481054111029205615e+03,1.183397450504388360e+02
7.292479953134246671e+02,1.575153597674524917e+03
1.069872068604906872e+03,1.580043299641088652e+03
6.111909183875402505e+02,1.609143645243711262e+03
6.959523331216894348e+02,1.579056352040859565e+03
-6.384681463822581691e+02,3.195873561680493822e+02
-1.358382380859868135e+03,1.756257929210515272e+02
-1.304485101061594605e+03,2.283668478279330998e+02
9.381893153134114982e+02,1.635168657674621954e+03
1.319273549848410767e+03,1.699047486957044384e+03
1.195804709356640160e+03,1.579143411158037225e+03
6.458937453138163391e+02,1.665176187674670473e+03
1.070806653497750858e+03,1.638965673031314964e+03
9.381893153134114982e+02,1.605161127674573436e+03
9.452171122648918526e+02,1.579419036645520237e+03
8.270297425230027102e+02,1.582136029280389494e+03
9.858540539381025383e+02,1.608417351183311894e+03
1.068916766486287770e+03,1.580101578205183159e+03
1.033783482868069996e+03,1.643563744550971023e+03
-1.271406884453969042e+03,2.670547164397933670e+02
-1.479083934686285147e+03,4.048599276750018134e+02
8.959564953142206605e+02,1.725191247674767510e+03
9.463552057146440575e+02,1.609709933303128309e+03
-1.215065722625708986e+03,5.015647730116785965e+02
-1.104545504685855121e+03,3.748523976749532949e+02
7.370268375447142262e+02,1.728800024893472482e+03
-1.107439831492165467e+03,7.146001582751530350e+02
-9.405019356692554311e+02,8.662356861132700487e+02
-8.830358742963780969e+02,-6.971089666263737854e+02
8.622048489576196744e+02,1.638424579259568418e+03
-7.288956846866516344e+02,1.095033117674538289e+03
-1.107120451523403062e+03,8.389184945082294007e+02
-1.024834334414168097e+03,9.838378054508750665e+02
-1.442763481536334439e+03,3.519430150912981503e+02
9.030092508679947514e+02,1.639201452517020471e+03
9.381893153134114982e+02,1.785206307674864547e+03
-1.521316754685476099e+03,1.948072176746621835e+02
-1.688025254686272092e+03,3.448448676749047763e+02
-9.378370046866384655e+02,9.449954676750854787e+02
-1.395729684686676819e+03,5.548975776744547375e+02
4.791852453145997401e+02,1.215063237674732363e+03
4.791852453145997401e+02,1.185055707674683845e+03
-6.877742546862341442e+02,6.749276976746488117e+02
-7.585206655817875117e+02,7.139602322946644790e+02
1.069366576487605244e+03,1.580152842792428601e+03
8.187979171750448586e+02,1.639650906756634413e+03
-7.298783645378719598e+00,8.621777514070627149e+02
9.517104618578526924e+02,1.613644188498011090e+03
1.104897815314207492e+03,1.695183717674718991e+03
1.235705653675358008e+03,1.548790205830344348e+03
4.921283807301886100e+02,1.551905023722986243e+03
1.146019245314625095e+03,1.545146067674476399e+03
5.702041853979491179e+02,1.579095971394473736e+03
6.124930035028760358e+02,1.699136443757947973e+03
1.146019245314625095e+03,1.695183717674718991e+03
-1.132076452577936834e+03,8.932062296069791500e+02
-1.096433024803360922e+03,8.289010167617111620e+02
-1.062312684686664397e+03,9.449954676750854787e+02
6.881265653145866281e+02,1.605161127674573436e+03
9.041519041699616537e+02,1.608837052932703273e+03
5.703285941019966003e+02,1.640203150721088150e+03
3.689359457683482333e+02,1.523006701402088765e+03
8.104691583934225037e+02,1.767109179623530963e+03
9.086594236381301926e+02,1.642935585321625240e+03
8.621001139165269933e+02,1.788591268502023013e+03
1.035114710327476132e+03,1.853168381377796095e+03
1.188252065313815820e+03,1.755198777674816029e+03
8.548350653138031703e+02,1.665176187674670473e+03
8.204557841547282351e+02,1.848347597623124329e+03
1.070685010808018433e+03,1.579419530000456234e+03
-1.591524911109207551e+03,2.029137281973641223e+02
-4.311479242667945186e+02,3.479966089373527893e+02
-5.474810139449583630e+02,4.422392269337946686e+02
-1.305412270093246434e+03,8.285070895137290563e+02
8.126022453146123325e+02,1.815213837674913066e+03
9.874411524375303770e+02,1.669637469817476131e+03
1.027846343014239437e+03,1.698907824829786705e+03
-7.631923709698255607e+02,7.091283370989576724e+02
-4.779184796303157157e+01,7.123824605808883916e+02
8.100610740718848319e+02,2.125661837031942468e+03
1.076899239580107633e+03,1.581776937238920027e+03
-1.271254004686651115e+03,-3.453283223254214818e+02
-1.472892848687300329e+03,7.924142737268985570e+01
-8.479904445552393781e+02,6.487416686052739578e+02
1.368325134938039582e+03,2.032609390612809648e+03
1.104545504684275784e+03,2.085765062325076997e+03
9.463490116493260302e+02,1.968593956252989756e+03
1.104897815314207492e+03,1.995259017674414508e+03
9.927111996916509042e+02,2.154202131544328950e+03
1.194711762173519901e+03,2.059235525812145170e+03
1.189027488385174365e+03,2.010438069975481312e+03
1.062868379683681951e+03,2.145780122324384138e+03
1.028667600301808534e+03,2.028526753893571822e+03
1.319724036333006779e+03,1.999408182392897970e+03
1.104897815314207492e+03,1.665176187674670473e+03
1.188252065313815820e+03,1.545146067674476399e+03
1.021543565314599164e+03,1.575153597674524917e+03
7.426314315839156279e+02,1.643274721444369334e+03
-8.469640964466317428e+02,7.398900132209395224e+02
1.069672308814258940e+03,1.759335468341222622e+03
4.930011466610948219e+02,1.282951988254701973e+03
-1.598455611146960109e+03,4.389649287810864848e+02
-1.097838717857233405e+03,1.084854908513771363e+02
-1.021191254686246793e+03,7.949578176748428859e+02
-6.044200046866258162e+02,2.248147476747107021e+02
1.396285379683694600e+03,2.265810242324578212e+03
1.618442593519745742e+03,2.093425613919442185e+03
1.361804818188149738e+03,1.910029629590669629e+03
1.568963273052872410e+03,2.029246856819982895e+03
-8.956041846858682902e+02,-6.153960923250684800e+02
1.236973479158490591e+03,2.090391825505561428e+03
1.404052810897906056e+03,2.089162101759101915e+03
-9.315415524713180275e+02,-1.182167747417801365e+03
-9.722389853673491871e+02,-1.271071770889357367e+03
1.242666215224788402e+03,2.092510113486771843e+03
1.402338974768842718e+03,2.089480660908979644e+03
1.611181926831527107e+03,2.028919673018445565e+03
1.354960565314611813e+03,1.935243957675107140e+03
-1.221178209012076877e+03,5.293223462276990858e+02
1.312931129684086272e+03,2.205795182324481175e+03
1.229576879684477944e+03,2.115772592325125515e+03
1.396081995313449852e+03,2.025266547674463027e+03
1.354608254684680105e+03,2.145780122324384138e+03
1.695564720170798637e+03,2.089100882119034395e+03
1.268407177928845840e+03,2.038658351184493540e+03
1.360761782550697717e+03,2.179433019126735871e+03
1.479639629683302928e+03,2.145780122324384138e+03
1.229159201642295557e+03,2.010105076399463314e+03
1.445126263914908350e+03,1.879341630755020788e+03
-4.377115046858298797e+02,2.548222776747592206e+02
-1.055450737901650427e+03,-9.425180051179454495e+02
-9.362513777589016399e+02,-8.127040902107942202e+02
-1.346914925725365265e+03,-2.506602962118663811e+02
1.312931129684086272e+03,2.205795182324481175e+03
1.396285379683694600e+03,2.085765062325076997e+03
1.492383180696833506e+03,2.003872374593439872e+03
1.070138332753058648e+03,1.519108202633801511e+03
1.146019245314625095e+03,1.725191247674767510e+03
1.104897815314207492e+03,1.785206307674864547e+03
-2.287701846858429917e+02,5.849051076745032560e+02
1.039790547898425217e+02,1.105883161100738334e+03
6.180265493835997859e+01,1.076243719632823286e+03
1.271606315313424147e+03,1.605161127674573436e+03
1.362268226641780302e+03,2.120343186996597524e+03
1.444862518001591297e+03,2.149153891939173263e+03
1.354960565314611813e+03,1.845221367674961584e+03
1.369295286300686485e+03,2.002752211647894228e+03
8.126022453146123325e+02,1.605161127674573436e+03
1.562790495314245845e+03,1.995259017674414508e+03
1.271606315313424147e+03,2.025266547674463027e+03
1.569853803709923568e+03,2.058987555421693287e+03
1.521669065313828469e+03,1.995259017674414508e+03
1.312931129684086272e+03,2.175787652324432656e+03
1.312931129684086272e+03,2.175787652324432656e+03
1.562993879684490594e+03,2.055757532325028478e+03
1.486449934954883474e+03,2.060407391184658991e+03
1.271606315313424147e+03,1.965251487675155659e+03
1.284219444496121014e+03,2.243356692448757258e+03
1.354960565314611813e+03,2.025266547674463027e+03
1.237517575209561528e+03,1.969630387743007987e+03
8.959564953142206605e+02,1.665176187674670473e+03
8.675745758179664335e+02,1.733515890502399998e+03
7.353729098345493185e+02,1.698356179024779067e+03
1.311328234546269641e+03,2.157684085856345064e+03
8.624288655877237488e+02,1.910169476063182174e+03
1.194384688716958408e+03,2.029293813944704880e+03
1.229373495314233423e+03,1.965251487675155659e+03
1.438314815314220141e+03,1.995259017674414508e+03
-1.221654582626051933e+03,4.996449371780323645e+02
-1.354608254686259443e+03,5.849051076745032560e+02
1.521316754683896761e+03,2.085765062325076997e+03
1.409327720166519612e+03,2.062934486024621947e+03
1.487503578442471508e+03,2.028340670242578881e+03
8.253398056080234255e+02,2.032854423334011244e+03
-1.271254004686651115e+03,4.048599276750018134e+02
1.312931129684086272e+03,2.085765062325076997e+03
1.070578691155836395e+03,2.029999439154954416e+03
1.321154120168830559e+03,2.060606825431884317e+03
1.320254850867565210e+03,1.999255697825986090e+03
1.533709678697825439e+03,2.063421029686126076e+03
1.646348129684098922e+03,2.145780122324384138e+03
1.194615030906836409e+03,2.028121481577900113e+03
1.521669065313828469e+03,2.025266547674463027e+03
1.575572646695305593e+03,2.034289523064128844e+03
1.243005157091667115e+03,1.973187177760652503e+03
1.028968502207890197e+03,1.789208251708688749e+03
1.035710801979540975e+03,2.003308368558336724e+03
1.445653229253579639e+03,1.790242361915739821e+03
1.445548611942644584e+03,2.028939814873651130e+03
-1.181323306026327828e+03,9.792340785593140708e+02
-1.341112006503393104e+03,7.118158981096926254e+02
-1.437962504685867771e+03,-7.526055232498481473e+01
-1.429822770412467662e+03,-7.214039224126204886e+01
1.368168071398936490e+03,1.702407687656299004e+03
1.111039422963079460e+03,2.119134259797914183e+03
1.283884587814537326e+03,2.064243875635104814e+03
1.153866281669640102e+03,2.149309098383042056e+03
1.187899754683884112e+03,2.145780122324384138e+03
-1.187899754685463449e+03,-1.524549232488777051e+01
1.104897815314207492e+03,1.635168657674621954e+03
8.622543730908054158e+02,1.579421875355546263e+03
8.548350653138031703e+02,1.635168657674621954e+03
1.562790495314245845e+03,2.025266547674463027e+03
-1.515212653114780096e+03,6.187516683298654243e+02
7.789994547631279147e+02,1.579630920229102003e+03
1.445183815612707122e+03,2.028148913247913924e+03
-4.396420846566971363e+02,4.441391939373181685e+02
9.021223532038982285e+02,1.548050673619263762e+03
1.521316754683896761e+03,2.085765062325076997e+03
1.521669065313828469e+03,1.995259017674414508e+03
1.521669065313828469e+03,1.995259017674414508e+03
1.278431618698249622e+03,1.998387924525893368e+03
1.229373495314233423e+03,1.935243957675107140e+03
1.195287329194166887e+03,1.548612682949031068e+03
1.194888015317663303e+03,1.578031600393430608e+03
1.160382960309383407e+03,1.642882606752311176e+03
9.936084501944210388e+02,1.642519685535967028e+03
9.442410574807856847e+02,1.639738588942452679e+03
9.856565526326861573e+02,1.712816388409991760e+03
8.624572184138556850e+02,1.638404197952953837e+03
9.100502011661269535e+02,1.582963899003979577e+03
-1.181269372194180733e+03,5.582486093389194366e+02
1.438314815314220141e+03,1.875228897675010103e+03
1.027613345034989379e+03,2.119056906114100002e+03
9.793107453138289884e+02,1.695183717674718991e+03
5.283104585513058282e+02,1.248733446909808890e+03
7.362540125047946731e+02,1.608049922520167001e+03
-1.454159346862346922e+02,7.349427576747458488e+02
1.184788180579907703e+03,2.036116059947210942e+03
1.019631599556881156e+03,1.646476602889088554e+03
5.206281981015242764e+02,1.198994446364347141e+03
4.870311329421857636e+02,1.248034124899258359e+03
1.487278549972977316e+03,2.029388357948306066e+03
1.485747889081305857e+03,2.089730202939071205e+03
1.451132775195619161e+03,2.063612673571110008e+03
1.437962504684288433e+03,2.085765062325076997e+03
1.444653340137906753e+03,2.090560688823805322e+03
1.194870714147498575e+03,1.548526700857791411e+03
1.227705210149021241e+03,1.587050995793350921e+03
5.150084327179214370e+02,1.222000581203858701e+03
4.868158219235591559e+02,1.158164913913244618e+03
1.268710644936289555e+03,1.889588410645086697e+03
7.434602910869029984e+02,1.672410215150830027e+03
1.569002282380367433e+03,1.969362668522160448e+03
-1.382378977782192351e+03,7.435803662031097474e+02
1.229373495314233423e+03,2.025266547674463027e+03
6.179974990115753144e+02,1.643710703307272524e+03
9.025789090364766025e+02,1.788750082370260543e+03
1.160355793076572809e+03,2.092763079443315291e+03
1.312727745313841524e+03,1.905236427675058621e+03
9.793107453138289884e+02,1.545146067674476399e+03
1.437962504684288433e+03,2.085765062325076997e+03
1.492581079448534638e+03,1.972050935032546249e+03
1.104897815314207492e+03,1.635168657674621954e+03
1.104897815314207492e+03,1.665176187674670473e+03
1.196239622531943041e+03,2.029714768355797105e+03
8.548350653138031703e+02,1.575153597674524917e+03
1.070128780195799663e+03,1.549116882892488320e+03
1.362536838739154064e+03,2.060536689528928036e+03
1.035063284269928772e+03,1.597481859569815015e+03
