-1.354608254686259443e+03,-3.753358523254700003e+02
-8.679611526218939161e+02,-6.206297280470155329e+02
-1.568003033910257273e+03,4.409873150461017133e+01
-1.145666934686272498e+03,2.548222776747592206e+02
-1.200700379746423550e+03,-4.695920463272840379e+02
-1.526907050670118906e+03,-1.575632397517331640e+01
-1.437962504685867771e+03,2.848298076748077392e+02
-1.369270363984652477e+03,-3.828489218982958278e+02
-6.837163745673544213e+01,-2.915811876128424046e+03
-5.329375363206319207e+02,-2.749218784396509363e+03
-1.496683362754623204e+03,3.783748669328539336e+02
-4.896263945778591733e+02,-2.779786881544530843e+03
-5.680912403706598752e+02,-2.747159010352842415e+03
-1.145666934686272498e+03,3.148373376748562578e+02
-4.067881659115079742e+02,-2.809728915295179831e+03
-1.484250235234367210e+03,4.426952263957472411e+01
-1.401739078546277824e+03,1.348490790125144940e+02
-9.073378608861902421e+02,5.818047881918514577e+02
-7.413957759476692218e+02,6.100404224726974007e+02
-1.876487546854255584e+02,-2.835953312325500065e+03
-8.708441879591503039e+02,-3.450164685083382210e+02
-1.574594144817965571e+03,4.002213300298184606e+01
1.456019145932712888e+01,9.432585322469367384e+02
-9.378370046866384655e+02,3.748523976749532949e+02
-1.693297134209350133e+03,1.936691202385543988e+02
-4.951941576417848410e+02,8.555240846467946767e+02
1.506584660814807819e+01,-2.955934493486323390e+03
7.667604520735246751e+02,1.033649195885660674e+03
-1.447767274208609024e+03,3.920962099539284651e+01
-7.393061764322008003e+02,-2.567757359355676726e+03
-6.160825031940252074e+02,-2.720649086042075851e+03
1.350018732761378715e+02,-8.506493582849393533e+02
-1.116348806564838014e+03,1.954992006561284938e+02
-1.271254004686651115e+03,1.047846276745166136e+02
-5.262148024145003546e+02,-2.747521002086576118e+03
-1.193744460541814078e+03,9.148891244567622607e+02
-9.964985976606872100e+02,1.949954406948231451e+02
-5.682489627387296878e+02,3.434470545436061002e+02
-8.544827546854508000e+02,3.748523976749532949e+02
-9.938541700668243948e+02,4.679940933772469975e+02
-1.496603681629838775e+03,-7.153954008541705889e+01
-1.152159693199359026e+03,1.632333672197330543e+02
-1.659244334672018567e+03,1.895391372755917416e+02
-1.109730824000582061e+03,5.530034831870791550e+02
-4.018416602186990190e+02,7.339144491439035392e+02
-1.037323559694311371e+03,4.402719664828408099e+02
5.162057545259973494e+02,1.093380072048994862e+03
-1.074945783978817644e+03,3.432895960370555031e+02
-1.153250596132272221e+03,3.133514838755533560e+02
-1.193641705710220776e+03,4.406081189021406175e+01
6.881265653145866281e+02,-2.595893072325111916e+03
-3.954786846866389851e+02,-2.805945782325451546e+03
-7.392048534682600121e+02,-2.570363117496762698e+03
-1.312375434685489154e+03,3.148373376748562578e+02
-1.276388745614547361e+03,-3.769077282169744763e+02
-1.622829476647646288e+03,1.380658190188147785e+02
-1.562438184685893475e+03,4.476956767441957652e+01
-1.442980334805494522e+03,-1.067291894093186784e+02
-1.693541926437541633e+03,1.928566398406803444e+02
2.113260343846031333e+02,-8.826827754704488598e+02
-1.479083934686285147e+03,-7.526055232498481473e+01
-1.324040556922422411e+03,-4.080069664348273477e+02
-8.236253501992526935e+02,1.671391247229954047e+02
-4.434891770275612544e+02,5.236382621150164596e+02
-1.109956595225726232e+03,-5.270819479188676269e+02
-1.823396433166908082e+03,2.806698641943515327e+02
-9.071864873516407215e+02,2.172236587037963318e+01
-1.037893352368344495e+03,-1.349422441564104247e+01
-6.510654265164143908e+02,1.930809324540466037e+02
-1.114027617897773780e+03,-1.277674899111346463e+02
-1.317659003029143378e+03,-7.639261524160176009e+01
-1.104545504685855121e+03,1.476203767437105796e+01
-1.573166070252236295e+03,4.120573251243747137e+01
5.930205203483320702e+02,1.061657790729873795e+03
-1.152852509171993233e+03,-9.742688797175136983e+01
-9.021316435745707167e+02,4.641085101854531558e+02
-1.110890914790596526e+03,-7.689174724308081466e+01
-1.076205025739138136e+03,1.648750142745038545e+02
-3.137360433521783420e+01,-2.990950195046269528e+03
-9.018807402143145282e+02,8.847596303931223929e+02
-9.845481534224566076e+02,7.377865685516046312e+01
-1.246755778296073004e+03,4.034830289882610828e+02
5.941323551732161832e+02,1.061538839724876652e+03
-9.013162839453029846e+02,3.133057982103150039e+02
-7.288956846866516344e+02,5.548975776744547375e+02
-6.877742546862341442e+02,2.548222776747592206e+02
-9.128255764501932390e+02,8.856965457522394445e+02
-4.072224003560745587e+02,-2.810374151730683934e+03
-1.317086134993916403e+03,-4.053426568925101492e+02
-8.599888102964177961e+02,2.544586147269930620e+02
-8.122499346862599623e+02,6.749276976746488117e+02
-9.851896468532792142e+02,2.231760949241840422e+02
-1.359493903060659704e+03,2.844233576563980250e+02
-7.395383926798567700e+02,8.312419543247153797e+02
-1.658199029725842365e+03,1.906783869437733188e+02
-3.175942969437717238e+02,-2.806488975687307175e+03
-9.036233092599854899e+02,3.512592198891393878e+02
-1.365396665893275667e+03,1.337124217429124258e+02
-1.277833923931077379e+03,-4.363849622840022562e+02
-5.803507918846264602e+02,7.914149239490259333e+02
-7.847663272210457990e+02,9.409885686486569512e+02
-6.502334635029401397e+02,9.446683037287260731e+02
5.921498977374134256e+02,1.062346931949951568e+03
-1.281326966212169737e+03,2.076447826375904526e+01
-9.042600995477469041e+02,1.721431066247580759e+02
-6.093034475734758644e+02,1.937978914062504998e+02
-1.479083934686285147e+03,-1.952906723251788890e+02
-9.012213009624564393e+02,-2.852870629572214511e+02
-7.773907582839312909e+02,-2.266146170116531664e+02
-1.234646787357556832e+03,1.331862902601197902e+02
-1.229021184685880826e+03,-1.524549232488777051e+01
-1.104545504685855121e+03,-4.525302232493628907e+01
-8.293363017167914677e+02,3.480023419223689416e+02
5.625394953142080112e+02,-2.685915662325257472e+03
-8.662584507535402736e+02,4.405415755844866226e+02
-7.394284588625110928e+02,9.330322735215489161e+00
-9.446662578596544790e+02,4.278964289319240777e+01
-1.193354473415426128e+03,3.433328765984617235e+02
-6.507843325711431817e+02,7.647602903939407497e+02
-9.122530238661495332e+02,2.244423316732553531e+02
-1.621939718135351768e+03,1.654871460319402274e+02
-1.157401089843111095e+03,-5.306648879703061539e+02
-8.183488763176617340e+02,3.448755741407655933e+02
-1.193574826515259701e+03,1.648461951758576447e+02
-1.187899754685463449e+03,4.476956767441957652e+01
-7.851683156546962437e+02,1.926738552827191313e+02
-1.446840820560369366e+03,-2.431185825151865743e+02
-5.321009328860217238e+02,-2.749483142487851183e+03
-6.044200046866258162e+02,-2.715923192325305990e+03
-1.660170266797866361e+03,2.262274361453460756e+02
-7.500452668812380352e+01,-2.955800699674062798e+03
-1.201427167998830555e+03,8.253970909536203635e+02
-1.361280690251777969e+03,-3.763854842466220703e+02
-9.848527235116630436e+02,-7.533572694190976904e+01
-6.455414346854639689e+02,2.548222776747592206e+02
-7.811107517972217238e+02,1.659685261286825266e+02
-1.113828076489603063e+03,5.076167804975501952e+01
-1.484618806019183694e+03,-1.059440146958807247e+02
-5.689132522829211212e+02,6.749214650606088526e+02
-8.260222497625723008e+02,1.637769724436660113e+01
-5.268543855044441671e+02,8.539352893236846285e+02
-1.447323388072248235e+03,2.888744616755142829e+02
-1.395729684686676819e+03,2.548222776747592206e+02
-1.317400801801609077e+03,-3.753156622296759224e+02
-9.789584346854766181e+02,-1.352756123250818518e+02
-1.187899754685463449e+03,-1.052680823250333333e+02
-1.824685871084296878e+03,2.808628826391782809e+02
-1.028058111298330005e+03,9.149881861360199764e+02
-9.883377899575817764e+02,8.834134627545054173e+02
-1.234345882294294142e+03,-1.549655907992072201e+01
-1.025882108558582786e+03,1.349058151712962399e+02
-1.078611485650799295e+03,-2.233381054239536070e+02
5.924191350292735478e+02,1.061468100346280380e+03
-1.442874540278270615e+03,4.647309202221835562e+02
-1.234519372222784114e+03,1.330840302435993578e+02
-1.234008103975748099e+03,-1.362415545913719654e+02
-1.407626961261142242e+03,4.126880533253539056e+02
-1.242024186872112750e+03,1.963268239885132402e+02
-1.152120422490761257e+03,8.286723411661786258e+02
-8.272829501057613015e+02,2.548019990302255451e+02
-7.340587426582424087e+02,3.442767042681460339e+02
-8.656094208995396002e+02,3.121774832102518076e+02
-9.954389729118873902e+02,-6.999911071784229932e+01
-1.319088924999030496e+03,-4.617411520226669097e+01
-6.505482887887992547e+02,6.443358480661811427e+02
-4.485533926981706827e+02,6.105150199860019029e+02
-6.517257644971920172e+02,6.430687791314257993e+02
-1.026273210531536279e+03,1.332871247359847189e+02
-4.841124982003115633e+02,8.842783296160116606e+02
-8.956041846858682902e+02,3.148373376748562578e+02
-1.492930203884268167e+03,2.584688244114646523e+02
-3.675530187864540039e+02,-2.809004491486251936e+03
-1.062312684686664397e+03,-2.853132623253244446e+02
-8.596044972433754765e+02,1.642813184292498363e+02
-6.930960372942408867e+02,1.637682298667952523e+02
-6.147321768081123992e+02,1.686405438375583117e+02
-8.176007540994153260e+02,9.450848909506640894e+02
-1.444841659790864696e+03,2.847389656601743582e+02
-1.651504265426614893e+03,4.642744290841761199e+02
-9.789584346854766181e+02,3.748523976749532949e+02
-8.592625489426128524e+02,2.243060965151252901e+02
-1.027335475212731353e+03,7.489358579874723887e+01
-6.182099775050285189e+02,4.945922468668882175e+02
-1.028056341288539215e+03,1.644205772752026462e+02
-9.789584346854766181e+02,3.448448676749047763e+02
-1.151637373868091572e+03,-1.660489462383468720e+02
-7.341948986799491195e+02,2.842947945349254724e+02
-8.605211480057560038e+02,1.154710931059165887e+03
-8.190990072184731616e+02,8.249859291805790917e+02
-8.122499346862599623e+02,8.549728776749399231e+02
-1.110905162819867201e+03,1.389426037449801044e+01
-6.930480242030362206e+02,8.538863407474351561e+02
-8.175940860905334375e+02,4.034438718070902610e+02
-1.491333410261670451e+03,-1.991081816598892829e+02
-1.490954640673550330e+03,-1.972170513382355921e+02
-9.944785190241076407e+02,4.062466665367677479e+02
-1.067481851067468369e+03,4.336658964307244446e+02
-6.943508719457835241e+02,6.434244016055152997e+02
-7.060442463265208062e+02,5.284780956293001282e+02
-8.956041846858682902e+02,-1.952906723251788890e+02
-8.187904337305953959e+02,3.735450275847426838e+02
-9.012198453772516586e+02,1.931264295191798794e+02
-8.606097582369486645e+02,1.947205662807960493e+02
-1.068069180395671765e+03,2.843830092845824993e+02
-8.605234638256470134e+02,6.431760336937581997e+02
-6.169387372203133282e+02,-2.720199256201374283e+03
-1.531938765244118940e+03,1.202443147871387197e+01
-1.074704998990350077e+03,1.636675030746505399e+02
-9.124480094558426799e+02,1.637301400299618592e+02
-9.137264448486230322e+02,1.086466891082962718e+02
-1.651800154778002025e+03,2.845030955812215439e+02
-1.025987612775197476e+03,4.935413049185780778e+02
-9.839213495555871987e+02,3.743467306491933755e+02
-8.544827546854508000e+02,4.348674576750503320e+02
-9.435402862854684827e+02,8.531777924527217465e+02
-8.202814347338605785e+02,8.339048797235110442e+02
-4.850079113927425851e+02,7.341335898127979362e+02
-1.145666934686272498e+03,4.048599276750018134e+02
-7.761288423376181527e+02,6.431883357205352922e+02
-9.378370046866384655e+02,9.449954676750854787e+02
-4.012890572026929021e+02,-2.806820330011209080e+03
-5.670389176618605234e+02,8.848352876394125133e+02
-1.187899754685463449e+03,1.647996876746136650e+02
-1.069079192120610514e+03,1.933861636078323443e+02
-6.938029133499039744e+02,8.231827990458361910e+02
-9.441440267604608607e+02,2.537318500484147421e+02
-9.842622015138025517e+02,9.743182431811432025e+02
-8.595421935996681668e+02,1.633621073147034792e+02
-9.956568741866642540e+02,1.691714585048203219e+02
-9.883237748410859922e+02,7.541179830563208952e+01
-9.523224658536983043e+02,1.701597273995057265e+02
-6.513343970983432882e+02,9.731243385160810249e+02
-6.877742546862341442e+02,9.750029976751339973e+02
-5.262198449647833058e+02,5.842296957615453721e+02
-4.938904187621985216e+02,5.257458258512995144e+02
-1.116355459048412740e+03,-5.294955474897144541e+02
-6.929734215373225652e+02,8.543179579884667874e+02
-6.105971330459185538e+02,8.549442968044725149e+02
-1.152492819974773738e+03,1.374155615291819288e+01
-1.040361108764026312e+03,2.872842979608308838e+02
-3.167873053239912906e+02,7.931395717014356705e+02
-1.145666934686272498e+03,7.477709767446809508e+01
-1.827689651208381974e+03,2.779022964427583133e+02
-1.204725111799293245e+03,-1.680848467636557757e+02
-1.194191959849908699e+03,-7.717499739134375147e+01
-8.666654522630807378e+02,9.204235383790485230e+02
-9.433625666852465201e+02,9.433346180509321357e+02
-8.675530747379098102e+02,9.891023719864790564e+00
-1.406861381790484756e+03,-3.197141393643823335e+02
-8.670472046638749362e+02,6.180617907909014548e+02
-7.773774156501439165e+02,3.739908469092960672e+02
-8.605206692371856434e+02,3.737711740034947070e+02
-5.680424798725302935e+02,7.033736786615944538e+02
-8.956041846858682902e+02,8.249653476748914045e+02
-9.475846222779754271e+02,3.510087307410782387e+02
-4.552577334080361879e+02,5.894856147918584384e+02
-8.703983522437893043e+02,8.881665453976621620e+02
-8.122499346862599623e+02,8.549728776749399231e+02
-7.766632612609769239e+02,9.735957594741445291e+02
1.319333516892322109e+02,-9.140916422210938208e+02
-8.171515541873922075e+02,3.732968084498091912e+02
-1.109961168630602288e+03,9.744033634962215729e+02
-1.494607244550419182e+03,-4.335910731200715418e+01
-1.026979437664105262e+03,4.282569482339941658e+01
-1.121677629839639394e+03,-1.678393154787224262e+01
-1.283111048515724178e+03,1.326644314145176224e+02
-1.104545504685855121e+03,-1.352756123250818518e+02
-1.031970978160369214e+03,-2.160687115894086787e+02
-1.531863163372477402e+03,1.993041638471639772e+02
-4.910984379175399113e+02,8.505487167295740392e+02
-5.336348470197390270e+02,8.819308411614834995e+02
-9.535315663885670574e+02,-1.648227172961836828e+01
-9.058348512489179711e+02,1.902581803139191550e+02
-9.886510807697752625e+02,1.048868083808818312e+02
-1.033245785198834483e+03,4.359190183945076456e+02
-1.027246159906740786e+03,3.137505730639044828e+02
-1.036669289205744690e+03,8.820103846172252133e+02
-1.072459979096070583e+03,8.103630651580246536e+01
-1.068018602651648962e+03,1.336366838890062638e+02
-7.357509008719468966e+02,6.735296720077384407e+02
-6.144408969472796116e+02,-2.719041752579821605e+03
-1.229021184685880826e+03,-1.524549232488777051e+01
-5.347264213913904314e+02,8.848367316493399812e+02
-5.797534153230764105e+02,9.194932388484612602e+02
-8.624886516567773924e+02,9.438336607147710993e+02
-8.281463569929652522e+02,9.418139272122459715e+02
-3.670730746345341799e+02,7.878745217436176063e+02
-8.701920434789849423e+02,1.985994973198953346e+02
-8.122499346862599623e+02,1.948072176746621835e+02
-4.836813026506298456e+02,5.830768574237316670e+02
-1.734703484688400067e+03,2.240426224005024949e+02
-1.823579845794617086e+03,2.820098520547235807e+02
-8.956041846858682902e+02,4.048599276750018134e+02
-1.037229714192127631e+03,1.995780443082816475e+02
-1.037429136914616038e+03,1.969370279955631133e+02
-1.026375968651399262e+03,2.550010572665141808e+02
-7.288956846866516344e+02,1.545146067674476399e+03
-4.377115046858298797e+02,1.515138537674427880e+03
-1.943198432655000545e+02,1.395122619248405499e+03
-6.877742546862341442e+02,1.395108417675023475e+03
-6.773251644131340754e+01,1.363487555846032137e+03
-2.347099484871617960e+02,1.393190615264143389e+03
-4.489222014782072847e+02,1.341278937479202796e+03
-5.362207898290471348e+02,1.216487974870361541e+03
-1.196383281871439976e+02,1.249209250633663714e+03
-4.854025992947008490e+02,1.213127443613941978e+03
-1.027790432917884800e+03,8.244053240856125058e+02
-1.242484824892322195e+03,6.783514951722504520e+02
-9.436558944699245330e+02,7.641238281481813601e+02
-8.174857777760093995e+02,5.843015482209601714e+02
-6.513652429381876345e+02,5.835541654171852315e+02
-1.271254004686651115e+03,4.048599276750018134e+02
-7.434829783667628362e+02,2.893975997780001421e+02
-4.788329346862473130e+02,-2.775938252325403027e+03
-5.335947525743515598e+02,-2.750534843010093937e+03
-9.116312799732851317e+02,1.061972579086665291e+02
-1.928120145949870334e+02,-2.837180939676936305e+03
-1.941217700191383244e+02,-2.835896863127462439e+03
-9.434963774221454287e+02,3.443611159958850294e+02
-3.543572546862215518e+02,8.249653476748914045e+02
-3.595800635145848219e+02,7.636812351340827263e+02
-8.608181743592539306e+02,2.228230720403818168e+02
-9.010358999472174446e+02,1.639336206950161738e+02
3.067758884836684956e+02,1.575235700516641600e+03
6.881265653145866281e+02,1.515138537674427880e+03
-3.188131645283633020e+02,1.424373640004193248e+03
3.481479727176503616e+02,1.364662904227241143e+03
8.492945770321609871e+02,1.393519701897396317e+03
-2.422135211277089297e+02,1.251729361898266916e+03
-7.799261931846700691e+01,1.240357088092281174e+03
-1.027463180898179189e+03,8.230621315270241212e+02
-9.848661345278741237e+02,7.937163132668500793e+02
-9.975599274830615286e+02,7.640244783094299237e+02
-6.959405207193523211e+02,5.866088700216287180e+02
-6.944761727879970294e+02,5.839328522055097892e+02
-7.288956846866516344e+02,4.348674576750503320e+02
-9.789584346854766181e+02,4.348674576750503320e+02
-1.528147305485146717e+03,4.044315756342928694e+02
-1.234389703301435702e+03,4.347109450095403531e+02
-1.361437883874950330e+03,4.035787817752228079e+02
-5.272630704769002250e+02,-2.746910969144562841e+03
2.291224953141954188e+02,-2.895968372325597102e+03
5.697265933979821284e+01,-2.897917406408634179e+03
-9.878052746058782532e+02,4.145031275179865133e+02
-6.517178811994825764e+02,1.603377888468640776e+03
-4.898772624052199944e+02,1.601657880333462572e+03
-7.344705974103983408e+02,1.513262966652175237e+03
4.380638153141822499e+02,1.395108417675023475e+03
7.292479953134246671e+02,1.425115947675071993e+03
-2.882290459092875494e+02,1.397381719938495280e+03
-3.176456055554501177e+02,1.364804805058783359e+03
8.453752136203318059e+02,1.310126657961424144e+03
-2.767734813059006171e+01,1.304128941083365362e+03
7.236384281219055765e+02,1.364120846858272216e+03
-3.283872338441681222e+02,1.304516222500911681e+03
-2.768201155508248803e+02,1.093782604572800665e+03
-7.342943326767631333e+02,8.236626246613247986e+02
-7.057551914285753583e+02,6.778483130706176780e+02
-3.572774556946842495e+01,7.096687048430592313e+02
-6.106465643336609901e+02,5.845627357413325171e+02
-1.650573738083071248e+03,6.433627547470566697e+02
-1.277274139983522673e+03,5.830668406803195012e+02
-6.201794804065567632e+02,4.953991219070895795e+02
-1.229021184685880826e+03,4.048599276750018134e+02
-1.235271131908369171e+03,3.740335969039898600e+02
-8.122499346862599623e+02,3.148373376748562578e+02
-6.108891405603683324e+02,-2.716771463364678311e+03
1.457682453145870909e+02,-2.865960842325548583e+03
5.733110911526098619e+01,-2.897133045483470141e+03
-1.151992460272907920e+03,1.948010349935164527e+02
-1.121805990257141730e+03,2.548456304430423529e+02
-1.123480257511160744e+03,2.838500285061228396e+02
-1.235412811283170868e+03,9.130148089067172350e+02
-9.964054827624026984e+02,7.035776627746137137e+02
4.739832671225643708e+02,1.514788064432224928e+03
5.161137106196288187e+02,1.514875924171173665e+03
5.506663580685750503e+02,1.487718689378109275e+03
-6.624461865713952875e+02,1.428961259742535049e+03
-5.669563162141585053e+02,1.454248930885661139e+03
5.458645392078899476e+02,1.335742735678018335e+03
7.665138285161067415e+02,1.454285716758576882e+03
-5.669929676265425087e+02,1.333813225088099216e+03
-5.668680025005393190e+02,1.333459897023033363e+03
-1.876487546854255584e+02,1.185055707674683845e+03
-2.336508180796209047e+02,1.184210003963600002e+03
-8.956041846858682902e+02,8.249653476748914045e+02
-1.120316107781977280e+03,8.244500096833710359e+02
-6.522928264244694674e+02,7.932049471574696327e+02
-5.682162735647901854e+02,7.636541088419652397e+02
-9.425544329398461514e+02,7.338513227110345269e+02
-8.609749059110632743e+02,7.335828050740203707e+02
-9.003966990593808077e+02,5.837796163811441374e+02
-7.415743284498240655e+02,5.262335678193454669e+02
-1.400747980846649170e+03,4.631971877914181164e+02
-1.320949752424364988e+03,2.923166840485895932e+02
-9.427453307809105354e+02,-2.256393467538545679e+02
8.495434364407130943e+02,-2.296842256444005216e+03
2.164887671239092697e+02,-2.898080936430866586e+03
-3.606419092083287410e+02,-2.807777044555311022e+03
-1.229021184685880826e+03,-4.353509123255670374e+02
-1.198135794617348438e+03,-4.692232935891840953e+02
-1.150908199300159140e+03,-1.370849547875158692e+02
-8.251635811169952603e+02,1.091244080556835570e+03
-7.815826140175246337e+02,1.011770423060845360e+03
-1.437962504685867771e+03,2.548222776747592206e+02
-7.906011619338845549e+02,8.262132724038896185e+02
-7.354587442434760760e+02,7.942127008488791944e+02
-5.677465500416290070e+02,6.450194823255508254e+02
-4.377115046858298797e+02,5.849051076745032560e+02
-5.258030704670504747e+02,5.848326771966881097e+02
-6.165432869104772635e+02,-2.719824264601206323e+03
-1.151677734897059736e+03,-1.071552114315087181e+02
-1.110548566211720527e+03,-1.067622076439604086e+02
-1.151531088916471390e+03,-1.964895629055300219e+02
-1.312375434685489154e+03,-2.553057323252759261e+02
-1.318746173220187757e+03,-2.565640077055062989e+02
-9.842674189772818636e+02,3.432252200309637260e+02
-1.040336389772658777e+03,3.471003095531221447e+02
-3.605606152836775777e+02,-2.805801076919816751e+03
-7.407899369454905809e+02,1.031019116750695503e+03
-1.993516680139028949e+02,1.215635476463573013e+03
-2.058484104487442323e+02,1.152087111247139092e+03
-1.242376696857728575e+03,4.105096562736795249e+02
-8.255060556798696325e+02,3.670614299276260795e+02
-6.933417780713202774e+02,5.834531377057344343e+02
-1.229021184685880826e+03,-1.524549232488777051e+01
-1.645792434685501803e+03,1.948072176746621835e+02
-1.621048895694129214e+03,1.338346905092150223e+02
-8.651211240802315388e+02,-3.871080306471868937e+01
-8.262076290044761890e+02,6.478501877615174180e+02
-9.009693135898739911e+02,8.832326528884788104e+02
-3.168962196245798282e+02,7.938758849761875354e+02
-4.888931068569677336e+02,8.033644615717020088e+02
-1.120086243907387598e+03,8.864293899389531362e+02
-1.090145747903669218e+02,-2.867516578379350904e+03
-7.344221361605907532e+02,-2.567717378959701364e+03
-7.288956846866516344e+02,1.948072176746621835e+02
-1.027343382152182585e+03,3.730122498498198524e+02
-7.440218911400385196e+02,7.311073143793553299e+02
-6.877742546862341442e+02,2.248147476747107021e+02
-1.032270706612245704e+03,7.013577120147604660e+01
-1.068433997450236120e+03,3.442506264696738185e+02
-1.027582178865256310e+03,-4.578270107666555333e+01
-9.944346540596567365e+02,3.505610247442374430e+02
-4.984245523358089258e+02,7.051893287065074674e+02
-9.043172257715800697e+02,1.791904781780991840e+01
-4.429473180184772900e+02,5.848806489744659984e+02
-1.109551131737139258e+03,6.130901140778508989e+02
-1.192677671426005190e+03,-1.356499784654274379e+02
-9.018986203283963050e+02,4.314839957776063528e+01
-9.106597483902971817e+02,1.065930677264959456e+02
-8.689805393691240170e+02,2.251154439131153993e+02
-1.095626550901245366e+02,1.243561330978867318e+03
-6.942836262982945073e+02,1.485256636598869136e+03
-4.848768674993334002e+02,1.154431947222675944e+03
5.527996899737424883e+02,1.487882151433295121e+03
-1.645792434685501803e+03,5.849051076745032560e+02
-8.188755203519666566e+02,2.228365134328120121e+02
-7.447416442645371717e+02,1.519470205248674802e+03
-8.956041846858682902e+02,1.347921576745651464e+02
-4.788329346862473130e+02,1.425115947675071993e+03
-2.762028556430688013e+02,1.213693955991936491e+03
-1.193687956917545705e+02,1.158875572844252019e+03
-9.789584346854766181e+02,9.750029976751339973e+02
-5.267267076587307884e+02,9.134887450214034743e+02
-6.184507617385523872e+02,8.917392475206013387e+02
-9.535938655815809852e+02,2.567730302387293477e+02
-1.110571545128869275e+03,4.648635976100781591e+02
-9.378370046866384655e+02,2.548222776747592206e+02
-6.877742546862341442e+02,4.048599276750018134e+02
-6.930699575799804961e+02,4.631084197564544525e+02
-1.155282912337175276e+03,4.474601207226231168e+02
-9.117177041590975932e+02,8.866698492086868555e+02
-7.764629665232055231e+02,9.146273886363967449e+02
-2.756902123086772463e+02,9.447358163459545040e+02
-3.604170054151061890e+02,8.239396681416054662e+02
-6.877742546862341442e+02,8.849804076749884416e+02
5.519339199278851993e+02,1.465577436772211286e+03
-1.121127551375988560e+03,-7.034293009214388803e+01
-7.368096343465016389e+02,9.202262498832664050e+02
-1.021191254686246793e+03,3.148373376748562578e+02
-1.245840910781848152e+03,4.658621492679178573e+02
-9.789584346854766181e+02,3.148373376748562578e+02
-2.094025468620891672e+01,1.365100887674974956e+03
-6.998961169288483006e+02,-2.600370626134904342e+03
-8.605415384277632711e+02,1.543437869881333881e+03
-7.349172251233248971e+02,8.843589159333289444e+02
-1.245219619703599619e+03,-1.914435655835344505e+02
-1.068185738803158756e+03,4.326651294505339962e+01
-8.544827546854508000e+02,8.549728776749399231e+02
-8.284250160883580065e+02,1.632677621590157173e+02
-1.156951577622871355e+03,-1.677860438980588071e+02
-1.104545504685855121e+03,6.149126376745517746e+02
-8.122499346862599623e+02,6.149126376745517746e+02
-7.788696616914415927e+02,1.618820241029318595e+03
-9.906319454369901223e+02,4.308674141062406875e+02
-4.788329346862473130e+02,-2.625900602325160435e+03
-5.210657546854381508e+02,7.949578176748428859e+02
-6.542401128514732136e+02,5.440337906201050373e+02
-7.437787257555625047e+02,-8.164901135449672154e+01
-4.444958092137385393e+02,-2.777925506259060512e+03
-1.741204652745513840e+03,2.193360265939793976e+02
-7.042535764677111274e+02,8.575625562087764138e+02
-1.527846562080921785e+03,1.431517394597737081e+01
-9.116851014514849112e+02,2.022223740161091143e+01
-9.073367053579499952e+02,-1.857194678999957915e+01
-1.073173462236025216e+03,7.835355397383430898e+00
-1.038832781536083075e+03,1.344919486283549048e+01
-9.966200625390605410e+02,7.091145309692063847e+01
-1.036928617314721350e+03,5.110907245533808663e+01
-8.122499346862599623e+02,2.248147476747107021e+02
-8.544827546854508000e+02,2.248147476747107021e+02
-1.312375434685489154e+03,-7.526055232498481473e+01
-1.312375434685489154e+03,-7.526055232498481473e+01
-1.312375434685489154e+03,-7.526055232498481473e+01
-1.876487546854255584e+02,1.215063237674732363e+03
-2.070843953194247149e+02,1.217450685025133453e+03
-1.876487546854255584e+02,1.215063237674732363e+03
5.625394953142080112e+02,1.485131007674379362e+03
5.567120584592064461e+02,1.484763375437815739e+03
5.625394953142080112e+02,1.455123477675120512e+03
5.098295942792156552e+02,1.092489247755949236e+03
5.108045245256795397e+02,1.090619206499864504e+03
-7.711285046858424721e+02,1.065025587674489771e+03
-7.711285046858424721e+02,1.095033117674538289e+03
-8.237449367507836087e+02,1.091930824862957252e+03
-9.004471446187586707e+02,1.349597850614826768e+02
-9.148151864550353594e+02,1.053778081245842344e+02
-9.070290402332109352e+02,1.426841445170345537e+02
-2.784132077253926241e+02,1.197104554338352273e+03
-2.341841484925787142e+02,1.154312657794410825e+03
-2.287701846858429917e+02,1.185055707674683845e+03
-7.711285046858424721e+02,-1.952906723251788890e+02
-7.757102170621714095e+02,-2.396278352969811465e+02
-7.763768539301503324e+02,-2.573059948419668785e+02
-1.067105160139510872e+03,2.529806499395971571e+02
-1.068855540031984219e+03,2.841168127457478931e+02
-1.062312684686664397e+03,2.548222776747592206e+02
5.161423004222808686e+02,1.093170275622641384e+03
-1.243096949715489927e+03,1.083366000053421061e+02
-8.122499346862599623e+02,3.448448676749047763e+02
-8.544827546854508000e+02,3.148373376748562578e+02
-7.711285046858424721e+02,1.065025587674489771e+03
-7.767887513445238028e+02,1.063422276336828190e+03
-6.877742546862341442e+02,5.849051076745032560e+02
-6.877742546862341442e+02,5.548975776744547375e+02
-1.239862756408387668e+03,4.323178849391858876e+02
-1.240364947354193191e+03,4.086633429700093529e+02
8.831220530212402764e+02,-2.330065864664787568e+03
-1.622387771289432749e+03,1.343283685563540928e+02
-4.846537764491912412e+02,7.946577755414787134e+02
-4.979962080237968962e+02,8.275032024442979264e+02
5.805766289730831886e+02,1.061819243714756567e+03
-5.326098134118838061e+02,8.498492986666485649e+02
-5.338395931142034669e+02,8.500990440214067121e+02
-1.021191254686246793e+03,-1.524549232488777051e+01
-1.033120466852350319e+03,-1.892199288172511729e+01
4.608913399978447956e+01,9.730466106376175048e+02
-1.067263578763119767e+03,1.644863579014800905e+02
-1.066736875472049633e+03,1.711008323978052772e+02
-7.288956846866516344e+02,-1.052680823250333333e+02
-7.277025080534679091e+02,-1.072496111603095841e+02
-8.667815393677275324e+02,2.857836437045541516e+02
-8.524026770114558076e+02,2.945301404310903877e+02
-1.246522745414100200e+03,4.070575912080469152e+02
-1.241628484300515083e+03,4.051375684823952383e+02
-5.210657546854381508e+02,9.149879376750369602e+02
-5.541170087574009813e+02,9.258671001289178548e+02
-8.289579589640622999e+02,3.466058431204600083e+02
-8.278780242816280861e+02,3.686111439295645482e+02
-1.241010277972875656e+03,2.017629198100491124e+02
-3.637810845745835877e+02,-2.792817861394874399e+03
-3.676583548733099747e+02,-2.837084658616522120e+03
-2.687740803110489196e+02,9.468115348643127618e+02
-2.815345460520013603e+02,9.454451623919155736e+02
-1.063447501300010344e+03,1.763932958714516133e+02
-1.077091433956474930e+03,1.733773526934104723e+02
