date:2016-05-11, time:2000, wind_speed:4.12, wind_dir:331.0, temp:12.7
64.589375 -277.593825
94.459924 -230.044912
94.164659 205.300152
-5.506827 -40.956974
128.351465 189.672302
-26.402669 -44.078489
-34.457375 -122.198016
-47.494133 -13.762963
127.843229 187.065666
73.607050 193.081894
119.923412 225.788882
23.612100 186.999520
102.154357 181.521384
-93.130769 -22.929435
-46.573325 -41.230587
31.925177 -290.003037
85.918596 154.263498
69.496463 141.975634
-46.601030 78.623999
-52.106575 -124.555422
122.937350 190.523643
127.855654 190.001559
115.041422 184.339589
82.206551 171.935568
6.241400 82.496535
-89.560418 -22.529820
-34.451460 -38.112958
44.651813 -287.194209
74.150739 177.730342
-88.723360 -26.165192
127.836220 220.111017
103.023172 192.932786
69.474530 156.996641
-75.874102 84.738350
-43.771150 -52.537350
72.924800 103.501806
-5.452760 46.035876
36.187266 193.139811
-96.889704 -32.174276
131.998734 196.023506
-21.688687 -41.343806
98.572915 199.058728
82.209306 147.971129
123.651664 106.035903
-42.849112 -116.101147
65.891372 171.705211
23.562040 178.072754
65.866032 132.803935
-63.810758 -37.999443
-43.771150 -40.534338
-0.871923 -59.287981
111.753502 183.833621
124.159868 177.628397
-101.199224 -38.120584
-21.829229 -38.130252
77.539253 -262.853832
82.198811 210.908261
102.796668 205.165805
-9.477402 -74.047029
-43.063505 -34.903873
-55.823397 -64.792376
81.648114 208.347293
-89.166109 -43.710037
122.937350 106.502559
122.937350 196.525149
118.789975 211.577259
72.945138 208.576506
106.956410 163.113319
-31.212443 -13.527561
6.884188 -37.953781
