8.287905105185503771e+02,1.029217803227724744e+03
1.161922904432929045e+03,1.180268873478821433e+03
6.619224965371315648e+02,1.120900205363499481e+03
7.292479953134246671e+02,1.065025587674489771e+03
8.126022453146123325e+02,1.035018057674441252e+03
8.278161067916371394e+02,1.029469473790067468e+03
1.880010653137779286e+02,1.185055707674683845e+03
6.603015815716829593e+02,1.149390847911616675e+03
8.126022453146123325e+02,1.035018057674441252e+03
8.274240867707858342e+02,1.030657142910549737e+03
6.881265653145866281e+02,1.095033117674538289e+03
8.286800071103771188e+02,1.030018069751926532e+03
8.126022453146123325e+02,1.125040647674586808e+03
1.329049570220095575e+03,1.449515285429602500e+03
8.126022453146123325e+02,1.035018057674441252e+03
1.287474048223342606e+03,1.539483571082907019e+03
8.290000597324209366e+02,1.030160801922605060e+03
8.271023134108747854e+02,1.031089674312624766e+03
8.126022453146123325e+02,1.035018057674441252e+03
8.126022453146123325e+02,1.035018057674441252e+03
8.288927574104214955e+02,1.030588173747853489e+03
8.286166981374848319e+02,1.029272905686701733e+03
8.284312437060286811e+02,1.030754150656420734e+03
6.881265653145866281e+02,1.185055707674683845e+03
7.450225537745287738e+02,1.090351027590148988e+03
6.197370479917319699e+02,1.120352112657710677e+03
