date:2016-09-18, time:0100, wind_speed:4.75, wind_dir:202.0, temp:17.8
3.547095653145739789e+02 1.185055707674683845e+03
3.451983625177796284e+02 1.182025855974094839e+03
-3.121244346854513196e+02 8.249653476748914045e+02
-1.114726085860859939e+03 -1.220335069018818103e+03
-1.354608254686259443e+03 -3.753358523254700003e+02
-1.271254004686651115e+03 -4.353509123255670374e+02
-1.104545504685855121e+03 -1.215546692325249069e+03
-9.879705420900347690e+02 -2.297143066414366501e+02
-9.051097121789797484e+02 -4.100174956144711018e+02
-1.532113183922386952e+03 -1.909291488808001702e+01
-1.145666934686272498e+03 -5.253735023249229243e+02
-9.467213538566113584e+02 -7.684326356489001455e+02
-7.711285046858424721e+02 -4.353509123255670374e+02
-1.613762492612576352e+03 4.180956388312836225e+01
-1.525843849454381143e+03 3.032674110811522610e+02
-1.521316754685476099e+03 -7.526055232498481473e+01
-6.083636989476665349e+02 8.745471315477063854e+02
-1.437962504685867771e+03 -2.853132623253244446e+02
3.547095653145739789e+02 1.185055707674683845e+03
-1.486766482633800024e+03 1.541513806760029865e+02
-1.854733754685488748e+03 2.848298076748077392e+02
-1.854733754685488748e+03 2.848298076748077392e+02
-1.645792434685501803e+03 2.848298076748077392e+02
-1.271254004686651115e+03 1.948072176746621835e+02
-1.656337356875669684e+03 7.132271347777387405e+01
-1.604671004686663764e+03 4.476956767441957652e+01
-1.571699058249239215e+03 2.216505528826519367e+02
-6.965508374838813097e+02 4.911069786867388416e+02
-1.655641621480364392e+03 6.980896550671306500e+01
-1.530473058042900675e+03 3.099343050856915056e+02
-1.604671004686663764e+03 2.848298076748077392e+02
-1.114292912753458268e+03 -1.128969397656345791e+03
-1.571033723035334333e+03 2.154551645904549275e+02
-6.455414346854639689e+02 1.647996876746136650e+02
-1.312375434685489154e+03 1.476203767437105796e+01
-1.645792434685501803e+03 7.477709767446809508e+01
-1.395729684686676819e+03 6.149126376745517746e+02
3.547095653145739789e+02 1.185055707674683845e+03
-1.559404727348004144e+03 6.637954694608217778e+02
-1.104545504685855121e+03 6.149126376745517746e+02
-1.124325220860934849e+02 1.084255232332822516e+03
-1.110404545315774158e+03 5.427388323314910394e+02
-9.757842908706691105e+02 2.141655457053156795e+02
-7.288956846866516344e+02 -6.454036223251169986e+02
-1.485264941437887273e+03 8.737643529956499151e+02
-1.531577060964685870e+03 5.506771219030360953e+02
-6.877742546862341442e+02 4.476956767441957652e+01
-1.363634093542735854e+03 7.600861585220010284e+02
-1.489545477227071387e+03 7.607534891832651738e+02
-3.543572546862215518e+02 7.949578176748428859e+02
-1.599080594061131023e+03 6.957719239309902832e+02
-1.408110947432317062e+03 6.953104910387431801e+02
-3.920730561851792118e+02 8.454808583923062315e+02
-3.987258430166797325e+02 6.956869938364610562e+02
-1.145666934686272498e+03 -5.253735023249229243e+02
-1.363804527307398075e+03 -3.796226254447230986e+02
-6.877742546862341442e+02 1.047846276745166136e+02
-1.115202910027778216e+03 -9.787115364730553893e+02
-1.113943631831156836e+03 8.216325954976369985e+02
-9.759699817242830022e+02 -7.470992489571112856e+02
-1.229021184685880826e+03 7.477709767446809508e+01
-8.637910535404994334e+02 1.003872450767068614e+02
-1.729146684686689468e+03 2.248147476747107021e+02
-1.863734483450262360e+03 2.799426038494143540e+02
-1.735272080345454924e+03 7.517566100179103614e+02
-1.479083934686285147e+03 6.449201676746002931e+02
-6.150789627140472930e+02 1.915642077461874067e+02
-1.391409707588986066e+03 7.861509226570057081e+02
-1.110555067112702773e+03 8.447575158444242334e+02
-1.525581094074615294e+03 1.533017318666979918e+02
-1.156139181398853907e+03 -9.795670658525575618e+02
-1.138332002967497658e+02 1.180982446836130748e+03
-2.287701846858429917e+02 8.249653476748914045e+02
-1.279984152272864549e+03 8.164411213264947946e+02
-1.028685756472593539e+03 6.658910945335881024e+02
-1.364163131993207344e+03 8.203995398070383089e+02
-9.887788874502682575e+02 7.020393744993108385e+02
-1.402784411540666497e+03 2.770484729936443955e+02
-1.645792434685501803e+03 7.477709767446809508e+01
-1.489848321968199571e+03 -1.878821489564335678e+01
-4.063705953161386901e+02 9.986984310773151208e+01
-1.604671004686663764e+03 1.647996876746136650e+02
-1.655191913972923885e+03 6.989210502002458725e+01
-1.604671004686663764e+03 3.448448676749047763e+02
-1.447568057171960618e+03 2.512681578464855647e+02
-1.197993271652948351e+03 7.612911146590325870e+02
-1.187899754685463449e+03 1.948072176746621835e+02
-1.654723570711167895e+03 6.995186016323492595e+01
3.454360676927805116e+02 1.180788620284060471e+03
-1.446075461452731815e+03 3.346745455170732271e+02
-1.521316754685476099e+03 2.548222776747592206e+02
4.286500569373989151e+02 1.151517126875836311e+03
-1.229021184685880826e+03 1.047846276745166136e+02
4.791852453145997401e+02 1.095033117674538289e+03
-1.479083934686285147e+03 4.648749876750988506e+02
-1.437962504685867771e+03 6.149126376745517746e+02
-1.479083934686285147e+03 7.649502876747943674e+02
-1.198264541659222459e+03 5.811882592528313580e+02
-9.052179040568586288e+02 1.210587948662954204e+03
-1.277241954466026300e+03 1.326208842181216369e+03
-8.199137348366498372e+02 1.143414118058532267e+03
-1.278176334233710122e+03 1.353040210172075149e+03
5.559945900534444263e+02 1.474492115840376755e+03
-6.206168468662637849e+01 1.185055707674683845e+03
-9.789584346854766181e+02 1.185055707674683845e+03
-1.654868145734230438e+03 6.415075869121515098e+02
-8.637742368910076038e+02 -1.163646206862982126e+03
-1.072573399692091925e+03 7.307243311083584558e+02
-1.227194073216391871e+03 6.627778468354531469e+02
-7.650971483318442097e+02 9.539243196256123269e+01
-1.072342515724271379e+03 7.110729715160459818e+01
-9.841769436355000380e+02 9.346078628280470468e+01
-1.239149004336313737e+03 7.309946918133422287e+02
-1.062312684686664397e+03 8.849804076749884416e+02
-1.156428226556761729e+03 8.819790912442124409e+02
-6.559827335286616972e+02 -4.400280729109173308e+02
-1.562438184685893475e+03 5.548975776744547375e+02
-1.437962504685867771e+03 7.049352276746973303e+02
-1.656422472317570282e+03 7.017661072649261769e+02
-1.187899754685463449e+03 2.848298076748077392e+02
-1.363571108764475412e+03 8.212804672071472396e+02
-1.194840602375134040e+03 8.447960869191888378e+02
-1.197390671195103323e+03 7.905546893701095996e+02
1.012353076363155878e+03 2.142680401626613275e+03
8.450694730366785734e+02 2.254165295280407463e+03
9.696450544542420857e+02 2.172115553275101320e+03
-1.145666934686272498e+03 -5.253735023249229243e+02
8.128056296832776297e+02 2.145780122324384138e+03
8.038439234527760391e+02 1.960268954237978051e+03
9.427911150586990061e+02 2.015096983182420217e+03
-1.645792434685501803e+03 5.248900476744062189e+02
-1.604671004686663764e+03 5.849051076745032560e+02
8.456245203251453404e+02 2.142127484964655196e+03
1.010596089391129226e+03 2.082740210146926529e+03
9.378370046834797904e+02 2.145780122324384138e+03
-1.145666934686272498e+03 -1.035501512324957957e+03
9.378370046834797904e+02 2.205795182324481175e+03
8.117099486562372022e+02 2.135783494931965834e+03
-1.604671004686663764e+03 4.476956767441957652e+01
-6.418351424342395148e+02 6.331389907142624196e+01
-1.030417692491228991e+03 -1.088411174018467875e+02
-1.145666934686272498e+03 4.476956767441957652e+01
8.853697888508478400e+02 2.052602191824928468e+03
1.062868379683681951e+03 2.055757532325028478e+03
1.097622710570432901e+03 2.135039855361092577e+03
1.062868379683681951e+03 2.055757532325028478e+03
8.128056296832776297e+02 2.145780122324384138e+03
1.058687869700860119e+03 1.984811605165826222e+03
9.720661685548990363e+02 2.078090381571911166e+03
8.183935616169173954e+02 2.017169720213204528e+03
1.136760433657377234e+03 2.171392999517853696e+03
1.192289278848166532e+03 2.075777182950493625e+03
1.021191254684667456e+03 2.115772592325125515e+03
8.961598796844652952e+02 2.115772592325125515e+03
9.415678133263406835e+02 2.075595480075272917e+03
8.496919769841722427e+02 2.103638931649791630e+03
8.961598796844652952e+02 2.145780122324384138e+03
8.061068603270293806e+02 2.076577944509302597e+03
9.381893153134114982e+02 2.025266547674463027e+03
9.697119023711580894e+02 2.202805524703688661e+03
9.287281822988064732e+02 2.021725415251313962e+03
7.714808153141948424e+02 1.995259017674414508e+03
9.391905473428862479e+02 1.984615472470727354e+03
8.856438632219467308e+02 2.110785123844494592e+03
-1.364358364373689028e+03 3.407558552087186854e+02
-1.397950198861191666e+03 2.136966993746458456e+02
-1.319794616934933856e+03 2.129714803604312578e+02
-1.354608254686259443e+03 1.948072176746621835e+02
-1.277445323860587905e+03 3.940472963846547145e+02
-1.604671004686663764e+03 1.647996876746136650e+02
-1.607192035472726729e+03 1.536021205239709957e+02
1.146019245314625095e+03 1.935243957675107140e+03
8.961598796844652952e+02 2.055757532325028478e+03
8.439404939435744382e+02 1.991514580834773597e+03
7.365729051242142305e+02 1.986524465098161727e+03
1.180022535648651683e+03 1.952988712018433716e+03
8.020895393514092575e+02 1.870468010607600490e+03
9.330250189198117141e+02 2.041061943431351665e+03
9.378370046834797904e+02 2.115772592325125515e+03
1.148716899495768757e+03 1.987682564897038219e+03
9.381893153134114982e+02 1.965251487675155659e+03
6.928513242451160750e+02 1.893858598416655013e+03
8.914677043889533934e+02 1.923256643566205184e+03
9.793107453138289884e+02 1.905236427675058621e+03
8.867686280675457056e+02 1.901612143722673636e+03
6.048623481618144524e+02 1.834260820302019738e+03
8.548350653138031703e+02 2.025266547674463027e+03
8.959564953142206605e+02 1.935243957675107140e+03
8.959564953142206605e+02 1.935243957675107140e+03
1.021543565314599164e+03 1.995259017674414508e+03
9.381893153134114982e+02 2.025266547674463027e+03
6.787092443615138109e+02 1.990699838935841399e+03
8.024475959859777277e+02 1.871571886561433530e+03
-1.312375434685489154e+03 7.949578176748428859e+02
-1.239769149703749463e+03 7.902348402022414575e+02
-6.877742546862341442e+02 2.248147476747107021e+02
-1.144041611247461560e+03 1.845608881251128821e+02
-6.186406229644897792e+01 1.174225894620841700e+03
9.316154118285983259e+02 1.983164151544296146e+03
9.749939754729504102e+02 1.892749574292279249e+03
8.031781186780872304e+02 1.961438066753993098e+03
1.011497209585403425e+03 1.960969671747004213e+03
1.052378726791106374e+03 1.961775998985506931e+03
9.713016331287727780e+02 2.076517532054120238e+03
8.592294119907010099e+02 1.986027487860069414e+03
1.136895951255709178e+03 1.930989423464297488e+03
9.315996758257736019e+02 1.865336196371472397e+03
-1.521316754685476099e+03 -1.052680823250333333e+02
-1.613492288422589127e+03 3.356658983576734556e+01
1.052274949607768576e+03 2.021748653898323255e+03
1.012117889571451315e+03 1.990912186500256894e+03
9.847034805783523552e+02 1.956915929090113423e+03
1.010723295186955738e+03 1.900485712737590575e+03
-1.404708283334275848e+03 1.005496391218464396e+02
-1.404979724810697689e+03 1.615434943423027221e+02
-1.228592708427710249e+03 2.465293311642466847e+02
6.371686958862826486e+02 1.871131293015006349e+03
8.959564953142206605e+02 1.905236427675058621e+03
1.021543565314599164e+03 1.965251487675155659e+03
1.062664995313437203e+03 1.935243957675107140e+03
9.349773673613797200e+02 1.922343659717127821e+03
7.292479953134246671e+02 1.905236427675058621e+03
8.054731572347575366e+02 1.953887608386974080e+03
9.303472430292780473e+02 2.013953101744157721e+03
8.959564953142206605e+02 1.995259017674414508e+03
1.095403113444068367e+03 1.900369514004721623e+03
9.736984373243788013e+02 1.895198193602049969e+03
2.749260448307520051e+02 1.656412269099109153e+03
4.791852453145997401e+02 1.815213837674913066e+03
8.959564953142206605e+02 2.025266547674463027e+03
8.055962828171780075e+02 2.042941390192554991e+03
8.126022453146123325e+02 1.845221367674961584e+03
8.126022453146123325e+02 1.965251487675155659e+03
7.714808153141948424e+02 2.025266547674463027e+03
1.146019245314625095e+03 1.935243957675107140e+03
8.548350653138031703e+02 1.935243957675107140e+03
1.219949152438450028e+03 1.901016157672706186e+03
4.380638153141822499e+02 1.155048177674635326e+03
3.547095653145739789e+02 1.185055707674683845e+03
4.688865279676316504e+02 1.092146124264452737e+03
-1.876487546854255584e+02 1.125040647674586808e+03
8.454142176600619223e+02 1.960526849116297171e+03
6.881265653145866281e+02 2.025266547674463027e+03
8.067646355944676770e+02 1.953584215193442560e+03
7.661036627246887747e+02 2.073657287698036725e+03
8.548350653138031703e+02 2.025266547674463027e+03
1.021543565314599164e+03 1.995259017674414508e+03
7.714808153141948424e+02 1.875228897675010103e+03
6.458937453138163391e+02 1.815213837674913066e+03
8.893581435201125487e+02 1.981307991167657747e+03
9.280463234894025391e+02 1.872067020321707105e+03
6.362501578877761403e+02 1.810674114739592596e+03
-6.877742546862341442e+02 1.948072176746621835e+02
-7.187958364736242345e+01 1.181620420172042259e+03
8.897843034624667098e+02 1.832104473596185926e+03
-1.354608254686259443e+03 8.549728776749399231e+02
-1.448503330254448883e+03 7.904585987331950037e+02
9.720239553820529181e+02 1.985410981404315862e+03
8.581656354193978586e+02 1.867461894816343374e+03
1.095479603150065032e+03 1.991138254054238814e+03
-1.489549816100307908e+03 8.508666246401963917e+02
-1.530977292414476551e+03 9.400964588901840671e+02
-1.354608254686259443e+03 8.249653476748914045e+02
-1.573256256617984945e+03 2.812036796389117512e+02
-1.030932726394416932e+03 7.303787735685189091e+02
-1.360115745288893095e+03 4.858144093124925007e+02
6.881265653145866281e+02 1.875228897675010103e+03
-1.237935954115914228e+03 6.102144826056043030e+02
-1.354608254686259443e+03 5.548975776744547375e+02
1.094017277930908904e+03 2.052313106745817549e+03
8.034751158778063882e+02 2.082518631598902630e+03
1.396081995313449852e+03 2.025266547674463027e+03
1.104545504684275784e+03 2.055757532325028478e+03
1.012389442395755282e+03 2.021828263731465540e+03
9.700645166574618088e+02 1.931696196141630708e+03
5.122770364485078289e+02 1.901067353064936697e+03
1.055606119288723448e+03 2.012586482268545296e+03
1.025194941206003250e+03 2.016880975252036478e+03
9.292813388875664486e+02 1.960655273175713774e+03
1.068494949743092548e+03 1.984892723164108702e+03
9.307576728962211519e+02 2.075514639255053680e+03
1.021191254684667456e+03 2.055757532325028478e+03
1.058987080278712938e+03 1.956823068449926950e+03
9.697409702806199903e+02 2.051841837991832108e+03
1.146019245314625095e+03 1.995259017674414508e+03
8.548350653138031703e+02 1.965251487675155659e+03
1.354608254684680105e+03 2.145780122324384138e+03
-1.525195573260071342e+03 1.253193372568778159e+02
1.021191254684667456e+03 2.055757532325028478e+03
-1.604671004686663764e+03 1.347921576745651464e+02
-1.688025254686272092e+03 2.248147476747107021e+02
-1.688025254686272092e+03 1.948072176746621835e+02
-1.271254004686651115e+03 8.249653476748914045e+02
-1.059165875923288013e+03 7.532353397623037381e+02
-1.281001088712822366e+03 7.310924414280414112e+02
-1.395729684686676819e+03 6.749276976746488117e+02
1.097858720865179066e+03 2.102605984208490554e+03
1.104897815314207492e+03 2.025266547674463027e+03
-9.789584346854766181e+02 7.049352276746973303e+02
9.793107453138289884e+02 1.965251487675155659e+03
-1.239133730496456110e+03 1.150816254554385523e+03
-1.278911538499285825e+03 8.446056787767953438e+02
8.126022453146123325e+02 1.965251487675155659e+03
-1.365340985573046737e+03 7.007516254573733931e+02
-1.363405341205909963e+03 6.108840530396038275e+02
-1.446744510842891714e+03 5.808294632709150846e+02
-1.570637203767823848e+03 5.432076324984575422e+02
-1.543593130989129918e+02 9.411126010124668255e+02
-2.287701846858429917e+02 8.549728776749399231e+02
-1.531702377077926258e+03 6.403456748338201123e+02
-1.104545504685855121e+03 -1.524549232488777051e+01
-9.799760049385984075e+02 6.413302378668976189e+01
8.513201979980881333e+02 2.015530284844261587e+03
6.786888160375409598e+02 1.835239245415954883e+03
7.197265450068210839e+02 1.930273894342345784e+03
8.586826456957704750e+02 1.833082299134760660e+03
8.993106979271266255e+02 1.925852984937243264e+03
-1.062312684686664397e+03 7.049352276746973303e+02
4.276736189956605472e+02 1.151959827146432872e+03
8.458285587151440268e+02 1.991337185782174856e+03
8.176740333156083125e+02 2.044379028383839795e+03
9.329221325858655973e+02 2.046430633298309886e+03
1.094894709061846925e+03 2.021898414398468049e+03
-1.645792434685501803e+03 6.749276976746488117e+02
8.470102948900234878e+02 2.135798616575641972e+03
1.051840168702397023e+03 1.840746857697986115e+03
1.021543565314599164e+03 1.905236427675058621e+03
-8.122499346862599623e+02 8.249653476748914045e+02
-1.405873205010779429e+03 1.907020832067141214e+02
-1.445463200741272658e+03 2.138330410643382606e+02
-1.104545504685855121e+03 8.249653476748914045e+02
-9.773719802951922020e+02 8.451543564589439939e+02
9.700796783171039124e+02 2.020927157277009428e+03
8.855188644630426325e+02 2.021101138659651269e+03
-1.042945046858172304e+02 9.449954676750854787e+02
1.104545504684275784e+03 2.445855422324869323e+03
1.055917347766807097e+03 2.348705272892200810e+03
1.191687046798122310e+03 2.345042228849569256e+03
1.304240192674728860e+03 2.351047717189426749e+03
1.100187479179262709e+03 2.312335597700270682e+03
1.056609380780668516e+03 2.288056743083761376e+03
4.743774991790762670e+02 2.228315184790461444e+03
1.053764859401471995e+03 2.230903441419375667e+03
-1.521316754685476099e+03 9.149879376750369602e+02
-1.479083934686285147e+03 9.449954676750854787e+02
-1.437962504685867771e+03 9.449954676750854787e+02
1.056237773983336183e+03 2.436598036044811124e+03
1.136607037810211523e+03 2.434611450856259125e+03
9.795141296840736231e+02 2.325825302324675249e+03
1.011258596371036788e+03 2.291136320944741783e+03
8.961598796844652952e+02 2.445855422324869323e+03
1.104545504684275784e+03 2.415847892324820805e+03
1.264244503797976222e+03 2.375218743780925706e+03
1.350706371776897186e+03 2.378242814263017408e+03
1.057400365941403152e+03 2.194992005323937519e+03
1.104545504684275784e+03 2.205795182324481175e+03
1.053514406183520123e+03 2.232943230914892865e+03
1.179153379250587022e+03 2.232400648353052475e+03
1.193027888039460549e+03 2.405333531642631897e+03
1.104545504684275784e+03 2.355832832324723768e+03
1.146222629683290279e+03 2.325825302324675249e+03
1.261597662195735893e+03 2.111296580656889091e+03
1.178714316595001492e+03 2.081322625412939033e+03
-1.280367664205841493e+03 1.362225120968300416e+03
1.146019245314625095e+03 2.025266547674463027e+03
8.881923421920226929e+02 2.043128752222296271e+03
-9.789584346854766181e+02 1.185055707674683845e+03
