-7.011049287943022534e+01,4.414251066149162028e+01
-7.009249654666898266e+01,4.415467585004896023e+01
-7.009249060155271138e+01,4.415461670450986276e+01
-7.009630704793731582e+01,4.415583490082722307e+01
-7.010004133374680180e+01,4.414724727916144786e+01
-7.011014080992079300e+01,4.414806164246719078e+01
-7.011386558746410458e+01,4.414872022539078245e+01
-7.010414944752155009e+01,4.414320417518959516e+01
-7.011349674061339954e+01,4.414730408697321451e+01
-7.010233926179550679e+01,4.414366211473461021e+01
-7.010414792609667245e+01,4.414373792610080471e+01
-7.011277159666903458e+01,4.414675035742843789e+01
-7.010191515398199158e+01,4.414561019790053820e+01
-7.009324857295604261e+01,4.415486842469540107e+01
-7.011275019984812218e+01,4.414682947616402942e+01
-7.010223836721944224e+01,4.414116962908660469e+01
-7.010941727857820638e+01,4.414753666363828444e+01
-7.010529276644771812e+01,4.414126413874915755e+01
-7.011129792382969583e+01,4.414395159450120332e+01
-7.011011255442096513e+01,4.414224697716790047e+01
-7.009663940715228136e+01,4.415560588863890246e+01
-7.010377674957965155e+01,4.414833477538503814e+01
-7.010943281554936846e+01,4.414990117243201695e+01
-7.010718790735722905e+01,4.414960404940420347e+01
-7.011086617623001871e+01,4.414332169578014486e+01
-7.011013821328698725e+01,4.415213094252017356e+01
-7.010755533584158172e+01,4.414888818486256383e+01
-7.010454691439541364e+01,4.414046408552637502e+01
-7.010942761431276438e+01,4.414802799494593444e+01
-7.011201834488694828e+01,4.414543017744752262e+01
-7.010418503119905154e+01,4.414343839237479727e+01
-7.011275284846244915e+01,4.414675612340811739e+01
-7.009588566099868956e+01,4.415591412635084367e+01
-7.011274000000000228e+01,4.414688999999999908e+01
-7.011054864640620110e+01,4.414774941089996929e+01
-7.011049772926668311e+01,4.414246763265828832e+01
-7.010420718426996700e+01,4.414014518419628530e+01
-7.011277197027192187e+01,4.414674868223015380e+01
-7.011015726722716579e+01,4.415292494278921964e+01
-7.011129875892072505e+01,4.414479947556647232e+01
-7.009662299255390394e+01,4.415569825424910988e+01
-7.011049356506728714e+01,4.414275099003572933e+01
-7.011274000000000228e+01,4.414688999999999908e+01
-7.010790369919462250e+01,4.415209419576639505e+01
-7.011053776141072547e+01,4.414940097387225393e+01
-7.010941296474766204e+01,4.414940372043965766e+01
-7.010230411386821459e+01,4.414966026671205412e+01
-7.010531934839146118e+01,4.414990079948618273e+01
-7.010750277056028779e+01,4.414705167502080485e+01
-7.009248999999999796e+01,4.415471999999999753e+01
-7.010080878901514723e+01,4.414748294204576240e+01
-7.011199291895918861e+01,4.414549750309337384e+01
-7.009928662499272889e+01,4.414966528028504911e+01
-7.010974000000000217e+01,4.414175999999999789e+01
-7.011053267944636502e+01,4.414615819273461739e+01
-7.010937924145483180e+01,4.414296765501993747e+01
-7.010006821020439816e+01,4.414690940165980493e+01
-7.010937743182959991e+01,4.414133964832583246e+01
-7.009857094015087853e+01,4.415234535491186563e+01
-7.010975482760365196e+01,4.414247455921334051e+01
-7.010942803350170038e+01,4.414831340760166967e+01
-7.010083336995670322e+01,4.414800755933605103e+01
-7.010974576231187427e+01,4.414164762986627011e+01
-7.010675224609239820e+01,4.414971462860591345e+01
-7.010604604292095132e+01,4.415018824107315254e+01
-7.011273704488363023e+01,4.414683940121717143e+01
-7.010714757137787956e+01,4.414428035010845264e+01
-7.010415365904306384e+01,4.414022860417487948e+01
-7.010003585451522667e+01,4.414753263075019873e+01
-7.010868137668222744e+01,4.415045627846645715e+01
-7.010716553298533427e+01,4.414993492018576404e+01
-7.009858353871281622e+01,4.415284949911462320e+01
-7.010487953687237450e+01,4.414059623448327585e+01
-7.011125996746206113e+01,4.414351330367342285e+01
-7.010524536879198365e+01,4.414812653122346120e+01
-7.011275014898075142e+01,4.414684319487941622e+01
-7.011313459333153730e+01,4.414705307329246153e+01
-7.010494029156971862e+01,4.414344102367825684e+01
-7.011274000000000228e+01,4.414688999999999908e+01
-7.010305217482182627e+01,4.414129392058891455e+01
-7.011050749608310184e+01,4.414837497178001513e+01
-7.010156230948796008e+01,4.414401634852833212e+01
-7.011274000000000228e+01,4.414688999999999908e+01
-7.011165726480825811e+01,4.414588918351935121e+01
-7.011424242816200092e+01,4.414764267070125214e+01
-7.011088855208819837e+01,4.414619826361881394e+01
-7.009965636757847562e+01,4.415047846059342618e+01
-7.009961021407497128e+01,4.414894523363142298e+01
-7.010529598782129312e+01,4.414503891687843407e+01
-7.010940167483538232e+01,4.414562565760725477e+01
-7.010530271171626282e+01,4.414183208268466529e+01
-7.011426550198953578e+01,4.414754708489315504e+01
-7.010898457664012540e+01,4.414844933676641858e+01
-7.011126040454202268e+01,4.414868489598536883e+01
-7.011274770278687640e+01,4.414678079862911630e+01
-7.009323999999999444e+01,4.415498999999999796e+01
-7.010679246269759801e+01,4.414802316477459954e+01
-7.010829324766838511e+01,4.414778448353452944e+01
-7.010787572624120401e+01,4.415137606321838604e+01
-7.011049945051109944e+01,4.414247174390263950e+01
-7.009998922548039957e+01,4.414841327184690556e+01
-7.010412636902300676e+01,4.414433487302566306e+01
-7.010377836685917430e+01,4.414185697270285402e+01
-7.010940439284638614e+01,4.414807709850787631e+01
-7.010525666133436573e+01,4.415002087367852113e+01
-7.010639005469836604e+01,4.414943419947577041e+01
-7.011125098901899833e+01,4.414700992290880777e+01
-7.011199903270581046e+01,4.414544929638777404e+01
-7.011013298367491586e+01,4.414213923994685729e+01
-7.011275573310547315e+01,4.414679197198710625e+01
-7.010453899550911672e+01,4.414155666099139097e+01
-7.010900322683529851e+01,4.414116700970099316e+01
-7.011275339429526809e+01,4.414684085821262016e+01
-7.011274169186259542e+01,4.414678846259548806e+01
-7.010975596271288168e+01,4.414165602326318094e+01
-7.010938864586844943e+01,4.414134562620124314e+01
-7.010982387212109757e+01,4.414177976084098987e+01
-7.010568342779647821e+01,4.414344866814924018e+01
-7.010381029949222409e+01,4.414018000215224191e+01
-7.010523560886340988e+01,4.414138242883435481e+01
-7.010118198428857283e+01,4.414719488798792923e+01
-7.010493438571472780e+01,4.414744029209897747e+01
-7.009323999999999444e+01,4.415498999999999796e+01
-7.010381303180346890e+01,4.415588381291935605e+01
-7.009703289116465896e+01,4.415589354878802197e+01
-7.009137476424405122e+01,4.415432071497599509e+01
-7.010974000000000217e+01,4.414175999999999789e+01
-7.011273539578151315e+01,4.414679466014425202e+01
-7.009326602237840120e+01,4.415484389751959782e+01
-7.010335601564639774e+01,4.415001652162656853e+01
-7.011124512698474120e+01,4.414354191565170282e+01
-7.009706497953892779e+01,4.415586268168878092e+01
-7.011131776664383608e+01,4.414884716969044121e+01
-7.011125361244160104e+01,4.414706954237069425e+01
-7.011126003808492158e+01,4.414352739109497037e+01
-7.010411785289430497e+01,4.414135365226799479e+01
-7.011048736423738603e+01,4.414251334368402979e+01
-7.010526475638751265e+01,4.414914468621834231e+01
-7.010715810484708754e+01,4.415048613729874916e+01
-7.011010439277448825e+01,4.414760560324090477e+01
-7.010940732787258867e+01,4.414722328232549842e+01
-7.011010993873176744e+01,4.414867262542951210e+01
-7.010982400924639535e+01,4.414748789037511756e+01
-7.010604981663080082e+01,4.415072684658783686e+01
-7.009326176729715030e+01,4.415510182228955216e+01
-7.009327199488534177e+01,4.415511421475613218e+01
-7.011274201186434141e+01,4.414684154536379168e+01
-7.010227996662716521e+01,4.414541025332903956e+01
-7.009886000000000195e+01,4.411934999999999718e+01
-7.011050182687522181e+01,4.414252734854963478e+01
-7.010231290121994618e+01,4.414586552281095777e+01
-7.011012484043557436e+01,4.414218427102981934e+01
-7.009324639018274183e+01,4.415487953857811476e+01
-7.010417109794549617e+01,4.415072851641518525e+01
-7.010380405259935799e+01,4.415046562380553752e+01
-7.010455534528952626e+01,4.414825314101435794e+01
-7.010710960756546228e+01,4.414969910988554602e+01
-7.010974295567078229e+01,4.414164898456419905e+01
-7.010300804720543510e+01,4.415346258801753265e+01
-7.010719865055838795e+01,4.414880484649543035e+01
-7.010865021282712917e+01,4.414509302740565033e+01
-7.010640029799554895e+01,4.413992129068901704e+01
-7.010186134703316441e+01,4.412005664488571455e+01
-7.011054143655402981e+01,4.414510288679485228e+01
-7.010567790706465985e+01,4.414827826770946473e+01
-7.010414109511380332e+01,4.415533497954498898e+01
-7.009888569561503857e+01,4.411810529528196412e+01
-7.010190062078093831e+01,4.414696765388831778e+01
-7.011200539235220219e+01,4.414538423325027594e+01
-7.010870498005597540e+01,4.414992189047799798e+01
-7.010150803030212785e+01,4.411978165206118518e+01
-7.011199347827931661e+01,4.414547937145846390e+01
-7.009738335946080667e+01,4.415517020210803878e+01
-7.010717891961877513e+01,4.414832213852649545e+01
-7.010942653310502237e+01,4.414856211244267570e+01
-7.010453890432764013e+01,4.414477487874582806e+01
-7.010903260968265727e+01,4.415131350323612480e+01
-7.010789412032067958e+01,4.414777716963190102e+01
-7.011200588751616181e+01,4.414728853801045716e+01
-7.010941233074223078e+01,4.414778660947226996e+01
-7.011053558302023703e+01,4.414861036641675440e+01
-7.010936746543103482e+01,4.414137858039540419e+01
-7.010980644912329751e+01,4.415154573539555116e+01
-7.011048980428678590e+01,4.415004018449883461e+01
-7.010187844865254192e+01,4.415129064667527103e+01
-7.011391606386413855e+01,4.414775006024056836e+01
-7.010153506814256730e+01,4.414803913371657984e+01
-7.011201059488274723e+01,4.414538510816138484e+01
-7.009249760014463959e+01,4.415462412561647199e+01
-7.011089939130611981e+01,4.414322461725407720e+01
-7.011273564436277184e+01,4.414682866556363194e+01
-7.011275452204021974e+01,4.414673805879570523e+01
-7.010604306637767991e+01,4.414346102967279961e+01
-7.010644325152127010e+01,4.414801614397231333e+01
-7.010792965888396111e+01,4.414343586690998222e+01
-7.010791577274645192e+01,4.414969447519404611e+01
-7.010674871757237270e+01,4.414778729280643432e+01
-7.010975978380754725e+01,4.414539502328310761e+01
-7.010605147806202808e+01,4.415098717256765326e+01
-7.010150371087486576e+01,4.411979664275393986e+01
-7.011274928193303424e+01,4.414680443298612289e+01
-7.010342260435659512e+01,4.414320301850206363e+01
-7.010304549697657706e+01,4.415047157231213504e+01
-7.011275291476397342e+01,4.414684489966709435e+01
-7.010715134823369965e+01,4.413997245042718021e+01
-7.010335999999999501e+01,4.412069999999999936e+01
-7.009435999999999467e+01,4.415579999999999927e+01
-7.010795387784459365e+01,4.414474100128330036e+01
-7.010864001741254015e+01,4.415028051331343306e+01
-7.011093658911980242e+01,4.414748593568105406e+01
-7.010792468455709070e+01,4.415020832843303111e+01
-7.010340399251070664e+01,4.413968843055145896e+01
-7.010753030204908498e+01,4.415073955875115530e+01
-7.011092057962139279e+01,4.414752104831126189e+01
-7.010304414686316932e+01,4.414857464811185395e+01
-7.010340841070880913e+01,4.415183711134556432e+01
-7.010111688094296767e+01,4.414705579672605751e+01
-7.010149994231043991e+01,4.411979065221546392e+01
-7.010982122862002086e+01,4.414585797957315805e+01
-7.010860932738734164e+01,4.414382216560880323e+01
-7.010899000000000569e+01,4.414121999999999701e+01
-7.011126554182827419e+01,4.414351776711831121e+01
-7.010679869466450498e+01,4.415208057607836167e+01
-7.010526626094278413e+01,4.415131867865556359e+01
-7.010716877200961505e+01,4.414834017056925575e+01
-7.010489081078222284e+01,4.415054445377209191e+01
-7.011051776710390016e+01,4.414832234423752055e+01
-7.010716776416981588e+01,4.415368524543170992e+01
-7.010862557803010020e+01,4.415029688104520034e+01
-7.009324791427852119e+01,4.415487395898200873e+01
-7.010636922135230975e+01,4.415057141115798345e+01
-7.011164684744572639e+01,4.414672530060078515e+01
-7.010715157064167613e+01,4.414751785768134340e+01
-7.011243310499187942e+01,4.414855673289714844e+01
-7.010605279825723812e+01,4.414966062764272436e+01
-7.011236748234323102e+01,4.414711241550301679e+01
-7.011312881382326623e+01,4.414703058661523016e+01
-7.011126823502135608e+01,4.414486781878935773e+01
-7.010416742929406553e+01,4.414938991489730569e+01
-7.010150160571012634e+01,4.411975746745559235e+01
-7.009324845450144892e+01,4.415489141946132889e+01
-7.010412405876452624e+01,4.414948685566958630e+01
-7.009966830893532119e+01,4.414938747162604926e+01
-7.010638611637023132e+01,4.415671767543277326e+01
-7.010224962915306435e+01,4.414029929683082543e+01
-7.011086906704025523e+01,4.414461723910757485e+01
-7.009961646576454086e+01,4.414814976140111469e+01
-7.011088341726127737e+01,4.414593632611308038e+01
-7.011125349147596353e+01,4.414489756060697800e+01
-7.011016659973842025e+01,4.414854818281002480e+01
-7.011202850363409311e+01,4.414861098573275910e+01
-7.010562650686556196e+01,4.415543180921203970e+01
-7.011128410307796344e+01,4.414538398485024118e+01
-7.011088513399889166e+01,4.414320945466615598e+01
-7.010940349974757169e+01,4.414888542060574395e+01
-7.010489696048648511e+01,4.414348337010630274e+01
-7.010416208655628623e+01,4.414316828785852209e+01
-7.010490016186200535e+01,4.415184556587408338e+01
-7.010489664538593502e+01,4.415048563513624913e+01
-7.010716807721615851e+01,4.414886025935485492e+01
-7.011088911743674146e+01,4.414322183307711356e+01
-7.010338212590237106e+01,4.415399358178164846e+01
-7.010530846311799280e+01,4.414906860790970455e+01
-7.010973834191014475e+01,4.414161295003667362e+01
-7.010678169043448804e+01,4.415073974735846463e+01
-7.010340580299113356e+01,4.414452329383506424e+01
-7.010382209305029733e+01,4.414418252669673848e+01
-7.010448999999999842e+01,4.412205000000000155e+01
-7.010189480456833166e+01,4.415209985134233506e+01
-7.010188500802973977e+01,4.415133409805554265e+01
-7.010075510036027424e+01,4.415136864975210074e+01
-7.011050369353813494e+01,4.414245549674408409e+01
-7.010490528802424137e+01,4.414455539191685318e+01
-7.009326102492518373e+01,4.415486520519025504e+01
-7.011199000000000581e+01,4.414553999999999689e+01
-7.011199000000000581e+01,4.414553999999999689e+01
-7.011199000000000581e+01,4.414553999999999689e+01
-7.011312290416957183e+01,4.414700852940344333e+01
-7.011275013127900024e+01,4.414684097505509186e+01
-7.010979218804860125e+01,4.414562655262067636e+01
-7.010005756315426595e+01,4.415293030323152834e+01
-7.010673848589134138e+01,4.414974860895085129e+01
-7.011129008622874892e+01,4.414617927992162549e+01
-7.011200495568799340e+01,4.414544768768262628e+01
-7.011275008876478410e+01,4.414676790416129393e+01
-7.010908453487071768e+01,4.414231186699398535e+01
-7.010678462342193029e+01,4.415129953071496516e+01
-7.010829541761688688e+01,4.414963200580369573e+01
-7.010904371011542935e+01,4.415017952367722387e+01
-7.009249133282563093e+01,4.415465828600378018e+01
-7.010713899709122643e+01,4.414727720079408613e+01
-7.010077185742274253e+01,4.414348722984451001e+01
-7.010637471129896880e+01,4.414947113940291246e+01
-7.011124859524380781e+01,4.414351233087052151e+01
-7.010528960023513889e+01,4.414375232892728462e+01
-7.010411535972322383e+01,4.415543339208795004e+01
-7.010375417752548799e+01,4.415274231548080053e+01
-7.010975964072294175e+01,4.414946682360332630e+01
-7.010904699480215641e+01,4.414965353100734546e+01
-7.011312970508558351e+01,4.414702409857718379e+01
-7.011311838761669435e+01,4.414706663281761223e+01
-7.009249303554153698e+01,4.415466191471109170e+01
-7.010866176893233614e+01,4.414236647056340246e+01
-7.010755460426740626e+01,4.414292132812640546e+01
-7.011162410363850483e+01,4.414675202965950263e+01
-7.009324772172408302e+01,4.415489476776041045e+01
-7.010715933953093781e+01,4.414698680262888786e+01
-7.010786491879740367e+01,4.414030369019192790e+01
-7.010563321206747389e+01,4.415672229564675177e+01
-7.010975117791096523e+01,4.414165680566844685e+01
-7.010787009279863469e+01,4.415190855909963119e+01
-7.011199688021439158e+01,4.414540616198726042e+01
-7.010339705002486710e+01,4.415723174312688570e+01
-7.011167567824188041e+01,4.414614263589643173e+01
-7.010935894357275799e+01,4.414576012601226296e+01
-7.009323999999999444e+01,4.415498999999999796e+01
-7.011276385723829208e+01,4.414678759710231759e+01
-7.011275297314254829e+01,4.414679482549151857e+01
-7.011275915857189034e+01,4.414675042959983386e+01
-7.009324124536408362e+01,4.415493347429148940e+01
-7.010786224215337370e+01,4.415656591916510365e+01
-7.010230886683915230e+01,4.415591005429069327e+01
-7.008985601338964955e+01,4.415466140240130954e+01
-7.010527781076621068e+01,4.415000091976937568e+01
-7.010718385315814771e+01,4.414695324997695280e+01
-7.011273930915031372e+01,4.414684486274723696e+01
-7.011275053403633706e+01,4.414677928312584498e+01
-7.010150507120162899e+01,4.411977907132619947e+01
-7.010151982097902135e+01,4.411975708019966902e+01
-7.010418728460827253e+01,4.415127529732804135e+01
-7.010714350840127906e+01,4.414993996715325864e+01
-7.010976606589686355e+01,4.414678702140285793e+01
-7.011088993650562884e+01,4.414590812699886868e+01
-7.010114910163990487e+01,4.415344241956744042e+01
-7.009967918009436971e+01,4.415313108458825297e+01
-7.011053833596551499e+01,4.414536468408432057e+01
-7.011089334896718128e+01,4.414644685956461245e+01
-7.011160999999999888e+01,4.414553999999999689e+01
-7.011012719574431173e+01,4.414216836524430221e+01
-7.010788944134927192e+01,4.415050254089057802e+01
-7.010565689081902008e+01,4.415020145450269951e+01
-7.010568198137023899e+01,4.415262959947218491e+01
-7.010565436516826310e+01,4.414940345498666119e+01
-7.010150410647526087e+01,4.415156532153266511e+01
-7.009549432654736734e+01,4.415601095324358738e+01
-7.011201465405976307e+01,4.414622274336986152e+01
-7.010565543564553082e+01,4.415749545144061727e+01
-7.011430524881083670e+01,4.414854161894329110e+01
-7.010678258264591989e+01,4.414835679721783634e+01
-7.010861826688147858e+01,4.414567826843139642e+01
-7.010904112747095951e+01,4.414859696720419890e+01
-7.010037656891314839e+01,4.414862861277302386e+01
-7.010937146996150204e+01,4.414140304965717831e+01
-7.009252058567763299e+01,4.415458612854837384e+01
-7.010974802803775674e+01,4.415137799403407115e+01
-7.010866267667263685e+01,4.415129099121809020e+01
-7.011092499415167367e+01,4.414532483004529695e+01
-7.010419376124545465e+01,4.414798382894635154e+01
-7.010416431244981084e+01,4.414427032459869338e+01
-7.011012412151278284e+01,4.414213239658550947e+01
-7.011015029179412750e+01,4.414588834141220275e+01
-7.010636321711270114e+01,4.414921441671521052e+01
-7.011090900700618533e+01,4.414881180481079070e+01
-7.010636686147688579e+01,4.414760423687493329e+01
-7.010937248148350420e+01,4.414138420200901436e+01
-7.010864732226896479e+01,4.414891661553500768e+01
-7.009626371995021543e+01,4.413837854863781018e+01
-7.011199388816733347e+01,4.414544898515413252e+01
-7.010976491757982387e+01,4.414833137133702934e+01
-7.010750566344684387e+01,4.415084783346982533e+01
-7.010457145460100037e+01,4.414988999724658925e+01
-7.011274438719487989e+01,4.414674322056639966e+01
-7.010637422132103325e+01,4.415025206192660789e+01
-7.010565351681465529e+01,4.414023606132857935e+01
-7.009436587472937674e+01,4.415568730737529535e+01
-7.010303612096750214e+01,4.415314387470318280e+01
-7.010943046544794299e+01,4.414556540752778346e+01
-7.009743155594465236e+01,4.415692590083779123e+01
-7.010901259153462206e+01,4.414862060452052361e+01
-7.010639967990186960e+01,4.414135970673294196e+01
-7.011093709564970311e+01,4.414911012231497978e+01
-7.010606647601032648e+01,4.415070146737507883e+01
-7.011048999999999864e+01,4.414256999999999920e+01
-7.011425782023695774e+01,4.414759652833601677e+01
-7.011054056841875592e+01,4.414860221765167836e+01
-7.009324465087588862e+01,4.415485988146189555e+01
-7.010867410264953037e+01,4.414910562274584294e+01
-7.011126192240696753e+01,4.414354387411818692e+01
-7.010412225450076562e+01,4.415056989263750609e+01
-7.011354120712145743e+01,4.414915373971632562e+01
-7.010459213423519031e+01,4.414556727920653145e+01
-7.010342072490267640e+01,4.412129931376755820e+01
-7.011167038351764802e+01,4.414748743380109630e+01
-7.010449212780767425e+01,4.415138027203859394e+01
-7.010679861792657164e+01,4.414156382667788847e+01
-7.011056114132020411e+01,4.414777143945546811e+01
-7.010981923734469490e+01,4.414725234539174892e+01
-7.011126744837866909e+01,4.414350916489338772e+01
-7.010526856959916131e+01,4.414970163684976256e+01
-7.011274000000000228e+01,4.414688999999999908e+01
-7.010976843900552069e+01,4.414160949671027367e+01
-7.011312755777628070e+01,4.414706840324310377e+01
-7.010864191222272268e+01,4.415076623512940301e+01
-7.010791468732719522e+01,4.415097557855070676e+01
-7.009810437780286918e+01,4.411821014303620103e+01
-7.011200696335639293e+01,4.414544431728660356e+01
-7.009249902091558226e+01,4.415465810724460738e+01
-7.009886000000000195e+01,4.411827000000000254e+01
-7.009738876116092854e+01,4.415560337226825993e+01
-7.010974000000000217e+01,4.414175999999999789e+01
-7.009437351572314867e+01,4.415569805896479494e+01
-7.011274000000000228e+01,4.414688999999999908e+01
-7.011274000000000228e+01,4.414688999999999908e+01
-7.010569890939383697e+01,4.415066792870288737e+01
-7.010974655766258934e+01,4.414165630442047217e+01
-7.009253046586563585e+01,4.415456636468526597e+01
-7.010681425471933892e+01,4.414907793550601411e+01
-7.010527982077702802e+01,4.414809462393169781e+01
-7.010757866695063001e+01,4.415639887470646840e+01
-7.010936259440842377e+01,4.414143404016954975e+01
-7.009854116109227107e+01,4.414996207351428836e+01
-7.010752937383506378e+01,4.415020043443895048e+01
-7.010790133311435568e+01,4.415130089661656143e+01
-7.011131715699606559e+01,4.414907953874440949e+01
-7.009174000000000149e+01,4.415471999999999753e+01
-7.010975061667448927e+01,4.414165100126646024e+01
-7.011049394576582472e+01,4.414245980836491157e+01
-7.009928721432157772e+01,4.415129671178571158e+01
-7.009857091437004328e+01,4.415315593151657225e+01
-7.010008159928527505e+01,4.415044537884732989e+01
-7.010491368493083542e+01,4.414124795399650480e+01
-7.010301355968401538e+01,4.414215119327322157e+01
-7.010974037890139243e+01,4.414165756123060191e+01
-7.010714819210822668e+01,4.414862510301824727e+01
-7.011086000000000240e+01,4.414338000000000051e+01
-7.011125039825010674e+01,4.414359593482168265e+01
-7.010792017660081399e+01,4.414642812784439485e+01
-7.011015836066265194e+01,4.414614903877853180e+01
-7.010002639416397585e+01,4.414722479297533653e+01
-7.010341192925375253e+01,4.414397985680287917e+01
-7.010337841004083259e+01,4.414323670933056576e+01
-7.009855302437324553e+01,4.414992472307132942e+01
-7.011016092885920159e+01,4.414719790478176265e+01
-7.010341052451170185e+01,4.415453415691121819e+01
-7.010337933466546190e+01,4.412053166165894424e+01
-7.010263481383491069e+01,4.414888632043084726e+01
-7.010078106670725617e+01,4.414669644139814864e+01
-7.010974132639809397e+01,4.414732861016091903e+01
-7.010903957736972814e+01,4.414887093776005145e+01
-7.011051762311858226e+01,4.414243292754542125e+01
-7.011316947305785163e+01,4.414774560898882072e+01
-7.010339173465722240e+01,4.414426060774878380e+01
-7.010455425690953746e+01,4.414286310868312313e+01
-7.010382022637585919e+01,4.414369278018254050e+01
-7.011274899517009374e+01,4.414677944581867308e+01
-7.011201411506112890e+01,4.414543313290906923e+01
-7.011126325787188307e+01,4.414351086009035185e+01
-7.010864141637091507e+01,4.415047041754972668e+01
-7.010830786768767098e+01,4.415072247797606764e+01
-7.010864357608477349e+01,4.414994965916660163e+01
-7.010265560553241926e+01,4.415077087998799499e+01
-7.009548999999999808e+01,4.415606999999999971e+01
-7.010078786406737095e+01,4.414692235972661649e+01
-7.010416183088766218e+01,4.414294208773245742e+01
-7.011318839791584878e+01,4.414882635419752432e+01
-7.011205524478256734e+01,4.414826591430558267e+01
-7.010337408384448565e+01,4.412058658003738998e+01
-7.010532604672447121e+01,4.414236173987799816e+01
-7.010340776653458761e+01,4.414210299451864472e+01
-7.009891767342158175e+01,4.415286078784571089e+01
-7.010380801918216775e+01,4.414697398059855260e+01
-7.010906810945537870e+01,4.414959068232496264e+01
-7.010303112107717993e+01,4.414345922101558983e+01
-7.010526668253984894e+01,4.414105158484132829e+01
-7.010303861978775330e+01,4.415564370557082441e+01
-7.011011336695131035e+01,4.414783310175847930e+01
-7.011312172224641870e+01,4.414837586311385564e+01
-7.011049372545123504e+01,4.414921215067257521e+01
-7.011203474256636525e+01,4.414643291611960763e+01
-7.011018689541040771e+01,4.414799299901125096e+01
-7.010604989042458612e+01,4.414374405708289117e+01
-7.010568767746015340e+01,4.415045640245279657e+01
-7.009630721415311427e+01,4.413854847221337963e+01
-7.010150202577993639e+01,4.411979032515424848e+01
-7.010829176337108493e+01,4.414806846458703404e+01
-7.010600575838608961e+01,4.414888308038811005e+01
-7.011126784808435275e+01,4.414698365454999873e+01
-7.010640601674282379e+01,4.415045866891566817e+01
-7.010862826249432089e+01,4.414192856039078094e+01
-7.010414960767937487e+01,4.414024588884522871e+01
-7.009853545057352164e+01,4.414932530190642979e+01
-7.010938038942578032e+01,4.414814041602295447e+01
-7.010787178887203197e+01,4.414845504808825183e+01
-7.009323843476879290e+01,4.415489018811332755e+01
-7.011206687829684370e+01,4.414557240941682181e+01
-7.011274149045483739e+01,4.414680207450201976e+01
-7.009324093060331506e+01,4.415488834284674624e+01
-7.011013882755419502e+01,4.414993524589772278e+01
-7.011274286396559319e+01,4.414683765140305383e+01
-7.009815948902320315e+01,4.411863532465447690e+01
-7.011349151658212975e+01,4.414738518147415647e+01
-7.010602546549145586e+01,4.414913880854180661e+01
-7.011273828994306712e+01,4.414684280404330963e+01
-7.011273730418844252e+01,4.414678996924062915e+01
-7.011170125427470623e+01,4.414800683469858456e+01
-7.010790034709802399e+01,4.414974195056667838e+01
-7.010828017667084566e+01,4.414916568110326267e+01
-7.009323999999999444e+01,4.415498999999999796e+01
-7.011428728064329619e+01,4.414754789662993062e+01
-7.011199941088584353e+01,4.414868799143453515e+01
-7.010906634876786825e+01,4.414746055219527676e+01
-7.010493647632549141e+01,4.414347567239735781e+01
-7.010119250108252231e+01,4.414587387748891700e+01
-7.009250379165357003e+01,4.415463281483193470e+01
-7.010418491422655052e+01,4.414450642137388314e+01
-7.010565870266927391e+01,4.414934493502787660e+01
-7.010193200280534143e+01,4.414257370770097566e+01
-7.010899090181358417e+01,4.414111035377667491e+01
-7.011013152691701578e+01,4.414220391544081679e+01
-7.009291540676676391e+01,4.415556086185637952e+01
-7.009251570132683185e+01,4.415511677534207280e+01
-7.010973606230636790e+01,4.414166924287177807e+01
-7.010118513508474791e+01,4.414667714808931009e+01
-7.010975256893141250e+01,4.414166293165688870e+01
-7.011199000000000581e+01,4.414553999999999689e+01
-7.010530715871311713e+01,4.414148626583108381e+01
-7.010454469725820559e+01,4.414074423101983058e+01
-7.010637699402923317e+01,4.414890758207115340e+01
-7.010679338660638393e+01,4.415017441717620983e+01
-7.009323999999999444e+01,4.415498999999999796e+01
-7.009323999999999444e+01,4.415498999999999796e+01
-7.010149484154992194e+01,4.411978289305771739e+01
-7.010148256263975952e+01,4.411980433955008607e+01
-7.010233125025575873e+01,4.415259745875504649e+01
-7.010341793858013659e+01,4.415019959570991404e+01
-7.010231293436244471e+01,4.415156827650075400e+01
-7.010229531807144099e+01,4.414988516401507468e+01
-7.011244057950018771e+01,4.414747060328028283e+01
-7.010043713939217014e+01,4.414773279615101131e+01
-7.010681884889918081e+01,4.414772761122220146e+01
-7.010641581934363842e+01,4.414746266033165512e+01
-7.011049691555783170e+01,4.414894476530852074e+01
-7.010451426827273735e+01,4.414376418130833457e+01
-7.009251173670160995e+01,4.415460478065894989e+01
-7.010865983861650363e+01,4.414158189415541500e+01
-7.010037221101974581e+01,4.415354372145018402e+01
-7.010156366248287441e+01,4.415313092443816601e+01
-7.010035664790582643e+01,4.415272962889708452e+01
-7.011048290462359489e+01,4.414246518099820094e+01
-7.009668663162439373e+01,4.415583937422632488e+01
-7.009435941608494147e+01,4.415574935018215541e+01
-7.011202628424106820e+01,4.414541362628784071e+01
-7.011202688398691407e+01,4.414541405441467958e+01
-7.010192953953352912e+01,4.415340267087421466e+01
-7.010492493777866230e+01,4.414964537471162487e+01
-7.010189456237819172e+01,4.414098230221635788e+01
-7.010413146451806199e+01,4.414436124332942768e+01
-7.010569117222875946e+01,4.415096000376935592e+01
-7.010565100716586073e+01,4.415075437859535867e+01
-7.010529434276895699e+01,4.414993558423593356e+01
-7.011200303280483581e+01,4.414540991562655847e+01
-7.010417743651581191e+01,4.415043861890571009e+01
-7.010227250633506912e+01,4.415020246628978384e+01
-7.009368598554108587e+01,4.415527050440866930e+01
-7.009361388257062231e+01,4.415521789815882414e+01
-7.010682554898222918e+01,4.414125391331892700e+01
-7.010756912614662895e+01,4.414098026685759635e+01
-7.010825570021250996e+01,4.414193957530409307e+01
-7.010151368338394207e+01,4.411977898190143321e+01
-7.010943964143713458e+01,4.415127061138766607e+01
-7.011388456790466250e+01,4.414916956266976911e+01
-7.010906737279717049e+01,4.414722589910022776e+01
-7.010607214700222301e+01,4.415017175779669145e+01
-7.010940963160378203e+01,4.415155771747794233e+01
-7.010979921814377747e+01,4.414774888345105097e+01
-7.011280662553353693e+01,4.414798547594833877e+01
-7.011385654181559346e+01,4.414763830180969961e+01
-7.011314346310285828e+01,4.414700518042369737e+01
-7.009925747961104037e+01,4.414810724758137894e+01
-7.011274646905293650e+01,4.414683224809508744e+01
-7.009554205504285562e+01,4.413861774029232521e+01
-7.010490177876020823e+01,4.414995545118978271e+01
-7.010418351330228859e+01,4.415044682795466002e+01
-7.010528458569388022e+01,4.415049017978175527e+01
-7.011126093954067073e+01,4.414355811298401022e+01
-7.010453453962330173e+01,4.414400491015285866e+01
-7.010566547418372352e+01,4.414372821071982855e+01
-7.010302316723628735e+01,4.414348951812024069e+01
-7.010413858112781327e+01,4.414028461401580472e+01
-7.011274748475705110e+01,4.414684086761567272e+01
-7.011276300253308591e+01,4.414676099722601066e+01
-7.011274922340797389e+01,4.414678466790321920e+01
-7.010901369260021454e+01,4.414866580151399234e+01
-7.010418518678970656e+01,4.414369639962894354e+01
-7.010081489704190005e+01,4.415288967598458214e+01
-7.010153494370779015e+01,4.415292693360090226e+01
-7.010158145365927851e+01,4.415336641471190404e+01
-7.010937560783698075e+01,4.414614908600871246e+01
-7.011275298078768969e+01,4.414675828321513507e+01
-7.010974214530962456e+01,4.414162931998613715e+01
-7.010975268897382762e+01,4.414165081322657613e+01
-7.010608781266903122e+01,4.414873150023477422e+01
-7.010600059989820920e+01,4.414976678540107002e+01
-7.011391379460665974e+01,4.414780231541495681e+01
-7.011280057930461851e+01,4.414725099798983621e+01
-7.010605051291479128e+01,4.414991733057666323e+01
-7.010569457737310017e+01,4.415043800902660109e+01
-7.011052008302368677e+01,4.414240685689492949e+01
-7.011355430249636811e+01,4.414831688470859916e+01
-7.009323999999999444e+01,4.415498999999999796e+01
-7.010637587418243299e+01,4.414895817481671259e+01
-7.010714522510069457e+01,4.414858237435267085e+01
-7.010341417813707210e+01,4.415427528834389648e+01
-7.010265518047629030e+01,4.415426327403609008e+01
-7.011276814828778470e+01,4.414675019631052066e+01
-7.009738502841339880e+01,4.415291672717152238e+01
-7.009778299314523053e+01,4.415320519813070632e+01
-7.010265560792090866e+01,4.414884742090165304e+01
-7.010229599523154320e+01,4.414748142497908390e+01
-7.011385936158755783e+01,4.414809249558332027e+01
-7.011056100190131701e+01,4.414830571356252875e+01
-7.011051536397265238e+01,4.414781255724665243e+01
-7.011015743571361725e+01,4.414801674316053237e+01
-7.011202767830260996e+01,4.414540223618050874e+01
-7.011200648005662117e+01,4.414544173599398391e+01
-7.010940503175935135e+01,4.414697110402082103e+01
-7.011017656604218473e+01,4.414501257870799122e+01
-7.010413694981377830e+01,4.414352171894853427e+01
-7.010791927605119156e+01,4.413561578815603070e+01
-7.011132556714814257e+01,4.414530818787197575e+01
-7.010342346162769900e+01,4.415529660924805455e+01
-7.010487724537104270e+01,4.414139671830331935e+01
-7.010450549443163482e+01,4.414104611077426199e+01
-7.011086000000000240e+01,4.414338000000000051e+01
-7.011318133752206450e+01,4.414751850378848985e+01
-7.010414832903960303e+01,4.414427631505863303e+01
-7.010831591490909886e+01,4.415207325791429582e+01
-7.011242237941584676e+01,4.414747114606527845e+01
-7.009251379760357281e+01,4.415460930621124902e+01
-7.009248669445865687e+01,4.415466599539775672e+01
-7.010718737676648971e+01,4.415046317242539686e+01
-7.010715978065071852e+01,4.415022279735750033e+01
-7.010487244735506351e+01,4.414974674212729866e+01
-7.009555588855087649e+01,4.413887712902115368e+01
-7.010457456764265771e+01,4.414913279940623880e+01
-7.011169733168837581e+01,4.414749389467576179e+01
-7.010530685797876060e+01,4.415428667369214821e+01
-7.010226288440179587e+01,4.415296575676261170e+01
-7.010753157193656193e+01,4.414941234424439642e+01
-7.010830175355557969e+01,4.414182909566673629e+01
-7.011049580777714141e+01,4.414273876547029829e+01
-7.011052619053793933e+01,4.414402257668583474e+01
-7.010980872946667830e+01,4.414483091868559228e+01
-7.011016607483635710e+01,4.414832723726397745e+01
-7.011123675707800373e+01,4.414359318333206517e+01
-7.011090910119520458e+01,4.414780985267427127e+01
-7.009925118618980378e+01,4.414787299288514788e+01
-7.009437662090019217e+01,4.415566970260518076e+01
-7.010485561485307926e+01,4.414922297834348086e+01
-7.010193702014129258e+01,4.415152352140372471e+01
-7.010790558506909065e+01,4.415210579207305841e+01
-7.010491070809790415e+01,4.414940410577798957e+01
-7.009628082817768302e+01,4.415588381149527919e+01
-7.011199730288112164e+01,4.414732116113685834e+01
-7.010977823048695257e+01,4.414860179004406859e+01
-7.010751954950609388e+01,4.415104988642332273e+01
-7.010938103208779637e+01,4.414864474283751150e+01
-7.010527490163207176e+01,4.414917534422407641e+01
-7.010568795923504126e+01,4.414990231605956694e+01
-7.010299109615402813e+01,4.415465818980811008e+01
-7.010530862881863357e+01,4.415019804972286011e+01
-7.010150488665203738e+01,4.411974136487363296e+01
-7.010533322044186377e+01,4.414911508975209387e+01
-7.010341100333916131e+01,4.414992677848159275e+01
-7.010793534529386761e+01,4.414885423141669918e+01
-7.011011000000000593e+01,4.414229999999999876e+01
-7.010788526845659874e+01,4.414080510511986688e+01
-7.011238661207281098e+01,4.414782587575491846e+01
-7.010795411192381721e+01,4.414370626927427566e+01
-7.011053890009137035e+01,4.414265362715416785e+01
-7.010601824931224257e+01,4.414078170824197400e+01
-7.010456278423266951e+01,4.415072990653823837e+01
-7.010831455529324785e+01,4.414995442913173918e+01
-7.010080115072764784e+01,4.415076673730821710e+01
-7.010905723502817466e+01,4.415122320739479989e+01
-7.010606148037868479e+01,4.415342176878661462e+01
-7.010533055386760282e+01,4.414422770817207464e+01
-7.010418934511514522e+01,4.414855800167421052e+01
-7.010833638178692695e+01,4.414424665477260845e+01
-7.010190174311377120e+01,4.415180073394137850e+01
-7.010721172453668260e+01,4.414394317882238283e+01
-7.010528664826722434e+01,4.414345659843583292e+01
-7.010266882347706030e+01,4.414453047466012237e+01
-7.011011464705926244e+01,4.414597854227395146e+01
-7.010267420932096627e+01,4.415075438332072366e+01
-7.009850449942399564e+01,4.411809828219985263e+01
-7.010600197458238370e+01,4.415588974083383533e+01
-7.010755979935353821e+01,4.415153983172245233e+01
-7.011238430379941633e+01,4.414697585673226143e+01
-7.011274000000000228e+01,4.414688999999999908e+01
-7.011019811994425766e+01,4.414828294201701198e+01
-7.011165902160401231e+01,4.414670884253393979e+01
-7.010150731598510276e+01,4.411974531111587794e+01
-7.010945922526394725e+01,4.414991738237207386e+01
-7.010978040341854012e+01,4.414806254551642439e+01
-7.011274744247938884e+01,4.414679108227157656e+01
-7.010530109327656589e+01,4.414456432141731312e+01
-7.009216954767869368e+01,4.415507021159849188e+01
-7.010117082007430156e+01,4.415125534830953313e+01
-7.010755399832900991e+01,4.415043770753283781e+01
-7.010825553487526918e+01,4.414969512618867498e+01
-7.010943809102478497e+01,4.414992063028307001e+01
-7.011314904072918353e+01,4.414834535290196271e+01
-7.010758282786230211e+01,4.415041413916027579e+01
-7.011126517797899282e+01,4.414381756398769596e+01
-7.009292513433923943e+01,4.415644836196036493e+01
-7.009290441934740556e+01,4.415588141437397951e+01
-7.010755530021275206e+01,4.414721695505017607e+01
-7.010301679908199901e+01,4.414104295696343883e+01
-7.011241358867989959e+01,4.414751755542710043e+01
-7.011240200042408333e+01,4.414749726159559629e+01
-7.011275469536437299e+01,4.414678456790059613e+01
-7.011311894654451748e+01,4.414706677523508915e+01
-7.009328337804477371e+01,4.415484336689119260e+01
-7.010935503337535124e+01,4.414138665339046952e+01
-7.010716604982064837e+01,4.414965396791385643e+01
-7.010755806005806789e+01,4.414937264651631921e+01
-7.011200383439587824e+01,4.414541010879478478e+01
-7.011241150485479068e+01,4.414859876219361468e+01
-7.010490347355572283e+01,4.415587392409008771e+01
-7.010490070422935105e+01,4.415563066151347726e+01
-7.010529786310152645e+01,4.415153011429346464e+01
-7.010642013573502140e+01,4.415204227450716701e+01
-7.010830417635577305e+01,4.415125780982938863e+01
-7.010906971408617494e+01,4.415046717811516430e+01
-7.010452222669313471e+01,4.414267675239627664e+01
-7.010374296452341980e+01,4.414273617676707318e+01
-7.010041159590619486e+01,4.415321245064254896e+01
-7.010155488237671761e+01,4.415369982598357268e+01
-7.010454788411551874e+01,4.414964042017059143e+01
-7.009707023189730535e+01,4.415531799347344588e+01
-7.011131086973220761e+01,4.414908760040349023e+01
-7.011092268819389517e+01,4.414802876453978797e+01
-7.009323999999999444e+01,4.415498999999999796e+01
-7.011241370033212661e+01,4.414697653519247211e+01
-7.010830206637014328e+01,4.415185859995072093e+01
-7.010566577607727368e+01,4.414940688302050376e+01
-7.010979798583278466e+01,4.414883650957392547e+01
-7.010791771147546569e+01,4.414881068247931495e+01
-7.010303709495140367e+01,4.414267158219709586e+01
-7.010976032680488856e+01,4.414166363443714403e+01
-7.010494568644247693e+01,4.414343546267010510e+01
-7.010191543748246090e+01,4.415478001672924790e+01
-7.010412876830957885e+01,4.414866894141965048e+01
-7.010496280001375169e+01,4.414014145185465310e+01
-7.010265356260389069e+01,4.415342625896261097e+01
-7.011096303275370190e+01,4.414853398869958312e+01
-7.011274903959092342e+01,4.414684395575347509e+01
-7.010941726356109882e+01,4.414880829714660138e+01
-7.010936652120645363e+01,4.414890950031282557e+01
-7.010565569557157062e+01,4.414754460534053493e+01
-7.009289361226451831e+01,4.415535515283474410e+01
-7.010677230734299314e+01,4.414643598933241719e+01
-7.010335694781672089e+01,4.412064760874195457e+01
-7.010455973653870387e+01,4.414383364159348844e+01
-7.011012641764516218e+01,4.414837640957730258e+01
-7.010185980644708081e+01,4.415138791215732539e+01
-7.010036991267622852e+01,4.415267247523760830e+01
-7.010004199206738917e+01,4.415400402823259185e+01
-7.010084830889827856e+01,4.415420046124793885e+01
-7.011127874947071348e+01,4.414776451207808350e+01
-7.011049393787307338e+01,4.414354814858252496e+01
-7.011126353585780180e+01,4.414349914861328017e+01
-7.011051269467826330e+01,4.414244782603716999e+01
-7.011050335415333734e+01,4.414250981234393123e+01
-7.011016150354126353e+01,4.414806846481446456e+01
-7.010980824668638434e+01,4.414778121195066518e+01
-7.010978806537933394e+01,4.414720295217014723e+01
-7.010490712953669856e+01,4.414958378990881016e+01
-7.010383615637456955e+01,4.415016198731564145e+01
-7.010492260434236300e+01,4.414993230591552020e+01
-7.010793025650605159e+01,4.415071500541210270e+01
-7.010717513062409978e+01,4.415103815181865343e+01
-7.010677335718531822e+01,4.415128999056992853e+01
-7.011093123897204293e+01,4.414475119321840424e+01
-7.011090949294580810e+01,4.414481244727433307e+01
-7.009250148109343570e+01,4.415461321131772365e+01
-7.009323999999999444e+01,4.415498999999999796e+01
-7.010563334598954555e+01,4.415107000509863866e+01
-7.010565960072804614e+01,4.415074474110768676e+01
-7.010975238297636736e+01,4.414868607910690201e+01
-7.010042250468467273e+01,4.414749372873939848e+01
-7.010041101804677055e+01,4.414724128552776250e+01
-7.010150031532974424e+01,4.411982992545072335e+01
-7.010150039322664384e+01,4.411982842536298222e+01
-7.010754413801846852e+01,4.414942041682080998e+01
-7.010719180828974118e+01,4.415021679314278913e+01
-7.010826925630105677e+01,4.415022417113166142e+01
-7.010111241793227066e+01,4.415375604869507953e+01
-7.010114515109076194e+01,4.415345791064383008e+01
-7.010075632878968577e+01,4.415402398766252645e+01
-7.010381511380846575e+01,4.414635347793137754e+01
-7.010756319778248269e+01,4.414907752694038123e+01
-7.011128872342290208e+01,4.414749453567277016e+01
-7.009323999999999444e+01,4.415498999999999796e+01
-7.009326110213905281e+01,4.415488257805536421e+01
-7.010638649568423375e+01,4.414969089546932679e+01
-7.010530664153228031e+01,4.414991321143610747e+01
-7.010863201497400610e+01,4.414597432261759025e+01
-7.011011266972246858e+01,4.414761188091619459e+01
-7.011056082129539391e+01,4.414694646224911168e+01
-7.010338132569459901e+01,4.414353514196637462e+01
-7.010299853024574190e+01,4.414382103244741984e+01
-7.010006508293402305e+01,4.413100005646794699e+01
-7.010492246035494190e+01,4.414884538310163720e+01
-7.010382835362385379e+01,4.414853410514813703e+01
-7.010379102129185469e+01,4.414317144218971833e+01
-7.010342519151967622e+01,4.414155879255123693e+01
-7.010824846089899154e+01,4.415083930066739981e+01
-7.011274516844825655e+01,4.414679259366805297e+01
-7.011275423454458178e+01,4.414679106830862310e+01
-7.011274901997592224e+01,4.414677282999853958e+01
-7.010569700495058498e+01,4.414990583345509378e+01
-7.010190382203040826e+01,4.415102623336353815e+01
-7.010604334725678655e+01,4.414909155919910688e+01
-7.011312721145117166e+01,4.414752220917365833e+01
-7.011354251229869305e+01,4.414830125227931035e+01
-7.010307857923281460e+01,4.414284183630499570e+01
-7.011127993561841265e+01,4.414862880699194392e+01
-7.010148760933904555e+01,4.411978373050130386e+01
-7.010755070977567982e+01,4.414989306258708979e+01
-7.010831201818973568e+01,4.414527772510594161e+01
-7.010187675707508959e+01,4.415135631902799673e+01
-7.011128052119252629e+01,4.414751221825323313e+01
-7.011085926390107659e+01,4.414869723290145487e+01
-7.010942314378280571e+01,4.415022444791818401e+01
-7.010641205687007016e+01,4.415152567088372848e+01
-7.010115220258924751e+01,4.415320924653142498e+01
-7.010939509446633622e+01,4.414834084846560103e+01
-7.010226682232412543e+01,4.414321204561374401e+01
-7.010456934826486020e+01,4.415042665924012510e+01
-7.010231657229603286e+01,4.415399316100709370e+01
-7.010457097811797667e+01,4.415018024430825960e+01
-7.010457122661155438e+01,4.414288444633383790e+01
-7.010679130914564894e+01,4.414885320682144965e+01
-7.010941593730485977e+01,4.414993846599881522e+01
-7.010188678813426577e+01,4.415185680699291737e+01
-7.011016025313429623e+01,4.414970818223299887e+01
-7.010150253560605904e+01,4.411977856051414904e+01
-7.011275463173717526e+01,4.414678863932107333e+01
-7.011274314477587666e+01,4.414683483692297727e+01
-7.010306232157502393e+01,4.414314058277668806e+01
-7.011240573070632820e+01,4.414834618358796092e+01
-7.010339045204044339e+01,4.415130998495703096e+01
-7.010605366907159919e+01,4.414883659164664209e+01
-7.010154187175939455e+01,4.415074943344146874e+01
-7.010375176939317043e+01,4.414404897245843529e+01
-7.010792797717326152e+01,4.414887900591742920e+01
-7.010754219477391302e+01,4.414617659691253237e+01
-7.010753828122274456e+01,4.414400527598456137e+01
-7.010789571792615504e+01,4.414892500672334563e+01
-7.010641477002214117e+01,4.415074503926084049e+01
-7.010675537690765680e+01,4.415020562417732464e+01
-7.010150223089172528e+01,4.411984290512214812e+01
-7.010755047853429289e+01,4.414610347734842577e+01
-7.009786037195323161e+01,4.411852099344415024e+01
-7.010565177539045578e+01,4.414267091238884433e+01
-7.010750350338275894e+01,4.414868891580306354e+01
-7.011274000000000228e+01,4.414688999999999908e+01
-7.010456162866434227e+01,4.415073302078192086e+01
-7.010936608786347790e+01,4.415165025485367067e+01
-7.010606524774485138e+01,4.414987986443334478e+01
-7.010828310060213653e+01,4.415074442098303109e+01
-7.010756595802160973e+01,4.415044942048817944e+01
-7.010831081971021206e+01,4.414290532278490531e+01
-7.010750972813430337e+01,4.414246105519664098e+01
-7.011015471310352609e+01,4.414509905385924071e+01
-7.010190576807688956e+01,4.414079143108158831e+01
-7.010938049807992911e+01,4.414139071862076236e+01
-7.010187153287803596e+01,4.414300879264092714e+01
-7.010754964216869212e+01,4.415419752219465011e+01
-7.010641621699154769e+01,4.415395563823696534e+01
-7.010900982462217712e+01,4.414516966047123958e+01
-7.010861862407054446e+01,4.414926550929440197e+01
-7.011051284953802565e+01,4.414940174416710761e+01
-7.009932651830352768e+01,4.414881257260736902e+01
-7.010974421071067297e+01,4.414171148167143599e+01
-7.011428622682663558e+01,4.414775190979002417e+01
-7.010791660917247725e+01,4.414263902969069164e+01
-7.010794945371841891e+01,4.414289042673112107e+01
-7.011198908566255739e+01,4.414570514745632579e+01
-7.011126379794190200e+01,4.414382152848377672e+01
-7.011207171892387180e+01,4.414634388646998531e+01
-7.010376273514874867e+01,4.415051980384155428e+01
-7.011016850733490458e+01,4.414752153122940115e+01
-7.010981959156364951e+01,4.414773906056134933e+01
-7.010490424742764048e+01,4.414913715550540729e+01
-7.010494792308276146e+01,4.414883234105075616e+01
-7.010607786963005594e+01,4.414181162240372913e+01
-7.010525235764154672e+01,4.414300268070617506e+01
-7.011090206945915781e+01,4.414748785170632317e+01
-7.011311000000000604e+01,4.414715999999999951e+01
-7.011312569438572950e+01,4.414700801974785804e+01
-7.009741534954481779e+01,4.411887809768921187e+01
-7.010976027399874511e+01,4.414166448961576350e+01
-7.010381856642152343e+01,4.414367077328713407e+01
-7.010486076704223990e+01,4.414355160565698100e+01
-7.010490863887814328e+01,4.414935918758956035e+01
-7.010906169437456015e+01,4.415155613221149622e+01
-7.010905846925112428e+01,4.415157175557559555e+01
-7.010680343276582960e+01,4.414961961853807537e+01
-7.010149354321893611e+01,4.411983696884914252e+01
-7.010150034959995935e+01,4.411978348377886050e+01
-7.010337291891782741e+01,4.414194200956298175e+01
-7.011275491271622684e+01,4.414675163795087798e+01
-7.011273953783187096e+01,4.414675566115571570e+01
-7.009961567181197495e+01,4.411957786194406594e+01
-7.009960999999999842e+01,4.411961999999999762e+01
-7.010789932117559431e+01,4.414995340626155240e+01
-7.010862504299055331e+01,4.414969309032753841e+01
-7.010792079070901650e+01,4.414372134119158630e+01
-7.010149517644907746e+01,4.411984382365601220e+01
-7.010525252953485165e+01,4.415131131369962958e+01
-7.010490804514337526e+01,4.415157794467604901e+01
-7.011312207025954990e+01,4.414706058016697909e+01
-7.011353025190605592e+01,4.414730050467306199e+01
-7.010976665165564725e+01,4.415106731948245766e+01
-7.010414114883624848e+01,4.414513024011481690e+01
-7.010531313910396989e+01,4.414453535850899613e+01
-7.010382027598718935e+01,4.414370067607381287e+01
-7.010149580519045287e+01,4.415322147327094626e+01
-7.010040209696921920e+01,4.415346794162650212e+01
-7.011123986686746434e+01,4.414815083844746368e+01
-7.010380360109584785e+01,4.414398373490435290e+01
-7.010377140847964483e+01,4.414402713483121943e+01
-7.009669550399603111e+01,4.415583139867325002e+01
-7.011199476862289259e+01,4.414544088782388087e+01
-7.011049988026071844e+01,4.414252152766178483e+01
-7.011275279331425736e+01,4.414679000044581159e+01
-7.011275949294405052e+01,4.414679696565121958e+01
-7.010448928938315305e+01,4.414386977073190366e+01
-7.010486984101972041e+01,4.414328378758630578e+01
-7.010335380770781910e+01,4.414973160289989096e+01
-7.010300784552723030e+01,4.415056186113993419e+01
-7.010603617463505088e+01,4.414993867228463387e+01
-7.010563773006893484e+01,4.414837852912096139e+01
-7.010450859645571597e+01,4.412188540221760036e+01
-7.010413089127803232e+01,4.414432078857876007e+01
-7.010344510133839435e+01,4.414472421562055615e+01
-7.011200878423930760e+01,4.414540057872684287e+01
-7.010680619115171908e+01,4.415046190585878350e+01
-7.011019478316208620e+01,4.415232769000676427e+01
-7.010980116993711420e+01,4.415344168207342790e+01
-7.011275540317845412e+01,4.414678638592558713e+01
-7.011276291176403674e+01,4.414678912469052818e+01
-7.011275253227660187e+01,4.414677933057348724e+01
-7.011129420531024437e+01,4.414532360947283962e+01
-7.010530505076610552e+01,4.414938812918962441e+01
-7.010599004092189546e+01,4.414900108660524580e+01
-7.010188339484820119e+01,4.412006227126779834e+01
-7.010338962716322442e+01,4.414077175942502151e+01
-7.009816010847561074e+01,4.411860102699893815e+01
-7.009810838986682313e+01,4.411898108102216298e+01
-7.010899733537441136e+01,4.415004163741980392e+01
-7.010940609750603869e+01,4.414914375090599208e+01
-7.010005220730678843e+01,4.414722559959900394e+01
-7.010384528575949048e+01,4.414363034353733184e+01
-7.010981074694248605e+01,4.414582621739390333e+01
-7.010643034935532114e+01,4.415426411330732748e+01
-7.010978122686370284e+01,4.414913212194855419e+01
-7.011093172579408872e+01,4.414883737749696735e+01
-7.011274595449087599e+01,4.414684594338294943e+01
-7.011311688833954747e+01,4.414704862505236349e+01
-7.010829083901739978e+01,4.414670539567678276e+01
-7.010151722349323222e+01,4.411978424385458908e+01
-7.010150130074062247e+01,4.411975928474824826e+01
-7.011274794678965350e+01,4.414677340778926151e+01
-7.010151166115143440e+01,4.411976744761485492e+01
-7.009248999999999796e+01,4.415471999999999753e+01
-7.011424710963834173e+01,4.414764602091000967e+01
-7.009326083137548835e+01,4.415486313519825501e+01
-7.011427288924760148e+01,4.414864837731163760e+01
-7.010189969853927039e+01,4.412003673233206058e+01
-7.010149959635386097e+01,4.411982981261848380e+01
-7.010303204049434100e+01,4.414163031687206029e+01
-7.010824223586514847e+01,4.414895477197996598e+01
-7.010754744490986923e+01,4.414909732464988679e+01
-7.010717424078173110e+01,4.414992379111713916e+01
-7.010676040911003781e+01,4.415001422288917610e+01
-7.009435945560510106e+01,4.415574384899074545e+01
-7.010569856381370357e+01,4.415660621679031550e+01
-7.010643172145186952e+01,4.415692820691458564e+01
-7.011057072606666907e+01,4.414774003066401065e+01
-7.011012663715757753e+01,4.414784528631368232e+01
-7.010339861096423419e+01,4.414103546054143123e+01
-7.010568190457144055e+01,4.415339313772315677e+01
-7.010603659156028300e+01,4.415430146765486086e+01
-7.010302781784443482e+01,4.414345845916405153e+01
-7.010345739772326112e+01,4.414284109837832659e+01
-7.010679814546067234e+01,4.415641695680329804e+01
-7.010489730981042555e+01,4.414944698146424429e+01
-7.010457675778904729e+01,4.414933787749767191e+01
-7.009435999999999467e+01,4.415579999999999927e+01
-7.010151898473776555e+01,4.411974031599059032e+01
-7.010936695576319266e+01,4.415079158789519198e+01
-7.010186938388469002e+01,4.412011523332379426e+01
-7.010868316403049505e+01,4.415096837465738844e+01
-7.010939651439382203e+01,4.415241375684254166e+01
-7.010936496382525718e+01,4.415061433811320057e+01
-7.010490019617353141e+01,4.414318330200385532e+01
-7.009892480781985569e+01,4.414995272595465536e+01
-7.010715494738457210e+01,4.414674998918609816e+01
-7.010981522169338120e+01,4.414423263147786258e+01
-7.010188468838649101e+01,4.415373369259681624e+01
-7.010533700657956047e+01,4.414933085771572507e+01
-7.010868268411117299e+01,4.414318436708897764e+01
-7.010267294006500549e+01,4.415013248338670593e+01
-7.009960752484813895e+01,4.411951113927352708e+01
-7.010526283187380159e+01,4.414869677505817691e+01
-7.009520349014303520e+01,4.413874948970595113e+01
-7.010900623062542536e+01,4.415112356222833512e+01
-7.010903640261076930e+01,4.415100695726236069e+01
-7.011126409658044167e+01,4.414351684185675850e+01
-7.010641205833267975e+01,4.414994043307223848e+01
-7.010260659916102099e+01,4.412038133442825938e+01
-7.011162732590203461e+01,4.414782980299959547e+01
-7.010417413852455581e+01,4.414372250367567574e+01
-7.010417520411841963e+01,4.414341598188280358e+01
-7.010639487780896673e+01,4.415050254318330758e+01
-7.010227062278347887e+01,4.415053169251575582e+01
-7.011125476529944933e+01,4.414354863989328948e+01
-7.010454010943037417e+01,4.414885818212187019e+01
-7.010531353969838619e+01,4.414884620484419742e+01
-7.010565756031610363e+01,4.415453584167475043e+01
-7.010114956601823621e+01,4.415291947103384018e+01
-7.010195065013874682e+01,4.415285817703764337e+01
-7.010975389926309731e+01,4.414161642262395446e+01
-7.010974000000000217e+01,4.414175999999999789e+01
-7.010715152261647631e+01,4.414667467554377822e+01
-7.010716937478224509e+01,4.414697983786884805e+01
-7.011274975925748265e+01,4.414678132762381324e+01
-7.011275699136369610e+01,4.414680145091867303e+01
-7.010643031469194852e+01,4.414076774809962700e+01
-7.010524341600388709e+01,4.414974504010432099e+01
-7.010566850528357463e+01,4.414961069206343325e+01
-7.011431415399721345e+01,4.414855189594949536e+01
-7.010382440254713288e+01,4.414259021792537396e+01
-7.011204785985103172e+01,4.414884748160134365e+01
-7.011132425021258996e+01,4.414879201850135360e+01
-7.010301999154000896e+01,4.415049666853575161e+01
-7.010378314329126681e+01,4.414589868313251486e+01
-7.010454855099899873e+01,4.414642834938605631e+01
-7.010342453481494829e+01,4.414611709706831277e+01
-7.010343125245761087e+01,4.414273187657236974e+01
-7.009323819579495307e+01,4.415492811943608586e+01
-7.010529026596141478e+01,4.414206932403418904e+01
-7.010492110240092245e+01,4.414207134083238770e+01
-7.011049632316387203e+01,4.414242715317870136e+01
-7.010189216089771946e+01,4.414671794847031094e+01
-7.010186232140489437e+01,4.414679738576775492e+01
-7.010677345785273928e+01,4.414890465325638758e+01
-7.010711585043331695e+01,4.414920585849384338e+01
-7.010561876334818976e+01,4.414977147600022533e+01
-7.010568338505947850e+01,4.414990491023926467e+01
-7.011125231832225779e+01,4.414759842131329037e+01
-7.011162138368678143e+01,4.414733502064407134e+01
-7.011274211672204615e+01,4.414684498885410591e+01
-7.010417450959954522e+01,4.415020592701358737e+01
-7.010493806893857993e+01,4.415047125526288596e+01
-7.010448685885192788e+01,4.415034518566658761e+01
-7.010148999999999830e+01,4.411988999999999805e+01
-7.010077258183891047e+01,4.414724249678695855e+01
-7.010112644108787094e+01,4.414729006597568173e+01
-7.011126574700260505e+01,4.414351124126262960e+01
-7.011125805843212788e+01,4.414351799395237208e+01
-7.011276178960876848e+01,4.414675890892061005e+01
-7.011273929336074673e+01,4.414677877961491959e+01
-7.011169891243230268e+01,4.414612065319198564e+01
-7.011205484212831607e+01,4.414582896672862944e+01
-7.010154229319866204e+01,4.415314675550032320e+01
-7.010042083233753374e+01,4.415292667183546627e+01
-7.010264004253885162e+01,4.414748842791663463e+01
-7.010073257187218587e+01,4.415380002818237415e+01
-7.010118212297582829e+01,4.415369713423547893e+01
-7.010601897220547585e+01,4.415377054245632138e+01
-7.010563996243408269e+01,4.415370730066378258e+01
-7.010185995576827622e+01,4.412011088325387220e+01
-7.010716502412300599e+01,4.415238579026611632e+01
-7.010750157448006803e+01,4.415133902895139073e+01
-7.010641805723574294e+01,4.414993967526178409e+01
-7.010640237453782220e+01,4.414918090809204188e+01
-7.011274455840371900e+01,4.414679347760143457e+01
-7.010643037173424830e+01,4.414719472315893256e+01
-7.010713278053299291e+01,4.414752822591952253e+01
-7.011124778204704455e+01,4.414705919521699684e+01
-7.011423999999999523e+01,4.414770000000000039e+01
-7.010899529726205515e+01,4.414220312901910859e+01
-7.011054386142762951e+01,4.414990891949090468e+01
-7.010937907742379593e+01,4.415003017616891867e+01
-7.010417686344301558e+01,4.414426216141977477e+01
-7.010492325112581113e+01,4.414423387208780980e+01
-7.010974000000000217e+01,4.414175999999999789e+01
-7.010863271186302370e+01,4.415051205253033118e+01
-7.010829474288458130e+01,4.415097741370032480e+01
-7.011203245658154515e+01,4.414560566946413900e+01
-7.010605945181633558e+01,4.414964322462716950e+01
-7.010111000000000558e+01,4.411988999999999805e+01
-7.010114244657768268e+01,4.414701146430989098e+01
-7.010489397252273136e+01,4.414318307825975296e+01
-7.010488157951488120e+01,4.414292047034351185e+01
-7.010486110818310124e+01,4.414089550454712452e+01
-7.010228692509443249e+01,4.415105366964883160e+01
-7.010190158856282494e+01,4.415129914117272136e+01
-7.011095339760618117e+01,4.414828879065461109e+01
-7.010639784669287167e+01,4.414755277600450967e+01
-7.011125724572670492e+01,4.414435611496553946e+01
-7.010565798691992256e+01,4.415072319496978537e+01
-7.010568554907770533e+01,4.415073638789921517e+01
-7.010750838116295824e+01,4.415102830065611528e+01
-7.010792959710936145e+01,4.415127255477420221e+01
-7.010866162651625189e+01,4.414966658728747007e+01
-7.011049872988999709e+01,4.414240963882708968e+01
-7.010906569602110494e+01,4.414152538801901215e+01
-7.010191410926491073e+01,4.415288651151570321e+01
-7.011314024771000675e+01,4.414752896738507815e+01
-7.010485913395542923e+01,4.415381540590486509e+01
-7.010638366754081119e+01,4.415354413593302496e+01
-7.010112135594658866e+01,4.411979219192619439e+01
-7.010111966172715370e+01,4.411984588328270007e+01
-7.011057671986812068e+01,4.414500631769863048e+01
-7.011274363011204969e+01,4.414678347879251419e+01
-7.011274793269724626e+01,4.414677885091288090e+01
-7.010678242120019377e+01,4.414803704894806913e+01
-7.010116332413292639e+01,4.415425349718995562e+01
-7.011199948522836678e+01,4.414595748098814454e+01
-7.010267779453862147e+01,4.415071100900328105e+01
-7.010265562236214976e+01,4.415013960309467222e+01
-7.010003425089028894e+01,4.414727360321785454e+01
-7.010904011067911767e+01,4.414831325133749118e+01
-7.010148989183898038e+01,4.411979201915495707e+01
-7.010187279630966373e+01,4.412011579278187412e+01
-7.010302215264309211e+01,4.414349649463780167e+01
-7.010865441474051352e+01,4.415104349909165649e+01
-7.010488249185711140e+01,4.414000731495458751e+01
-7.010569979410277597e+01,4.414823210837313638e+01
-7.010569014811491684e+01,4.414830633644766067e+01
-7.010714344120962949e+01,4.414941440045881649e+01
-7.011090361677176475e+01,4.414752196135517437e+01
-7.009366875234148608e+01,4.415531026990375096e+01
-7.010523604529480224e+01,4.415137708454725640e+01
-7.010489543722221129e+01,4.415156626742422219e+01
-7.009474000000000160e+01,4.415606999999999971e+01
-7.011086767132047726e+01,4.414326917756837076e+01
-7.010980666582322840e+01,4.415128266333266538e+01
-7.010946219980171179e+01,4.415069657218413113e+01
-7.010341939351059182e+01,4.414347154454303279e+01
-7.010335941428240858e+01,4.415003533180752271e+01
-7.010866899918926265e+01,4.414452670470581097e+01
-7.010456528851831592e+01,4.414584608714208969e+01
-7.011274000000000228e+01,4.414688999999999908e+01
-7.010528892772903475e+01,4.415315394241191171e+01
-7.010751679140633996e+01,4.415186265748956629e+01
-7.011273490574076561e+01,4.414678994596010142e+01
-7.010603779053134588e+01,4.415051691579342474e+01
-7.011275116968914745e+01,4.414674569584209962e+01
-7.010417426916920647e+01,4.414448531791297370e+01
-7.010192078712404395e+01,4.415044790489879034e+01
-7.010188224219004383e+01,4.412001773576850638e+01
-7.009739984500838261e+01,4.411863465006285878e+01
-7.010679817049187079e+01,4.414884346266153159e+01
-7.010113490962696403e+01,4.411979053122939121e+01
-7.010863699131934368e+01,4.415078319676624830e+01
-7.010751060904479459e+01,4.415131598040652960e+01
-7.010789926311936426e+01,4.414970258493643485e+01
-7.010604395130131650e+01,4.415399666372233156e+01
-7.010646955122783197e+01,4.414687221969887077e+01
-7.011275587872199822e+01,4.414675099750390075e+01
-7.010304416417923790e+01,4.413912961121410916e+01
-7.010681904064418291e+01,4.415180606756177184e+01
-7.010380710291585160e+01,4.414480296404528303e+01
-7.011274000000000228e+01,4.414688999999999908e+01
-7.010752766129691338e+01,4.415023216899967906e+01
-7.010454991570396999e+01,4.414344382534233802e+01
-7.010831382423039315e+01,4.415072496844939565e+01
-7.010829399333334777e+01,4.414887692927991480e+01
-7.010419180835066300e+01,4.414288734897647259e+01
-7.010676819426730333e+01,4.414917026159029945e+01
-7.011276208493252682e+01,4.414675347492857327e+01
-7.010488146105954854e+01,4.414346265864099195e+01
-7.010673617598459373e+01,4.415084578244253066e+01
-7.010830127448645044e+01,4.415016606775137831e+01
-7.010493076257365885e+01,4.415012588333918586e+01
-7.010790058552593962e+01,4.414833982322864614e+01
-7.010153540569132247e+01,4.411974057099902780e+01
-7.010636381255486071e+01,4.415355354488706041e+01
-7.010638206573683817e+01,4.414730603691221944e+01
-7.011274966458599067e+01,4.414684242742116282e+01
-7.010227732463260963e+01,4.414832682077316406e+01
-7.011274523212034637e+01,4.414679525266004134e+01
-7.010749259300369829e+01,4.414975815918984381e+01
-7.011015344443281094e+01,4.415289739481608677e+01
-7.010342579842621547e+01,4.414454355229969451e+01
-7.010791652260945739e+01,4.415206885680535009e+01
-7.010337636363199465e+01,4.414273986386675119e+01
-7.010643589237574247e+01,4.414987398732870361e+01
-7.010379869333890213e+01,4.414965997608010184e+01
-7.010939078358214260e+01,4.415052149371299350e+01
-7.010379524360726577e+01,4.414430287083754223e+01
-7.010943340183419537e+01,4.415180833160390250e+01
-7.010150147582294267e+01,4.411983976324660262e+01
-7.011312493439164939e+01,4.414699173026468060e+01
-7.010598599767779149e+01,4.414296251830169382e+01
-7.010605856486448317e+01,4.414340452950699500e+01
-7.011274000000000228e+01,4.414688999999999908e+01
-7.011274000000000228e+01,4.414688999999999908e+01
-7.011274000000000228e+01,4.414688999999999908e+01
-7.011274468855650355e+01,4.414684636301119269e+01
-7.010564597132976417e+01,4.414292663778539350e+01
-7.010601128366080559e+01,4.414296376636826835e+01
-7.010305273985252938e+01,4.415048239202969427e+01
-7.010301997396294382e+01,4.414995823611995718e+01
-7.010711239994253674e+01,4.414684747364078277e+01
-7.010636698569176417e+01,4.414652049152009994e+01
-7.010794080221637614e+01,4.415096855523408692e+01
-7.010337211595710016e+01,4.414248009101881109e+01
-7.010942095502608140e+01,4.415157159854233271e+01
-7.009964567721235085e+01,4.415455181931019268e+01
-7.010416833235790079e+01,4.414347005054243311e+01
-7.010112856708576601e+01,4.414760394316314063e+01
-7.010411628850620502e+01,4.415543968625273408e+01
-7.010453295819279163e+01,4.415506023861055240e+01
-7.009251292957294766e+01,4.415457162220984344e+01
-7.010487221625015763e+01,4.414895318548674652e+01
-7.010489954401778334e+01,4.414917348590903146e+01
-7.010715521090951086e+01,4.414402158577462387e+01
-7.010713453898820546e+01,4.414404175338924574e+01
-7.010681850562923501e+01,4.414932114985201395e+01
-7.010720372304645309e+01,4.415178054590182910e+01
-7.010599299999265099e+01,4.414918032424507288e+01
-7.010937990209961868e+01,4.415106186284086220e+01
-7.010037067212851980e+01,4.415408197324928352e+01
-7.010788984280166858e+01,4.414838008940930791e+01
-7.010899804049465445e+01,4.414838557575937728e+01
-7.010490298262583053e+01,4.414942229189958312e+01
-7.011274820865476443e+01,4.414678488384694788e+01
-7.010488291525328464e+01,4.415054104259510837e+01
-7.010452645112903269e+01,4.414889919113969086e+01
-7.010749574549963370e+01,4.415033564350058981e+01
-7.010039308543304060e+01,4.415323216163567821e+01
-7.010639650892424868e+01,4.415241839229425125e+01
-7.010154292586702240e+01,4.415180701320549161e+01
-7.010748181602815521e+01,4.415197529066379900e+01
-7.010449038086474616e+01,4.415029137687803029e+01
-7.010379370147794020e+01,4.414290209184733982e+01
-7.010938076689124898e+01,4.414863696864968290e+01
-7.010342437225463641e+01,4.415018062811984834e+01
-7.010264114572333938e+01,4.414324308262011698e+01
-7.010644182337874497e+01,4.414964033941654975e+01
-7.010565256268374412e+01,4.414997313142089297e+01
-7.010492494723072809e+01,4.414828284110634371e+01
-7.011277070586498894e+01,4.414675908245142466e+01
-7.011051743832925354e+01,4.415079470085338187e+01
-7.010982768154083544e+01,4.414932845959586416e+01
-7.010149744694777496e+01,4.411983014949348103e+01
-7.010150325753878064e+01,4.411970928232694433e+01
-7.010266251522665470e+01,4.414747621555895307e+01
-7.010566604769175569e+01,4.414965476672708178e+01
-7.010712971294159956e+01,4.414756511541417439e+01
-7.010715387257954490e+01,4.415183970736433849e+01
-7.011424993151500473e+01,4.414756152171202075e+01
-7.011012420267346101e+01,4.414759183847066737e+01
-7.011012100061454078e+01,4.414214065274663312e+01
-7.011236471896869205e+01,4.414702843992360926e+01
-7.010985582035742425e+01,4.414875203446982255e+01
-7.009705879522876160e+01,4.415501738048948255e+01
-7.011310429111232168e+01,4.414705782579839166e+01
-7.011276134720276332e+01,4.414674936744047073e+01
-7.011274000000000228e+01,4.414688999999999908e+01
-7.009323675728839476e+01,4.415493844454775285e+01
-7.009324912243941696e+01,4.415488782154193359e+01
-7.011125834931209511e+01,4.414350820745123372e+01
-7.011128252904084945e+01,4.414350667913947746e+01
-7.011012755363812232e+01,4.414220172231747341e+01
-7.011011000000000593e+01,4.414229999999999876e+01
-7.011084872155353764e+01,4.414448554704321737e+01
-7.011048999999999864e+01,4.414446000000000225e+01
-7.010904320436927151e+01,4.414561693757012506e+01
-7.010900279390867240e+01,4.414566508445794568e+01
-7.009893203512064019e+01,4.415278918813558562e+01
-7.009889289075788099e+01,4.415322007105296365e+01
-7.010560999999999865e+01,4.414256999999999920e+01
-7.010560999999999865e+01,4.414256999999999920e+01
-7.010528553552657627e+01,4.414418670925518740e+01
-7.010530439496064048e+01,4.414413927982769792e+01
-7.010561809997990679e+01,4.414387731900666267e+01
-7.010967040193268929e+01,4.414612107491744553e+01
-7.010941437275005228e+01,4.414588099047593062e+01
-7.010301831651348436e+01,4.415025524120416378e+01
-7.010304931965706032e+01,4.415020010543479145e+01
-7.010343211356783399e+01,4.414987200300299719e+01
-7.009324938176150965e+01,4.415488531738547096e+01
-7.009324716240894304e+01,4.415489752079640340e+01
-7.011274315049674044e+01,4.414679370845998818e+01
-7.011311151886711457e+01,4.414705991459108247e+01
-7.011275499201255457e+01,4.414673033272742941e+01
-7.011057562070921279e+01,4.414260273228016018e+01
-7.011056255489104672e+01,4.414261355272191878e+01
-7.010495602785154290e+01,4.414986203126912301e+01
-7.010488998603213417e+01,4.414969861349150193e+01
-7.010493375202372590e+01,4.414961842450039597e+01
-7.009962142521058581e+01,4.411951605853624159e+01
-7.009961759288795236e+01,4.411950616363970568e+01
-7.009960999999999842e+01,4.411961999999999762e+01
-7.010866722483426372e+01,4.415099965516010627e+01
-7.010868806129322195e+01,4.415096142444076577e+01
-7.010824966810143621e+01,4.415085949553120770e+01
-7.011052518365097797e+01,4.414241228555621888e+01
-7.011049718645722351e+01,4.414251512735334160e+01
-7.011052540538288724e+01,4.414241903776483866e+01
-7.009249852308703055e+01,4.415467357289380601e+01
-7.009286247557673732e+01,4.415494434189096751e+01
-7.009249859172103925e+01,4.415466425217244506e+01
-7.010981020299976763e+01,4.414719291968570047e+01
-7.010974200596500339e+01,4.414734816272792273e+01
-7.010980518513802906e+01,4.414724058915557237e+01
-7.010531154920714414e+01,4.414451951414640973e+01
-7.010530830876191999e+01,4.414477373846085584e+01
-7.010523999999999489e+01,4.414473000000000269e+01
-7.010533421975516433e+01,4.414451218722340542e+01
-7.011055866434242034e+01,4.415070378563201103e+01
-7.011049174300619313e+01,4.415086541999239245e+01
-7.011043780939182568e+01,4.415049639806382942e+01
-7.011048721063581013e+01,4.415079725926131005e+01
-7.011012936712407395e+01,4.414215266034288021e+01
-7.011015100628262076e+01,4.414242205065127678e+01
-7.010225322706094175e+01,4.415326596154158523e+01
-7.010230733442813289e+01,4.415318008015891138e+01
-7.010235352415880072e+01,4.415309242797470546e+01
-7.010263587750851855e+01,4.415322481244764674e+01
-7.010266115165795497e+01,4.415345533441367820e+01
-7.010265080508641233e+01,4.415309060023361099e+01
-7.010975122230793488e+01,4.414165371217365674e+01
-7.010974000000000217e+01,4.414175999999999789e+01
-7.011050712621931780e+01,4.414255943347563260e+01
-7.011048840160856344e+01,4.414251846323110584e+01
-7.011011000000000593e+01,4.414229999999999876e+01
-7.011011000000000593e+01,4.414229999999999876e+01
-7.010074000000000183e+01,4.414688999999999908e+01
-7.010075485989204935e+01,4.414690071048479325e+01
-7.009589770326965663e+01,4.413862289729601684e+01
-7.009558231699729447e+01,4.413875671024234748e+01
-7.010790285465604654e+01,4.414860841888206267e+01
-7.010791918151079471e+01,4.414857242895149625e+01
-7.010786525035118188e+01,4.414864895963024338e+01
-7.010336711034007351e+01,4.412145943363223211e+01
-7.010337763933779343e+01,4.412120413245088457e+01
-7.010338811100982070e+01,4.412143227452092020e+01
-7.011202440370901456e+01,4.414646385661389161e+01
-7.011203414677353862e+01,4.414646044069910147e+01
-7.011239386535559959e+01,4.414674236677686281e+01
-7.011273660164691535e+01,4.414683309471009665e+01
-7.011277196586449634e+01,4.414672831249627194e+01
-7.009884380785341307e+01,4.414981599460742245e+01
-7.009889017749547691e+01,4.415000107764117132e+01
-7.010824020059573058e+01,4.414162587926482217e+01
-7.010598699173367265e+01,4.414170243989083531e+01
-7.010612860281506187e+01,4.414171435468013271e+01
-7.010335999999999501e+01,4.414202999999999832e+01
-7.010335252838241615e+01,4.414211353051256737e+01
-7.010937356399411158e+01,4.415221413849015164e+01
-7.010934042758049145e+01,4.415215808051156898e+01
-7.010931917141262204e+01,4.415213154767721448e+01
-7.011086878066420525e+01,4.414327279654655456e+01
-7.011089855232128798e+01,4.414333269248104585e+01
-7.010600300309887700e+01,4.415035017543862494e+01
-7.010599815111135058e+01,4.415007595769193216e+01
-7.010599000000000558e+01,4.415012999999999721e+01
-7.010484097581230856e+01,4.414990507321937940e+01
-7.010449932330276113e+01,4.414989079385357940e+01
-7.010451803221397427e+01,4.415012278200931917e+01
-7.010410070000247629e+01,4.414381624157599049e+01
-7.010380428446866574e+01,4.414397353301063731e+01
-7.010379362140801618e+01,4.414392379540131373e+01
-7.010410442182343616e+01,4.414440284609022314e+01
-7.010410447766854247e+01,4.414441561312321483e+01
-7.009323999999999444e+01,4.415498999999999796e+01
-7.011310534722754539e+01,4.414710966590276797e+01
-7.011311576640267162e+01,4.414711569749321995e+01
-7.011273692502319932e+01,4.414683743919069059e+01
-7.011275324120130392e+01,4.414685001742049053e+01
-7.010651791510801445e+01,4.415387860017232668e+01
-7.010675015401874077e+01,4.415385600828007284e+01
-7.010213446302364559e+01,4.415204608845861856e+01
-7.010223999999999478e+01,4.415202000000000027e+01
-7.010299000000000547e+01,4.414365000000000094e+01
-7.010304502556701323e+01,4.414347684649379744e+01
-7.009435999999999467e+01,4.415579999999999927e+01
-7.010374000000000194e+01,4.414256999999999920e+01
-7.010119107660054283e+01,4.415358971162200419e+01
-7.010111000000000558e+01,4.415391000000000332e+01
-7.010523001520746789e+01,4.414493318263143351e+01
-7.010547216193442921e+01,4.414495641779313928e+01
-7.010540383220548222e+01,4.414921647344088740e+01
-7.010504997283693740e+01,4.414920936095969495e+01
-7.011114787574149432e+01,4.414345668702448222e+01
-7.010232736529779629e+01,4.414992863275670487e+01
-7.010215939096774207e+01,4.415023753423816544e+01
-7.011172371313705298e+01,4.414778885176817624e+01
-7.010092819572849976e+01,4.415410397565826628e+01
-7.010097061801481289e+01,4.415408392053453213e+01
-7.010368262966255770e+01,4.415111342439945474e+01
-7.010331963100736630e+01,4.415119667011853721e+01
-7.010496485545976952e+01,4.414323423779239874e+01
-7.010476408416516847e+01,4.414337800143140100e+01
-7.011316914269423251e+01,4.414701865357565680e+01
-7.011309758164478012e+01,4.414713943866979662e+01
