date:2016-08-19, time:0700, wind_speed:2.8, wind_dir:325.0, temp:19.4
5.625394953142080112e+02 1.065025587674489771e+03
6.517341882998637175e+02 1.061305681306659608e+03
5.671915045031155387e+02 1.061794953294519019e+03
5.625394953142080112e+02 1.065025587674489771e+03
5.625394953142080112e+02 1.065025587674489771e+03
-6.455414346854639689e+02 -1.524549232488777051e+01
-1.345327397042260372e+03 -3.815981673511818713e+02
5.214180653137905210e+02 1.095033117674538289e+03
5.625394953142080112e+02 1.065025587674489771e+03
-5.210657546854381508e+02 -1.524549232488777051e+01
-2.179868852880893542e+02 2.185259096745830902e+02
-1.354608254686259443e+03 -3.753358523254700003e+02
-1.515301258001350334e+03 -7.960137123153901939e+01
5.727354151484126987e+02 1.056857442971014052e+03
4.043422866257719761e+02 1.178883994972130722e+03
-2.613852438760004588e+02 9.638856685205649910e+01
-1.094279819753204038e+03 -8.944861467671391893e+02
-5.210657546854381508e+02 -1.352756123250818518e+02
-5.926749466545920768e+02 2.490799847236687015e+02
5.725726067702554474e+02 1.057885519601464239e+03
-1.433441329040620076e+03 -7.950657098534867373e+01
-6.044200046866258162e+02 4.476956767441957652e+01
-1.271254004686651115e+03 -1.952906723251788890e+02
-1.510487700127386915e+03 -5.459171110252113124e+01
-1.474930164611274904e+03 -1.977609917824534591e+02
5.625394953142080112e+02 1.065025587674489771e+03
-1.512191403992433379e+03 -5.178479624929017433e+01
-1.021191254686246793e+03 -7.526055232498481473e+01
-1.229021184685880826e+03 7.477709767446809508e+01
-6.044200046866258162e+02 4.476956767441957652e+01
-5.940540815020256105e+02 8.520977232481598662e+00
-1.523322663648994535e+01 6.403931256017150417e+02
-1.263132680895832891e+03 -4.432431033037146904e+02
-9.741892298565601322e+02 -6.799718748833863629e+02
-5.180850648816623050e+01 5.185192599459634266e+02
-1.824395095029948379e+02 5.823387880764294096e+02
-9.378370046866384655e+02 2.548222776747592206e+02
-1.042945046858172304e+02 9.149879376750369602e+02
-1.832642026910862683e+02 6.417544310402778365e+02
6.241399531339939699e+01 9.750029976751339973e+02
-9.207893044965888976e+02 -8.252964487088555643e+02
-3.594428347904934640e+01 9.410504848230242487e+02
-3.121244346854513196e+02 6.449201676746002931e+02
-1.182223775594935887e+03 7.222438077566060599e+01
6.241399531339939699e+01 9.750029976751339973e+02
-1.271254004686651115e+03 -1.952906723251788890e+02
-1.342522879420441086e+03 -3.845817906862318978e+02
-6.206168468662637849e+01 9.750029976751339973e+02
-1.876487546854255584e+02 1.155048177674635326e+03
-1.454159346862346922e+02 1.215063237674732363e+03
6.680824229192319308e+01 8.509774790956233801e+02
-1.195016333125067831e+01 1.146173555252551523e+03
-8.448311517233572658e+02 9.975521098338687125e+02
-5.427192639468604511e+02 7.938090123561861446e+02
-1.182149757170380553e+03 9.404900528486734856e+02
-1.259731345473481269e+03 9.969840489533642085e+02
-1.042945046858172304e+02 1.275078297674829400e+03
1.046468153141696291e+02 9.449954676750854787e+02
1.046468153141696291e+02 9.449954676750854787e+02
2.291224953141954188e+02 1.275078297674829400e+03
-8.454071562449498742e+02 -2.025616289027151424e+02
-8.428862521330744357e+02 -4.124695397319876520e+02
-1.062312684686664397e+03 1.065025587674489771e+03
-1.010220265366001399e+03 1.117472387235399083e+03
-1.140423979772333723e+03 -1.691226623742944639e+02
-3.121244346854513196e+02 -1.352756123250818518e+02
-2.609686304102916665e+02 1.576978421284680110e+02
-5.185815862379826058e+01 5.184402375759149209e+02
-1.688025254686272092e+03 1.948072176746621835e+02
2.695317988827667932e+01 1.182338014185910197e+03
-1.037893134189607281e+03 1.062490484119026632e+03
-4.377115046858298797e+02 1.065025587674489771e+03
5.731983632601014733e+02 1.057427310611906705e+03
-9.326744388499125762e+02 1.150915854462718698e+03
-4.316975627356584937e+02 1.121471508510147032e+03
-3.061949226172044405e+02 1.032448325972366320e+03
-8.544827546854508000e+02 9.449954676750854787e+02
6.458937453138163391e+02 1.065025587674489771e+03
-9.789584346854766181e+02 9.449954676750854787e+02
1.564224442762539411e+02 1.359319946077862369e+03
6.241399531339939699e+01 1.845221367674961584e+03
5.709897960811234725e+02 1.056447871129204259e+03
-1.429546767300710826e+03 -1.119372601804396936e+02
5.214180653137905210e+02 1.095033117674538289e+03
-2.710030046866132238e+02 1.347921576745651464e+02
1.095876283348518996e+02 8.815940514306926161e+02
-5.646901936795374866e+01 5.211682723778353648e+02
3.958309953134120178e+02 1.335093357674926438e+03
6.241399531339939699e+01 1.875228897675010103e+03
5.625394953142080112e+02 1.065025587674489771e+03
5.214180653137905210e+02 1.095033117674538289e+03
-9.335110321101555542e+01 5.454364985775199557e+02
-7.711285046858424721e+02 1.155048177674635326e+03
-1.104545504685855121e+03 1.035018057674441252e+03
3.237133631669640863e+02 1.207061764080589228e+03
-1.312375434685489154e+03 1.065025587674489771e+03
-9.378370046866384655e+02 1.155048177674635326e+03
-8.956041846858682902e+02 1.035018057674441252e+03
-1.137139147763451092e+03 1.147474664579429373e+03
-1.104545504685855121e+03 1.035018057674441252e+03
-1.021191254686246793e+03 1.095033117674538289e+03
-2.184278951283345691e+02 2.178928477253786866e+02
-3.456465962455556564e+02 2.771194708149064923e+02
-9.378370046866384655e+02 1.125040647674586808e+03
-9.378370046866384655e+02 1.095033117674538289e+03
-7.288956846866516344e+02 1.095033117674538289e+03
-1.187899754685463449e+03 1.065025587674489771e+03
-1.012693343178386840e+01 1.027095478302597485e+03
-1.137243530984973177e+03 1.147697076677721725e+03
-8.122499346862599623e+02 9.750029976751339973e+02
1.880010653137779286e+02 1.185055707674683845e+03
-1.145666934686272498e+03 1.185055707674683845e+03
6.047723153133988490e+02 1.065025587674489771e+03
-1.187899754685463449e+03 1.155048177674635326e+03
-8.544827546854508000e+02 1.125040647674586808e+03
-1.051696758497488872e+03 1.117005995165979812e+03
3.223549413773214383e+02 1.207631146329780904e+03
-1.058239156013661159e+03 1.032161756142271543e+03
-1.271254004686651115e+03 1.005010527674392733e+03
6.092789380868896387e+02 1.060387411561928729e+03
-1.015447365487193792e+03 1.122128072678063745e+03
-8.956041846858682902e+02 1.065025587674489771e+03
-1.104545504685855121e+03 1.035018057674441252e+03
-1.104545504685855121e+03 1.305085827674877919e+03
-9.378370046866384655e+02 1.125040647674586808e+03
-9.378370046866384655e+02 1.065025587674489771e+03
-1.521316754685476099e+03 -4.525302232493628907e+01
5.329777011732084020e+02 1.088268438373153003e+03
-8.006101324122266760e+02 1.027456874364408577e+03
-9.789584346854766181e+02 9.750029976751339973e+02
-1.271254004686651115e+03 1.035018057674441252e+03
-1.229021184685880826e+03 9.149879376750369602e+02
-1.224464442277065473e+03 1.030985616527917045e+03
-9.378370046866384655e+02 9.449954676750854787e+02
1.160433377492037579e+02 9.376447263259403826e+02
1.980886933727278745e+02 1.177510461899546044e+03
-1.011733326951070012e+03 1.116640831594613928e+03
-5.269590804403358675e+01 1.236897417962817826e+03
1.139842699854017383e+02 1.028981395896543290e+03
-1.015506474302231481e+03 1.120869279979751582e+03
-6.877742546862341442e+02 1.125040647674586808e+03
-9.686998928376868889e+02 1.087050187606015243e+03
-8.859602659011277410e+02 1.117526400725954772e+03
-9.690113683955854640e+02 1.177347343628834324e+03
-7.711285046858424721e+02 -2.853132623253244446e+02
-4.788329346862473130e+02 -1.952906723251788890e+02
-8.839989127750714033e+02 1.027517899848901607e+03
-8.956041846858682902e+02 1.035018057674441252e+03
-6.401281097032656362e+02 7.318840862611316425e+02
-2.616472874291181370e+02 2.176167407906965536e+02
-2.710030046866132238e+02 1.347921576745651464e+02
-8.122499346862599623e+02 1.185055707674683845e+03
4.015486131167289159e+02 1.181314747419609148e+03
-5.935249028926185701e+02 -1.427128794584077411e+02
-9.161724368120793542e+02 -4.369879355948133366e+02
-1.009626517897916415e+03 9.973799848073115299e+02
3.958309953134120178e+02 1.185055707674683845e+03
-1.312375434685489154e+03 1.125040647674586808e+03
-9.279959942355812927e+02 8.464042512522929655e+02
-7.711285046858424721e+02 1.515138537674427880e+03
-9.789584346854766181e+02 9.750029976751339973e+02
-9.331218688532251235e+02 9.412241281875092227e+02
5.625394953142080112e+02 1.065025587674489771e+03
-1.052414137380823377e+03 1.086201577520309684e+03
2.601546796323690103e+01 5.511772114313896509e+02
-3.896272842120091013e+02 1.540625548810528926e+03
-7.246301297812541407e+02 1.542492576725310528e+03
-7.626011480793661121e+02 1.506379374570741675e+03
7.348691599662730596e+02 1.632402343489714440e+03
-6.044200046866258162e+02 1.545146067674476399e+03
-3.437144393536011648e+02 7.034606255661792318e+00
8.236112989070538788e+02 1.447194512955276195e+03
-7.711285046858424721e+02 1.515138537674427880e+03
-5.512256385444741227e+02 1.537838243848829507e+03
1.147890690432792837e+02 1.087800439266235571e+03
-8.122499346862599623e+02 9.149879376750369602e+02
-7.124633178511418237e+02 1.007336183993405029e+03
-1.178253625795064863e+03 9.979087093314914227e+02
-1.218366396084734333e+03 1.025623709357322241e+03
-7.195150298926356527e+02 1.567020524255414330e+03
-4.266687025991524251e+02 1.596304679507177752e+03
-5.999449439845190000e+02 1.572254508771629389e+03
-3.543572546862215518e+02 1.605161127674573436e+03
-7.227936601240868413e+02 1.571195821938540576e+03
6.047723153133988490e+02 1.575153597674524917e+03
-6.044200046866258162e+02 1.575153597674524917e+03
8.959564953142206605e+02 1.515138537674427880e+03
-8.440763906310552329e+02 1.568275486139455552e+03
-6.364684975969121297e+02 1.537477767230298468e+03
-5.948510748950471907e+02 1.538842580649136607e+03
-4.788329346862473130e+02 1.515138537674427880e+03
7.763557239317851781e+02 1.482091444798589919e+03
5.214180653137905210e+02 1.515138537674427880e+03
-4.377115046858298797e+02 1.545146067674476399e+03
-6.821140011209233762e+02 1.661977947659954907e+03
6.558669764133926492e+02 1.567915061457262482e+03
-7.652106113231677682e+02 1.062551029320323551e+03
-7.609131326335783569e+02 9.667466899190629874e+02
-7.711285046858424721e+02 -1.352756123250818518e+02
-1.094276675573677494e+03 1.055651848333217913e+03
-9.676966611217964100e+02 2.465671430404339617e+02
-6.877742546862341442e+02 -4.525302232493628907e+01
-4.788329346862473130e+02 -4.525302232493628907e+01
4.791852453145997401e+02 1.095033117674538289e+03
-4.730836642941096670e+02 1.120798938375951138e+03
-2.287701846858429917e+02 7.477709767446809508e+01
-8.064168713588520632e+02 -3.779117763768665554e+02
-4.788329346862473130e+02 1.515138537674427880e+03
-4.336717400260522481e+02 1.572313338121661445e+03
-7.288956846866516344e+02 7.949578176748428859e+02
-4.748364782846765024e+02 7.615033786852920912e+02
-6.001075276800514757e+02 1.661636662918402862e+03
6.519218324661321731e+02 1.632603271201998950e+03
-8.544827546854508000e+02 1.575153597674524917e+03
-2.710030046866132238e+02 1.035018057674441252e+03
-2.918701104744467330e+02 9.750962962340120157e+02
-3.012552814255452631e+02 9.969442661923383184e+02
-6.044200046866258162e+02 1.665176187674670473e+03
6.983599501836142736e+02 1.656198365677799984e+03
-5.621871846858556410e+02 1.635168657674621954e+03
-9.378370046866384655e+02 2.248147476747107021e+02
-9.378370046866384655e+02 2.248147476747107021e+02
-5.210657546854381508e+02 1.695183717674718991e+03
-5.105434620582609568e+02 1.629616815199631446e+03
6.557745713296259282e+02 1.627172169732011298e+03
6.881265653145866281e+02 1.635168657674621954e+03
-7.594376837917054672e+02 1.627616091204634813e+03
-4.743843303868918042e+02 1.601845886783485184e+03
-7.613163678204683720e+02 1.657026794777576242e+03
-4.728788182833166616e+02 1.631300617114162833e+03
-5.117599259051843319e+02 1.628022860217567086e+03
-7.711285046858424721e+02 1.665176187674670473e+03
-5.579697749726005895e+02 1.661588099594043570e+03
7.405342500074993950e+02 1.626291816926996034e+03
-7.604816006411714397e+02 1.627963546075998465e+03
-5.536053293124170978e+02 1.626725172682608672e+03
6.881265653145866281e+02 1.665176187674670473e+03
-5.579404796608212109e+02 1.690907838877527865e+03
-4.985499476770768297e+02 1.632844630226459685e+03
-4.690759347221835469e+02 1.627114196732180062e+03
-5.516945400729019866e+02 5.970406643428361804e+00
-5.935428171055185658e+02 6.760352790194343697e+01
-6.345793938063991391e+02 7.442585216747552579e+00
-5.210657546854381508e+02 -1.524549232488777051e+01
-6.405339207865813478e+02 1.662061160409915374e+03
-8.429993829333642452e+02 1.566501171943019017e+03
-4.377115046858298797e+02 1.605161127674573436e+03
-4.377115046858298797e+02 1.605161127674573436e+03
-8.064235679308245608e+02 1.632624779719356866e+03
-7.711285046858424721e+02 1.605161127674573436e+03
3.958309953134120178e+02 1.635168657674621954e+03
6.506895571804484462e+02 1.511746685416897890e+03
-2.287701846858429917e+02 1.476203767437105796e+01
-3.435931104567027319e+02 -5.296959876710274528e+01
-9.683305782737818390e+02 -3.512813901186224257e+02
-5.210657546854381508e+02 1.065025587674489771e+03
-4.788329346862473130e+02 1.125040647674586808e+03
-3.543572546862215518e+02 -2.252982023252274075e+02
-9.335512450611761324e+02 2.212898445429884760e+02
4.791852453145997401e+02 1.095033117674538289e+03
-3.121244346854513196e+02 1.005010527674392733e+03
-7.711285046858424721e+02 1.125040647674586808e+03
-1.312375434685489154e+03 -1.652831423251303704e+02
-7.288956846866516344e+02 1.065025587674489771e+03
-5.099045280288174808e+02 -1.128731846609108516e+02
-5.538945877466660477e+02 -1.138862764993982637e+02
-7.538711084106211047e+02 -1.935871866388696390e+02
-6.455414346854639689e+02 1.485131007674379362e+03
-5.941570381057547365e+02 1.688059023717188666e+03
7.292479953134246671e+02 1.695183717674718991e+03
-6.455414346854639689e+02 1.665176187674670473e+03
-3.503244885790660419e+02 2.819146397198148861e+02
-5.621871846858556410e+02 1.485131007674379362e+03
-1.093131798272245305e+03 9.772365556489118035e+02
-7.827989153288540365e+02 1.610144065054816110e+03
