date:2016-10-07, time:1000, wind_speed:0.4, wind_dir:90.0, temp:20.3
44.273978 131.757652
-43.505483 68.493546
-90.003407 36.152155
36.688321 126.810407
-4.964946 -281.333812
47.943886 133.562713
40.455357 125.742221
-43.207355 17.726637
-72.704455 67.433037
144.420706 152.551407
-93.435113 26.548838
-51.336055 149.670863
-72.822278 97.500540
6.721153 154.500066
-73.138439 87.642954
103.429846 165.877947
85.829244 178.501579
-109.770789 35.747406
-9.800187 104.536860
-18.214833 113.965984
-84.926722 167.747018
-9.133669 117.871813
-14.120944 115.639453
-89.593905 25.499039
143.977977 127.675406
-67.848125 29.669431
-6.010229 148.586660
-85.829687 186.630465
-102.567020 84.351780
-59.512962 113.774362
-126.575944 59.515612
106.266500 157.515360
128.073529 230.430968
89.829895 221.673652
-30.590654 77.828879
131.226631 169.565869
-59.818153 71.852233
-101.491844 35.603340
136.305864 167.502828
-89.507087 151.611417
-80.945006 100.575699
-79.850864 93.820316
140.148103 206.567361
-81.164092 100.528596
-97.161342 98.847768
82.596566 210.877132
152.996734 149.811768
-72.557601 25.447145
-97.511318 160.580665
-89.560418 166.517619
-110.179340 160.655163
-75.941647 25.040875
44.244299 128.737045
-76.720272 107.792868
-85.361001 106.494460
-76.105011 101.435865
-122.312591 56.582079
-68.916577 81.528847
-14.325578 119.678163
-5.721681 119.446736
-5.385478 116.815153
-5.883599 118.544891
-84.196225 103.105578
-84.598662 104.784519
-89.280507 103.404497
-89.374370 100.617040
52.615270 113.602457
44.444295 116.737800
-177.135256 82.629482
-5.898635 149.758639
-26.263567 134.757862
-19.421960 132.593825
-85.423613 88.511377
-72.931255 97.580902
-21.584345 144.743959
-85.427854 97.547406
-81.452210 105.693716
-113.568204 38.516679
-114.251255 34.499821
2.758184 -144.487552
-13.816178 -102.556805
-10.048813 -69.549853
93.921390 178.589157
86.430336 179.793440
86.134659 176.644491
90.416694 179.725799
-76.313378 68.558089
93.873952 172.521241
89.618494 172.496251
-72.202371 2.632216
36.939833 123.878734
39.933605 127.418619
40.732427 122.573454
-68.329095 77.687950
-68.531559 82.507915
-68.246283 83.639262
39.982361 124.466827
44.345523 127.316991
47.923754 124.652490
57.271575 170.616655
11.687313 135.927018
-26.449693 -81.495639
2.827219 14.658898
48.152843 -193.480691
48.714439 185.922718
-101.486996 110.489557
2.821481 131.451928
-26.690271 67.442972
94.417728 197.896083
-22.727081 67.528335
-6.072940 -199.494978
-68.740782 -166.456224
-27.023755 34.530188
-81.224993 19.480722
-76.411432 23.359763
-85.237958 25.602658
-31.255953 -91.451689
-59.765398 116.710584
47.975148 133.520734
48.873469 131.657564
49.015205 125.401839
48.422580 125.519507
40.852954 129.695200
-56.062674 121.597529
-43.606619 61.597540
35.695796 124.523395
93.992789 178.664120
-72.453919 97.497815
-72.717125 94.493743
-76.461342 53.617513
-97.895843 109.503312
3.135739 -81.376708
-68.772139 97.599534
153.078631 149.735035
-81.200371 103.491717
-14.399331 25.422626
95.034966 177.832919
94.058363 178.439787
95.092683 181.011431
93.974105 181.594353
-51.619971 148.842055
-51.434185 149.104654
-51.118892 147.515574
-51.344527 149.155869
-89.497541 97.582424
-85.432813 100.471617
-85.432288 103.546011
6.334973 -205.435019
-14.448530 124.499485
139.689851 207.697893
139.622767 205.583122
139.776142 206.580202
139.580746 208.665180
