date:2016-06-05, time:1400, wind_speed:3.89, wind_dir:132.0, temp:14.0
26.209708 134.310669
29.918989 139.499150
51.527507 155.023150
92.833557 154.001273
59.857512 110.021174
-86.599600 -75.531677
105.977171 160.846941
-98.920872 -39.418798
76.335076 146.298782
-61.057940 -18.926982
-57.746074 -67.667434
-48.509120 -63.887421
59.024462 190.767598
105.412451 146.216943
13.936261 128.133913
101.532444 146.108183
84.553538 206.418819
-40.723052 -72.657664
13.525174 -81.619998
39.306384 151.848343
-90.444084 -9.703471
84.639284 136.108125
60.442000 205.575753
88.732279 215.430302
101.542259 200.101521
50.566264 166.547946
84.576962 212.383820
-31.854629 -51.902518
-98.759026 -45.705401
-90.649841 -42.557817
-15.143529 -18.950471
42.312871 154.341852
55.481752 167.333970
5.646611 86.085634
-98.809246 -45.787622
-107.510472 -40.607838
-97.895843 -46.535844
46.989507 166.405816
51.657163 171.928273
-89.560418 -40.534338
-89.560418 -43.535091
76.477691 -255.985963
76.557005 143.099686
77.148082 148.513101
-48.220457 -70.228808
30.924895 -67.209449
43.474966 151.844426
39.240910 151.831290
-103.078672 -246.779507
51.834268 157.802151
47.287213 155.119350
51.205873 152.383896
1.188464 56.327201
14.014257 -84.949958
18.473854 -82.272261
13.311143 -79.230996
76.306734 -258.749631
-169.463275 26.091712
109.837114 110.048210
