-1.454159346862346922e+02,-2.985990962324952761e+03
6.881265653145866281e+02,1.035018057674441252e+03
6.949400875214212192e+02,1.029873676456296380e+03
5.625394953142080112e+02,1.065025587674489771e+03
5.747642064405054043e+02,1.055333263250707432e+03
7.352251265375537059e+02,1.029548912218606347e+03
4.791852453145997401e+02,1.095033117674538289e+03
5.625394953142080112e+02,1.065025587674489771e+03
9.852949244067262953e+02,1.029778338319017848e+03
4.857484063687121534e+02,1.090215258616877463e+03
6.998324439846343239e+02,1.024901419391311265e+03
4.847587975365668171e+02,1.090358135002339850e+03
5.625394953142080112e+02,1.065025587674489771e+03
4.919495900306528142e+02,1.086490805321690459e+03
5.674838079713000525e+02,1.059813386854200644e+03
4.857597318844648271e+02,1.090481258511033957e+03
5.625394953142080112e+02,1.065025587674489771e+03
6.881265653145866281e+02,1.035018057674441252e+03
4.791852453145997401e+02,1.095033117674538289e+03
5.739078534774132550e+02,1.056054908272872808e+03
4.791852453145997401e+02,1.095033117674538289e+03
5.625394953142080112e+02,1.065025587674489771e+03
5.673948166182960904e+02,1.059747688304362782e+03
5.679801631468169489e+02,1.090372996480246229e+03
6.135985940839543673e+02,1.105408080550588693e+03
4.856626939368962894e+02,1.089924333297677094e+03
6.931186150962046213e+02,1.030583501916004479e+03
7.355401121620888034e+02,1.029802929086825998e+03
4.841047660966669355e+02,1.119405957982175096e+03
9.847362803878736486e+02,1.029095000644345419e+03
5.685312070223978935e+02,1.060920956337841062e+03
4.824770759645497833e+02,1.109001209925101421e+03
4.840319997399654426e+02,1.090695888215058176e+03
9.846051060692490182e+02,1.029402256070758085e+03
5.741608115370556789e+02,1.055575960645883015e+03
5.693143753394234636e+02,1.179018168699556327e+03
5.625394953142080112e+02,1.065025587674489771e+03
9.793107453138289884e+02,1.035018057674441252e+03
4.428775675403532546e+02,1.119294853721712570e+03
5.687517901747487485e+02,1.059975741966828991e+03
5.690400455288502144e+02,1.059616638819947639e+03
7.360713150946628502e+02,1.029495451217349682e+03
6.947217917901263036e+02,1.029713424315229986e+03
5.625394953142080112e+02,1.065025587674489771e+03
5.625394953142080112e+02,1.065025587674489771e+03
5.625394953142080112e+02,1.065025587674489771e+03
5.625394953142080112e+02,1.065025587674489771e+03
5.272290139624649328e+02,1.090433215615345944e+03
4.380638153141822499e+02,1.125040647674586808e+03
6.928976216903752174e+02,1.029390909880129129e+03
-9.264166636048622649e+02,6.061999920656375025e+02
-6.339537960916428574e+02,9.357341254883181136e+02
-9.378370046866384655e+02,4.948825176751473691e+02
6.935805978180745797e+02,1.030909472282906563e+03
6.881265653145866281e+02,1.035018057674441252e+03
4.430133919553968553e+02,1.120611554931394039e+03
6.942960663463159108e+02,1.030513993322324268e+03
5.625394953142080112e+02,1.065025587674489771e+03
5.736885464121301084e+02,1.056477324493506785e+03
6.881265653145866281e+02,1.035018057674441252e+03
5.675129149167225933e+02,1.059888863614451338e+03
7.347680995269060986e+02,1.030092704671742240e+03
-6.044200046866258162e+02,1.725191247674767510e+03
-5.975335477358922844e+02,1.630456332495914921e+03
5.754199225594435347e+02,1.056074480313768618e+03
5.676307157483679475e+02,1.060394831805900594e+03
-5.497909177068723920e+02,9.056874121809917142e+02
6.949941303465947158e+02,1.030318474048222242e+03
6.930088532244001271e+02,1.030476266014838529e+03
6.942381971188698344e+02,1.030056231879359984e+03
5.625394953142080112e+02,1.065025587674489771e+03
5.693605175110787968e+02,1.060059662636050689e+03
7.355880510934970289e+02,1.029381690099853813e+03
6.946525079967348120e+02,1.030768467292387186e+03
6.937555245245101787e+02,1.029452921011571107e+03
7.003863066826861541e+02,1.025732702450029365e+03
6.881265653145866281e+02,1.035018057674441252e+03
-7.288956846866516344e+02,1.785206307674864547e+03
5.675043754765721360e+02,1.058988165156539480e+03
9.921116401029161125e+02,1.026575914729150099e+03
5.692432280337756083e+02,1.059550036161031812e+03
4.924144699138300325e+02,1.087030360336492322e+03
4.855942257733359497e+02,1.091032035598504308e+03
5.268063157040146507e+02,1.089584787117297537e+03
5.680230338930225571e+02,1.060077985312201918e+03
5.625394953142080112e+02,1.065025587674489771e+03
6.948598312495496430e+02,1.030359858212307699e+03
-8.477083391512088610e+02,5.493454798460659276e+02
5.625394953142080112e+02,1.065025587674489771e+03
-5.923808678319942373e+02,9.371729231657697028e+02
-4.422068226602977461e+02,1.138344993773817578e+03
6.950500531538011728e+02,1.030950863111186663e+03
4.430361557893935469e+02,1.120187042316526458e+03
-6.206168468662637849e+01,1.965251487675155659e+03
-4.788329346862473130e+02,1.125040647674586808e+03
6.881265653145866281e+02,1.035018057674441252e+03
-6.206168468662637849e+01,1.965251487675155659e+03
-2.768107891134264946e+02,1.684282769836554962e+03
4.843134822411903428e+02,1.090594713889745208e+03
1.946545308333715525e+02,1.179760127151314009e+03
1.032800380033566853e+03,1.476599802900192117e+03
-3.954786846866389851e+02,1.215063237674732363e+03
6.241399531339939699e+01,1.905236427675058621e+03
3.615532498655265385e+02,1.180199136880290325e+03
-3.412837695084959933e+02,1.147130298631397181e+03
6.076947955538313408e+02,1.227403589027950829e+03
-2.094025468620891672e+01,1.875228897675010103e+03
6.881265653145866281e+02,1.035018057674441252e+03
6.881265653145866281e+02,1.035018057674441252e+03
9.846686987572591079e+02,1.029628572673252620e+03
9.793107453138289884e+02,1.035018057674441252e+03
6.881265653145866281e+02,1.035018057674441252e+03
6.948387540688165700e+02,1.029684765090921928e+03
2.626838341278133271e+01,1.869349659127416544e+03
-6.206168468662637849e+01,1.965251487675155659e+03
-5.197071727308513118e+02,1.196454056621834752e+03
-3.056081007359565547e+02,1.870433246278142633e+03
-5.148965819168240614e+02,1.210697012030182577e+03
3.124767453138036899e+02,1.215063237674732363e+03
4.010855673677572781e+02,1.180104983638247404e+03
1.104897815314207492e+03,1.695183717674718991e+03
-3.488394660809942138e+02,1.209623940878369012e+03
2.801769412488775401e+01,1.929392654550312955e+03
-4.764984176550957500e+02,1.197153843511096738e+03
1.197391507168930730e+03,1.644039590632222826e+03
-1.060839082023350244e+02,1.200465838946483700e+03
-9.323229551518564904e+02,5.205335486521846633e+02
-8.064620506645380829e+02,5.190494182899097950e+02
9.847416369378893251e+02,1.029792464239299534e+03
-3.121244346854513196e+02,1.185055707674683845e+03
3.600336645511143843e+02,1.180023985018205849e+03
-1.468798535378996348e+02,1.142295453350142679e+03
5.677638429674291274e+02,1.059356158931389700e+03
3.662096128022730568e+02,1.174511749174921988e+03
7.007561497293113462e+02,1.026385095651775373e+03
6.881265653145866281e+02,1.035018057674441252e+03
-7.288956846866516344e+02,1.635168657674621954e+03
6.881265653145866281e+02,1.035018057674441252e+03
6.933768641031481366e+02,1.029383441785675814e+03
5.261502853452780073e+02,1.090772157260321592e+03
3.958309953134120178e+02,1.965251487675155659e+03
1.021543565314599164e+03,1.095033117674538289e+03
1.937536074346062946e+02,1.179950298306131799e+03
1.101684177829702094e+02,1.150575948736440523e+03
