6.458937453138163391e+02,1.305085827674877919e+03
5.087903374888988139e+01,1.190093904006788762e+03
9.669402772779529869e+02,1.041039975103636152e+03
8.548350653138031703e+02,1.095033117674538289e+03
5.928465570195849068e+02,1.401572388553875726e+03
-1.042945046858172304e+02,5.248900476744062189e+02
2.291224953141954188e+02,-6.454036223251169986e+02
1.178493566086788405e+03,1.880364581398112250e+03
7.662341612012634187e+02,1.638753223289688322e+03
9.793107453138289884e+02,1.575153597674524917e+03
8.846095483185375770e+02,1.429841664598393209e+03
1.104897815314207492e+03,1.065025587674489771e+03
4.980892809263623633e+01,-1.061125138712823855e+03
-7.302451650981018361e+01,-1.119056932308242949e+03
5.982741815867611876e+02,1.398163475061669715e+03
1.146019245314625095e+03,1.545146067674476399e+03
8.025576767535935687e+02,1.521135944525684636e+03
6.458937453138163391e+02,-2.625900602325160435e+03
1.312727745313841524e+03,1.545146067674476399e+03
-4.007068393505028325e+02,-7.332107581594991643e+02
2.663146258451669155e+02,-6.131336631291499089e+02
6.000685301205181759e+02,-2.712392096374396715e+03
5.597206466651101664e+02,-2.699719943566849452e+03
8.421484351272923732e+02,1.401114273501113303e+03
5.111583385707655225e+02,1.251685232088343128e+03
2.129256531456131540e+01,1.185055707674683845e+03
3.486508894755155552e+02,-5.831826038430352810e+02
8.126022453146123325e+02,1.305085827674877919e+03
-1.151309615082143125e+02,-1.016521181019050118e+03
1.112762376702313816e+01,-1.077148925565964873e+03
-3.224055462298257453e+02,-7.903635187163888531e+02
1.271606315313424147e+03,1.725191247674767510e+03
3.547095653145739789e+02,-6.153960923250684800e+02
6.399473362735398041e+02,-2.623438238309312965e+03
1.051034436183450453e+03,1.070787376481914180e+03
7.665152828267516725e+02,1.260351716334553430e+03
7.714808153141948424e+02,1.425115947675071993e+03
8.024966670218386753e+02,1.610556714189401646e+03
8.126022453146123325e+02,1.575153597674524917e+03
-7.247759608158828826e+01,-1.057669680074847292e+03
3.435111475081857861e+02,-6.104003425855655678e+02
7.195008825393754250e+02,1.611683906972721843e+03
1.046468153141696291e+02,1.215063237674732363e+03
1.581768366283027660e+01,1.217998332754770445e+03
8.959564953142206605e+02,1.335093357674926438e+03
3.547095653145739789e+02,-6.153960923250684800e+02
3.014198756609939664e+02,-6.098665798765096042e+02
1.021543565314599164e+03,1.635168657674621954e+03
1.016586110336508341e+03,1.637174517802125820e+03
5.989329107856151495e+02,-2.713465465635798864e+03
5.560937750025357218e+02,-2.713184976875057146e+03
6.776595942119454321e+02,1.401276515207137436e+03
8.126022453146123325e+02,1.545146067674476399e+03
6.241399531339939699e+01,1.215063237674732363e+03
8.069607359328047096e+02,1.067242792689003636e+03
1.009953901489467398e+03,1.642161827479238127e+03
1.056462489122754732e+03,1.637444206188656835e+03
7.593131523619208565e+02,1.610093324761774511e+03
8.442777107229728699e+02,1.641266690477757720e+03
-2.094025468620891672e+01,-1.035501512324957957e+03
1.021543565314599164e+03,1.065025587674489771e+03
1.050773816188866022e+03,1.131568888871357558e+03
1.094811049702655509e+03,1.101333156096400899e+03
1.104897815314207492e+03,1.065025587674489771e+03
1.035886536106189624e+03,1.639271947162760625e+03
