6.881265653145866281e+02,1.035018057674441252e+03
6.833903198015341331e+02,1.037747455205857023e+03
5.489173608997605243e+02,1.073003698102500493e+03
6.881265653145866281e+02,1.035018057674441252e+03
-6.044200046866258162e+02,1.605161127674573436e+03
3.547095653145739789e+02,1.185055707674683845e+03
6.881265653145866281e+02,1.035018057674441252e+03
-5.307834655111169013e+02,-7.582377390619485595e+02
6.881265653145866281e+02,1.035018057674441252e+03
-1.854733754685488748e+03,2.848298076748077392e+02
6.779717820387186293e+02,1.043059529363883939e+03
-7.811022383094464203e+02,9.533155643310943788e+02
-6.931821824699090939e+02,8.876835198750069367e+02
-9.878855959403163070e+02,6.387134088527360518e+02
5.625394953142080112e+02,1.065025587674489771e+03
-7.776211279550244626e+02,9.484134152472034884e+02
-8.544827546854508000e+02,5.849051076745032560e+02
-1.027124347160405932e+03,5.884611785024293340e+02
6.881265653145866281e+02,1.035018057674441252e+03
-1.070628824809739626e+03,-2.559430758549900474e+03
-1.067713716354736334e+03,-2.562537752039919724e+03
-1.062312684686664397e+03,-2.565885542325063398e+03
6.826560799007596643e+02,1.038589334919274961e+03
-5.675708264762956787e+02,-9.410820936898634272e+02
2.129256531456131540e+01,-2.775938252325403027e+03
-2.710030046866132238e+02,1.725191247674767510e+03
3.500418934518842207e+02,-2.141658153319674057e+03
6.776837559300713565e+02,1.042321844444035378e+03
6.818371696763805403e+02,1.038096761582239196e+03
-1.979640360363345621e+02,1.851409970261286162e+03
6.746308271388511457e+02,1.043695094473528798e+03
5.572622022981411192e+02,1.069052542174294103e+03
-2.775139578394478121e+02,-7.309008080972654398e+02
6.817776269297964973e+02,1.039644164170757449e+03
6.820583127000534205e+02,1.038998306264155872e+03
6.775423793982610050e+02,1.041419989477088166e+03
6.881265653145866281e+02,1.035018057674441252e+03
4.333115667867120351e+02,-2.171972310939353974e+03
-9.789584346854766181e+02,6.149126376745517746e+02
-5.314896269272558129e+02,1.042689124951053145e+03
6.815734800948164320e+02,1.039483418675544726e+03
6.781570114732534194e+02,1.043187528679798334e+03
-5.737362119717813584e+02,5.307186247621406210e+02
4.319895645517045182e+02,-2.142535120069405366e+03
5.578014048150287181e+02,1.068539689759184967e+03
5.625394953142080112e+02,1.065025587674489771e+03
6.822430247438550168e+02,1.039090454895275798e+03
5.625394953142080112e+02,1.065025587674489771e+03
5.625394953142080112e+02,1.065025587674489771e+03
9.685495386619563760e+02,1.492069824085292566e+03
-1.062312684686664397e+03,-2.565885542325063398e+03
-9.789584346854766181e+02,6.149126376745517746e+02
5.562820790543763678e+02,1.067688245250680666e+03
5.562801662986253177e+02,1.068396346084087554e+03
-1.074344023267939292e+03,-2.559478409043054398e+03
-1.062312684686664397e+03,-2.565885542325063398e+03
-1.073383988288641604e+03,-2.558781057742030953e+03
-1.454159346862346922e+02,-6.754111523251655171e+02
5.625394953142080112e+02,1.065025587674489771e+03
6.881265653145866281e+02,1.035018057674441252e+03
5.625394953142080112e+02,1.065025587674489771e+03
6.881265653145866281e+02,1.035018057674441252e+03
6.785556431475430372e+02,1.039780987628263119e+03
5.625394953142080112e+02,1.065025587674489771e+03
6.824548589607504709e+02,1.038600259185595405e+03
5.625394953142080112e+02,1.065025587674489771e+03
5.625394953142080112e+02,1.065025587674489771e+03
4.791852453145997401e+02,1.095033117674538289e+03
-3.232250864752770667e+02,1.191143233903858345e+03
4.791852453145997401e+02,1.095033117674538289e+03
-3.228030892578877342e+02,8.617984513698938827e+02
6.786362133370195124e+02,1.041075432922348455e+03
3.414247167789872037e+02,1.193911095368045835e+03
-6.827424453399468973e+01,1.217917036934863063e+03
6.881265653145866281e+02,1.035018057674441252e+03
6.823841204776626910e+02,1.038565774772845998e+03
5.481852984920227527e+02,1.072663941904041167e+03
-1.104545504685855121e+03,-2.535878012325014879e+03
4.726241824591623981e+02,1.097682875125312194e+03
6.780149167072496539e+02,1.042966159465192732e+03
-1.104545504685855121e+03,-2.535878012325014879e+03
-5.210657546854381508e+02,1.005010527674392733e+03
5.577645613484352225e+02,1.067956819596130117e+03
1.055913380745999348e+03,1.458697546244626437e+03
6.881265653145866281e+02,1.035018057674441252e+03
5.576610808437676496e+02,1.067604371946280935e+03
-1.104545504685855121e+03,-2.535878012325014879e+03
-8.640866723045769504e+02,-1.148682491962508493e+03
4.791852453145997401e+02,1.095033117674538289e+03
5.525616169405651590e+02,1.071352860031126284e+03
-1.103564235183232398e+02,1.217633641221446396e+03
9.793107453138289884e+02,1.035018057674441252e+03
5.561485824419812616e+02,1.068935450186637354e+03
6.881265653145866281e+02,1.035018057674441252e+03
4.741401947939079378e+02,1.098712270526369139e+03
5.543916302542238554e+02,1.072041473383652146e+03
-1.698942733452997345e+03,2.036492820405801467e+02
4.791852453145997401e+02,1.095033117674538289e+03
5.564141510042512664e+02,1.069165698234400907e+03
-1.739182802802472224e+03,2.318144631873248898e+02
-1.062312684686664397e+03,-2.565885542325063398e+03
5.625394953142080112e+02,1.065025587674489771e+03
6.881265653145866281e+02,1.035018057674441252e+03
6.792137452835038403e+02,1.042606657038366166e+03
5.518543087680635608e+02,1.070705402235301108e+03
6.047723153133988490e+02,1.065025587674489771e+03
-1.062312684686664397e+03,-2.535878012325014879e+03
5.520953109086710811e+02,1.103322826771553309e+03
5.625394953142080112e+02,1.065025587674489771e+03
5.625394953142080112e+02,1.065025587674489771e+03
