date:2016-08-09, time:0300, wind_speed:2.48, wind_dir:320.0, temp:16.7
65.883985 105.901016
-106.027904 22.345425
-93.783700 40.485993
-147.144084 45.980842
-81.927657 66.954230
-77.845101 6.983514
-113.321067 96.941698
-100.780384 72.922290
-138.969635 73.052615
-81.977804 108.956764
26.126754 136.153179
-38.227755 117.948761
-134.209627 -5.132138
-88.260709 78.923720
-175.710841 24.837944
-82.148971 -23.249628
-150.886500 58.001503
-134.833099 13.002353
73.566727 106.067684
-0.787210 99.887566
-159.190006 3.959240
-97.175849 -43.889890
-85.033955 31.170455
6.934639 109.053286
69.533244 103.053676
-93.348558 61.151856
-117.529851 69.829050
-96.616528 54.853232
-167.509627 34.002703
-34.219301 114.943962
73.914170 102.990199
-89.363417 157.380487
-34.212825 138.881720
-38.586123 120.931199
-121.591110 117.902073
-117.537033 78.912873
-118.019298 -23.005201
-113.857534 145.049263
-143.543965 22.344161
-86.387060 4.050889
22.265284 165.936854
-9.123788 130.015062
-89.560418 118.505571
-52.106575 61.491264
-110.240783 37.281054
-59.035346 129.773716
-115.483951 10.068748
-84.206048 18.824457
-127.125400 10.478463
-84.176424 6.820248
-117.522607 -14.161719
-77.792324 -23.031988
-113.260800 93.927288
-155.307437 67.055021
-86.225184 120.895404
-0.789594 127.027771
2.829503 136.005953
-139.104352 139.194788
-84.177710 75.957684
51.291803 174.997030
-109.079734 54.876896
-113.174476 27.909473
47.918525 154.514607
-101.903031 58.339134
-113.198820 21.930740
-110.017785 82.114142
-125.743899 -5.182252
70.144706 142.039824
-146.535528 117.959464
-179.892482 81.885603
-131.237543 37.485240
-126.443344 85.191712
-106.231268 67.492770
-59.154839 129.872882
5.344556 96.962607
-39.385324 127.331140
43.806382 112.504065
-160.017365 67.122135
-143.112537 40.025764
86.767984 132.860862
-92.609187 -8.136968
-63.735855 148.122357
-155.061055 108.984079
-147.159469 48.970669
-138.218285 126.900210
-63.229950 51.853557
19.016261 118.353553
-64.554143 112.504065
-58.957772 159.854692
-26.913866 133.372595
-76.434122 136.211053
-154.915541 108.958847
-94.340082 51.839188
-131.237543 49.488252
-68.082987 -13.908114
-76.905196 1.270223
-75.747654 -38.089872
-94.386058 54.935972
-109.188202 156.882838
81.845346 103.074972
-90.558113 153.936411
-88.542164 76.140546
-77.918232 159.982054
-65.617897 30.910322
-84.381252 12.894334
-72.187635 163.139455
-34.154751 108.839730
-121.725821 12.947273
-126.428551 36.982004
-129.917403 45.833526
56.933207 106.104174
-56.218718 142.511595
-150.818557 108.841594
-171.942774 76.031037
-97.895843 55.489758
-67.423802 132.810576
-82.071473 151.010157
-93.368036 55.174304
-92.474954 48.975218
-42.412280 123.965588
-113.375660 96.984503
-132.124511 45.948631
-134.060199 30.927995
-101.934119 37.334792
-92.456628 42.831068
-97.222294 46.104760
-109.702839 46.125303
-98.912422 54.972325
-65.491645 57.903628
-97.103423 40.026694
-85.448275 43.486746
-88.859403 43.120511
-82.108857 144.925273
-76.512895 97.035106
-84.673078 58.171625
-84.942698 58.118038
-73.846163 138.926560
44.430544 112.114618
-140.540045 55.042725
14.576825 -283.595331
-46.657172 153.959211
-43.771150 79.495782
-67.884493 51.954271
-84.366887 1.008539
-68.077417 -166.963254
-100.887356 78.798777
-175.865700 78.962763
-180.079127 81.918592
-176.483746 79.092448
57.432111 156.896804
-51.485469 135.952677
68.812657 124.507077
-72.202062 112.078036
72.924800 103.501806
-104.956365 67.078463
-92.480505 -5.241550
-55.716915 -157.836826
-121.569611 108.779899
-6.206168 115.504818
-25.868421 99.913415
-147.196456 69.962638
-168.537557 52.335761
-72.889568 -82.544880
-85.266279 151.311522
-84.435646 163.039488
-76.447190 166.018034
-84.574783 151.029294
-55.431624 100.129295
-50.746215 -275.194631
-23.589436 63.992129
-151.183157 55.070226
-76.358597 22.078019
20.124819 -290.326535
15.810939 153.960636
23.935201 150.959623
-60.442000 121.506324
-139.572968 46.487499
-84.810858 13.128063
-143.558024 -28.763119
118.022404 196.192442
56.253950 142.511595
-72.224924 52.104228
-150.875527 33.902399
-13.207385 -287.087055
-111.151448 -17.227845
-52.106575 -190.571988
-131.237543 82.496535
-130.227202 82.023440
-75.943407 87.900867
-161.233643 70.073128
-146.620809 72.862127
-71.562771 30.794915
-92.782645 -32.141944
-84.222510 -26.162275
81.497969 103.371945
78.449082 102.907152
86.774399 105.914404
-142.433060 111.768339
-2.883087 123.775399
-72.654841 67.306797
-117.505382 87.875066
-121.928934 85.047278
-164.416376 55.290232
-96.616992 45.992318
-68.134261 49.040861
-159.205190 36.935716
-118.789975 43.486746
-113.873096 31.064557
-114.566693 85.497288
-114.318855 88.367988
-50.857034 154.057606
-109.791072 91.061193
-101.483261 67.082806
-125.853207 48.891867
-100.915291 48.926013
-59.196665 -26.201332
-60.277790 148.357043
-105.546626 97.113307
-147.908393 49.488252
-108.966701 33.812798
-72.179551 25.031519
69.594898 121.089417
-72.204366 114.941598
98.595955 103.056787
-46.546291 45.864544
-71.977113 -257.121963
-63.830500 -271.932941
-175.848911 78.978390
-171.716391 75.968246
40.229635 163.119598
-134.998226 76.177595
-81.224993 -253.587801
-42.605280 75.864561
-67.415466 12.820254
-59.078942 -22.987095
15.225774 -121.928146
-122.726432 88.286353
-129.896870 90.975335
-67.851184 51.936153
-44.576199 136.039306
-86.106274 129.870757
-80.071573 -41.040167
-39.547868 -274.593072
45.109123 163.041805
-52.931107 159.791495
-146.835026 57.982579
-93.783700 -13.527561
9.647700 -110.077542
-71.646345 -236.144069
-29.843581 -281.012770
-46.694975 138.898417
-27.100300 106.502559
-101.417478 61.108595
-73.861329 55.085533
-59.166931 58.007517
-80.888389 -82.869704
-50.787232 -269.033035
-47.631790 -277.743400
-109.192073 126.875068
-71.451844 -11.201243
-42.576252 96.999386
-46.591561 93.997306
-88.227735 64.017915
-86.153428 60.954170
-9.954356 49.192688
-85.448275 154.514607
64.589375 127.507830
56.253950 124.507077
-119.703699 51.979674
31.968369 -281.036974
-109.730777 163.086760
-105.187590 135.934925
-43.540130 130.310555
-109.103268 -8.022641
-46.581925 -200.111430
48.409700 -241.916751
-63.195880 54.920788
-63.071548 54.772203
90.858745 183.911637
-56.218718 -7.526055
-76.314739 -173.002629
-88.295797 78.957381
-92.520810 78.846983
-151.200749 85.062078
-67.547629 -236.094457
-68.121841 42.965215
40.888552 138.971263
-18.076887 142.056720
-159.976980 73.200138
-84.771740 13.117012
-118.789975 1.476204
-146.488131 -20.047231
57.509723 -194.131921
-118.789975 151.513854
-171.689414 76.021880
-56.051697 52.354415
-168.802525 46.487499
-129.949482 -23.067200
-59.425338 -272.081545
91.033678 186.846432
-42.287461 144.874534
-34.144619 145.027717
14.576825 133.509336
-131.237543 91.498794
-63.176447 -20.195436
56.253950 -250.587048
-71.360559 114.961101
-13.365796 112.003553
-93.783700 -10.526808
-100.675573 -26.132173
32.594749 -287.121889
20.109258 141.893434
-48.928380 135.950002
-85.727549 81.381163
-140.255743 42.855918
-117.582650 0.857871
-97.159058 66.964534
-100.838097 57.808048
-96.639470 63.812814
-13.800744 -287.009681
-13.783523 -286.993903
-56.042464 94.287577
-52.106575 97.500300
-55.581073 100.088239
-51.426364 -266.065797
-93.044327 43.027578
-42.367898 126.840762
-36.356032 126.963742
-36.086106 139.033453
-50.768412 67.026225
-101.207186 114.931594
90.024517 190.183520
-71.962520 127.031262
-160.467100 73.494276
-34.194467 72.891070
-51.426776 -275.083463
-22.294373 -284.056947
-34.127217 139.003595
1.176486 114.781666
-110.029834 31.098584
90.526857 -233.132863
-76.368156 -230.038752
-22.117579 -283.964309
-122.740625 58.262111
-122.328129 55.106927
44.908324 153.995733
52.583417 151.204952
52.846784 151.099051
48.722308 142.132482
-138.622946 -32.064276
-84.690487 16.096300
15.549667 129.926382
-88.315044 60.834519
-89.560418 151.513854
-93.423964 145.179947
-94.692061 147.969774
-102.119125 28.482981
15.853205 117.979962
-88.862329 55.043645
-84.454672 57.980520
-50.749633 138.957259
-88.833606 40.058873
-129.948844 39.933679
-72.889568 70.493523
-68.777425 73.494276
-96.338454 39.847773
31.247675 133.509336
-135.268821 31.349953
-134.806513 40.070462
98.155252 175.327548
44.763355 162.999930
27.828883 127.136606
90.901032 132.831644
-17.813652 94.087474
-38.276954 81.924894
-176.502978 79.062917
-135.212133 58.360643
-121.580316 42.886819
-42.446620 39.897808
-73.722724 -8.012320
-51.449950 -275.033921
-17.681703 -284.099556
-47.266741 85.073172
-47.883293 154.514607
-117.875723 15.919919
-101.932341 58.270163
-90.385042 40.019540
-76.328863 100.088920
61.146687 145.099673
65.307490 150.960299
61.891128 -194.003296
86.150544 106.115909
86.149568 105.991669
-101.415864 52.074972
-75.900077 9.968902
-54.971911 -275.119911
-51.354919 -164.049575
-55.034386 -164.020226
-126.906211 79.346321
-56.218718 55.489758
-56.218718 58.490511
-42.979424 -256.914474
-80.465746 91.114612
-79.956664 90.780344
-14.541593 124.507077
-43.333341 -259.853816
-68.275918 28.160322
-43.574789 132.586533
-42.744485 129.962803
-64.554143 49.488252
-72.016916 48.988537
-68.099222 49.546252
89.595650 199.525902
-102.119125 43.486746
20.980142 145.524416
-64.554143 40.485993
