date:2016-09-12, time:0900, wind_speed:2.42, wind_dir:294.0, temp:18.4
-93.055163 -13.828034
-18.115021 85.234190
-168.526502 18.359085
-163.910215 19.256767
35.769549 116.915662
-105.454624 -28.921679
-80.218065 111.945466
-180.643737 46.058340
-151.450216 31.939082
-121.933943 -34.897599
-35.141059 -281.697373
2.848947 127.126587
52.141807 118.505571
-89.108231 -43.087511
-76.483081 49.566416
-80.425686 106.292232
52.898897 136.278233
-134.769446 37.084027
-84.308811 -44.157118
-39.325933 -281.739490
-59.906911 37.834537
-88.917239 55.500751
-84.451680 108.820490
-80.619366 106.350836
-30.266708 97.116434
-38.692958 91.199480
-147.049248 43.428117
90.521905 147.868394
-76.337792 55.240726
-151.557377 31.534682
-105.377213 34.019108
-113.758312 40.316477
40.282086 130.146015
-72.196232 43.402533
74.006936 177.822400
-113.934997 22.453056
94.555261 181.211585
-105.501002 49.265920
-14.491230 -287.883194
-80.377073 166.287126
-75.774062 -44.123375
-97.162394 37.067022
56.287775 138.111175
44.387777 130.659750
-126.606990 -40.355285
-134.708473 -35.076051
-76.728075 109.773047
-76.466441 115.669018
43.927088 124.272974
-80.480449 103.240278
-93.175177 103.616300
-76.251369 112.625181
-93.252006 52.742090
-109.715844 85.286956
-138.746262 43.138871
-147.252689 94.621533
-155.467133 58.103763
132.018872 172.291949
-59.855081 103.880294
-155.445835 64.284930
94.276027 220.731048
-105.451632 70.101383
-55.019534 153.712707
44.575874 121.181973
40.195869 124.265933
-180.478232 94.215268
-51.222903 37.252173
-55.008932 45.900308
-84.640040 157.216987
136.072724 163.588161
-172.297179 79.197319
-51.469391 73.116732
2.823235 136.246710
-101.195909 57.896470
-117.794542 124.059149
-67.872383 178.277112
2.725095 169.501159
-126.294861 69.801818
-139.028446 85.172982
36.073142 124.740280
132.014277 229.240758
82.287150 195.913479
-101.336135 172.073683
-80.516126 19.280803
11.080951 157.468639
-59.615176 151.088760
-59.691387 166.235992
-84.454793 7.312884
-117.926698 88.220594
48.423513 130.736070
-101.285836 46.171127
-63.543934 57.687396
-84.270148 162.756769
136.186517 214.640716
140.200304 166.715662
-13.544014 88.014382
-101.203168 45.924696
127.901003 151.153930
-5.673834 163.625556
-80.473037 142.146120
82.050043 193.319104
-9.963346 145.426988
144.805550 166.117305
-72.192556 40.458959
-71.970077 40.271607
-71.814419 42.893049
-163.719887 52.022324
-88.943769 109.777381
-13.605876 145.126057
77.935987 205.305573
98.047468 147.990836
90.579470 151.219751
-142.980477 52.016769
53.074839 136.111929
19.016853 117.949559
131.936387 172.284600
-143.111905 46.155352
-72.261144 40.281396
-67.718600 36.677651
-96.961006 94.150885
-47.066428 46.047617
-47.214901 160.051827
-72.122034 121.076729
-67.633428 -44.088180
-130.362333 64.053568
-34.872162 65.057596
111.337986 145.190580
-72.232953 148.741303
-47.247280 163.438383
65.260168 205.973839
-5.358817 124.127268
-72.445079 112.666491
-71.990191 111.883093
-68.244805 109.585439
-75.869009 106.002419
-64.018104 43.442389
-68.076730 40.177733
-72.109965 36.692528
-105.256258 126.729846
-71.735105 39.720515
2.996833 171.837034
3.378866 168.919083
4.841312 168.677988
2.416169 167.556826
