date:2016-10-08, time:1800, wind_speed:3.49, wind_dir:193.0, temp:14.8
2.698858483123576093e+02 1.331400031907567154e+03
3.739776777964814869e+02 1.308038944840272052e+03
-1.351401301528791919e+03 -3.432717818644653676e+02
-1.145666934686272498e+03 -1.035501512324957957e+03
-1.276809708397933946e+03 -3.453485729351672262e+02
-1.153556556504051059e+03 -1.006550518804241165e+03
-8.799485349631785311e+02 -7.330091758375621112e+02
-1.612237903892819077e+03 4.262490153926938063e+01
-1.494185295846850750e+03 -1.960421091759785668e+02
-1.463327657053285293e+03 -1.227531055363070323e+01
-1.688025254686272092e+03 1.948072176746621835e+02
-1.829439401575708416e+03 4.064109643336120143e+02
-1.145666934686272498e+03 -1.065509042325006476e+03
-1.628540638210114366e+03 7.587634694461398510e+01
-1.610657960846378728e+03 3.424873229908805570e+02
-1.477823592759737949e+03 3.183238934154806543e+02
-1.289554342806253089e+03 2.250213795033106976e+02
-1.745010696355785512e+03 4.937503320248964656e+02
-1.697282557623227603e+03 3.414649222319004025e+02
-1.163900290499498851e+03 -4.974248776162576746e+02
-8.641920729328040807e+02 -1.357874671365442225e+02
-1.272885081186769639e+03 4.361481710197128336e+02
-8.885472955040505667e+02 -1.005556275618148788e+03
-1.705105887127926962e+03 3.178316540241701205e+02
-1.662682601314485510e+03 4.328768555493797408e+02
-1.373538541025989161e+03 4.969069944362005913e+02
-1.106907914744503614e+03 -1.065039729381466032e+03
-1.507889288023095105e+03 5.826842063504728912e+02
-1.528148497326495999e+03 4.932247338482511623e+02
-1.528815046812107539e+03 -1.677417074538771402e+01
-1.408692921249737083e+03 -1.050519650738876578e+02
-1.524830301075520083e+03 5.561001220924202926e+02
-1.612898322808933926e+03 1.336713148832406546e+02
2.806074459208099370e+02 1.246576006477671172e+03
-1.536137409251657118e+03 -1.722372745202904554e+01
-1.648136569034817512e+03 1.922063835940197123e+02
-1.523395594248599991e+03 3.742780731147904021e+02
-1.194952884353338732e+03 9.724410446826333327e+02
-1.455461972389461380e+03 1.128476022574599938e+03
-9.904382804555125404e+02 7.604819235257074297e+02
2.796628491790531257e+02 1.217859094427335322e+03
-2.405060093170268374e+02 1.005636786974923893e+03
-1.021985790228876340e+03 -2.519445569928798250e+02
-1.262808693729776223e+03 4.060827124872820946e+02
-1.139211399693929934e+03 4.899003909646924626e+02
-8.594565486468706013e+02 -7.349810293922113260e+02
-1.770926366287711289e+03 4.656591062625367954e+02
-1.019906822036292283e+03 -4.962086540617630703e+02
5.940238973845723649e+02 1.844367857202931873e+03
-1.688025254686272092e+03 3.748523976749532949e+02
-1.648718944147471802e+03 2.541452806097743178e+02
7.494554561556632279e+02 1.726168427867544096e+03
7.081647862251106744e+02 1.726044777195701727e+03
-7.299802863727696831e+02 -1.346830888734793064e+02
-1.271801287615791807e+03 -4.381896178607250363e+02
8.974666184577222339e+02 1.843387045559465150e+03
8.876280575179297330e+02 1.633714978798333277e+03
6.799865769994634093e+02 1.784125700457602534e+03
8.382938784351141521e+02 1.847174915130634190e+03
8.793034004071726031e+02 1.843041103332363718e+03
9.362296056524677397e+02 1.845672255635630790e+03
7.721347320358152047e+02 1.815424738422842665e+03
6.529498072794698373e+02 1.757354122676932093e+03
7.614345181057728951e+02 1.905400752608813264e+03
6.954847318006234218e+02 1.634862285144632096e+03
-1.604671004686663764e+03 4.476956767441957652e+01
-1.442772345256403469e+03 -1.725092301023347829e+01
-1.528672784333301706e+03 -7.755269275139804108e+01
5.180640902358700259e+02 1.756509071808964109e+03
2.671563461209449883e+02 1.667074541451894447e+03
6.763729284637162209e+02 1.664738466847852578e+03
7.757819935739313451e+02 1.604898658673550244e+03
8.538874457268229889e+02 1.815037669485629749e+03
5.880987476323020928e+02 1.817171691218258502e+03
9.770304038515965885e+02 1.695675557377814584e+03
4.604299301866597034e+02 1.638232786130264458e+03
-1.469641144781062394e+03 4.945346057422146373e+02
-9.428159007267596508e+02 -7.422404398232700373e+01
-1.531364232183660761e+02 1.033700626762686852e+03
6.450909009189635981e+02 1.637244855582246828e+03
7.099802973919654505e+02 1.697440598576760522e+03
5.136075435431366714e+02 1.663622880146908528e+03
9.628643197472396196e+02 1.602626681919110752e+03
8.613742774175703971e+02 1.726314437388717124e+03
8.214492740941374223e+02 1.727770149972850049e+03
-1.528693994515219401e+03 -4.782049359124516030e+01
7.631631282387712645e+02 1.662625829007639823e+03
8.959564953142206605e+02 1.755198777674816029e+03
9.250275015522023523e+02 1.607486689889376294e+03
5.878077567332880449e+00 1.395388294133759700e+03
6.092013646718078235e+02 1.694759279838764996e+03
7.704061268510149603e+02 1.725754345477030938e+03
9.223960513620393158e+02 1.693801858007153896e+03
1.047554996003039150e+03 1.693096396098497735e+03
3.457579604506746591e+02 1.243884437790513630e+03
-4.396136709786261463e+02 8.560618186078178269e+02
5.121208264791066540e+02 1.810098382382320779e+03
5.457330969837431667e+02 1.637525682047638838e+03
6.216495910492324128e+02 1.699318953404256490e+03
7.214207460082263879e+02 1.692947171402290223e+03
-2.528732761119496786e+02 8.865691776877413304e+02
3.873972807454672420e+02 1.574027643576970377e+03
9.631608577595440011e+02 1.602991702301500254e+03
-1.604671004686663764e+03 1.647996876746136650e+02
-1.536817017467991946e+03 2.853011526678432688e+02
3.785152566300213266e+02 1.697736775317693628e+03
8.500026155274319990e+02 1.846988743810616370e+03
1.127173977741355657e+03 1.576611536252880569e+03
9.482000514740427661e+02 1.755475499883107886e+03
8.282565344834029020e+02 1.666223524837756031e+03
5.801555431022816265e+02 1.695805608640255741e+03
8.709866066734026617e+02 1.785809997072701890e+03
8.076939361165495939e+02 1.636046302030571042e+03
8.845130974708054055e+02 1.724680789637130147e+03
7.642597634262374413e+02 1.695837832942591149e+03
7.092965100961839653e+02 1.726115198331560350e+03
-1.621482471129679880e+03 1.317665182204065104e+02
-1.404485071065125339e+03 4.923109885831466386e+02
-1.431483135109257546e+03 4.366627224009333759e+02
-1.560392610531989249e+03 4.035952290748136306e+02
9.162444154608119788e+02 1.666043504899517075e+03
7.657253987909276702e+02 1.725683601570351584e+03
-1.518088743911057691e+03 3.445918784074996779e+02
-1.679430931226075700e+03 3.436424962219701342e+02
-3.050225525111101774e+02 6.163331178696439565e+02
-1.099974459910773248e+03 -1.947076943804822804e+02
3.219742831837525046e+02 1.696320785031175092e+03
5.806973292877247559e+02 1.668178993980574432e+03
3.131853155895408918e+02 1.365649427480392433e+03
7.408220284124764703e+02 1.666582693280162403e+03
6.439286413635674080e+02 1.637305825038227795e+03
-9.789584346854766181e+02 6.149126376745517746e+02
-1.611819292827055733e+03 1.329970614385392764e+02
6.103719006326408589e+02 1.753817264821765775e+03
-4.129790384920075894e+02 5.507428694957873176e+02
7.685375646497245725e+02 1.817849606254541413e+03
9.358212584541543038e+02 2.235098441514124261e+03
1.113486073509119024e+03 2.083522795712939114e+03
8.956811515557848224e+02 1.815856619418785385e+03
8.002479358873721367e+02 2.119414448916278616e+03
1.059148353568825769e+03 2.087088677775328051e+03
9.356807481697306912e+02 2.028360955401266210e+03
9.809181823810539527e+02 1.875502877423073187e+03
9.217322012519547343e+02 1.757734551827997393e+03
1.229576879684477944e+03 2.085765062325076997e+03
1.444060314803504980e+03 2.205598536970472196e+03
1.312342103514037490e+03 2.324363475868252863e+03
1.529224321272422912e+03 2.116890558795063953e+03
1.301616107871925806e+03 2.088943102227568943e+03
1.252666289062461146e+03 2.056031222103627897e+03
1.260865958349942503e+03 1.993519833587937683e+03
1.351596665511127412e+03 2.087470869873196079e+03
1.320385069899665950e+03 2.146568533761130311e+03
1.384572039620503574e+03 2.116974883667158792e+03
1.396285379683694600e+03 2.235802712324529693e+03
1.070164578940307820e+03 2.175735431130301549e+03
9.341329778793948435e+02 1.933770484731025590e+03
-9.006351508058144191e+02 1.007923811328537681e+03
-1.234251457586016159e+03 9.474832892991848894e+02
-1.593448360079051099e+03 3.769348210996732291e+02
-1.612483066809436195e+03 3.410144470469800808e+02
1.410149825875010947e+03 2.084627832573591604e+03
1.379310959959127786e+03 2.117175213813054597e+03
1.402729375763910639e+03 2.177609129438039417e+03
1.418420358130746763e+03 2.238169379630888216e+03
1.126739804568843283e+03 1.966732603512381957e+03
1.136813104064347726e+03 2.051771454318871292e+03
1.235254309533624337e+03 2.024533282392615547e+03
-1.547452795813773719e+03 8.262476950526079236e+02
-1.436756211196031927e+03 8.562039145283486050e+02
1.293018838973508082e+03 2.234201578712863466e+03
1.062378918674812667e+03 2.205826788192077402e+03
1.437962504684288433e+03 2.235802712324529693e+03
1.180483574899340965e+03 2.206199760169313777e+03
1.329451927472185616e+03 2.026354223354821443e+03
1.477966513055127962e+03 2.116599487382407005e+03
1.232369218473543469e+03 2.295881931842707672e+03
1.354291289329197980e+03 2.085002726400649863e+03
1.434897203271945500e+03 2.117396140346347693e+03
1.068496732408456637e+03 2.084357427480127626e+03
1.229373495314233423e+03 1.935243957675107140e+03
1.329124265562258870e+03 2.115433364212171909e+03
1.265954486447873023e+03 2.082940965773105290e+03
1.270445429040152021e+03 2.086480347648375755e+03
1.352119174192705486e+03 2.085596887387582228e+03
1.182541285891859388e+03 2.057564958170126829e+03
1.016756724681183186e+03 2.056456077737759642e+03
9.810938020594970794e+02 1.905690207592187562e+03
1.187263438551323361e+03 1.998309024413295674e+03
1.230670995444677374e+03 2.087381269471709402e+03
1.426629030316437365e+03 2.146045856795014515e+03
1.358097008607431690e+03 2.174948163118215234e+03
1.421135219205693375e+03 2.053514495695559162e+03
1.269456924016284120e+03 2.116343288439368735e+03
1.253340487187792405e+03 2.084350164095457330e+03
1.331198780932485079e+03 2.118656355801657810e+03
1.339163132056997483e+03 2.175813424863461933e+03
-1.637386682290318504e+03 4.958785993877015699e+02
-1.565841361509179023e+03 4.375895115197897098e+02
6.881265653145866281e+02 1.935243957675107140e+03
-1.435628449152764233e+03 7.624791403016901086e+02
8.414365514382833453e+02 1.877016789325900163e+03
7.205889702760748605e+02 1.779389105849410043e+03
9.500344872006733112e+02 1.813146748446064521e+03
1.019966403637208145e+03 1.693661520059957638e+03
1.102812328899578688e+03 1.664632874726095906e+03
-1.454876293273482588e+03 4.072733311065722432e+02
1.259669346604347083e+03 2.265510081387078117e+03
1.055475606447686232e+03 1.877857471735682111e+03
1.185927907708932707e+03 1.874415702010597897e+03
6.943728854020412200e+02 1.638428307295674131e+03
1.246085448128086455e+03 2.205569795107465325e+03
1.226140688298609575e+03 2.144189293312382688e+03
8.442265174550085476e+02 1.723009719241284301e+03
1.013647407975824763e+03 1.694086821086408008e+03
-1.521316754685476099e+03 -1.524549232488777051e+01
5.174038181847387250e+02 1.726521679254491801e+03
-1.020518308905161120e+03 6.156670708061899404e+02
-9.124724246392177065e+02 7.928188246472473111e+02
-1.171039175825246275e+03 2.868474468718299022e+02
6.267464686621081000e+02 1.662193959390341661e+03
4.886460696567213517e+02 1.696724358632646499e+03
5.434811308964534646e+02 1.698018838121102590e+03
5.289280481436193213e+02 1.696508186263501557e+03
9.643082976606002603e+02 1.935550404015850518e+03
9.782168607464592469e+02 1.907526291385454670e+03
-1.629341092064599479e+03 4.631711942647239653e+02
1.421460889833086185e+03 2.053816586994950740e+03
1.405107007095906283e+03 2.085222548822424869e+03
1.443825851330018622e+03 2.206009905485168929e+03
1.448344085755569722e+03 2.117035838183782744e+03
1.305635260701126526e+03 2.112980188950466072e+03
1.445571801302726044e+03 2.085009629294952447e+03
7.689757555932681043e+02 1.843045535415880522e+03
8.079490938074005726e+02 1.963040658096452262e+03
8.100959037213482361e+02 1.815798197312723005e+03
-1.646543356254040873e+03 3.746357121280717024e+02
-1.045522814260247515e+03 9.766331417170896430e+02
-1.070850550638914228e+03 9.768761391171102559e+02
8.473853390488051218e+02 2.023325355818933076e+03
-1.621233276322372831e+03 1.022416371508644488e+02
-8.507500576140317889e+02 -7.049727399156145111e+02
1.237906683399822441e+03 2.474265218057440052e+03
1.037946198827244416e+03 2.322862916681976458e+03
6.589584364600442541e+02 1.753173948899138850e+03
7.226706797467215893e+02 1.753802633587481523e+03
7.237529663173520476e+02 1.815890768464367511e+03
1.142352064745786947e+03 2.504807505232752646e+03
1.264014861259304325e+03 2.474108139675322036e+03
1.281193295496800374e+03 2.446932726926292162e+03
1.221182889099346085e+03 2.414020902837970425e+03
1.405032596939263613e+03 2.418691104838493629e+03
8.053866489185214732e+02 2.323823359208484817e+03
1.381313737537678435e+03 2.054434230475716049e+03
1.288456253131251287e+03 2.026740798551729540e+03
1.222474106633895644e+03 2.113666052998519262e+03
1.229576879684477944e+03 2.085765062325076997e+03
1.293953414928639631e+03 2.446626176895291792e+03
9.793781267232591290e+02 2.323207469955554188e+03
1.135374328370288822e+03 2.444913057082264913e+03
8.513370645228267222e+02 1.727641648167654239e+03
8.136616122706612941e+02 1.693630703990640086e+03
9.442806251949854186e+02 1.724290529757312470e+03
-1.169741105252688556e+02 1.397610248074407309e+03
7.805491109013146342e+02 2.053469103069309313e+03
5.608882007861674310e+02 1.996398998878329394e+03
6.842169297301527422e+02 1.964097667664113487e+03
6.962695551596182213e+02 1.966508338742698697e+03
7.562435302107846837e+02 2.054473823692167571e+03
6.554399334948569731e+02 1.995754845107940355e+03
5.560372908251754325e+02 1.933723232970561412e+03
6.286179030736577715e+02 1.902585535458576487e+03
1.097262543230077654e+03 2.204506149161169105e+03
1.016370151443496070e+03 1.635182802023111435e+03
1.060036873875486435e+03 1.632948665104626798e+03
1.025437198173641946e+03 1.632927615176098698e+03
4.524208885540955407e+02 1.723810193316573987e+03
5.493174846097701902e+02 1.785904331425429064e+03
5.609917901448758357e+02 1.754951925344178790e+03
1.143178758582136652e+03 2.029398494005994053e+03
1.049122791780638636e+03 2.113709343576354513e+03
1.096553401608821559e+03 2.022773962379926161e+03
6.306520107205404884e+02 1.786374511252846560e+03
5.594926820330945247e+02 1.816690337263417177e+03
5.583654790588237802e+02 1.755057724247075612e+03
6.825745090460079609e+02 2.056974403089779116e+03
1.112382743758651941e+03 2.055456532498954402e+03
5.017405285373492916e+02 1.966478544229907584e+03
6.115909500639079397e+02 1.996888442263684965e+03
5.201132149027578180e+02 2.144842732637913741e+03
7.547961675167000521e+02 2.056413824908256629e+03
5.272249719590037103e+02 1.994769258114519744e+03
5.602989207544451347e+02 2.023630522826192646e+03
-1.538047006206016931e+03 2.230109945266054581e+02
1.399559918533942437e+03 2.117356683623090248e+03
1.218248384224205893e+03 2.058227199235320768e+03
1.069981991669832269e+03 2.114036355610031023e+03
1.229426223066918737e+03 2.083847067486463402e+03
-4.377115046858298797e+02 8.849804076749884416e+02
-4.303775109641038625e+02 8.879496526708470583e+02
-4.788329346862473130e+02 8.849804076749884416e+02
7.970226881485579042e+02 2.116430857476811525e+03
1.096570716687008144e+03 2.055020612682001683e+03
5.138046574723964568e+02 2.053828517014520003e+03
1.154168638756605333e+03 2.057068316712999149e+03
5.999917778251931395e+02 2.085372737571505695e+03
8.923144214635292428e+02 2.055648754748223382e+03
6.727366268227374348e+02 2.054387542962246698e+03
1.120424020798173615e+03 2.021518796646074634e+03
5.586488944607939402e+02 1.994675288822096945e+03
8.698654459907526189e+02 2.085254310731993428e+03
1.198040559138992194e+03 2.114827233284468093e+03
-9.055802970850367046e+02 1.033970313103920489e+03
1.226715441995320589e+03 2.051671404265865021e+03
6.293062796486656225e+02 2.025509400611736964e+03
6.208022525485712322e+02 1.994267756707938815e+03
1.082639853248902000e+03 2.026823766047638173e+03
4.813949727662759415e+02 1.964396333403974495e+03
7.668974072331745901e+02 1.905463375326801724e+03
1.016368052771006774e+03 1.933263134032292555e+03
1.187899754683884112e+03 2.055757532325028478e+03
-1.739490919860533040e+03 3.721070618086866375e+02
1.138833983062890184e+03 2.084211838902468571e+03
1.104545504684275784e+03 2.085765062325076997e+03
5.295123666662145752e+02 1.847568780151826786e+03
5.185770599823431439e+02 1.813381130217424243e+03
8.006892361266720854e+02 1.961051018579312085e+03
5.956441019527120488e+02 1.965000968754198766e+03
1.133209169081557775e+03 1.934890834382999628e+03
6.679984852985226098e+02 1.907304165094958762e+03
5.262500941732319006e+02 1.905155604859773575e+03
6.158814016188321148e+02 1.933598811988412535e+03
5.241934883030352239e+02 1.964574846454002227e+03
5.442136353916569078e+02 1.967369253230569029e+03
5.249962123206892102e+02 1.966401650668501588e+03
1.045268006858547778e+03 1.934914097801007756e+03
6.445933110582511745e+02 2.022937377060813560e+03
1.068890029130754556e+03 1.994562181579052094e+03
1.053181438312704358e+03 1.931599889634243254e+03
6.418068438440229784e+02 1.995302897494515491e+03
1.018097753439171470e+03 1.997254516534882441e+03
7.041302896779554885e+02 1.907164626498922189e+03
1.137910931647525786e+03 1.933264608558214150e+03
4.676379435520632342e+02 1.997801491963439730e+03
1.154151876687333925e+03 1.995105898637316386e+03
8.068893564140473700e+02 1.935484320302567539e+03
5.631760382110164755e+02 2.027654906101377946e+03
5.976613824030021078e+02 1.992526779897025335e+03
1.096289693523239066e+03 1.993045669966694959e+03
7.954245318051513323e+02 2.024386522879862241e+03
6.372133484228758107e+02 1.935196290637156153e+03
7.309594749693508220e+02 1.902998847529306886e+03
4.223274995399564773e+02 1.844229312871732191e+03
-1.432368644742977949e+03 2.849757280249651785e+02
-1.404148727449219450e+03 2.840228645767452349e+02
1.144518499605128454e+03 1.995977030218502932e+03
1.210984093537602803e+03 1.992689920393564762e+03
5.711059220685309583e+02 1.935752999716283512e+03
5.874600367961278380e+02 1.903537053642086903e+03
6.562872467949277961e+02 1.995062124543293976e+03
1.231553698170770986e+03 1.965570616116568317e+03
-6.541048154598025803e+02 -1.071354069658665509e+02
-7.639068082812615330e+02 -1.344468211974109977e+02
-7.733574496107223695e+02 -1.632863140735137222e+02
6.804652511401911852e+02 1.633952604448383227e+03
7.132402467730587432e+02 1.602973447432088733e+03
6.369783777551348294e+02 1.570291485973805266e+03
6.475602589182863085e+02 1.934908840522933360e+03
6.225746764725232651e+02 1.998149201630680409e+03
6.782939397976547298e+02 1.932353987371074936e+03
-9.763550459937151800e+02 -9.776102626728435325e+02
-3.528715101286974232e+02 6.475111733750286476e+02
-3.746056564742438013e+02 5.838489161902404021e+02
-5.798058881764354737e+02 4.958899859330735467e+02
-3.229492644189262478e+02 5.844301043489372205e+02
-3.628433913415082657e+02 5.825884873851480279e+02
-2.717254850184764337e+02 5.830409679462011354e+02
-1.194778540881996150e+03 1.064119652896089065e+03
2.470168231653705675e+02 1.696803712413514859e+03
3.158366916965233600e+02 1.723735079438662297e+03
3.213180808526252576e+02 1.696161082897411916e+03
1.180141332595378117e+03 2.024495627918247010e+03
9.177228872142421778e+02 1.966823162408903272e+03
4.522145167277992641e+02 1.873947289128184138e+03
8.000015891953001983e+02 1.817308861937243591e+03
-1.604149549799130909e+03 7.644578505648271971e+01
-1.620883336073599821e+03 1.046433858148750318e+02
6.198709670883258696e+02 1.723685697408629039e+03
6.350158836106040781e+02 1.724746931898826006e+03
7.610142953567647055e+02 1.753901721017743512e+03
7.364472245626792528e+02 1.786564995301041336e+03
8.113721509113150887e+02 1.784100339634557713e+03
1.453370281686186672e+03 2.116440596587298842e+03
8.451779604923997340e+02 1.995789739954217794e+03
8.545485065946480745e+02 2.055261199936018784e+03
6.824684267415003660e+02 2.053411501512057839e+03
6.403704322830950559e+02 1.994301710584773673e+03
1.136244009754326044e+03 2.023409032134349900e+03
1.185403110792917687e+03 2.025913605926586570e+03
-1.730704443891758729e+03 3.421310423693270195e+02
8.089422154321925973e+02 2.057886483723707897e+03
8.167455647320374510e+02 2.023696118795287703e+03
7.628173529229366068e+02 2.054725865843972315e+03
-1.496367130318411455e+03 3.424360293161902291e+02
-1.508966219923172503e+03 3.466661509772413865e+02
8.010037603416044476e+02 2.113353765062733146e+03
8.542408946318458902e+02 2.115153336376163224e+03
-1.555967245516922958e+03 4.363277341609287987e+02
-1.576216698282955576e+03 4.319827016812648139e+02
1.101112209189893065e+03 1.994765329394471337e+03
1.085696417828579797e+03 2.024095413461790258e+03
1.104545504684275784e+03 2.055757532325028478e+03
-6.070443262432562506e+02 5.235946836066976857e+02
-5.389376616823964241e+02 5.522348908734128372e+02
5.162180300626203007e+02 1.724371474696590667e+03
4.170726443280146327e+02 1.726088490749712719e+03
5.139584638668054595e+02 1.782403022973283441e+03
5.580000247875312880e+02 1.843671730086595062e+03
1.288065986614088615e+03 2.236954337883150856e+03
-1.042945046858172304e+02 1.395108417675023475e+03
5.626336644535023197e+02 1.860599124797572358e+03
