date:2016-07-02, time:0700, wind_speed:2.75, wind_dir:237.0, temp:19.4
55.864621 106.088663
56.253950 106.502559
-31.023767 99.614128
-110.591323 -67.838101
34.262806 117.893161
60.042200 106.000731
-18.967195 -76.792973
34.231574 117.727891
-52.217706 28.273481
-165.589050 6.890796
-107.500783 -257.392442
67.573208 102.766524
-2.094025 -73.542621
-14.672330 -82.830628
22.440024 -290.042108
6.057902 -289.907002
-107.391588 -257.382933
-39.961787 96.983864
-30.962888 105.654632
67.721223 102.852648
55.210890 105.837166
-31.947982 60.998483
109.986866 157.076716
67.599223 102.705038
55.241554 105.833943
-30.596780 108.475687
34.410394 118.008231
102.783482 150.429228
-10.429450 121.506324
68.812657 103.501806
-17.982351 120.559907
-14.675709 115.213164
-10.838977 115.012372
119.152972 141.727023
-107.331231 -257.199348
22.719235 -280.866112
-81.729073 -122.002620
5.841405 -56.044697
2.710395 120.556697
-77.819715 -131.148099
-15.040504 115.077660
30.266820 -278.189570
80.753857 106.121277
131.642928 150.669704
43.806382 112.504065
-3.266977 186.725986
14.390917 118.276203
34.212224 117.782471
35.470957 118.505571
-106.231268 -256.588554
-107.460480 -257.416247
42.718931 111.801410
101.945355 103.238220
-57.154632 72.851088
-107.246924 27.830665
-15.411923 162.869038
-73.934413 24.906690
-164.703709 7.247414
-74.076276 25.298072
