-7.010003867725872340e+01,4.414888164490838562e+01
-7.009327577290238764e+01,4.415504138327706585e+01
-7.009363970805037525e+01,4.415531648373831786e+01
-7.010670556955378174e+01,4.414594378439787192e+01
-7.011080950276875967e+01,4.414488164446156304e+01
-7.009774000000000171e+01,4.415417999999999665e+01
-7.009326373220552853e+01,4.415508254730323046e+01
-7.011276266792293654e+01,4.414693865301282472e+01
-7.010219594316687619e+01,4.414786685835910163e+01
-7.010004743606667432e+01,4.414785127116149255e+01
-7.009776822373497396e+01,4.415108342458444213e+01
-7.010335999999999501e+01,4.414419000000000182e+01
-7.010077124343285959e+01,4.414752640955003926e+01
-7.009401197319256482e+01,4.415591594213410787e+01
-7.009135999999999456e+01,4.415471999999999753e+01
-7.010378320085558812e+01,4.414752441753151402e+01
-7.009360999999999819e+01,4.415552999999999884e+01
-7.011270744591342918e+01,4.414703213693863404e+01
-7.009328816790802819e+01,4.415510294750386322e+01
-7.009360999999999819e+01,4.415552999999999884e+01
-7.009252014451557500e+01,4.415477176149284588e+01
-7.009435999999999467e+01,4.415606999999999971e+01
-7.010190071090326569e+01,4.414807797944701662e+01
-7.009254759725574502e+01,4.415485899921820589e+01
-7.009248999999999796e+01,4.415498999999999796e+01
-7.011088977999925476e+01,4.414352664426400707e+01
-7.010974000000000217e+01,4.414175999999999789e+01
-7.009438235326918232e+01,4.415584369594859027e+01
-7.009696434275051047e+01,4.415136768591171545e+01
-7.010939490130884622e+01,4.414504627700709705e+01
-7.009811000000000547e+01,4.415147999999999939e+01
-7.009811000000000547e+01,4.415202000000000027e+01
-7.011013508454766452e+01,4.414731556105967769e+01
-7.010106627073740526e+01,4.415080839759295372e+01
-7.009252766827557934e+01,4.415481945186672874e+01
-7.010263468279929100e+01,4.414505625417920243e+01
-7.010076609716188045e+01,4.415044862416397820e+01
-7.009360999999999819e+01,4.415552999999999884e+01
-7.010786000000000229e+01,4.415174999999999983e+01
-7.011313864029190768e+01,4.415206274898083194e+01
-7.011194374557007336e+01,4.414567288386900401e+01
-7.011201919526249071e+01,4.414666528398691980e+01
-7.009324039584478783e+01,4.415516896070032971e+01
-7.010226617193839616e+01,4.414747379428625607e+01
-7.009362913977139442e+01,4.415531598301807747e+01
-7.011351535428585180e+01,4.415076671223411608e+01
-7.009999000000000535e+01,4.414770000000000039e+01
-7.010226225238442055e+01,4.414806945086453283e+01
-7.011387823484419357e+01,4.414803074180169062e+01
-7.009514076690180673e+01,4.415613166523937849e+01
-7.009323999999999444e+01,4.415525999999999840e+01
-7.011199000000000581e+01,4.414580999999999733e+01
-7.009963061447130883e+01,4.415133078995178550e+01
-7.009852547679221857e+01,4.415477171916471377e+01
-7.009956602774961709e+01,4.414916510901291247e+01
-7.009923999999999467e+01,4.415012999999999721e+01
-7.010077084321447671e+01,4.415099971163235892e+01
-7.010742487345504514e+01,4.414731175098820160e+01
-7.010856341465718344e+01,4.414598076403184024e+01
-7.009365298974951486e+01,4.415536640603902896e+01
-7.009438284253035079e+01,4.415584900931037993e+01
-7.009327350749931895e+01,4.415508423997219012e+01
-7.009917264320799291e+01,4.415083766902442619e+01
-7.009774339690027034e+01,4.415269598578347399e+01
-7.009739255007274039e+01,4.415261133166762164e+01
-7.009323999999999444e+01,4.415498999999999796e+01
-7.011199000000000581e+01,4.414580999999999733e+01
-7.009323999999999444e+01,4.415498999999999796e+01
-7.009323999999999444e+01,4.415525999999999840e+01
-7.010076032875200269e+01,4.415072131074609274e+01
-7.011349967302420794e+01,4.415078752289346653e+01
-7.011313206076994220e+01,4.414724762251297108e+01
-7.009848999999999819e+01,4.415229000000000070e+01
-7.011205693258339977e+01,4.414567069407552680e+01
-7.011083531051831130e+01,4.414542356585130989e+01
-7.011199000000000581e+01,4.414553999999999689e+01
-7.011128917873024591e+01,4.414458503523766808e+01
-7.011200864516655429e+01,4.414558369477597921e+01
-7.010901840966238296e+01,4.414130686648649515e+01
-7.011131130117028931e+01,4.414537733837416056e+01
-7.010038439349233386e+01,4.414731329221265810e+01
-7.011317218119731365e+01,4.415214780623741575e+01
-7.011276065405506586e+01,4.414693935079873199e+01
-7.010935999999999524e+01,4.414553999999999689e+01
-7.011017313481404756e+01,4.414621092730245522e+01
-7.009558249282501663e+01,4.415616472422840388e+01
-7.009323999999999444e+01,4.415525999999999840e+01
-7.010188299113374910e+01,4.414828755378217551e+01
-7.009811000000000547e+01,4.415093999999999852e+01
-7.011348999999999876e+01,4.414770000000000039e+01
-7.010302026128738362e+01,4.414559139700441648e+01
-7.011350887387506248e+01,4.414748006332126806e+01
-7.009960999999999842e+01,4.414580999999999733e+01
-7.010788512684968055e+01,4.415206274901627381e+01
-7.009846328816043126e+01,4.413435496808856584e+01
-7.009364165196687679e+01,4.415531098427985057e+01
-7.010860999999999876e+01,4.414905000000000257e+01
-7.011316392648923568e+01,4.414727472036976508e+01
-7.010338149948691466e+01,4.414531332919202100e+01
-7.011202412519897109e+01,4.414565257392795417e+01
-7.011164483860036967e+01,4.414565090581722018e+01
-7.009439631647579461e+01,4.415591550130853449e+01
-7.011092867273798390e+01,4.415160671382480473e+01
-7.009325975116205143e+01,4.415504462786133644e+01
-7.010970737629000382e+01,4.414812447365649462e+01
-7.009887857786969789e+01,4.415153859357249644e+01
-7.010901980858874083e+01,4.415180857148239824e+01
-7.011276228731541948e+01,4.415154182283883699e+01
-7.010929467876485432e+01,4.415106585126305561e+01
-7.009357513054374067e+01,4.415540628507974219e+01
-7.009326434893458213e+01,4.415508891992400464e+01
-7.010077514327529968e+01,4.414857172192421331e+01
-7.009356110974121634e+01,4.415541578341322548e+01
-7.010866535570021085e+01,4.414538398825569487e+01
-7.009730261959614950e+01,4.415460866740663448e+01
-7.010038302563896195e+01,4.415127038897141176e+01
-7.010901021397141619e+01,4.414938166538422593e+01
-7.009328566634771107e+01,4.415513513754232378e+01
-7.010339266283951076e+01,4.414776123488733361e+01
-7.009774000000000171e+01,4.415498999999999796e+01
-7.009850375854514937e+01,4.415190479118957256e+01
-7.011427624075901122e+01,4.414779408417135897e+01
-7.009364575621769688e+01,4.415536331614607946e+01
-7.011202585768371875e+01,4.414666801231854265e+01
-7.009999000000000535e+01,4.415174999999999983e+01
-7.009924186653734068e+01,4.415109626962487965e+01
-7.010226694988978124e+01,4.414721370264707900e+01
-7.009323999999999444e+01,4.415498999999999796e+01
-7.009813605137846082e+01,4.415314570303683439e+01
-7.010864905295591143e+01,4.414592591470634630e+01
-7.009250122587843634e+01,4.415485369534925297e+01
-7.011276071208280314e+01,4.414704135737065371e+01
-7.009323999999999444e+01,4.415525999999999840e+01
-7.009251597474248285e+01,4.415482394323255733e+01
-7.011274000000000228e+01,4.414715999999999951e+01
-7.010903568133390706e+01,4.414131527389855592e+01
-7.009960999999999842e+01,4.415147999999999939e+01
-7.009439802218871307e+01,4.415589654458237590e+01
-7.009252910058638975e+01,4.415480924541162011e+01
-7.011274000000000228e+01,4.414715999999999951e+01
-7.010901364416176307e+01,4.414509190917947734e+01
-7.010301699952685794e+01,4.415400335294948775e+01
-7.010189030200035631e+01,4.415180235031989753e+01
-7.010940000995003629e+01,4.414970462799331585e+01
-7.010181577857912316e+01,4.414217284202058522e+01
-7.011276517908221706e+01,4.414693737943945706e+01
-7.011277305444876617e+01,4.414698495237902165e+01
-7.009323999999999444e+01,4.415525999999999840e+01
-7.010818813245276715e+01,4.415353321558315258e+01
-7.010411000000000570e+01,4.415417999999999665e+01
-7.011088882238988162e+01,4.414667197010928845e+01
-7.010974000000000217e+01,4.414715999999999951e+01
-7.010857315886445917e+01,4.414973168062971354e+01
-7.010077150523359535e+01,4.414829100454569755e+01
-7.010823999999999501e+01,4.415661000000000058e+01
-7.010523999999999489e+01,4.415337000000000245e+01
-7.009364492845614336e+01,4.415531587947677394e+01
-7.009248999999999796e+01,4.415471999999999753e+01
-7.009927151292981762e+01,4.415131318323678755e+01
-7.011386000000000251e+01,4.414985999999999677e+01
-7.010188922232549658e+01,4.414451283935843406e+01
-7.010938321869404888e+01,4.414505093472993735e+01
-7.009774000000000171e+01,4.415147999999999939e+01
-7.009316667403575707e+01,4.415513934962054776e+01
-7.009326625380586506e+01,4.415505154461084913e+01
-7.009327346355233601e+01,4.415510590968181504e+01
-7.009331323016957072e+01,4.415513510149656895e+01
-7.011313764303926632e+01,4.414725261650823285e+01
-7.010260999999999854e+01,4.414742999999999995e+01
-7.009364456988254233e+01,4.415531106233778047e+01
-7.010378115062651716e+01,4.415509381256651977e+01
-7.010076792734191997e+01,4.414564724650543326e+01
-7.010788755177034659e+01,4.415235195327131379e+01
-7.011199000000000581e+01,4.414580999999999733e+01
-7.011276953205879181e+01,4.414694263474445535e+01
-7.009929736649735332e+01,4.415023742265952933e+01
-7.010306633528161058e+01,4.415455427483228590e+01
-7.011013209133585633e+01,4.414720558223213942e+01
-7.011088793754241522e+01,4.414344180079035596e+01
-7.009813779197618544e+01,4.415105390586209921e+01
-7.011276814095322152e+01,4.414698859991763413e+01
-7.011279842878168722e+01,4.414702273360196472e+01
-7.011274000000000228e+01,4.414715999999999951e+01
-7.010788008789072023e+01,4.414585926010111194e+01
-7.011125935618206029e+01,4.414666567679231690e+01
-7.010223999999999478e+01,4.415310000000000201e+01
-7.010599000000000558e+01,4.414770000000000039e+01
-7.009327935613262639e+01,4.415510146625142340e+01
-7.010826281155054573e+01,4.414458777727239180e+01
-7.010789065801334630e+01,4.414490133402334493e+01
-7.011051943686273091e+01,4.414478524533076609e+01
-7.010067810590132353e+01,4.414757769798987397e+01
-7.011004908048012396e+01,4.414731487033846236e+01
-7.009360999999999819e+01,4.415552999999999884e+01
-7.010143054835462806e+01,4.414623432441928941e+01
-7.009438886553344616e+01,4.415585656336331510e+01
-7.010301675707277980e+01,4.415179795221098402e+01
-7.011052124898719740e+01,4.415018917630417405e+01
-7.011276980160975825e+01,4.414694175959952105e+01
-7.010970008501459461e+01,4.414459545699327947e+01
-7.010068086290007727e+01,4.414513494199921695e+01
-7.010899000000000569e+01,4.414661999999999864e+01
-7.010970125405891906e+01,4.414515598896287685e+01
-7.011427252256743259e+01,4.414775145579825022e+01
-7.009323999999999444e+01,4.415525999999999840e+01
-7.008951154129957217e+01,4.415476449086887811e+01
-7.009963815756317729e+01,4.414748581497403990e+01
-7.009248999999999796e+01,4.415498999999999796e+01
-7.010938795446082850e+01,4.414510675166374654e+01
-7.010974000000000217e+01,4.414500000000000313e+01
-7.009439681146652390e+01,4.415592168644111126e+01
-7.010938731054648088e+01,4.415206879738217083e+01
-7.009892228486317833e+01,4.415108388370720149e+01
-7.009135999999999456e+01,4.415471999999999753e+01
-7.011311000000000604e+01,4.414742999999999995e+01
-7.009886000000000195e+01,4.415147999999999939e+01
-7.009441698150180855e+01,4.415593763421834694e+01
-7.009739934380979776e+01,4.415266644054766942e+01
-7.009139932908196613e+01,4.415456217055926658e+01
-7.011423999999999523e+01,4.414797000000000082e+01
-7.011089182060597125e+01,4.414613427307843097e+01
-7.011267416734348501e+01,4.414704433361598035e+01
-7.009323999999999444e+01,4.415498999999999796e+01
-7.009888866366091520e+01,4.415206692601899618e+01
-7.010110254661918816e+01,4.414595587348127737e+01
-7.010899000000000569e+01,4.415147999999999939e+01
-7.009435999999999467e+01,4.415606999999999971e+01
-7.010793000856769197e+01,4.415241917318846276e+01
-7.009250814225687520e+01,4.415476347193813922e+01
-7.010907923069129311e+01,4.415056426752455820e+01
-7.009818856230930351e+01,4.415159584793608616e+01
-7.011126997655547655e+01,4.414484970376883410e+01
-7.011201739983964387e+01,4.414565591299934511e+01
-7.010790520360129108e+01,4.414648921635801315e+01
-7.009851118828363781e+01,4.415072583625665459e+01
-7.010148999999999830e+01,4.415283000000000158e+01
-7.010974000000000217e+01,4.414526999999999646e+01
-7.011165980901310490e+01,4.414840623466537295e+01
-7.009923999999999467e+01,4.415202000000000027e+01
-7.011204228874515820e+01,4.414567792531905610e+01
-7.009477028295223988e+01,4.415612588273971539e+01
-7.010563151967481588e+01,4.414775661806275053e+01
-7.009812746003581196e+01,4.415049624358724145e+01
-7.009323999999999444e+01,4.415525999999999840e+01
-7.009777916064683723e+01,4.415104593017204593e+01
-7.009364031300439990e+01,4.415536088904293877e+01
-7.010675702145285015e+01,4.415293456901347469e+01
-7.010107539669931498e+01,4.414624277724040269e+01
-7.011199000000000581e+01,4.414688999999999908e+01
-7.010187248428270834e+01,4.414483801980196631e+01
-7.010152759009177714e+01,4.414457285268031939e+01
-7.011014335684323839e+01,4.415368739999735936e+01
-7.009738467760733727e+01,4.415267367448070956e+01
-7.010976504406163201e+01,4.414612702094605368e+01
-7.011278003838339146e+01,4.414699280642591361e+01
-7.011235999999999535e+01,4.414580999999999733e+01
-7.010899000000000569e+01,4.414580999999999733e+01
-7.011311000000000604e+01,4.414715999999999951e+01
-7.009813129770510898e+01,4.415127194891834250e+01
-7.010864522862797799e+01,4.415619971724981951e+01
-7.010711000000000581e+01,4.412259000000000242e+01
-7.009325781371127562e+01,4.415504961365142833e+01
-7.010674000000000206e+01,4.415525999999999840e+01
-7.009731346657166284e+01,4.415433675429198246e+01
-7.009777096185312928e+01,4.415427930303404480e+01
-7.011238681569190589e+01,4.414991136144010397e+01
-7.010932709585915745e+01,4.414890478223195913e+01
-7.011053942275908923e+01,4.414374611417134986e+01
-7.009435999999999467e+01,4.415606999999999971e+01
-7.011086000000000240e+01,4.414365000000000094e+01
-7.010564393543694450e+01,4.415186189302240649e+01
-7.011005542905297716e+01,4.414623706569086181e+01
-7.009439578309435603e+01,4.415584979220700745e+01
-7.010901343091391880e+01,4.414640685675635723e+01
-7.011318132352747057e+01,4.414727708821856567e+01
-7.010974000000000217e+01,4.414607999999999777e+01
-7.011274000000000228e+01,4.414688999999999908e+01
-7.010863862989711492e+01,4.414940649257914629e+01
-7.009963154783660855e+01,4.414861426981743620e+01
-7.009435999999999467e+01,4.415579999999999927e+01
-7.011313108729379451e+01,4.415207311082759389e+01
-7.011131368688252508e+01,4.414377182717489490e+01
-7.011127523694332808e+01,4.414478925296542400e+01
-7.010263128283675371e+01,4.414585225904324517e+01
-7.010967612921697878e+01,4.414567833910510330e+01
-7.011007743437185979e+01,4.414436645846242158e+01
-7.011090216882899995e+01,4.414348592378307501e+01
-7.010378427425806080e+01,4.415454691558132794e+01
-7.010489857214115261e+01,4.415509863486257558e+01
-7.010864281995127101e+01,4.414916567107227507e+01
-7.011426612956644533e+01,4.414776118791994719e+01
-7.011199000000000581e+01,4.414553999999999689e+01
-7.010189105832466794e+01,4.414808446989672319e+01
-7.010830243388997474e+01,4.415380207562230908e+01
-7.010864357437783667e+01,4.415373743888144276e+01
-7.011275827670412752e+01,4.414698977221768672e+01
-7.009999000000000535e+01,4.415093999999999852e+01
-7.010601059906750265e+01,4.415369537519890741e+01
-7.010079003977426737e+01,4.415354428980589319e+01
-7.010374000000000194e+01,4.415364000000000289e+01
-7.010489035788592105e+01,4.415071686495719661e+01
-7.009852227364109467e+01,4.415153534943168978e+01
-7.010189313610153761e+01,4.414532994890836193e+01
-7.011357169987449822e+01,4.414754034722034959e+01
-7.010151662451670518e+01,4.414834416321193800e+01
-7.009288735428323491e+01,4.415503266684380179e+01
-7.010939322441238630e+01,4.414586666696488493e+01
-7.009813564891602766e+01,4.415131055646301661e+01
-7.010151703499894893e+01,4.415289122055589388e+01
-7.011162961080360390e+01,4.414755809403072107e+01
-7.010977784227790721e+01,4.414833707315560218e+01
-7.011058390322517653e+01,4.414464214361981220e+01
-7.011199000000000581e+01,4.414580999999999733e+01
-7.010339219748955486e+01,4.415450067049317084e+01
-7.010455032277550913e+01,4.415406142470622086e+01
-7.010414488769733055e+01,4.415428210185308444e+01
-7.010448999999999842e+01,4.415552999999999884e+01
-7.010676433655241624e+01,4.414667775065242239e+01
-7.010114707724342509e+01,4.414697617346561742e+01
-7.010523999999999489e+01,4.415417999999999665e+01
-7.009435999999999467e+01,4.415606999999999971e+01
-7.009360999999999819e+01,4.415552999999999884e+01
-7.009963522518070533e+01,4.414888428229318151e+01
-7.011092381134817231e+01,4.414704089881762172e+01
-7.011052627203908116e+01,4.414756537550544380e+01
-7.009852142434166922e+01,4.415126959879597024e+01
-7.009281647458408315e+01,4.415514263773665959e+01
-7.011088234836037714e+01,4.414780811075931410e+01
-7.011007590285984747e+01,4.414892433709398745e+01
-7.011423999999999523e+01,4.414770000000000039e+01
-7.010711000000000581e+01,4.413447000000000031e+01
-7.009363636726405389e+01,4.415530357232177039e+01
-7.011316264658043451e+01,4.414729755272025358e+01
-7.011274000000000228e+01,4.414688999999999908e+01
-7.009739732891254960e+01,4.415261927478184845e+01
-7.010943041089056749e+01,4.414458135100826297e+01
-7.011082200998274061e+01,4.414379990997927194e+01
-7.009850717196243863e+01,4.415111086136819551e+01
-7.009701247389078560e+01,4.415476307692405555e+01
-7.010939160149806071e+01,4.414590008851464376e+01
-7.011082917762419697e+01,4.414489551550668267e+01
-7.010940262925520017e+01,4.414619242813785149e+01
-7.009366910101266512e+01,4.415539207285425505e+01
-7.009886000000000195e+01,4.415174999999999983e+01
-7.009806832721982062e+01,4.415191791268746613e+01
-7.010906958750862827e+01,4.415051880894242942e+01
-7.010753688012256646e+01,4.414724773271334612e+01
-7.010635999999999513e+01,4.415310000000000201e+01
-7.011423999999999523e+01,4.414905000000000257e+01
-7.009292281529971547e+01,4.415512130666263602e+01
-7.010970619631801526e+01,4.414920088165319356e+01
-7.011199000000000581e+01,4.414580999999999733e+01
-7.010938704210141736e+01,4.414646862657600934e+01
-7.009922433718652712e+01,4.415136806007630099e+01
-7.010343873194682374e+01,4.415273840948485429e+01
-7.010823999999999501e+01,4.414419000000000182e+01
-7.011194533985423050e+01,4.414758142495182369e+01
-7.011314229764366246e+01,4.414721273167310045e+01
-7.010969184894109674e+01,4.414839111946844241e+01
-7.010670201872025586e+01,4.415595581573109030e+01
-7.010488546195912818e+01,4.415395941349759568e+01
-7.010531442571779337e+01,4.415705647232183395e+01
-7.011276455246574812e+01,4.414699742925793657e+01
-7.011013549629355168e+01,4.414532585355064498e+01
-7.011126549425137000e+01,4.414369246557978244e+01
-7.009251883262906802e+01,4.415476820632273558e+01
-7.009367638175612569e+01,4.415538808890583056e+01
-7.009768297013826555e+01,4.415432141390205345e+01
-7.011274000000000228e+01,4.414688999999999908e+01
-7.009850425386548523e+01,4.415108552866914948e+01
-7.010823838499658223e+01,4.414623316969241529e+01
-7.011239063366978996e+01,4.414592808332477603e+01
-7.011086000000000240e+01,4.414446000000000225e+01
-7.010225123567552430e+01,4.414705135618181941e+01
-7.010604145222512784e+01,4.415406011586338053e+01
-7.010448999999999842e+01,4.415525999999999840e+01
-7.009960999999999842e+01,4.415498999999999796e+01
-7.009252682844163473e+01,4.415476925908904349e+01
-7.011276060597032256e+01,4.414703119531000652e+01
-7.011129896712374432e+01,4.414432444695194846e+01
-7.010826718746247366e+01,4.415158853786075355e+01
-7.010857973593684278e+01,4.415220052858013844e+01
-7.011199000000000581e+01,4.414553999999999689e+01
-7.010781681764369466e+01,4.415162724345488954e+01
-7.010829262779080295e+01,4.415294169611686925e+01
-7.010674000000000206e+01,4.414797000000000082e+01
-7.009926268570463037e+01,4.415126768614769759e+01
-7.009323999999999444e+01,4.415525999999999840e+01
-7.010035999999999490e+01,4.415039999999999765e+01
-7.010711000000000581e+01,4.415202000000000027e+01
-7.009811000000000547e+01,4.415444999999999709e+01
-7.011086000000000240e+01,4.414365000000000094e+01
-7.009848168489256182e+01,4.415111922886256934e+01
-7.010674000000000206e+01,4.414607999999999777e+01
-7.009814330989814835e+01,4.415235063154541706e+01
-7.010826248045037801e+01,4.415233703124741993e+01
-7.010448999999999842e+01,4.412232000000000198e+01
-7.010492608233043654e+01,4.415403834137377714e+01
-7.009776114435787520e+01,4.415152839709389099e+01
-7.010222961864046454e+01,4.415163972897781264e+01
-7.011199000000000581e+01,4.414553999999999689e+01
-7.009364059341113773e+01,4.415557584328142582e+01
-7.010448999999999842e+01,4.415364000000000289e+01
-7.010856923423943954e+01,4.414840416154243741e+01
-7.011352539144004936e+01,4.414752716929299226e+01
-7.011155136600972071e+01,4.414570198456319616e+01
-7.011348999999999876e+01,4.414770000000000039e+01
-7.011089614198087361e+01,4.414424882397120342e+01
-7.010668454686094719e+01,4.415299330703394531e+01
-7.009814200652100169e+01,4.415233350313054927e+01
-7.011086000000000240e+01,4.414365000000000094e+01
-7.009433349238244659e+01,4.415594846148487562e+01
-7.010006353057802642e+01,4.415542033783070508e+01
-7.011352716172639532e+01,4.414748946290147558e+01
-7.009852588458930711e+01,4.415098494394714379e+01
-7.011201762985648145e+01,4.414564733781627126e+01
-7.010939920260278768e+01,4.415266204977000797e+01
-7.011052685580126820e+01,4.414483815227165309e+01
-7.009439682770346280e+01,4.415585077102336697e+01
-7.010301915635020009e+01,4.414801936102554691e+01
-7.010186000000000206e+01,4.414500000000000313e+01
-7.009363720838811673e+01,4.415531927524671829e+01
-7.011081713332298193e+01,4.414354311672178000e+01
-7.009699000000000524e+01,4.415552999999999884e+01
-7.010899000000000569e+01,4.414607999999999777e+01
-7.010486000000000217e+01,4.415498999999999796e+01
-7.009663401152383244e+01,4.415585974121008661e+01
-7.009844055333256563e+01,4.415109440467792723e+01
-7.010641722848079382e+01,4.415460252835949717e+01
-7.009819397049214729e+01,4.415111289937779304e+01
-7.009992619607081110e+01,4.414679069946571133e+01
-7.010787877805505275e+01,4.414586262015394880e+01
-7.010488537358692440e+01,4.415450704356236855e+01
-7.010411000000000570e+01,4.415417999999999665e+01
-7.010866066799864882e+01,4.414537751408703059e+01
-7.010405385115679167e+01,4.415322163196827887e+01
-7.011088116322747510e+01,4.414423797408802130e+01
-7.009956695728462250e+01,4.415245632431430067e+01
-7.010188655324090234e+01,4.415103715969827647e+01
-7.009551519150402044e+01,4.415612931495343219e+01
-7.010856080853440631e+01,4.414675733875933616e+01
-7.010901637847048562e+01,4.414538276791557792e+01
-7.010931486265003798e+01,4.414598530041810420e+01
-7.011056393792685526e+01,4.414677853573581245e+01
-7.010670518050827127e+01,4.415298380422679969e+01
-7.010938386443224601e+01,4.414486607995086587e+01
-7.010148999999999830e+01,4.414797000000000082e+01
-7.010262244073683746e+01,4.414461823523653550e+01
-7.011207685826251179e+01,4.414570628971421229e+01
-7.010080087877555854e+01,4.414864691465290747e+01
-7.010299000000000547e+01,4.415256000000000114e+01
-7.010906300262298885e+01,4.414433787553788591e+01
-7.009699000000000524e+01,4.415498999999999796e+01
-7.011127319859109264e+01,4.415018371332632086e+01
-7.010594932898007414e+01,4.415378482953985184e+01
-7.009999000000000535e+01,4.415120999999999896e+01
-7.011088037000234863e+01,4.414613933511756727e+01
-7.010338377016890377e+01,4.414450407368645557e+01
-7.010264157584475697e+01,4.415423890811472774e+01
-7.010638912756668617e+01,4.415476596944271392e+01
-7.009251016843961679e+01,4.415482358093446180e+01
-7.010938914387030252e+01,4.415322085013723807e+01
-7.010269904178343836e+01,4.414761282677143583e+01
-7.009960999999999842e+01,4.411961999999999762e+01
-7.010601213099499773e+01,4.415162570479585469e+01
-7.010152583737286136e+01,4.415126150271100158e+01
-7.011274000000000228e+01,4.414688999999999908e+01
-7.010639547070101685e+01,4.415665958186021811e+01
-7.011052927687853753e+01,4.415135591485736910e+01
-7.010819691956336897e+01,4.415218482393026278e+01
-7.011014273479176495e+01,4.414968903962981273e+01
-7.011347751980467535e+01,4.415084064850420020e+01
-7.011275188407087455e+01,4.415029096340083470e+01
-7.011044493974337399e+01,4.414894594449859255e+01
-7.011311000000000604e+01,4.415066999999999808e+01
-7.009811000000000547e+01,4.415174999999999983e+01
-7.009438543133038024e+01,4.415585135631646807e+01
-7.011348999999999876e+01,4.415093999999999852e+01
-7.009889445508854067e+01,4.415158767018403552e+01
-7.010970045506483928e+01,4.414354188835108772e+01
-7.011314411508328703e+01,4.414807450019484492e+01
-7.011238710590092182e+01,4.414586107530976733e+01
-7.011239405566540484e+01,4.414694687353545532e+01
-7.010974000000000217e+01,4.414878000000000213e+01
-7.009739286633492839e+01,4.415266256232330022e+01
-7.009852026624400878e+01,4.415126112654589008e+01
-7.011308052318767636e+01,4.414732341578718433e+01
-7.010223999999999478e+01,4.414715999999999951e+01
-7.009327438649478381e+01,4.415507842679497941e+01
-7.011427242616566957e+01,4.414776013537449018e+01
-7.011275983488006602e+01,4.414694907357434062e+01
-7.011278369292566026e+01,4.414699710596568138e+01
-7.010488243140316911e+01,4.415449755612384308e+01
-7.010863902927565050e+01,4.414834617457074728e+01
-7.009440664854658110e+01,4.415591097771545748e+01
-7.010968722777020901e+01,4.415216021742340047e+01
-7.010106187811997813e+01,4.415108224885315735e+01
-7.010935999999999524e+01,4.414526999999999646e+01
-7.011238967405002143e+01,4.415019144441907883e+01
-7.010077246406196139e+01,4.414536635398569331e+01
-7.011316045474760017e+01,4.414726241080524716e+01
-7.010442261985861023e+01,4.415406315604675314e+01
-7.010448999999999842e+01,4.415364000000000289e+01
-7.011202618077150817e+01,4.414564891995165397e+01
-7.009135999999999456e+01,4.415471999999999753e+01
-7.010899000000000569e+01,4.414607999999999777e+01
-7.011314752693957075e+01,4.415206809724090675e+01
-7.011277093565743712e+01,4.415022747205682663e+01
-7.009890374176534067e+01,4.415457136921329351e+01
-7.010943516811357767e+01,4.414647439948259233e+01
-7.009326704993350177e+01,4.415504176518958701e+01
-7.009248999999999796e+01,4.415498999999999796e+01
-7.010299000000000547e+01,4.414824000000000126e+01
-7.011199000000000581e+01,4.414553999999999689e+01
-7.010825967127860281e+01,4.415206923325054333e+01
-7.010824832371726245e+01,4.415245031002672249e+01
-7.010856838732927088e+01,4.415190011934453906e+01
-7.009776043796722433e+01,4.413506229321308183e+01
-7.009323999999999444e+01,4.415498999999999796e+01
-7.010188624772855803e+01,4.414774856278131665e+01
-7.011239724213238844e+01,4.414585667257761514e+01
-7.011092710374146009e+01,4.414781241518696220e+01
-7.011235999999999535e+01,4.414715999999999951e+01
-7.011119915787490697e+01,4.414378129289347186e+01
-7.011014499883766860e+01,4.414396786095966263e+01
-7.011317824547541022e+01,4.415216336125121188e+01
-7.011199000000000581e+01,4.414553999999999689e+01
-7.011268062872017026e+01,4.414705311457062464e+01
-7.011430631603579400e+01,4.414781865604113165e+01
-7.011123999999999512e+01,4.414526999999999646e+01
-7.011130295454185557e+01,4.414431001285246481e+01
-7.009852048711310601e+01,4.415180768842997594e+01
-7.011276187455899844e+01,4.414694125304623640e+01
-7.011274000000000228e+01,4.414688999999999908e+01
-7.010827246956668546e+01,4.415449333046591818e+01
-7.011311000000000604e+01,4.414742999999999995e+01
-7.011048999999999864e+01,4.414283999999999963e+01
-7.009438435429565573e+01,4.415584369500712114e+01
-7.009582814245391091e+01,4.415623892497934833e+01
-7.010938136085546546e+01,4.415050477401116780e+01
-7.011012920339939569e+01,4.415000702557483692e+01
-7.010935999999999524e+01,4.415147999999999939e+01
-7.011088461172539610e+01,4.414591035170703748e+01
-7.009360999999999819e+01,4.415552999999999884e+01
-7.011203102275671029e+01,4.414564684804973638e+01
-7.009887481570318357e+01,4.415185708413120125e+01
-7.009735999999999478e+01,4.415147999999999939e+01
-7.011388821923510761e+01,4.414996403200781572e+01
-7.010930022492811986e+01,4.414678458757106938e+01
-7.011350852145987744e+01,4.414748395277112536e+01
-7.011053119797755073e+01,4.414268636829731207e+01
-7.009323999999999444e+01,4.415525999999999840e+01
-7.011268712490283406e+01,4.415081751567418422e+01
-7.011238425339820424e+01,4.414991267176812073e+01
-7.010977677156655830e+01,4.415017529740642033e+01
-7.010901509243952034e+01,4.414883856168798815e+01
-7.011425456468859352e+01,4.414786600485801671e+01
-7.010563454073349021e+01,4.415342511756276878e+01
-7.011008360936391171e+01,4.414572053414583053e+01
-7.011011000000000593e+01,4.414446000000000225e+01
-7.011311000000000604e+01,4.414742999999999995e+01
-7.010226296061551921e+01,4.414293698346283890e+01
-7.009811000000000547e+01,4.415444999999999709e+01
-7.010943211379679951e+01,4.414946451486093792e+01
-7.010599831644283597e+01,4.415406173689783742e+01
-7.010293980340485120e+01,4.414675053589822085e+01
-7.009815310272679767e+01,4.415271142577848451e+01
-7.009887914649972629e+01,4.415158341707427780e+01
-7.009739610487581274e+01,4.413560680777897005e+01
-7.009963940027203932e+01,4.415099571246915389e+01
-7.010223999999999478e+01,4.414824000000000126e+01
-7.010186000000000206e+01,4.414878000000000213e+01
-7.010711815283205794e+01,4.414997864515005688e+01
-7.010668506084107321e+01,4.415002789545106765e+01
-7.009512058054383488e+01,4.415623121755130853e+01
-7.009468183881250525e+01,4.415621396886044892e+01
-7.011127441232265767e+01,4.414478421450436940e+01
-7.010860999999999876e+01,4.414959000000000344e+01
-7.011048999999999864e+01,4.414985999999999677e+01
-7.010226975834585517e+01,4.414856460593690457e+01
-7.010227665970359112e+01,4.414640853043288615e+01
-7.010114686976240250e+01,4.414666254859057659e+01
-7.011011000000000593e+01,4.414256999999999920e+01
-7.011352077981015896e+01,4.414882855109969739e+01
-7.010713053075198786e+01,4.415267541442498356e+01
-7.010907444668487187e+01,4.415267092053375109e+01
-7.009360999999999819e+01,4.415525999999999840e+01
-7.011235999999999535e+01,4.414580999999999733e+01
-7.011048999999999864e+01,4.414500000000000313e+01
-7.010644614854062695e+01,4.415595700195977713e+01
-7.010713361929477117e+01,4.415476409854625928e+01
-7.010601880917897688e+01,4.415558825112717756e+01
-7.010899000000000569e+01,4.415229000000000070e+01
-7.010042799380255474e+01,4.414787601757196001e+01
-7.010031662647527639e+01,4.414786097320018143e+01
-7.011311000000000604e+01,4.414742999999999995e+01
-7.010938605002833413e+01,4.414668108418344161e+01
-7.009700851000272337e+01,4.413559994504151973e+01
-7.009735999999999478e+01,4.413582000000000249e+01
-7.009994909014743314e+01,4.414865327482739588e+01
-7.009438625657080024e+01,4.415584736766787444e+01
-7.010639207719826516e+01,4.415504399559649329e+01
-7.009323999999999444e+01,4.415525999999999840e+01
-7.009363419938615891e+01,4.415530643316676418e+01
-7.010456680827182652e+01,4.415190820727717380e+01
-7.010561994320396195e+01,4.415216606689443779e+01
-7.010563541719142222e+01,4.415511022734427371e+01
-7.010974000000000217e+01,4.414311000000000007e+01
-7.010968086661443976e+01,4.415108864493257812e+01
-7.010980312689417815e+01,4.415135553091575105e+01
-7.010448999999999842e+01,4.414580999999999733e+01
-7.009845113175741460e+01,4.415137094103418747e+01
-7.009852561583585384e+01,4.415184933896976816e+01
-7.011051022620651452e+01,4.414504348535609779e+01
-7.011051452294981345e+01,4.414613255407032000e+01
-7.010969716653623607e+01,4.414543738370196735e+01
-7.010752349538226724e+01,4.413911935790107322e+01
-7.009848999999999819e+01,4.415174999999999983e+01
-7.009814601266535306e+01,4.415152948060479332e+01
-7.009999000000000535e+01,4.415120999999999896e+01
-7.010142577340637615e+01,4.414649445498601210e+01
-7.010182100363320501e+01,4.414757335036306785e+01
-7.010001567034444747e+01,4.415153374894527616e+01
-7.009992620125274243e+01,4.415244257790354254e+01
-7.009399000000000513e+01,4.415579999999999927e+01
-7.010900555923758759e+01,4.414485978948405887e+01
-7.011014046932483268e+01,4.414477382316268717e+01
-7.011089385292157772e+01,4.414434877850750638e+01
-7.010150885508632257e+01,4.414702459088300657e+01
-7.010797147992397527e+01,4.415236887751369466e+01
-7.010790949124812244e+01,4.414213327107346174e+01
-7.010942606003972344e+01,4.414836986006657327e+01
-7.011052205449425401e+01,4.414965131536303744e+01
-7.011050980432827373e+01,4.415152492314854271e+01
-7.010674000000000206e+01,4.414580999999999733e+01
-7.011311000000000604e+01,4.414742999999999995e+01
-7.010601723783224770e+01,4.415396518897787814e+01
-7.010902815119246156e+01,4.414808428143986418e+01
-7.011274000000000228e+01,4.414688999999999908e+01
-7.010635999999999513e+01,4.415229000000000070e+01
-7.010340247337386188e+01,4.414835817048489730e+01
-7.009851510662167584e+01,4.415130258080841230e+01
-7.010976784761611214e+01,4.415234460604002464e+01
-7.010902751923259757e+01,4.415154011034645976e+01
-7.009438371452365857e+01,4.415594018047161029e+01
-7.009366298362127168e+01,4.415565705113599648e+01
-7.010260999999999854e+01,4.415391000000000332e+01
-7.010330222679981205e+01,4.415461112349751005e+01
-7.010078850387652949e+01,4.411998606703613035e+01
-7.009998445462352379e+01,4.412002381606551893e+01
-7.011239256684383747e+01,4.414700340146723079e+01
-7.010939393605482906e+01,4.415180732649353246e+01
-7.009360999999999819e+01,4.415552999999999884e+01
-7.011201551685523725e+01,4.414563959550245897e+01
-7.010827421821346661e+01,4.414640223143882025e+01
-7.009289141884704577e+01,4.415530896224520774e+01
-7.011011000000000593e+01,4.414500000000000313e+01
-7.011013299688433165e+01,4.414432369207490581e+01
-7.011311000000000604e+01,4.414742999999999995e+01
-7.010374000000000194e+01,4.412096999999999980e+01
-7.010976889288407676e+01,4.415268048806656509e+01
-7.010937770987584372e+01,4.414882299517480391e+01
-7.009364728024478097e+01,4.415536426508018764e+01
-7.010862677928830067e+01,4.415026760689455898e+01
-7.010790067674319914e+01,4.414967709711910970e+01
-7.010152314703633181e+01,4.415099825364308828e+01
-7.011194777939196854e+01,4.414568773119604117e+01
-7.011348999999999876e+01,4.415229000000000070e+01
-7.009286000000000172e+01,4.415525999999999840e+01
-7.010258347885906005e+01,4.414569978460604460e+01
-7.011089206440111354e+01,4.414349027264071168e+01
-7.011045775408422287e+01,4.414352712231157483e+01
-7.010260999999999854e+01,4.414473000000000269e+01
-7.011274000000000228e+01,4.414688999999999908e+01
-7.009889144901080726e+01,4.415510096504246462e+01
-7.011313470660243752e+01,4.414721817970066553e+01
-7.011351667560303724e+01,4.414753397208251329e+01
-7.010001378233198466e+01,4.415563263159572926e+01
-7.010751938642907533e+01,4.415585039348860619e+01
-7.011089040709950382e+01,4.414504766078264453e+01
-7.009327865431316695e+01,4.415509949625443653e+01
-7.010188411181756862e+01,4.414721184502605666e+01
-7.009399000000000513e+01,4.415579999999999927e+01
-7.009399000000000513e+01,4.415606999999999971e+01
-7.010864299770189234e+01,4.414429838093678171e+01
-7.010827056535558199e+01,4.414477358891821268e+01
-7.010817371039894397e+01,4.414487669248293145e+01
-7.009357830920701815e+01,4.415541810211145446e+01
-7.009848999999999819e+01,4.415202000000000027e+01
-7.011274000000000228e+01,4.414715999999999951e+01
-7.010188097519798589e+01,4.414666316931109691e+01
-7.010299000000000547e+01,4.414797000000000082e+01
-7.011014767452829233e+01,4.414532052532656081e+01
-7.011204948415083038e+01,4.414564272004131595e+01
-7.011130966006237486e+01,4.414539353020277446e+01
-7.011051659890064514e+01,4.415207841034224145e+01
-7.011051067873950160e+01,4.415098662920117789e+01
-7.011053904783126711e+01,4.415216274356276926e+01
-7.011314280621094497e+01,4.414726743788578744e+01
-7.009439134564570395e+01,4.415584684688368355e+01
-7.009919252808094825e+01,4.415163220583801262e+01
-7.010789214004918790e+01,4.415071697285134178e+01
-7.010711000000000581e+01,4.415147999999999939e+01
-7.010826464792370416e+01,4.415154200469956436e+01
-7.010751724074442848e+01,4.414513414430911098e+01
-7.010788621343402838e+01,4.414586323319604588e+01
-7.010903255481505880e+01,4.414617945571005464e+01
-7.010563840775564870e+01,4.415692502618666992e+01
-7.010454973107133014e+01,4.415754046537431776e+01
-7.010304770837097976e+01,4.414812700275820134e+01
-7.010226613270337737e+01,4.414505154197971137e+01
-7.010231788630373728e+01,4.414543095984653576e+01
-7.009856687271812348e+01,4.415105374459622567e+01
-7.009777079733956384e+01,4.415073028794407861e+01
-7.010111000000000558e+01,4.414688999999999908e+01
-7.010148999999999830e+01,4.414661999999999864e+01
-7.009927760266610619e+01,4.415666275581735789e+01
-7.009927512907867708e+01,4.415611751463121237e+01
-7.010856344078698044e+01,4.415004252056510126e+01
-7.010338854028877620e+01,4.412290291488923089e+01
-7.009745763139744668e+01,4.415111103612174759e+01
-7.009331701975673923e+01,4.415513859982738154e+01
-7.009814610559192261e+01,4.415125338438320313e+01
-7.010111000000000558e+01,4.415093999999999852e+01
-7.010142723553092026e+01,4.415164141364679296e+01
-7.009364316781145021e+01,4.415530315349026580e+01
-7.010901573100591122e+01,4.414997475105453617e+01
-7.010976883730425868e+01,4.414910787833725436e+01
-7.011014123780157092e+01,4.414963582643572693e+01
-7.011052682556336890e+01,4.415153139179340513e+01
-7.009926846012797341e+01,4.415180055682267835e+01
-7.009960999999999842e+01,4.415174999999999983e+01
-7.010077011087717835e+01,4.414780350432342715e+01
-7.010260999999999854e+01,4.416011999999999915e+01
-7.009435999999999467e+01,4.415903999999999741e+01
-7.010151190735403759e+01,4.415889005351231589e+01
-7.010110706784105616e+01,4.415809845611310180e+01
-7.010332004303791109e+01,4.415163395324771045e+01
-7.010718639630192683e+01,4.414916880433401047e+01
-7.010486000000000217e+01,4.414446000000000225e+01
-7.010414656215242246e+01,4.414396463330729858e+01
-7.009290404256115892e+01,4.414052746478866140e+01
-7.009142128895462065e+01,4.415458083428971747e+01
-7.010893771213341097e+01,4.414485772432549027e+01
-7.010904743556172036e+01,4.414431913180519018e+01
-7.009326643748730135e+01,4.415504087334809924e+01
-7.010155302675792655e+01,4.414864390222718527e+01
-7.010974000000000217e+01,4.414580999999999733e+01
-7.011202693157778754e+01,4.414558210502702451e+01
-7.011201753560604288e+01,4.414559629694185361e+01
-7.011274000000000228e+01,4.414715999999999951e+01
-7.011280622405313068e+01,4.414701060914320863e+01
-7.011311000000000604e+01,4.414742999999999995e+01
-7.011086000000000240e+01,4.414634999999999820e+01
-7.010907400318572513e+01,4.415003806367947448e+01
-7.009435999999999467e+01,4.415579999999999927e+01
-7.009363477962743616e+01,4.415532030699802846e+01
-7.009326734771296685e+01,4.415510778880847198e+01
-7.010148999999999830e+01,4.415444999999999709e+01
-7.009364927944703538e+01,4.415537511463881515e+01
-7.011423999999999523e+01,4.414797000000000082e+01
-7.011426921192449413e+01,4.414774303817276291e+01
-7.011090138765223401e+01,4.414732895909797605e+01
-7.009438354249761005e+01,4.415585707014651007e+01
-7.011011000000000593e+01,4.415283000000000158e+01
-7.011051650517508449e+01,4.415261721983080179e+01
-7.010821025911873505e+01,4.414570963079489019e+01
-7.010331701014696648e+01,4.414568000335906817e+01
-7.010863092942052788e+01,4.415158162371803741e+01
-7.011086000000000240e+01,4.414419000000000182e+01
-7.009323999999999444e+01,4.415525999999999840e+01
-7.009142268095577322e+01,4.415458301024737153e+01
-7.009326053231370679e+01,4.415508767554994307e+01
-7.010144736507250229e+01,4.415190534708514036e+01
-7.011088272962221879e+01,4.414613127926783420e+01
-7.010970006928927489e+01,4.414921804257375015e+01
-7.010337013265043993e+01,4.414542787885782360e+01
-7.009438609257807684e+01,4.415590292864709454e+01
-7.010977692414815010e+01,4.414672172866688982e+01
-7.009814954918674346e+01,4.415105552065994488e+01
-7.009439015139281537e+01,4.415591042559842805e+01
-7.010823999999999501e+01,4.415606999999999971e+01
-7.010938948165525630e+01,4.414478151720339838e+01
-7.010189782490832044e+01,4.414893281940138792e+01
-7.009964490133728532e+01,4.415098574515231888e+01
-7.011426579312741580e+01,4.414784045412001490e+01
-7.010330096576301173e+01,4.415244187405671994e+01
-7.009999000000000535e+01,4.415552999999999884e+01
-7.010076776901043161e+01,4.411993614031707267e+01
-7.010149027521960363e+01,4.415352175139979352e+01
-7.011160999999999888e+01,4.414580999999999733e+01
-7.011315257682360880e+01,4.415131362346332367e+01
-7.011314388931498343e+01,4.415072371469027956e+01
-7.010567590699898233e+01,4.415459522979321605e+01
-7.010896399965295700e+01,4.414653328190306070e+01
-7.010901589527649946e+01,4.415206389346788995e+01
-7.010826631257141628e+01,4.415153805693676503e+01
-7.010899000000000569e+01,4.415202000000000027e+01
-7.009926808962076450e+01,4.415450658806294371e+01
-7.009995436981705552e+01,4.415538998481692090e+01
-7.009889552390576739e+01,4.415428304140224469e+01
-7.009962968587710463e+01,4.415079925250062587e+01
-7.010935999999999524e+01,4.414851000000000170e+01
-7.010829592280815348e+01,4.414621324079285358e+01
-7.010903596730729248e+01,4.415240017220987312e+01
-7.010819939989742977e+01,4.415269078945577519e+01
-7.010902248659539282e+01,4.415235039226342906e+01
-7.010069260429111182e+01,4.414705028977208912e+01
-7.009435999999999467e+01,4.415606999999999971e+01
-7.011278278475120374e+01,4.414698303527136147e+01
-7.011276433046315049e+01,4.414693230467540275e+01
-7.010902310239323754e+01,4.414775976663096202e+01
-7.010899000000000569e+01,4.414661999999999864e+01
-7.010488823404993752e+01,4.415477042770513094e+01
-7.010451901676746900e+01,4.415449320969976554e+01
-7.011274000000000228e+01,4.414715999999999951e+01
-7.011314265651071764e+01,4.414725941350992144e+01
-7.009099000000000501e+01,4.415903999999999741e+01
-7.009067888023969317e+01,4.415916958958193561e+01
-7.009068156915355985e+01,4.415891177443039339e+01
-7.009848999999999819e+01,4.415093999999999852e+01
-7.011164220091440313e+01,4.414559139587714753e+01
-7.011201699858632708e+01,4.414990241861329423e+01
-7.011048999999999864e+01,4.415093999999999852e+01
-7.011126207421126821e+01,4.415018128799830777e+01
-7.009737649429457917e+01,4.415486993746205258e+01
-7.009742626516299424e+01,4.415538605561410179e+01
-7.009252001707633895e+01,4.415476431446537475e+01
-7.009064600760454766e+01,4.415482892417914229e+01
-7.009930310305341550e+01,4.415243909440473402e+01
-7.009330764522542268e+01,4.415514014747653704e+01
-7.010899000000000569e+01,4.414473000000000269e+01
-7.011351972965584878e+01,4.414761538735925228e+01
-7.011311000000000604e+01,4.414742999999999995e+01
-7.011243509006747843e+01,4.414700450106059293e+01
-7.010193159007675945e+01,4.415054818336581377e+01
-7.009964666331009653e+01,4.414537449493398924e+01
-7.011235999999999535e+01,4.414688999999999908e+01
-7.011269886055002587e+01,4.414706604840592519e+01
-7.009963972240127816e+01,4.411966999858722716e+01
-7.009963855705881031e+01,4.411971731734911373e+01
-7.010106707001078519e+01,4.414705162440585440e+01
-7.010932262613422949e+01,4.414674928334059700e+01
-7.009327358185191770e+01,4.415510486588877370e+01
-7.009702340310639102e+01,4.415449320991090332e+01
-7.009740791796701842e+01,4.415428804725479495e+01
-7.009774000000000171e+01,4.415120999999999896e+01
-7.009805612078503145e+01,4.415082349305772169e+01
-7.010487967483106786e+01,4.415449423367646631e+01
-7.010523999999999489e+01,4.415525999999999840e+01
-7.010189055952592696e+01,4.414808815945774256e+01
-7.009321276394685185e+01,4.415514885231953457e+01
-7.011089925046799465e+01,4.414349601558161140e+01
-7.009251162646592093e+01,4.415483116065480829e+01
-7.010418433514404057e+01,4.415456933567867992e+01
-7.010458047433344575e+01,4.415515796534267423e+01
-7.011351990134764378e+01,4.414753864989661736e+01
-7.011126985616611762e+01,4.414451262139254339e+01
-7.011014603011848578e+01,4.414559911825222116e+01
-7.010827265046469847e+01,4.414964201160125157e+01
-7.011318298414087735e+01,4.414727464813331181e+01
-7.010939352484737697e+01,4.414915806378012775e+01
-7.011157884012317254e+01,4.414703012259835191e+01
-7.009286000000000172e+01,4.415525999999999840e+01
-7.009327226941759648e+01,4.415509896826298331e+01
-7.010227792044786099e+01,4.415455310125363297e+01
-7.010223999999999478e+01,4.415337000000000245e+01
-7.010189270128567784e+01,4.415433662996826314e+01
-7.010227883618955502e+01,4.415374287095697525e+01
-7.010792773059046112e+01,4.414538923664802894e+01
-7.010260999999999854e+01,4.415849999999999653e+01
-7.010002570883192163e+01,4.414590317543146369e+01
-7.009963718524819853e+01,4.414558633233699680e+01
-7.010939390706072061e+01,4.414505185605400328e+01
-7.010939902548022928e+01,4.414564416360553167e+01
-7.010413514723229866e+01,4.415351432762783190e+01
-7.010448999999999842e+01,4.415256000000000114e+01
-7.010452157740070334e+01,4.415369957591265404e+01
-7.009214467934752690e+01,4.415481265574040037e+01
-7.010971836771925325e+01,4.414732991546791396e+01
-7.011012830626195580e+01,4.414748011033491792e+01
-7.010941840144536741e+01,4.414485214550231973e+01
-7.010976060615058714e+01,4.414505339702618159e+01
-7.010864046614054246e+01,4.414531351978706653e+01
-7.009886123509524225e+01,4.415461811456439278e+01
-7.009768777853783206e+01,4.415511760112369188e+01
-7.011127724608601852e+01,4.414478843337282399e+01
-7.009360999999999819e+01,4.415525999999999840e+01
-7.009326364868572057e+01,4.415509864507677662e+01
-7.009323999999999444e+01,4.415525999999999840e+01
-7.010152075200068111e+01,4.415780853980874809e+01
-7.010256299800329316e+01,4.415840333359297887e+01
-7.010452263817809637e+01,4.415262008138375194e+01
-7.010677045555455322e+01,4.415045438468838768e+01
-7.010638074724857915e+01,4.415017651557312917e+01
-7.010489524109217996e+01,4.414484798112984976e+01
-7.010145428131281164e+01,4.412248998296760050e+01
-7.010638684760999695e+01,4.415509143337512654e+01
-7.009806700384015699e+01,4.415108552956503019e+01
-7.010938022164120298e+01,4.414613364094469006e+01
-7.010902183747148797e+01,4.414585598217492191e+01
-7.010969440915671669e+01,4.415326792473733519e+01
-7.011089033287404959e+01,4.415401104563371604e+01
-7.009964656514277692e+01,4.415504751089429902e+01
-7.011426297135848529e+01,4.414775635732352299e+01
-7.011011000000000593e+01,4.414553999999999689e+01
-7.011202500681277172e+01,4.414564517733602855e+01
-7.011199000000000581e+01,4.414553999999999689e+01
-7.009323999999999444e+01,4.415498999999999796e+01
-7.010711000000000581e+01,4.415039999999999765e+01
-7.010744549476297038e+01,4.414999019014221204e+01
-7.010791228347798665e+01,4.414973143161573432e+01
-7.011042672189086034e+01,4.415243747270922370e+01
-7.011005228262015976e+01,4.415216939792183837e+01
-7.009318361686068499e+01,4.415513295448141662e+01
-7.010669102744749637e+01,4.414567060534695742e+01
-7.010341424333810778e+01,4.415214436631088546e+01
-7.010295052102077307e+01,4.415218392680887405e+01
-7.010263088921976760e+01,4.415207940833001743e+01
-7.010263504490443154e+01,4.415962573405280267e+01
-7.009244173237837572e+01,4.415995984768710514e+01
-7.009999000000000535e+01,4.415606999999999971e+01
-7.010674000000000206e+01,4.415391000000000332e+01
-7.010717603089375416e+01,4.415187917405765461e+01
-7.010567054146069665e+01,4.415135841861570754e+01
-7.010486000000000217e+01,4.415012999999999721e+01
-7.010263485372814785e+01,4.412371800139351308e+01
-7.009654058223387096e+01,4.411922547191063870e+01
-7.009918671166010995e+01,4.415161508480640151e+01
-7.009813284905995090e+01,4.415126810869178087e+01
-7.009878421747536947e+01,4.415217708379037731e+01
-7.009321982723319877e+01,4.415512479159353632e+01
-7.009286000000000172e+01,4.415498999999999796e+01
-7.009248999999999796e+01,4.415471999999999753e+01
-7.011205698587897928e+01,4.414568629655082077e+01
-7.011205192814917098e+01,4.414567819099149659e+01
-7.011426645751423337e+01,4.414780353648257005e+01
-7.011388764250077088e+01,4.414774482686080148e+01
-7.011311000000000604e+01,4.414715999999999951e+01
-7.011277455255915925e+01,4.414699171461745664e+01
-7.010980168072204322e+01,4.414568036648360305e+01
-7.011088851649707010e+01,4.414531724784669819e+01
-7.010489455720858132e+01,4.415427063540771968e+01
-7.010639338311807478e+01,4.415396141765616989e+01
-7.010113735204141960e+01,4.411993832915238301e+01
-7.010067968607907574e+01,4.412003065742241859e+01
-7.010150972663136315e+01,4.412000737598850009e+01
-7.011086000000000240e+01,4.414661999999999864e+01
-7.010338762501632459e+01,4.415909186304105560e+01
-7.009435999999999467e+01,4.415957999999999828e+01
-7.010224577110781752e+01,4.415918888801596154e+01
-7.010677757344423355e+01,4.415346148421751593e+01
-7.010031775201169069e+01,4.415380980644165021e+01
-7.009323999999999444e+01,4.415525999999999840e+01
-7.009851784629431393e+01,4.415125806726334190e+01
-7.009851442781823039e+01,4.415135239594747674e+01
-7.011203245898282432e+01,4.414568053670218006e+01
-7.009513560915492292e+01,4.415625424946460242e+01
-7.011013509313021075e+01,4.414614082092534630e+01
-7.011043436712537869e+01,4.414622095892484310e+01
-7.010744393822277232e+01,4.414487337077166274e+01
-7.010938661611233158e+01,4.414424700295074899e+01
-7.010903469321914372e+01,4.414428947506134904e+01
-7.011017812643956404e+01,4.414566838274068772e+01
-7.011051939327704474e+01,4.414590159372401246e+01
-7.011274000000000228e+01,4.414715999999999951e+01
-7.011274000000000228e+01,4.414715999999999951e+01
-7.009543244106279758e+01,4.415621597975912493e+01
-7.009586000000000183e+01,4.415606999999999971e+01
-7.011274000000000228e+01,4.414688999999999908e+01
-7.011274000000000228e+01,4.414688999999999908e+01
-7.011314912769167051e+01,4.414725876753184508e+01
-7.010937999568299972e+01,4.414963962396469555e+01
-7.011011000000000593e+01,4.415202000000000027e+01
-7.011052398340822833e+01,4.415213036866288121e+01
-7.009323999999999444e+01,4.415498999999999796e+01
-7.009323999999999444e+01,4.415525999999999840e+01
-7.010418044549803085e+01,4.415376187145017184e+01
-7.010337947290553018e+01,4.415297673560117886e+01
-7.010411675560175127e+01,4.415297170810262628e+01
-7.010785387662042467e+01,4.414999233090473041e+01
-7.010818041097397213e+01,4.415029215876339919e+01
-7.010038066796545309e+01,4.415963119076344157e+01
-7.009252305785746273e+01,4.415861321319501087e+01
-7.009701217056280598e+01,4.415746890306701999e+01
-7.009889667469789742e+01,4.415746497958122774e+01
-7.010335999999999501e+01,4.415444999999999709e+01
-7.010152403904272944e+01,4.415422363729576460e+01
-7.010676025411316914e+01,4.415297380940813099e+01
-7.010749185975643627e+01,4.415029700510172006e+01
-7.010452471668297392e+01,4.414510652014374870e+01
-7.009289696142050730e+01,4.413030522318926785e+01
-7.009701117907334833e+01,4.411912383049794073e+01
-7.010223484726220988e+01,4.414781973291677986e+01
-7.009851253152207562e+01,4.415179439007449957e+01
-7.009880775086192273e+01,4.415107394065065449e+01
-7.009923999999999467e+01,4.415120999999999896e+01
-7.009738480034131669e+01,4.415396740629092420e+01
-7.009813847077813875e+01,4.415368547247329190e+01
-7.009248999999999796e+01,4.415471999999999753e+01
-7.009213820914577298e+01,4.415476842311244354e+01
-7.010376510184705978e+01,4.414828544113134257e+01
-7.010260999999999854e+01,4.414851000000000170e+01
-7.010188750399277069e+01,4.414882972202191525e+01
-7.009479193195593894e+01,4.415623734230273811e+01
-7.011053364797768950e+01,4.414995888800778800e+01
-7.010974000000000217e+01,4.414985999999999677e+01
-7.011011000000000593e+01,4.414985999999999677e+01
-7.010602150233653163e+01,4.415530300011964471e+01
-7.009852682253244893e+01,4.415099599885055426e+01
-7.009811000000000547e+01,4.415174999999999983e+01
-7.009776431239204442e+01,4.415179559542919918e+01
-7.010602331515018193e+01,4.415395460482054091e+01
-7.010599000000000558e+01,4.415471999999999753e+01
-7.010560999999999865e+01,4.416011999999999915e+01
-7.010335999999999501e+01,4.416038999999999959e+01
-7.008838628034736473e+01,4.415450092164839191e+01
-7.010518841782321431e+01,4.415242330694459838e+01
-7.011164060673942799e+01,4.415181153278764725e+01
-7.010452701239738360e+01,4.415017562466752565e+01
-7.010038303709919205e+01,4.412156755343397663e+01
-7.010039115867820669e+01,4.415044863460796876e+01
-7.011424615949285055e+01,4.414785876444783952e+01
-7.010068927559908047e+01,4.412002309493841778e+01
-7.011048999999999864e+01,4.415174999999999983e+01
-7.010978759869779253e+01,4.415131603796740478e+01
-7.009735999999999478e+01,4.415093999999999852e+01
-7.009923999999999467e+01,4.415093999999999852e+01
-7.011423999999999523e+01,4.414797000000000082e+01
-7.011088983906378758e+01,4.414509568943927320e+01
-7.010405741399290491e+01,4.414730814107885948e+01
-7.010481092228779687e+01,4.414785965140187329e+01
-7.009923999999999467e+01,4.415174999999999983e+01
-7.009891430958415981e+01,4.415160792701885129e+01
-7.010860999999999876e+01,4.415202000000000027e+01
-7.010823999999999501e+01,4.415174999999999983e+01
-7.010820600792332868e+01,4.415245548466332792e+01
-7.011311000000000604e+01,4.414742999999999995e+01
-7.011091684019027070e+01,4.414377595229490225e+01
-7.011051781153952334e+01,4.414321870266850567e+01
-7.009255533424679641e+01,4.415484904459586346e+01
-7.009325867611313754e+01,4.415505126811341796e+01
-7.009780218681163433e+01,4.415268650100995984e+01
-7.009511000000000536e+01,4.415606999999999971e+01
-7.010264440032021582e+01,4.415288439826714750e+01
-7.009323999999999444e+01,4.415498999999999796e+01
-7.011275858097015146e+01,4.414704157606988133e+01
-7.011276358979554857e+01,4.414694734415103738e+01
-7.010967574447560935e+01,4.414973169905967154e+01
-7.011016133043229104e+01,4.415136665271207761e+01
-7.011051915766805109e+01,4.415153157777452009e+01
-7.011014187774203776e+01,4.415099379171176963e+01
-7.010976743245086595e+01,4.414667364789411153e+01
-7.010939456515994550e+01,4.414559507579487274e+01
-7.011274000000000228e+01,4.414715999999999951e+01
-7.011277584202652235e+01,4.414721156850287542e+01
-7.011276790986775609e+01,4.414695079236886954e+01
-7.010751511551247006e+01,4.415569742631329575e+01
-7.010788938235661760e+01,4.415510429389866687e+01
-7.010711000000000581e+01,4.415579999999999927e+01
-7.009477715175184187e+01,4.415611316411476395e+01
-7.009443468771284813e+01,4.415592144859915891e+01
-7.010786000000000229e+01,4.415391000000000332e+01
-7.009889682952955070e+01,4.415455479214599421e+01
-7.009966975784605836e+01,4.411973531386151848e+01
-7.010711000000000581e+01,4.415525999999999840e+01
-7.011127705427777812e+01,4.415191707301515578e+01
-7.011011000000000593e+01,4.414365000000000094e+01
-7.009326110056912285e+01,4.415504854328640505e+01
-7.009999000000000535e+01,4.415283000000000158e+01
-7.011282248417739993e+01,4.414707274641873624e+01
-7.009739250627868046e+01,4.413586505215834421e+01
-7.011317447055532170e+01,4.414730643148042333e+01
-7.009326422176036431e+01,4.415504138687936830e+01
-7.009214115137363876e+01,4.415477469031699087e+01
-7.011195158737535849e+01,4.414569374344929997e+01
-7.011350990699877173e+01,4.414749014429708751e+01
-7.011281611466921504e+01,4.414704050870355445e+01
-7.011348999999999876e+01,4.414824000000000126e+01
-7.009881078173833657e+01,4.415134205045870885e+01
-7.011348999999999876e+01,4.414770000000000039e+01
-7.011277612006287541e+01,4.414699569930982648e+01
-7.009626835304980830e+01,4.415590450957598279e+01
-7.010411551263571539e+01,4.415459458408426485e+01
-7.011157425777565777e+01,4.415164226839557671e+01
-7.011352435877481071e+01,4.414747852244058635e+01
-7.011080247757027450e+01,4.415163492424260028e+01
-7.010935999999999524e+01,4.414473000000000269e+01
-7.010938644113846863e+01,4.414963776085009073e+01
-7.010001943711712613e+01,4.415327520974048525e+01
-7.010486000000000217e+01,4.416093000000000046e+01
-7.010265519460484995e+01,4.414833916201546771e+01
-7.011006018028074038e+01,4.415163627646440148e+01
-7.010982331279073776e+01,4.415165008123861412e+01
-7.010900873185805438e+01,4.414911040460529534e+01
-7.011051681405911040e+01,4.414964452210151080e+01
-7.011126836896400505e+01,4.414484517659887075e+01
-7.011006023150106614e+01,4.415163592214778276e+01
-7.011276436819956359e+01,4.414694248999080628e+01
-7.011011000000000593e+01,4.415229000000000070e+01
-7.011011000000000593e+01,4.415229000000000070e+01
-7.009289104487598365e+01,4.415504928353779235e+01
-7.011086000000000240e+01,4.414715999999999951e+01
-7.011202995050474840e+01,4.414563791889888478e+01
-7.011199000000000581e+01,4.414688999999999908e+01
-7.011127530505434891e+01,4.415244342796915333e+01
-7.010001550016600902e+01,4.415562753515158079e+01
-7.009890368593356413e+01,4.415508387418364578e+01
-7.010300526966246082e+01,4.414785244628393457e+01
-7.010413687102634128e+01,4.415233270693792633e+01
-7.010414597989857555e+01,4.415234091632323299e+01
-7.010038366864854709e+01,4.415451116211578864e+01
-7.010117682360032632e+01,4.412001435785438019e+01
-7.010341073860256245e+01,4.415050666359306319e+01
-7.010335999999999501e+01,4.415039999999999765e+01
-7.010860999999999876e+01,4.414526999999999646e+01
-7.010452217952595788e+01,4.415377887190160777e+01
-7.010864027831314615e+01,4.415212880542333096e+01
-7.010374000000000194e+01,4.414526999999999646e+01
-7.010979514602969687e+01,4.415024561160651473e+01
-7.010639024528306606e+01,4.414722157449649131e+01
-7.010744156256849635e+01,4.415536939937199890e+01
-7.010635999999999513e+01,4.415391000000000332e+01
-7.010635999999999513e+01,4.415579999999999927e+01
-7.010186000000000206e+01,4.414824000000000126e+01
-7.010148999999999830e+01,4.415174999999999983e+01
-7.010899181130697855e+01,4.414947196632711268e+01
-7.010452234764396451e+01,4.415454460939029957e+01
-7.010452322237269129e+01,4.415158406388832901e+01
-7.010674000000000206e+01,4.414607999999999777e+01
-7.009323999999999444e+01,4.415498999999999796e+01
-7.010976957820739131e+01,4.414505745930745206e+01
-7.009851393096293748e+01,4.415156779657010588e+01
-7.010970305142321024e+01,4.414513931311255845e+01
-7.010752623839579201e+01,4.414990598434382463e+01
-7.010781345506985929e+01,4.415000239816186678e+01
-7.009363888611643745e+01,4.415531151785251751e+01
-7.009881532192970610e+01,4.415217821005614951e+01
-7.009735999999999478e+01,4.415471999999999753e+01
-7.010339078064744456e+01,4.415374710677939873e+01
-7.010374000000000194e+01,4.415444999999999709e+01
-7.011052799453042894e+01,4.415245334041640746e+01
-7.010786000000000229e+01,4.414500000000000313e+01
-7.010939345020624103e+01,4.414990618120591392e+01
-7.010043295120568985e+01,4.412000993109182900e+01
-7.010931629890252736e+01,4.414513386581892718e+01
-7.010379802810314231e+01,4.415619116621024176e+01
-7.010374566312684408e+01,4.415568517571656315e+01
-7.010976165204384358e+01,4.414531431423102958e+01
-7.010413092969513116e+01,4.415423528504684469e+01
-7.010487797307749247e+01,4.415433944105446784e+01
-7.010863660763084226e+01,4.414882461750138987e+01
-7.009769994348928890e+01,4.415188900509230052e+01
-7.010743771135422264e+01,4.414568421912350971e+01
-7.010823999999999501e+01,4.414580999999999733e+01
-7.011198131376353615e+01,4.414570892414987924e+01
-7.010980788646044459e+01,4.415162332986154325e+01
-7.011280167726528134e+01,4.414703888796334752e+01
-7.009253240150283659e+01,4.415485285821311123e+01
-7.010186000000000206e+01,4.414607999999999777e+01
-7.010227521548600293e+01,4.414760662932918223e+01
-7.010148999999999830e+01,4.414742999999999995e+01
-7.011199000000000581e+01,4.414553999999999689e+01
-7.010414378911292488e+01,4.415396839821315922e+01
-7.010339618889172186e+01,4.415373534195114047e+01
-7.011015538762175936e+01,4.414403137757908269e+01
-7.009966198433329509e+01,4.415536858841300472e+01
-7.010189552664894563e+01,4.415504969928653622e+01
-7.011351436827716554e+01,4.414747629800592676e+01
-7.009593377660789315e+01,4.411919717142797026e+01
-7.010481775902387369e+01,4.414460832359284836e+01
-7.010902516888522484e+01,4.414478183111008036e+01
-7.010340150997872399e+01,4.412080324777421225e+01
-7.011014573307284081e+01,4.414479000258763364e+01
-7.010411000000000570e+01,4.415688000000000102e+01
-7.010153237925487701e+01,4.416048407652695573e+01
-7.011012986624504606e+01,4.414829032527054409e+01
-7.010675215698890383e+01,4.415353538058960225e+01
-7.010562136114845089e+01,4.415296749572045343e+01
-7.010181691205261245e+01,4.414514333675790425e+01
-7.011164401483949860e+01,4.414559831278391755e+01
-7.010105609996509202e+01,4.415242696130070499e+01
-7.010189850923831045e+01,4.415348550453031606e+01
-7.010226799595795910e+01,4.414801597450257020e+01
-7.009474000000000160e+01,4.415606999999999971e+01
-7.009512991421240713e+01,4.415612374793096961e+01
-7.009252128903236212e+01,4.415476537289868020e+01
-7.011123799889304564e+01,4.414595595115445548e+01
-7.011016623498163369e+01,4.415269066874069637e+01
-7.010451734367630650e+01,4.414856986454622501e+01
-7.010936018095372901e+01,4.415217298710100380e+01
-7.011314439815451749e+01,4.414721235282799228e+01
-7.010444102375980435e+01,4.415379177233926811e+01
-7.010225836023195711e+01,4.415989878945827485e+01
-7.009441918922968284e+01,4.415597796765005256e+01
-7.010823999999999501e+01,4.415256000000000114e+01
-7.011093261192010573e+01,4.415190198020117407e+01
-7.010604055061762097e+01,4.415346464549778460e+01
-7.010490343891868292e+01,4.414974921104846572e+01
-7.010601618652022182e+01,4.415476258962528533e+01
-7.010864231902606036e+01,4.415179994726692314e+01
-7.010077341628296210e+01,4.411994113108784177e+01
-7.011014019883123183e+01,4.414670755912808175e+01
-7.010601540084168448e+01,4.415395700654320876e+01
-7.010630713782532553e+01,4.415406606324119565e+01
-7.009738713011255129e+01,4.411966284915616399e+01
-7.009814710954992734e+01,4.411970766082378503e+01
-7.010223999999999478e+01,4.414392000000000138e+01
-7.010186000000000206e+01,4.414365000000000094e+01
-7.010265212211207597e+01,4.412053461660281783e+01
-7.010899000000000569e+01,4.414365000000000094e+01
-7.010937876622645604e+01,4.414370391846151875e+01
-7.010974000000000217e+01,4.414661999999999864e+01
-7.011201229016660363e+01,4.414564504668976497e+01
-7.010407113375934784e+01,4.415515437375576369e+01
-7.010518565027931004e+01,4.415513463320019127e+01
-7.011014158828061227e+01,4.415266335504387030e+01
-7.011019278725038362e+01,4.415294295697371041e+01
-7.010935999999999524e+01,4.414905000000000257e+01
-7.010935999999999524e+01,4.414905000000000257e+01
-7.010901082686150687e+01,4.414531773728968034e+01
-7.011274000000000228e+01,4.414688999999999908e+01
-7.011053022208456298e+01,4.415212474286833100e+01
-7.010155369216204235e+01,4.415188172001116129e+01
-7.010144365126892296e+01,4.415135045698035299e+01
-7.010113742010970839e+01,4.414855867040589033e+01
-7.009360999999999819e+01,4.415525999999999840e+01
-7.010039246175651328e+01,4.415504716026332233e+01
-7.010040084061226651e+01,4.415514043936831001e+01
-7.009811000000000547e+01,4.415229000000000070e+01
-7.010450789329574661e+01,4.414423288320469396e+01
-7.010488953069202012e+01,4.414342678656204555e+01
-7.009286000000000172e+01,4.415579999999999927e+01
-7.010229079772005889e+01,4.414540335256114645e+01
-7.009960999999999842e+01,4.415552999999999884e+01
-7.010074000000000183e+01,4.415525999999999840e+01
-7.011423999999999523e+01,4.414851000000000170e+01
-7.009886000000000195e+01,4.415174999999999983e+01
-7.010676369940064490e+01,4.414558356090046232e+01
-7.011127142714879312e+01,4.414374653688140171e+01
-7.009848999999999819e+01,4.415147999999999939e+01
-7.010788240448276554e+01,4.414342513705912552e+01
-7.011237865013956139e+01,4.414586257905592248e+01
-7.009326576394786912e+01,4.415510669720706716e+01
-7.010930072429857773e+01,4.414728346358192113e+01
-7.009999000000000535e+01,4.414797000000000082e+01
-7.011123999999999512e+01,4.415202000000000027e+01
-7.010968729609579952e+01,4.415187569797498668e+01
-7.010186000000000206e+01,4.412015999999999849e+01
-7.010148999999999830e+01,4.412015999999999849e+01
-7.010823999999999501e+01,4.415012999999999721e+01
-7.010830575712493840e+01,4.414997824989312392e+01
-7.009926377353262694e+01,4.415099368574519190e+01
-7.010706885795613630e+01,4.414733054010671509e+01
-7.010899000000000569e+01,4.414526999999999646e+01
-7.011086000000000240e+01,4.414419000000000182e+01
-7.011354675219787680e+01,4.414756516897291760e+01
-7.011127629578031417e+01,4.414532168499048481e+01
-7.010788702058316346e+01,4.414463140419376685e+01
-7.010823999999999501e+01,4.414473000000000269e+01
-7.010343428598928028e+01,4.415780896237806985e+01
-7.010605614115043238e+01,4.415433748850507811e+01
-7.010792552493286678e+01,4.415377322177423025e+01
-7.011051407759663334e+01,4.415181172534119014e+01
-7.011014283296950111e+01,4.415153524532400553e+01
-7.010038094727288183e+01,4.415478063862988023e+01
-7.010411000000000570e+01,4.415552999999999884e+01
-7.010150981331979381e+01,4.414774825106114520e+01
-7.010341447333215115e+01,4.415297527301920155e+01
-7.010414062470867691e+01,4.415476652202975316e+01
-7.010107639677522684e+01,4.415135718083642047e+01
-7.010301008693488711e+01,4.415404309283678685e+01
-7.010488894278111616e+01,4.415288911124333282e+01
-7.010786000000000229e+01,4.415283000000000158e+01
-7.010181425986441184e+01,4.414784384503580128e+01
-7.011274000000000228e+01,4.414688999999999908e+01
-7.010338900797931672e+01,4.415477221578773026e+01
-7.010786000000000229e+01,4.415337000000000245e+01
-7.011274000000000228e+01,4.414715999999999951e+01
-7.009960999999999842e+01,4.415525999999999840e+01
-7.009811000000000547e+01,4.415174999999999983e+01
-7.010935999999999524e+01,4.415202000000000027e+01
-7.009815528595456158e+01,4.415104818831192546e+01
-7.010377499365300480e+01,4.415832089692612783e+01
-7.010414387101266698e+01,4.415267206728405824e+01
-7.009807603753499450e+01,4.415190897433414108e+01
-7.010976498581533178e+01,4.415369936293502207e+01
-7.010938361278664388e+01,4.414991738439035629e+01
-7.011082997385861404e+01,4.415026613322179116e+01
-7.010976586344591510e+01,4.415262189081280297e+01
-7.010971395584584798e+01,4.415191964807077341e+01
-7.009664101525059721e+01,4.411912554699576106e+01
-7.010568851864216811e+01,4.416057732591398377e+01
-7.010668604614689059e+01,4.415404293887726084e+01
-7.010752768713258831e+01,4.415018949636749568e+01
-7.011088262363855961e+01,4.415260710252319853e+01
-7.011235999999999535e+01,4.414688999999999908e+01
-7.009364313328600815e+01,4.415531873975647414e+01
-7.010488744904345992e+01,4.415671979278532433e+01
-7.009289729164537164e+01,4.415504467347947326e+01
-7.010713391723591315e+01,4.415000655637538074e+01
-7.010597971783205651e+01,4.414948372465836712e+01
-7.009735999999999478e+01,4.415147999999999939e+01
-7.010340142581482326e+01,4.414509655418083867e+01
-7.010302089114530588e+01,4.414565555564418986e+01
-7.010411000000000570e+01,4.414553999999999689e+01
-7.010411000000000570e+01,4.415471999999999753e+01
-7.010489334882322510e+01,4.415505043946000541e+01
-7.009330443669827559e+01,4.415511367030109824e+01
-7.009326788571179634e+01,4.415503610464597273e+01
-7.010788360167880739e+01,4.413456795202615979e+01
-7.009327714572977186e+01,4.415508717759758639e+01
-7.009282553847076258e+01,4.415516651988538399e+01
-7.010181000923175532e+01,4.415110797783419372e+01
-7.010452137552623242e+01,4.415396983035059009e+01
-7.010451068931610052e+01,4.415423354006285450e+01
-7.010900836798761304e+01,4.414995748320136926e+01
-7.010863092675035091e+01,4.415044833485419673e+01
-7.010863372111730030e+01,4.415072502759151973e+01
-7.009327621809960362e+01,4.415503336578948534e+01
-7.009288053304636890e+01,4.415530428423584652e+01
-7.011311000000000604e+01,4.414742999999999995e+01
-7.010152713807626412e+01,4.414828402518250527e+01
-7.010262742961053561e+01,4.414754298160430324e+01
-7.010863036787311842e+01,4.414910357435247334e+01
-7.010114415106851027e+01,4.415098368332674994e+01
-7.010444521557387532e+01,4.415217708342299829e+01
-7.010112116728332410e+01,4.415137191812255679e+01
-7.010901871973069888e+01,4.414398085141525030e+01
-7.010599000000000558e+01,4.415444999999999709e+01
-7.010933760085393374e+01,4.415214889988170910e+01
-7.010413159425442586e+01,4.415266822368214861e+01
-7.010377179926604185e+01,4.415423317746137144e+01
-7.009957619437091125e+01,4.415624131856779400e+01
-7.011042867542610679e+01,4.415189530775747073e+01
-7.010563140389255921e+01,4.414558510710421046e+01
-7.010414143990230684e+01,4.414666561457946159e+01
-7.010335999999999501e+01,4.414392000000000138e+01
-7.010756816729931984e+01,4.414541886450889763e+01
-7.010411000000000570e+01,4.415310000000000201e+01
-7.010938784684488212e+01,4.415180148117381265e+01
-7.009288750068300544e+01,4.414046899329188278e+01
-7.010863013817942146e+01,4.414558672977073428e+01
-7.010454629118019909e+01,4.415294984116604837e+01
-7.011011000000000593e+01,4.415093999999999852e+01
-7.009738908129803292e+01,4.415153466755660361e+01
-7.010152544842195255e+01,4.414563549972819345e+01
-7.010186000000000206e+01,4.415849999999999653e+01
-7.010114555755552601e+01,4.415727118926250228e+01
-7.011274000000000228e+01,4.414715999999999951e+01
-7.011276469978562886e+01,4.414694080017179800e+01
-7.010899000000000569e+01,4.414932000000000301e+01
-7.009739057283709940e+01,4.415129986449272081e+01
-7.010261415799668328e+01,4.415409540106107755e+01
-7.010711000000000581e+01,4.415012999999999721e+01
-7.010932822054121516e+01,4.415004400248061955e+01
-7.010076306219559683e+01,4.411995117026910407e+01
-7.010039412422310079e+01,4.412003019214795785e+01
-7.009330970893002188e+01,4.415510460469707965e+01
-7.010151961648098506e+01,4.415396696756695150e+01
-7.010115802706818044e+01,4.415401519274416842e+01
-7.010144039433609464e+01,4.415298396889994592e+01
-7.010189744339800200e+01,4.415314699184183667e+01
-7.009738515913655021e+01,4.415369956118789219e+01
-7.010854435035389542e+01,4.414408055168787115e+01
-7.010944653524200021e+01,4.414436691991726036e+01
-7.010976607994490450e+01,4.414964302133544294e+01
-7.011014575662804305e+01,4.414968050004971900e+01
-7.009740071679651408e+01,4.415158156607255791e+01
-7.009774167158693103e+01,4.415215998716402623e+01
-7.010564033406332385e+01,4.414397093881029832e+01
-7.010526354722883013e+01,4.414396269082076429e+01
-7.010901325114600979e+01,4.414505055718944249e+01
-7.011123999999999512e+01,4.414607999999999777e+01
-7.010899000000000569e+01,4.414905000000000257e+01
-7.010331238644893403e+01,4.414864617660875012e+01
-7.010448999999999842e+01,4.416066000000000003e+01
-7.009738766149723688e+01,4.415125694775274923e+01
-7.010864123575541385e+01,4.414531476971760071e+01
-7.010674000000000206e+01,4.414580999999999733e+01
-7.010902383786864789e+01,4.414992057808110104e+01
-7.010526779602189151e+01,4.415287849159962974e+01
-7.010151835645993401e+01,4.415342961844349645e+01
-7.010939676426261258e+01,4.415288496626708081e+01
-7.010302460089195620e+01,4.415239745084443967e+01
-7.009960999999999842e+01,4.411988999999999805e+01
-7.010939359155646855e+01,4.415131006958031179e+01
-7.010260999999999854e+01,4.415256000000000114e+01
-7.010189259793307315e+01,4.412535088380198545e+01
-7.010374000000000194e+01,4.415444999999999709e+01
-7.010967800101327896e+01,4.415109120894627637e+01
-7.010864615606189432e+01,4.415072930456300782e+01
-7.010187845494290571e+01,4.414450652008533638e+01
-7.010481531329673999e+01,4.415459134465686475e+01
-7.010935999999999524e+01,4.414905000000000257e+01
-7.011010466063895308e+01,4.415135231141601935e+01
-7.010938935910493797e+01,4.414505212129004263e+01
-7.010755871949454843e+01,4.415271362249565357e+01
-7.009884501351409369e+01,4.415189554003510608e+01
-7.011314767418785721e+01,4.414721686938310086e+01
-7.011276694301425039e+01,4.414694293387767488e+01
-7.010901353769884281e+01,4.414937025717349428e+01
-7.010226908256748857e+01,4.412371470003567708e+01
-7.009511000000000536e+01,4.415606999999999971e+01
-7.010935999999999524e+01,4.415120999999999896e+01
-7.010860999999999876e+01,4.414932000000000301e+01
-7.010977551260479856e+01,4.414478113602667975e+01
-7.010415132997729870e+01,4.415346300153498760e+01
-7.010866429568019953e+01,4.414458509785573170e+01
-7.011274000000000228e+01,4.414715999999999951e+01
-7.009435999999999467e+01,4.415579999999999927e+01
-7.009439555271386268e+01,4.415585085584633873e+01
-7.010860999999999876e+01,4.414959000000000344e+01
-7.010860999999999876e+01,4.414932000000000301e+01
-7.010863741756537593e+01,4.415234116343665960e+01
-7.010898661619066274e+01,4.415243820268457853e+01
-7.010938739914885787e+01,4.415315497519361543e+01
-7.010938460770556446e+01,4.415314694173872567e+01
-7.010077429471739663e+01,4.415071630780389000e+01
-7.010228297399964958e+01,4.414508611222045431e+01
-7.010188356958825295e+01,4.414511014597926675e+01
-7.010674000000000206e+01,4.415012999999999721e+01
-7.010670014473629408e+01,4.415000716494279231e+01
-7.010189781064090653e+01,4.412545166831331045e+01
-7.010189394075825930e+01,4.412534593092848922e+01
-7.009327127141403935e+01,4.415509042327431644e+01
-7.009326918306193477e+01,4.415503528845868431e+01
-7.010938751343854847e+01,4.415238849136199661e+01
-7.010939155062426664e+01,4.415207283341011646e+01
-7.010939710491140886e+01,4.415206726386305291e+01
-7.010935999999999524e+01,4.414634999999999820e+01
-7.010899583654040157e+01,4.414649713356453020e+01
-7.010980103914279482e+01,4.415105458082469170e+01
-7.010967913892463343e+01,4.415108657802755943e+01
-7.011005788480248668e+01,4.415136079419369963e+01
-7.010827442581333457e+01,4.414207819157986279e+01
-7.010823999999999501e+01,4.414202999999999832e+01
-7.009253648333186959e+01,4.415537370519903959e+01
-7.009248999999999796e+01,4.415525999999999840e+01
-7.011051691989332824e+01,4.414721924520385699e+01
-7.011005339546736082e+01,4.414732730126254978e+01
-7.010337806892405865e+01,4.416021859717908171e+01
-7.010341322714570822e+01,4.416021555939249055e+01
-7.010369564140528098e+01,4.415996227116511363e+01
-7.009286000000000172e+01,4.415525999999999840e+01
-7.010860999999999876e+01,4.414932000000000301e+01
-7.010901501021470494e+01,4.414889507664442903e+01
-7.011088419441774988e+01,4.414667062344564386e+01
-7.011051116878643086e+01,4.415100060169926621e+01
-7.011048999999999864e+01,4.415120999999999896e+01
-7.011014352391076443e+01,4.415080567753886243e+01
-7.010899282998072124e+01,4.414405704790722496e+01
-7.010944238112018922e+01,4.414435622382034552e+01
-7.010902048435907830e+01,4.414423893348231331e+01
-7.009702277243566471e+01,4.411913869738040717e+01
-7.009699000000000524e+01,4.411907999999999674e+01
-7.009699000000000524e+01,4.411934999999999718e+01
-7.010749227303318776e+01,4.414569589054653420e+01
-7.010788513694285484e+01,4.414531574225603094e+01
-7.010714256965097491e+01,4.414564563608863779e+01
-7.010750203349886078e+01,4.414432543226806871e+01
-7.010789841150500479e+01,4.414432824285301393e+01
-7.010752637693600775e+01,4.414429656335797603e+01
-7.010751533361676024e+01,4.415406208364218799e+01
-7.010748999999999853e+01,4.415364000000000289e+01
-7.010752199680361230e+01,4.415342796109606383e+01
-7.010905034633225341e+01,4.414653437501912947e+01
-7.010940052478484574e+01,4.414647818317649097e+01
-7.010299000000000547e+01,4.414688999999999908e+01
-7.010299000000000547e+01,4.414688999999999908e+01
-7.010301012732959691e+01,4.415450580011174253e+01
-7.010307121758775395e+01,4.415461902733513710e+01
-7.010335999999999501e+01,4.415444999999999709e+01
-7.009317329023269849e+01,4.415511521696530650e+01
-7.009251600797873039e+01,4.415510100856473485e+01
-7.010564015477349642e+01,4.415315531942840011e+01
-7.010560999999999865e+01,4.415283000000000158e+01
-7.010598935205504745e+01,4.415297170243415792e+01
-7.011277656472955755e+01,4.414698934759431381e+01
-7.011230448244614877e+01,4.414703841047355581e+01
-7.010001962390271046e+01,4.411993244830025418e+01
-7.009968241947888146e+01,4.411974470431213291e+01
-7.009967581230075950e+01,4.411974613408372647e+01
-7.010938766520693832e+01,4.414639608382393732e+01
-7.010901278937305392e+01,4.414641184178676525e+01
-7.009435999999999467e+01,4.415579999999999927e+01
-7.009435999999999467e+01,4.415579999999999927e+01
-7.010147274538860529e+01,4.415864857992628600e+01
-7.010192527290449505e+01,4.415862279883671704e+01
-7.011126077871850271e+01,4.414532389629073350e+01
-7.011131191821399966e+01,4.414539495887299125e+01
-7.009960999999999842e+01,4.415579999999999927e+01
-7.010003448506095935e+01,4.415562965828318909e+01
-7.009926588853119256e+01,4.415558322588750428e+01
-7.010377644755428150e+01,4.415341811024092067e+01
-7.010413622422747437e+01,4.415348703506926853e+01
-7.010452308064698457e+01,4.415374421493735468e+01
-7.009818829990251743e+01,4.415109442036488474e+01
-7.010976316412772746e+01,4.414648599274535457e+01
-7.010942435763769254e+01,4.414650055313909860e+01
-7.010862984967560863e+01,4.414541041297235324e+01
-7.010902598712172562e+01,4.414542417611028924e+01
-7.010899000000000569e+01,4.414526999999999646e+01
-7.009331177569535498e+01,4.415510410516260720e+01
-7.009324054034074436e+01,4.415513514316785404e+01
-7.010381898061112338e+01,4.415272233537606184e+01
-7.010376929557949666e+01,4.415287463289891434e+01
-7.010413081025701842e+01,4.415260550687774810e+01
-7.010860999999999876e+01,4.414932000000000301e+01
-7.010862800167474518e+01,4.414963735889320162e+01
-7.010260999999999854e+01,4.415471999999999753e+01
-7.010343141390936239e+01,4.415432748711612732e+01
-7.010295210169340407e+01,4.415456651412151245e+01
-7.009739061290946438e+01,4.415125936968784970e+01
-7.009739591733126929e+01,4.415125645991938086e+01
-7.009774000000000171e+01,4.415120999999999896e+01
-7.010188846225729264e+01,4.414802267616840226e+01
-7.010188919378418859e+01,4.414811786178790243e+01
-7.010188498781158728e+01,4.414802646478063508e+01
-7.010223999999999478e+01,4.414824000000000126e+01
-7.010414063961540876e+01,4.412210269545860797e+01
-7.010452297501599617e+01,4.412215900540805080e+01
-7.010413004130631975e+01,4.412209710844414445e+01
-7.010039500475090790e+01,4.415564460217218112e+01
-7.009965686319941369e+01,4.415563790754674045e+01
-7.009955144099299673e+01,4.415567605770046100e+01
-7.009963752618118349e+01,4.415558787100983551e+01
-7.011086000000000240e+01,4.414553999999999689e+01
-7.011048999999999864e+01,4.414526999999999646e+01
-7.011046619707271077e+01,4.414542602767107127e+01
-7.010374000000000194e+01,4.414688999999999908e+01
-7.010374000000000194e+01,4.414742999999999995e+01
-7.010414693422721655e+01,4.414721341773017826e+01
-7.010411000000000570e+01,4.414742999999999995e+01
-7.009330702515106282e+01,4.415511839098017077e+01
-7.009330154441795457e+01,4.415511291347436895e+01
-7.009287897933175771e+01,4.415504124587139501e+01
-7.009326366042769507e+01,4.415508302348266056e+01
-7.009323999999999444e+01,4.415498999999999796e+01
-7.009323999999999444e+01,4.415525999999999840e+01
-7.011276533649918008e+01,4.414694599664225194e+01
-7.011314310894353241e+01,4.414730682634127135e+01
-7.011276869933338673e+01,4.414695168568276529e+01
-7.011274000000000228e+01,4.414715999999999951e+01
-7.011276470407624117e+01,4.415072414525899092e+01
-7.011268256290107104e+01,4.415082567478916786e+01
-7.011238897917706936e+01,4.415073010035427359e+01
-7.009104789664944235e+01,4.415517209089845352e+01
-7.009066550070990331e+01,4.415461189759422922e+01
-7.009099000000000501e+01,4.415525999999999840e+01
-7.010718879990079699e+01,4.415005467630074776e+01
-7.010712746320614031e+01,4.415002512065748874e+01
-7.010714410446267664e+01,4.415002991274293009e+01
-7.010751682288281472e+01,4.415003798671720148e+01
-7.009435999999999467e+01,4.415606999999999971e+01
-7.009515370672245638e+01,4.415619572918290459e+01
-7.009518450127900735e+01,4.415623217268269940e+01
-7.009476961997727074e+01,4.415612537074444788e+01
-7.011352211801015244e+01,4.414801422014303967e+01
-7.011388015824525155e+01,4.414802151387682017e+01
-7.009323999999999444e+01,4.415525999999999840e+01
-7.009327716801273311e+01,4.415504323053112046e+01
-7.009327751836853793e+01,4.415508797070125979e+01
-7.009781588889552495e+01,4.415106110862020472e+01
-7.009735999999999478e+01,4.415093999999999852e+01
-7.009768811327889182e+01,4.415137992807129308e+01
-7.009738333613613293e+01,4.415130222404859950e+01
-7.009438781668674778e+01,4.415586083485715818e+01
-7.009323999999999444e+01,4.415930999999999784e+01
-7.009031359685486962e+01,4.415920427566430106e+01
-7.008987814793074733e+01,4.415910024828239955e+01
-7.010308379626037834e+01,4.415893549018319675e+01
-7.009855114162417067e+01,4.415811471701987756e+01
-7.010377744656830146e+01,4.415380282075012275e+01
-7.010711000000000581e+01,4.415283000000000158e+01
-7.010566841121762138e+01,4.415189168141437648e+01
-7.011019127784976490e+01,4.415029425618263303e+01
-7.008913718376348356e+01,4.412615935845703774e+01
-7.010299000000000547e+01,4.412528999999999968e+01
-7.011281481019923945e+01,4.414705605684850553e+01
-7.011277736121692783e+01,4.414694956563231187e+01
-7.011276148019445031e+01,4.414694671299927364e+01
-7.011281094230754718e+01,4.414703444765002871e+01
-7.010718054867018623e+01,4.414598040480922236e+01
-7.010676866045074007e+01,4.414644889780172576e+01
-7.010638899683964098e+01,4.414640039158687301e+01
-7.010676952672257300e+01,4.414586076008500015e+01
-7.009060999999999808e+01,4.415930999999999784e+01
-7.009063541614345638e+01,4.415908544522606149e+01
-7.009098636305945718e+01,4.415917561772549504e+01
-7.009060999999999808e+01,4.415930999999999784e+01
-7.011131758933193225e+01,4.414489104233936700e+01
-7.011128716840502761e+01,4.414462286114521561e+01
-7.011127122633536146e+01,4.414456299525437544e+01
-7.011087825594105993e+01,4.415234077592807438e+01
-7.011126836102840798e+01,4.415261310788917370e+01
-7.011089081467777362e+01,4.415234570714874707e+01
-7.011087801788804086e+01,4.415248080303820188e+01
-7.010567396797667072e+01,4.415431525397335832e+01
-7.010563193941976579e+01,4.415449593746497925e+01
-7.010568071874574514e+01,4.415432626568681940e+01
-7.010607702775311623e+01,4.415433927685808158e+01
-7.009250843142848453e+01,4.415481229889878279e+01
-7.010301712412216091e+01,4.415935834234802115e+01
-7.010192272247692813e+01,4.415889018799919086e+01
-7.010599000000000558e+01,4.415283000000000158e+01
-7.010563634828692159e+01,4.415152415639254002e+01
-7.009963546364916454e+01,4.414774752625928755e+01
-7.009962594377684297e+01,4.414812699367389115e+01
-7.010000575626885677e+01,4.414785918916383167e+01
-7.011201569917945164e+01,4.414650190674932873e+01
-7.011236138862041400e+01,4.414704972342388345e+01
-7.011238820570082453e+01,4.414587061151959801e+01
-7.011235999999999535e+01,4.414580999999999733e+01
-7.011199000000000581e+01,4.414553999999999689e+01
-7.010788728702020478e+01,4.415179297027208349e+01
-7.010827183502480864e+01,4.415125262476221479e+01
-7.010826601621198506e+01,4.415185430382983611e+01
-7.010823999999999501e+01,4.415147999999999939e+01
-7.010482026279397871e+01,4.415381842933606293e+01
-7.010492021741970348e+01,4.415377292143733001e+01
-7.010488421853595753e+01,4.415400289310766624e+01
-7.010860999999999876e+01,4.414661999999999864e+01
-7.010862988364405624e+01,4.414640460282182488e+01
-7.010860999999999876e+01,4.414688999999999908e+01
-7.010935999999999524e+01,4.414473000000000269e+01
-7.010902621366942356e+01,4.414424197763732849e+01
-7.010943241654454994e+01,4.414464802630679685e+01
-7.010940379738465822e+01,4.414427790385634864e+01
-7.010942197105063656e+01,4.414673535709551544e+01
-7.011018993843347857e+01,4.414650167853111640e+01
-7.010935999999999524e+01,4.414715999999999951e+01
-7.010224254819343059e+01,4.414757307785372120e+01
-7.010223999999999478e+01,4.414797000000000082e+01
-7.010223999999999478e+01,4.414770000000000039e+01
-7.010255634150283299e+01,4.414760722368343693e+01
-7.009783275986985984e+01,4.415083390233355942e+01
-7.009774000000000171e+01,4.415120999999999896e+01
-7.009814728009128260e+01,4.415098324383392026e+01
-7.010077670603973843e+01,4.415964069759315436e+01
-7.010080781848375864e+01,4.415946604978539369e+01
-7.009293040269714936e+01,4.415943662922455815e+01
-7.008986000000000161e+01,4.415876999999999697e+01
-7.009926659374362146e+01,4.415811283677688692e+01
-7.010186000000000206e+01,4.415769000000000233e+01
-7.010035999999999490e+01,4.415661000000000058e+01
-7.010676858796732347e+01,4.415423487501763589e+01
-7.010899000000000569e+01,4.415364000000000289e+01
-7.011013394008968191e+01,4.415099712314693647e+01
-7.010860999999999876e+01,4.414985999999999677e+01
-7.009699000000000524e+01,4.412042999999999893e+01
-7.011352546875612290e+01,4.414753584949375664e+01
-7.011348999999999876e+01,4.414742999999999995e+01
-7.011352283860173884e+01,4.414747704978655207e+01
-7.009960999999999842e+01,4.414553999999999689e+01
-7.009960999999999842e+01,4.414553999999999689e+01
-7.009328014428581355e+01,4.415508529348667111e+01
-7.009323999999999444e+01,4.415525999999999840e+01
-7.009365034536008920e+01,4.415536829065759861e+01
-7.009367100314389631e+01,4.415539852011994526e+01
-7.009326970837592796e+01,4.415509589443480110e+01
-7.010676945821714412e+01,4.414620489494505762e+01
-7.010674207483671694e+01,4.414622555988299979e+01
-7.010713944771516992e+01,4.414586278258030205e+01
-7.009555697452601919e+01,4.415621900671463607e+01
-7.009555715526620645e+01,4.415621000918303451e+01
-7.009551109881412856e+01,4.415623164689364444e+01
-7.010979291903242938e+01,4.415109445756787210e+01
-7.010978497254339459e+01,4.415130740125076869e+01
-7.010977295535064968e+01,4.415153332363369287e+01
-7.009406231572805268e+01,4.415595434814480313e+01
-7.009394083949089804e+01,4.415622792347902958e+01
-7.009402199806184797e+01,4.415584734148188772e+01
-7.009355571119415629e+01,4.415594018335612247e+01
-7.010901673805810219e+01,4.414801655196823305e+01
-7.010901291029908577e+01,4.414811189578772144e+01
-7.010864306323415462e+01,4.414828566716546021e+01
-7.010978122097765208e+01,4.415238100344161154e+01
-7.010899000000000569e+01,4.415202000000000027e+01
-7.010902218103717587e+01,4.415206873209075411e+01
-7.010904675663265095e+01,4.415214917069160805e+01
-7.009926853802315350e+01,4.415720418280577775e+01
-7.009139791784829754e+01,4.415485559094976509e+01
-7.010831655889516867e+01,4.415352584282369719e+01
-7.010419801406709439e+01,4.415356362676271118e+01
-7.010560999999999865e+01,4.415093999999999852e+01
-7.010748999999999853e+01,4.414985999999999677e+01
-7.009360999999999819e+01,4.415552999999999884e+01
-7.009363601836845703e+01,4.415531104507456917e+01
-7.010598791478984992e+01,4.414516935288520472e+01
-7.010593681913789510e+01,4.414487741471913296e+01
-7.010607223464661786e+01,4.414516441743730724e+01
-7.010635999999999513e+01,4.414473000000000269e+01
-7.010458510492108530e+01,4.416140004587710166e+01
-7.009286000000000172e+01,4.416093000000000046e+01
-7.009214257694725347e+01,4.416049076842595866e+01
-7.009590370019341776e+01,4.415998864618840258e+01
-7.009101132755922947e+01,4.415936714233915694e+01
-7.009889417251525856e+01,4.415801618851649835e+01
-7.010830442441404386e+01,4.415270834566658209e+01
-7.010674000000000206e+01,4.414985999999999677e+01
-7.010302726047888200e+01,4.412349705214217721e+01
-7.009663413144535582e+01,4.412049042204937166e+01
-7.011167512530701629e+01,4.414568326915647845e+01
-7.011127289925437367e+01,4.414532059905162242e+01
-7.011164446113970428e+01,4.414564691895725446e+01
-7.011127674466712278e+01,4.414370987369551358e+01
-7.011081427727515347e+01,4.414406016452647208e+01
-7.011081283476357839e+01,4.414381457158935262e+01
-7.010602316255636879e+01,4.415640001061246522e+01
-7.010600384279719322e+01,4.415673300567681991e+01
-7.010639304333136579e+01,4.415693029708909734e+01
-7.011232871778361186e+01,4.414731421653363697e+01
-7.011238214306443695e+01,4.414694803126400302e+01
-7.011277523188749683e+01,4.414694108787540472e+01
-7.010188122781691789e+01,4.414828586177618064e+01
-7.010223999999999478e+01,4.414878000000000213e+01
-7.010190577402691758e+01,4.414861473595768615e+01
-7.009888698221270431e+01,4.415180179995252985e+01
-7.009851090888294323e+01,4.415180509572169143e+01
-7.009886000000000195e+01,4.415202000000000027e+01
-7.010903803559384073e+01,4.415213039655240834e+01
-7.010937387497602913e+01,4.415218248542801405e+01
-7.010860999999999876e+01,4.415229000000000070e+01
-7.010901461797594436e+01,4.415207403406754594e+01
-7.010190198030818465e+01,4.414380628655831629e+01
-7.010186873743725755e+01,4.414379294184041669e+01
-7.010186000000000206e+01,4.414392000000000138e+01
-7.010191606568247380e+01,4.414377605358488665e+01
-7.010229244910988200e+01,4.416102555144126285e+01
-7.010339816050471029e+01,4.415454512478665805e+01
-7.010335999999999501e+01,4.415229000000000070e+01
-7.011011000000000593e+01,4.415039999999999765e+01
-7.010714489917312164e+01,4.414991981275617405e+01
-7.009288979896778926e+01,4.415510000700921012e+01
-7.009288174364426993e+01,4.415503729567090829e+01
-7.010189586839764786e+01,4.414458886507870972e+01
-7.010189282185628201e+01,4.414491201244447893e+01
-7.010189626489022885e+01,4.414462313117228831e+01
-7.010263861164604293e+01,4.414450998574986329e+01
-7.011314118004891327e+01,4.414726033970987373e+01
-7.011311000000000604e+01,4.414742999999999995e+01
-7.011276510494886338e+01,4.414694063994810591e+01
-7.011348537916661883e+01,4.414758217351653258e+01
-7.011274000000000228e+01,4.414715999999999951e+01
-7.011281990872284098e+01,4.414700999524592362e+01
-7.011274000000000228e+01,4.414715999999999951e+01
-7.011276964247873877e+01,4.414698839556127297e+01
-7.009323999999999444e+01,4.415525999999999840e+01
-7.009327597746947447e+01,4.415509024815464301e+01
-7.010563829042328621e+01,4.416130419717981681e+01
-7.009438834403918861e+01,4.415940725620321672e+01
-7.009365186547788085e+01,4.415940052611331623e+01
-7.010001990484299483e+01,4.415916896341610709e+01
-7.009065892765642047e+01,4.415913395785976547e+01
-7.010302101016289100e+01,4.415882086167076181e+01
-7.010152414657537179e+01,4.415773990151439676e+01
-7.008873845815189441e+01,4.415488722038018210e+01
-7.010451869250219659e+01,4.415454306732876688e+01
-7.011017229824982167e+01,4.415323032959581440e+01
-7.010826593941668250e+01,4.415320573066759380e+01
-7.011088357039923835e+01,4.415298261796820611e+01
-7.010488292374718355e+01,4.415099507662412037e+01
-7.010788887302986438e+01,4.415055886417389530e+01
-7.010601355534272727e+01,4.414514220027610492e+01
-7.009366146321272595e+01,4.414078870809223787e+01
-7.009850033795463276e+01,4.412006170567527619e+01
-7.009779805334778757e+01,4.415107420939258276e+01
-7.009815870155313178e+01,4.415104536652242473e+01
-7.009138686233299609e+01,4.415449889913892889e+01
-7.011311000000000604e+01,4.414742999999999995e+01
-7.011315995690078751e+01,4.414726471222265758e+01
-7.011311000000000604e+01,4.414715999999999951e+01
-7.010035999999999490e+01,4.414661999999999864e+01
-7.010035999999999490e+01,4.414661999999999864e+01
-7.009480198100683879e+01,4.415621227721170783e+01
-7.009506774781949900e+01,4.415620757700133225e+01
-7.009477436326757527e+01,4.415612639581753740e+01
-7.010112906757518658e+01,4.411994145764906250e+01
-7.010113558802633804e+01,4.412021095620684719e+01
-7.010156051665801158e+01,4.412001337105704124e+01
-7.010976010532732516e+01,4.415153257618753457e+01
-7.010932678035356957e+01,4.415190953674657948e+01
-7.010935999999999524e+01,4.415147999999999939e+01
-7.010674000000000206e+01,4.414553999999999689e+01
-7.010714666359241676e+01,4.414586191525096837e+01
-7.010718005790694463e+01,4.414539889849680065e+01
-7.010193216542884898e+01,4.414786316080120088e+01
-7.010186191965198077e+01,4.414815747016137237e+01
-7.010155412755264592e+01,4.414812910848548455e+01
-7.009476826552752016e+01,4.416071279464551935e+01
-7.010226891847968034e+01,4.416017322121438582e+01
-7.010189215614910552e+01,4.415834608050892029e+01
-7.010077449915344516e+01,4.415666390863686530e+01
-7.010187817905097063e+01,4.415396010417759953e+01
-7.010339425182692707e+01,4.415099589263856217e+01
-7.010451746140567764e+01,4.415423484460205117e+01
-7.010419245128562693e+01,4.415407006472164397e+01
-7.010452007415992171e+01,4.415426995646414099e+01
-7.011019634000784606e+01,4.415004777530880631e+01
-7.011006220435497482e+01,4.415002277649531237e+01
-7.010750812920399255e+01,4.415022688315063704e+01
-7.010712838574391981e+01,4.415025043946534566e+01
-7.010706404532173508e+01,4.415029728763091299e+01
-7.009889247821068636e+01,4.415720816571224816e+01
-7.009890514350736623e+01,4.415729580578936719e+01
-7.009886000000000195e+01,4.415742000000000189e+01
-7.009964052117173594e+01,4.415131365930884755e+01
-7.009960999999999842e+01,4.415202000000000027e+01
-7.009367919853463036e+01,4.415564918334232658e+01
-7.009367710267471807e+01,4.415564453912592313e+01
-7.009393401202906659e+01,4.415594915585916880e+01
-7.010858185380517682e+01,4.414974281320612448e+01
-7.010826059971950031e+01,4.414950246242200649e+01
-7.010789232050142061e+01,4.414996249615091273e+01
-7.010935999999999524e+01,4.414932000000000301e+01
-7.010983128042337853e+01,4.414896632007359045e+01
-7.010935999999999524e+01,4.414905000000000257e+01
-7.010416616016630087e+01,4.415786673712049293e+01
-7.010418852225059538e+01,4.415786168903068187e+01
-7.010938794372721361e+01,4.414947359321137554e+01
-7.010935999999999524e+01,4.414985999999999677e+01
-7.010938599240948577e+01,4.414979574591067291e+01
-7.011015939203987557e+01,4.414972644041589689e+01
-7.010977738535390813e+01,4.414970229797852141e+01
-7.010974000000000217e+01,4.414932000000000301e+01
-7.010942485225162102e+01,4.415217605672461332e+01
-7.010936841010526166e+01,4.415190009483600164e+01
-7.010892785228436708e+01,4.415242841723028278e+01
-7.009886899601855248e+01,4.415461815460134432e+01
-7.009886830968294191e+01,4.415486894115814209e+01
-7.011014404470144257e+01,4.414423907106729672e+01
-7.011015990367276629e+01,4.414463681596558331e+01
-7.009546475493581852e+01,4.415622790939425357e+01
-7.009548999999999808e+01,4.415634000000000015e+01
-7.009513842545131013e+01,4.415617639596342059e+01
-7.010443395216417173e+01,4.415460163207603728e+01
-7.010451379060920374e+01,4.415450192760591364e+01
-7.010449379743133136e+01,4.415459674512812427e+01
-7.011013421225813147e+01,4.414748114417173497e+01
-7.011013474513030985e+01,4.414733914254205871e+01
-7.010752036998488279e+01,4.414936639459684642e+01
-7.010749309713573041e+01,4.414976825158589691e+01
-7.010752460144455256e+01,4.414944056741373402e+01
-7.010112258787755479e+01,4.414705621851101114e+01
-7.011429168710957072e+01,4.414835641163348612e+01
-7.011430911159824575e+01,4.414838373146604766e+01
-7.010822006606507273e+01,4.415002258503662347e+01
-7.010863249283889331e+01,4.414963803255535169e+01
-7.010825511105608143e+01,4.415001091093387231e+01
-7.011351150078546368e+01,4.414748566643450545e+01
-7.011313745885109938e+01,4.414721805890334849e+01
-7.011344989330589783e+01,4.414757492997415511e+01
-7.010448999999999842e+01,4.415579999999999927e+01
-7.010452860222230242e+01,4.415535542718104978e+01
-7.009330448532664093e+01,4.415512915603272859e+01
-7.009889549807409992e+01,4.415233916524269375e+01
-7.010980744008710985e+01,4.414973035982296778e+01
-7.010939713630149583e+01,4.414991312687261171e+01
-7.011312572350277605e+01,4.414726824343180311e+01
-7.011345989048895433e+01,4.414756671399247523e+01
-7.011053217702759355e+01,4.414537943173417034e+01
-7.010374000000000194e+01,4.415417999999999665e+01
-7.010935999999999524e+01,4.415174999999999983e+01
-7.009886000000000195e+01,4.415552999999999884e+01
-7.010942979370841499e+01,4.414458330994189339e+01
-7.010863685489205466e+01,4.414936646782084750e+01
-7.010860999999999876e+01,4.414959000000000344e+01
-7.009478724209816392e+01,4.415621217016699518e+01
-7.010635999999999513e+01,4.414473000000000269e+01
-7.011051201874467154e+01,4.415099480421356759e+01
-7.009928351486264830e+01,4.415806410266561244e+01
-7.009102457283607635e+01,4.415908641449174610e+01
-7.010223999999999478e+01,4.416093000000000046e+01
-7.010867217247003680e+01,4.414945684937776349e+01
-7.010153058505514423e+01,4.415112496663288510e+01
-7.010417812292634210e+01,4.415889304490637812e+01
-7.009360999999999819e+01,4.415984999999999872e+01
-7.009999898063429669e+01,4.415917361044056832e+01
-7.010111000000000558e+01,4.415688000000000102e+01
-7.011311058587662615e+01,4.415219272118937965e+01
-7.010444724732911936e+01,4.415341182916398566e+01
-7.010864057128006266e+01,4.415078432140884956e+01
-7.010786603132449102e+01,4.415338405348571627e+01
-7.010418133806437879e+01,4.415286552753086369e+01
-7.010973449643707056e+01,4.415185614628634170e+01
-7.010902607635101447e+01,4.414914642776722786e+01
-7.010114240013943743e+01,4.415887526973365595e+01
-7.009878865513512380e+01,4.415175981425375085e+01
-7.010864755747927290e+01,4.414424296515145585e+01
-7.010864295448995165e+01,4.414424961227489064e+01
-7.010111000000000558e+01,4.414797000000000082e+01
-7.010189172786870415e+01,4.412021066298985517e+01
-7.010189381853383850e+01,4.412021328434099843e+01
-7.011127738716363922e+01,4.414397393161210204e+01
-7.009340501318607153e+01,4.415500702677312717e+01
-7.009326106955191449e+01,4.415504254073157853e+01
-7.010080519458331594e+01,4.414748150006407457e+01
-7.010677864727934150e+01,4.415524486989340147e+01
-7.010675861827304800e+01,4.415531649583545715e+01
-7.010335999999999501e+01,4.414526999999999646e+01
-7.011311000000000604e+01,4.414715999999999951e+01
-7.010860999999999876e+01,4.415012999999999721e+01
-7.010134085577172414e+01,4.415232531218542533e+01
-7.010382444947028091e+01,4.414667030997912178e+01
-7.011005000305463852e+01,4.415123219886917383e+01
-7.010154946497748085e+01,4.414816083641896682e+01
-7.009958996999664294e+01,4.415726329302763276e+01
-7.010878343349287434e+01,4.414437888117871012e+01
-7.010965231717423762e+01,4.414922560694633091e+01
-7.010908725184316381e+01,4.414993218918346685e+01
-7.010214371567207081e+01,4.415293704217104676e+01
-7.011012434547880900e+01,4.414987019443846350e+01
