date:2016-07-02, time:0000, wind_speed:4.2, wind_dir:180.0, temp:17.8
-1197.281287 -1154.779575
-1326.322835 -403.383120
548.411737 1066.866832
547.798438 1066.164907
298.592536 1245.776927
673.082418 1036.512289
-826.694687 -914.176506
645.893745 1185.055708
433.199656 1844.820800
-887.849866 -1061.259839
341.175506 -2805.237617
345.229916 1185.734271
645.893745 1665.176188
964.524264 1035.582532
256.108072 -2804.403011
969.856027 1035.268728
964.187649 1037.151643
469.173014 1095.581171
965.678837 1035.597636
979.310745 1035.018058
-202.740219 1036.049048
548.034906 1067.274999
548.348247 1066.065168
423.013443 1125.547244
544.197265 1067.638453
964.005121 1036.163676
-62.061685 1155.048178
964.942111 1036.200768
543.605834 1066.984209
547.579974 1065.979319
423.748354 1127.676259
-54.097299 -700.705437
965.267756 1036.503293
969.613632 1035.777784
-284.883574 1036.431898
557.646967 1064.925351
586.233327 1096.510427
553.420537 1065.541333
-233.678145 1035.207210
-145.415935 1005.010528
-285.345252 1012.286004
-1118.710819 -2534.212490
183.731069 -524.820663
297.193557 -2830.191158
298.558047 -2768.209014
298.145695 -2774.707056
294.522714 -2804.733764
964.457774 1036.492618
674.217633 1035.701414
964.066626 1037.076642
544.363417 1068.040394
-228.770185 794.957818
-1062.312685 -2565.885542
57.471580 1155.177165
964.632294 1036.448810
807.779339 1064.938846
964.934405 1036.600160
674.048805 1036.936376
558.252426 1064.638851
58.048144 825.517726
549.263399 1066.534742
543.362447 1067.667571
543.978909 1067.510876
562.539495 1065.025588
543.473904 1067.310645
517.250371 1094.789147
562.539495 1065.025588
387.185685 1995.561661
-780.243333 1815.833956
-655.846324 1725.985072
641.332031 1664.634125
-155.584411 1606.083538
429.000924 1574.988674
-696.707598 1396.421608
-859.059436 1154.689478
1052.600063 1066.238309
-1031.357506 975.906849
-697.152198 975.409702
-988.357314 795.195359
-781.308457 465.063526
-1238.488926 374.897697
1508.037913 1756.726151
135.849947 1725.859863
428.210687 1725.677079
-243.689991 1696.751455
-987.859037 1635.464215
-696.728969 1576.341026
-530.664355 1515.586519
-780.736321 1305.454248
-1697.330928 914.967290
-696.759178 555.637215
-655.108776 464.637941
-905.466884 284.494865
-571.691354 75.636714
-826.369842 1906.819019
757.457145 1726.322876
553.990940 1635.561073
-113.392082 1366.031505
-1030.551459 795.770198
-697.109419 555.517106
-905.412986 105.137347
719.343846 1786.135368
-279.861828 1755.493530
-825.702884 1727.192468
-864.159145 1665.695043
-405.674575 1605.423006
-655.344421 1456.205053
-1233.927069 195.063211
-780.948327 -75.160903
562.539495 1065.025588
-1656.892807 915.889909
-1688.025255 914.987938
