date:2016-07-01, time:2000, wind_speed:4.23, wind_dir:173.0, temp:20.1
6.881265653145866281e+02 1.035018057674441252e+03
4.791852453145997401e+02 1.095033117674538289e+03
5.536292847050541468e+02 1.066440083380906799e+03
9.693462168391223486e+02 1.037266178296339604e+03
6.881265653145866281e+02 1.035018057674441252e+03
5.521492190174532197e+02 1.066777507476855135e+03
6.782846862170641771e+02 1.036670915323734789e+03
6.881265653145866281e+02 1.035018057674441252e+03
5.422610527959212732e+02 1.066722307459564490e+03
6.687977115308004841e+02 1.037586045000855620e+03
-6.963061381485145773e+01 1.130757633911407993e+03
6.793834420288247884e+02 1.035936267190298850e+03
5.625394953142080112e+02 1.065025587674489771e+03
3.457539027608094671e+02 1.188488563719165995e+03
3.020576436624778580e+02 1.277166735617769518e+03
9.793107453138289884e+02 1.035018057674441252e+03
5.625394953142080112e+02 1.065025587674489771e+03
6.784221955054099453e+02 1.037221333617091659e+03
9.692112847612467021e+02 1.035822124654068375e+03
9.702936477059646450e+02 1.035906027326253025e+03
5.535010995418941775e+02 1.065943539796389814e+03
4.285452359906594211e+02 1.126104865339925482e+03
9.597905474651163331e+02 1.036180288935241606e+03
4.692047243899493765e+02 1.096182325322133693e+03
3.464399354076971349e+02 1.185523139056021591e+03
6.881265653145866281e+02 1.035018057674441252e+03
9.702807326119719846e+02 1.036302697771244766e+03
9.694186372452300020e+02 1.037193874352936973e+03
5.533874370716948761e+02 1.065515957984649503e+03
4.694472573590128945e+02 1.096889033473889640e+03
6.881265653145866281e+02 1.035018057674441252e+03
6.784296066158262875e+02 1.035882764145151896e+03
9.691355130604334818e+02 1.037194955911696070e+03
4.791852453145997401e+02 1.095033117674538289e+03
5.525257229167888227e+02 1.065265398642615537e+03
6.788994775535954886e+02 1.036488247448802213e+03
-1.198124065061398824e+03 3.451839888077516321e+02
5.625394953142080112e+02 1.065025587674489771e+03
6.692152372622963412e+02 1.037171733142985431e+03
6.785502398936760073e+02 1.035283045197746333e+03
9.699475010920635896e+02 1.035082188749464649e+03
6.797027200296438423e+02 1.035256998174286764e+03
-1.062312684686664397e+03 7.949578176748428859e+02
6.881265653145866281e+02 1.035018057674441252e+03
4.701804834177432895e+02 1.095146938417584352e+03
-8.956041846858682902e+02 1.635168657674621954e+03
9.534132769109076833e+01 1.215719364558078723e+03
4.791852453145997401e+02 1.095033117674538289e+03
-1.126635532192960682e+03 3.766682449560221926e+02
-1.187899754685463449e+03 4.348674576750503320e+02
5.625394953142080112e+02 1.065025587674489771e+03
6.881265653145866281e+02 1.035018057674441252e+03
5.625394953142080112e+02 1.065025587674489771e+03
4.791852453145997401e+02 1.095033117674538289e+03
6.789273143535787085e+02 1.036003197171019337e+03
5.542130293472250742e+02 1.065626733550036306e+03
5.625394953142080112e+02 1.065025587674489771e+03
-9.979334236755327083e+02 7.965216046751917247e+02
5.438357841815250140e+02 1.067599105454892424e+03
-1.562673867537222634e+02 1.308679791697328483e+03
-8.217568699677938184e+02 8.255930218860596597e+02
5.128412457356258756e+02 1.096146067098814910e+03
5.127102396225700431e+02 1.095994029877125286e+03
6.881265653145866281e+02 1.035018057674441252e+03
9.793107453138289884e+02 1.035018057674441252e+03
5.625394953142080112e+02 1.065025587674489771e+03
6.881265653145866281e+02 1.035018057674441252e+03
-6.550889578549766838e+02 1.606496431131230338e+03
-8.630143212387800986e+02 8.554218846451418585e+02
-7.857267509110763513e+02 1.610767476026106124e+03
-6.145189033273269388e+02 1.635215881010191424e+03
-7.800115387185727513e+02 1.635414927736746904e+03
-6.120932417536372441e+02 1.579192024048874373e+03
5.530018022717038093e+02 1.066447258071534634e+03
6.777795047954319898e+02 1.035456852056509206e+03
-8.221681956986608384e+02 9.156383095947123820e+02
6.792848770243600711e+02 1.035359692069444236e+03
6.779136872236630325e+02 1.035397122168377564e+03
6.794426384694543231e+02 1.036872815817337596e+03
5.523777942252122557e+02 1.066007985744543475e+03
4.708841387871244706e+02 1.095563934598699007e+03
5.536138821441321625e+02 1.067167371282079785e+03
-2.955921259039288884e+01 1.905807866370430929e+03
5.625394953142080112e+02 1.065025587674489771e+03
6.691990425458708387e+02 1.037850570345399774e+03
-6.139446577456494651e+02 1.576351341184216835e+03
-5.717548902272036457e+02 1.097025908986186778e+03
5.527365062535956213e+02 1.065116253930958464e+03
6.881265653145866281e+02 1.035018057674441252e+03
6.881265653145866281e+02 1.035018057674441252e+03
-7.288956846866516344e+02 9.149879376750369602e+02
-4.146612948416762947e+02 1.668045265949498116e+03
-2.982693543512831980e+01 1.845534860602806248e+03
4.380638153141822499e+02 1.125040647674586808e+03
-3.629226897919507451e+02 1.697272853623151377e+03
6.779533184858037203e+02 1.036310055317771912e+03
6.777457486064557770e+02 1.036976705736043186e+03
6.790475262464782418e+02 1.035572070103262149e+03
6.881265653145866281e+02 1.035018057674441252e+03
-2.957141908283179532e+01 1.846764747725879261e+03
-6.962880228078659002e+02 1.095724039376487099e+03
-4.058233568181212831e+02 1.666429017496546066e+03
8.451172900367779448e+02 1.395479043216873379e+03
3.451777861427084417e+02 1.185289364471845147e+03
3.447374322585374102e+02 1.185179916907752613e+03
5.534916168327237074e+02 1.065424585125332669e+03
6.782276294970147319e+02 1.036958008900778395e+03
6.778857428315636753e+02 1.036623879875970260e+03
-4.890131949122466040e+02 1.755558014440419583e+03
-3.884530624326923203e+02 1.790505474759781009e+03
4.791852453145997401e+02 1.095033117674538289e+03
9.793107453138289884e+02 1.035018057674441252e+03
-6.206168468662637849e+01 1.965251487675155659e+03
-4.430386736451769139e+02 1.161790714211959084e+03
4.608004790946141043e+02 1.097329165938435381e+03
6.881265653145866281e+02 1.035018057674441252e+03
6.790822943317022009e+02 1.036292035352733592e+03
6.881265653145866281e+02 1.035018057674441252e+03
-1.147010669840132948e+02 1.846267377810440621e+03
4.196415955114593430e+02 1.128767121775661508e+03
-6.206168468662637849e+01 1.815213837674913066e+03
6.796278541870723302e+02 1.035790535745066791e+03
6.778419698833815801e+02 1.035948587777161947e+03
6.881265653145866281e+02 1.035018057674441252e+03
5.625394953142080112e+02 1.065025587674489771e+03
-8.956041846858682902e+02 8.249653476748914045e+02
5.625394953142080112e+02 1.065025587674489771e+03
6.881265653145866281e+02 1.035018057674441252e+03
5.524221986822427652e+02 1.067104907955928866e+03
4.698941009779484261e+02 1.096462774166410554e+03
-7.085339681400328971e+01 1.967383570980788136e+03
-7.187527006947890129e+01 1.854554239320523266e+03
-4.057880765841269408e+02 1.221789695910164255e+03
-2.094025468620891672e+01 1.815213837674913066e+03
-2.480284175224351202e+02 1.187730287270883082e+03
-3.634195703546027971e+02 1.157199033185134113e+03
-4.053095646947047612e+02 1.125397436680458213e+03
5.443499361224934319e+02 1.068206480127116720e+03
-3.601660834687039596e+02 1.193186971573439223e+03
6.790546550853302961e+02 1.036859946650141183e+03
9.701907870985422733e+02 1.036187063196135568e+03
9.700167626446234408e+02 1.036018520762932212e+03
8.463369140560315600e+02 1.065531153327732682e+03
6.795901791878684435e+02 1.035924931147977077e+03
3.032726891517667127e+02 1.965467696908613561e+03
1.409777329254883966e+02 1.223263551475678469e+03
5.418354209303866753e+01 1.185546681970623013e+03
1.076176405541314551e+02 1.219621869038039449e+03
9.460481870586423270e+01 1.186385253448766889e+03
5.538613798584726737e+02 1.065541370992784550e+03
5.443736044643617333e+02 1.067690438879455087e+03
6.881265653145866281e+02 1.035018057674441252e+03
6.779813952741849334e+02 1.035094353478353469e+03
6.881265653145866281e+02 1.035018057674441252e+03
3.845775988011707796e+02 1.973500166535338849e+03
1.774085535700508558e+02 1.913310780482093605e+03
3.021204801290422211e+02 1.996350739640723305e+03
3.869196458905983604e+02 1.966444745724598079e+03
2.617198465142820396e+02 1.966707007368007680e+03
1.778263004653123573e+02 1.935721625289479789e+03
