-1.419748212567914152e+02,1.539608878472441233e+02
-1.863609358554160167e+02,4.200175613712451650e+02
-1.027659062435503330e+02,6.583933189250822124e+02
-1.823723130247695963e+02,3.837824769373393679e+02
4.791852453145997401e+02,1.095033117674538289e+03
2.339657222981632856e+01,7.539076576607980087e+02
3.547095653145739789e+02,1.185055707674683845e+03
1.047191312505957512e+02,8.203109663540820975e+02
3.559789699883631329e+02,1.174292811168933667e+03
-2.247869917879536672e+02,4.781277773294716553e+02
-1.376806884635860229e+02,2.926807767520208472e+02
3.547095653145739789e+02,1.185055707674683845e+03
4.826202585602417230e+02,1.081992554055224446e+03
4.804488545065092922e+02,1.082847019911699590e+03
-1.393783759045741135e+03,-1.184141398349741081e+02
4.835211589979778637e+02,1.077635594785034300e+03
4.788084821584278643e+02,1.092293719589936700e+03
-1.271330001695523606e+03,-4.385548076727029638e+02
-1.144654430874717718e+03,-5.331678543033499409e+02
-7.688904590580561944e+02,-5.409896104010828140e+02
-1.269387317009055778e+03,-4.172775988422261548e+02
4.816196302741116710e+02,1.081659732309452920e+03
3.550668928977739824e+02,1.180802667762056217e+03
-6.374205759431404203e+02,-5.784998617636572362e+02
4.794923828158014203e+02,1.091597332469716775e+03
-1.105389607328708280e+03,-5.284178617925401795e+02
-1.229275588824438728e+03,-4.400773517245072526e+02
-1.687951135070828514e+03,1.910443671407695660e+02
-3.488357568813662510e+02,-3.411313711804801585e+00
-7.243279960818219934e+02,-4.873805505977470602e+02
-1.057894835602318381e+03,-7.863132060444521585e+02
-1.887263259249180578e+02,4.615380907912385169e+02
-5.960599316731168074e+02,-5.490771331287853627e+02
-6.351016528416694200e+02,-4.884676474242129984e+02
-2.665396007120770605e+02,-4.802106773211058908e+02
-3.950132395132864076e+02,7.307054315012102279e+02
-1.779877377787952355e+02,5.310739577737476793e+02
-1.307623539694375950e+03,-6.123453790378277262e+01
-1.415129452852280565e+02,6.023998843931043439e+02
-1.832959425011776489e+02,4.785739569374940174e+02
-2.212723425625304685e+02,4.425783252445978633e+02
-1.267682560490276728e+03,1.812732399321139383e+02
-1.268877950204670697e+03,2.983166406677960367e+02
-1.868774124671219852e+02,5.416041168269055106e+02
-1.000718164565625869e+02,8.679550278139762440e+02
-9.731298078796437494e+02,2.996820886997541038e+02
-1.807167113516608765e+02,4.430174224025332705e+02
-1.353170757165629539e+03,-8.313804655457889226e+01
-1.437119134186809333e+03,-5.194470394886041476e+01
-3.934131057400896907e+02,3.037256235485048137e+02
-1.520834114571069904e+03,2.469394585246066640e+02
3.582157715620706426e+02,1.173357619135498453e+03
-5.559602870546202666e+02,-6.748831588763297873e+01
-1.446799800587139657e+02,2.160473129005693806e+02
-1.598784104598973499e+03,2.644829152987665566e+02
-1.264010746808094837e+03,1.971394022045091674e+02
-7.228288274955733641e+02,2.056857909573496102e+02
-2.657498481407006352e+02,6.267627464412962581e+02
-1.310577100271545987e+03,2.467738337909704569e+02
-3.515741995838915841e+02,3.374918028300809283e+02
-1.686243099916729079e+03,1.829177550354771142e+02
-1.479083934686285147e+03,-1.952906723251788890e+02
-1.472355116832380645e+03,-9.356618497708083737e+01
-1.262999870111908876e+03,2.629996417139147979e+02
-1.264650116487450305e+03,3.858689892920644979e+02
-1.016977044644041030e+03,4.432204092238334283e+02
-2.669536461498322524e+02,2.982944118883205533e+02
-2.696591025859501087e+02,2.125075328825075189e+02
-9.309924894464646741e+02,2.371217751279438630e+02
-4.349467626751824127e+02,4.230985611063501324e+02
-4.718247037898119061e+02,3.558140398882424051e+02
-1.270575909815033583e+03,3.965551172277665160e+02
1.051943020307352299e+02,8.220942020040403122e+02
-1.013144374405421928e+02,2.711818561164758421e+02
4.806091791166455778e+02,1.088593327540605060e+03
-1.037164521408785021e+02,1.087413029596700881e+03
-5.572347037855992369e+01,8.089292116638995367e+02
-1.351586677395560400e+03,3.327537921251368971e+02
-8.913892618804419499e+02,-7.799343324746370172e+02
-1.818623302463196296e+02,5.964882838030606536e+02
-1.392063173759242318e+03,2.478550296645481410e+01
-1.270352733972707483e+03,-4.420280277019632535e+02
-1.144229577976862174e+03,6.698919791736746276e+01
-1.185990819532463775e+03,1.835359524475155411e+02
-1.224652540905243313e+03,3.536939429955277205e+02
1.096020897810284112e+02,8.092314389194962132e+02
5.239834420392687662e+02,1.087413581726691064e+03
-1.272429308984200361e+03,-4.387758723520115609e+02
4.806513754517196162e+02,1.084055696476172898e+03
-9.472684606311628386e+01,7.381064031986513783e+02
-5.990470288627743685e+02,1.103677108586406121e+03
-4.342350909137238091e+02,5.141785991361551851e+02
-2.632821996909160021e+02,6.206177920866080058e+02
1.107045994209627082e+02,1.405845043723978961e+03
-3.125816717441868491e+02,1.236794765908600311e+03
-1.097563467846067169e+03,1.202184251449657722e+03
6.824846274295623516e+01,1.344079291541354905e+03
1.897476773705546407e+02,1.654327857012836830e+03
2.349390587920853477e+02,1.583500606365515068e+03
-9.771430062528731924e+02,1.113329998049210644e+03
-2.698558910049542305e+02,1.267128947884707713e+03
-2.094025468620891672e+01,1.965251487675155659e+03
6.385071795062744116e+01,1.596261166076429618e+03
-8.498119659775672972e+02,1.286514720338080224e+03
-1.103598168607093839e+03,1.267229066603636738e+03
6.740482077687342155e+01,1.830551872102695370e+03
6.876856386476605110e+01,1.615450563389579656e+03
-1.950132670041602978e+01,1.293421396976664710e+03
-1.756205770788059795e+01,1.952509323386643473e+03
-7.635953051489642576e+02,1.282472966220742819e+03
6.458920526115267080e+01,1.834582597173682643e+03
1.497663768383667673e+02,1.588587461176476381e+03
-2.238374056610096545e+02,-4.228006448953111658e+02
2.827174562733537755e+01,1.289520796507426894e+03
-4.348902673537155579e+02,9.934192404106892127e+02
-5.158259481442802326e+02,8.965868288967953958e+01
-1.363382326029351077e+01,1.252791930629099625e+03
-1.145798408813899186e+03,1.181948875121925539e+03
-5.887484871839464518e+01,1.953560572326186957e+03
6.438566780474576490e+01,1.868197239593056111e+03
2.314956334327644072e+02,1.567201631126253460e+03
-9.295344374330760502e+02,1.405152834405487283e+03
-6.045599325445991781e+02,1.832770839207987592e+02
-8.921135465767737287e+02,1.226529103828001098e+03
-1.186488995389025831e+03,1.202788979810370392e+03
-6.019754142256587102e+02,1.056691583186122216e+03
-6.007900469988826444e+02,1.202385226796048528e+03
-6.206168468662637849e+01,1.965251487675155659e+03
-3.517826481529832563e+02,1.465107999389306315e+03
2.300181892525095009e+02,1.592172635278555845e+03
1.892472984097269659e+02,1.621116348016150141e+03
-8.927178860459144971e+02,1.319712881762257666e+03
6.457915566979151833e+01,1.262864091712106756e+03
-1.137335164814753625e+03,1.251661362741127959e+03
-9.279365017511921678e+02,1.403384645574489696e+03
3.148884099117584583e+02,1.498676298303166732e+03
-8.072768086147110580e+02,1.345297401572293666e+03
3.204633957071087025e+02,1.548708381805687395e+03
-1.059586054523882012e+03,1.384559526044437689e+03
-9.349606392266708781e+02,1.294459130467430896e+03
-1.600291671122384514e+03,2.730717704946488880e+02
4.838281248521414000e+02,1.084287976330206902e+03
-1.270410781768035804e+03,-4.446303013671098938e+02
-1.145881993277302854e+03,-5.280522092450698892e+02
1.462583826898605537e+02,1.536778250191565576e+03
2.785358932072078346e+02,1.585053673526617558e+03
-6.055137154368890151e+01,1.957639837515700265e+03
-9.368343596015084813e+02,1.323362672955706557e+03
2.364095823384394350e+02,1.341822607556434605e+03
-3.103147927022523618e+02,1.322239079654052603e+03
2.776132836897833158e+02,1.222732973693368194e+03
2.801579815984329684e+02,1.641460732310402364e+03
-1.474079495949594502e+03,2.675269587632072898e+02
2.301784125833122516e+02,1.567569046742138653e+03
-1.810039682911038597e+02,9.852621172120232131e+02
2.721845916005892718e+02,1.206868472244263330e+03
3.155786677196683172e+02,1.559330416728638738e+03
-1.103688265200873047e+03,-5.333548768239993478e+02
4.796675788049786888e+02,1.352146196210194830e+03
-1.059642937433142606e+03,1.353480393432646224e+03
-8.868176408858738569e+02,1.433128710707976097e+03
-9.740856131524631110e+02,1.376656595314218066e+03
-1.312695400250518105e+03,-4.082775084905612175e+02
-1.355608518211377714e+03,-3.785321683210846686e+02
-7.688534336026430083e+02,1.320606311368474735e+03
-1.016681367307070104e+03,1.377777648464768390e+03
-8.884269365171570598e+02,1.314511243116429569e+03
-3.916165182517163998e+02,5.942505358292119126e+02
-8.556906915566920588e+02,1.360613732878599194e+03
-9.717373474794195545e+02,1.343786368382034198e+03
-8.487156727259106219e+02,1.376437472865843120e+03
-9.313264768545694778e+02,1.344635508978384223e+03
-9.831918286485333738e+02,1.275966468539676271e+03
-6.363650213676268095e+02,1.403615605264903479e+03
-8.872491197179232358e+02,1.314889683665958955e+03
5.231471404668546938e+02,1.322869177589155697e+03
-7.680206319951497562e+02,1.378382491610094803e+03
-5.597381983060191715e+02,1.355657212898314356e+03
-9.730661219402895767e+02,1.343350718722799684e+03
-8.542110553846905532e+02,1.298613692780862266e+03
4.793479788159218629e+02,1.083789151768505008e+03
4.798750752621006654e+02,1.088114602907093058e+03
-1.355477046122731053e+03,-3.791611390596589217e+02
-1.187009343121574830e+03,2.166428210450979464e+02
-1.346773605879089246e+03,-9.231506324302705480e+01
3.190848996952681773e+02,1.615447505413412955e+03
-1.096121417226652056e+03,1.313610284594618179e+03
-8.514106270166493005e+02,1.322163125475601646e+03
-7.681689465972181097e+02,1.321212886383139903e+03
-1.056070352128268951e+03,1.287948618904557179e+03
5.232173367455671951e+02,1.412672505241009048e+03
4.037069009092354008e+02,1.463188419878797504e+03
-8.111871467864189071e+02,1.294027640135124784e+03
3.171815412341908313e+02,1.289210127602162402e+03
4.820011389307417176e+02,1.348472115631792121e+03
-7.272351952867405771e+02,1.261974933804928469e+03
-8.445807202455737297e+02,1.371864596359582720e+03
5.204692559797190370e+02,1.334583419416834886e+03
1.094703574784410449e+02,1.288822527364614871e+03
-8.105019789828488683e+02,1.383501008196341672e+03
-9.308857862275909838e+02,1.313595440328007271e+03
-8.085291222043285870e+02,1.316769870849278504e+03
-8.462120627575375238e+02,1.373074152267663067e+03
3.146404045909449678e+02,1.324080581720302689e+03
-8.941859511590852208e+02,1.267797846619371285e+03
1.941197407225030247e+02,1.251342591695287638e+03
-1.226687960993366687e+03,1.247561496036759365e+02
-1.312646876419350065e+03,1.568625773843971558e+02
-1.015963445532329843e+03,1.434213186249788578e+03
-7.655548238833760024e+02,1.348585622919202024e+03
-6.393367396475806572e+02,1.405886111224707065e+03
-1.020994352063841120e+03,1.386207662524414445e+03
-2.657241628308387362e+02,2.659784158850986273e+02
-3.049750114255698463e+02,2.033229176570173422e+02
-3.946732691571918394e+02,2.463435701885218805e+02
-6.092614238915052738e+01,7.802386684483705039e+02
2.319049682822602847e+02,1.718246385669749770e+03
-1.019052502749456721e+02,7.271067511012823843e+02
2.060097932056974912e+01,8.214542723104289053e+02
-7.280301537605333806e+02,1.087366768334252129e+03
-6.459560437992680590e+02,1.236395122632617358e+03
-8.119715077107932757e+02,1.418613938475609302e+03
-8.065396263333952902e+02,1.404788973934907744e+03
-7.675534451918888408e+02,1.348904172402483255e+03
-8.501147897461062257e+02,1.256770740991787306e+03
-6.832409863950091449e+02,1.289910729913566911e+03
4.400296009817755589e+02,1.352841417253494228e+03
-1.310910763620845501e+03,9.045196503540674371e+01
-1.308446004288584845e+03,1.496044037422684028e+02
-1.055487249625754202e+03,1.346046104761591550e+03
-1.105367136978295775e+03,1.358471240697884468e+03
-1.021320496149928204e+03,1.330295958254819652e+03
4.867831250912051360e+02,1.282027208651533783e+03
6.470004797309834430e+02,1.288719663464974701e+03
-1.186620170623690910e+03,1.294458282281046195e+03
6.483673936125380521e+01,1.233079687282713166e+03
-8.076680065460661808e+02,1.379333846454896502e+03
-9.315099537125119014e+02,1.404777913747128650e+03
-8.942769647883795869e+02,1.297874050635444746e+03
-8.520538068922571711e+02,1.353824431540837168e+03
-8.047274745997920036e+02,1.375047254741671850e+03
-1.013139852447275871e+03,1.284667721982204512e+03
-1.561067051163250426e+03,3.684480457256676544e+01
-1.431109517839922319e+03,-6.517406540138350124e+01
-8.512077239640946118e+02,1.139122297766940164e+03
-8.922729192834185596e+02,1.173238795798118872e+03
2.295114349624795977e+02,1.263364442312794381e+03
4.388029945164189485e+02,1.301778111273171135e+03
-1.057318243267009393e+03,1.259017534816668785e+03
3.598772345393074374e+02,1.354117840424318501e+03
-1.520193804045463594e+03,2.471687068223457970e+02
-1.513538061002789618e+03,2.334341461256748573e+02
-9.750665075886183786e+02,1.352309125947925168e+03
6.112468960560968299e+02,1.286690603221810079e+03
5.269108150652583618e+02,1.193696665765173293e+03
6.459773706342059540e+02,1.263712544287016499e+03
-8.086992363687759280e+02,1.258594825459914091e+03
-8.114811534029136055e+02,1.360580714795578160e+03
3.960738623892974601e+02,1.236913909219717880e+03
5.664282578701704551e+02,1.285235585716577816e+03
-1.601764495934641218e+03,2.092391333223038430e+02
-4.792665139818030298e+02,3.676104503676515947e+02
-7.229047654482619691e+02,1.405333850127137111e+03
4.787292098593624701e+02,1.090394172329597495e+03
-1.347587555573556983e+01,1.404916563192397007e+03
-7.690525525945284926e+02,1.261541666130558951e+03
-1.270289626413431733e+03,2.130547102213964195e+02
-1.018019835472826742e+02,4.882373676735510344e+02
2.341346493041235135e+02,1.224193386298127507e+03
-4.389288342305155766e+02,1.241572827780755915e+03
-1.305267714453916824e+03,3.564020551033539164e+02
-6.008598658578511049e+02,1.203801990495565860e+03
3.143619390833399052e+02,1.358721156677821682e+03
-8.470582556832122236e+02,1.106228760334635126e+03
-8.545319458252777167e+02,1.771289086606106366e+03
-7.698945836638976061e+02,1.712507268069622796e+03
-6.445076466190608926e+02,1.713569629478377465e+03
-1.180510805583750198e+03,1.181187462601864354e+03
-1.143164898153294644e+03,1.200331664559666933e+03
