-1.118775356669389396e+02,-2.929519204089070627e+03
7.480349924856259349e+02,1.364717201548209459e+03
6.490146567829226569e+02,1.302747363035870194e+03
6.932755321367402530e+02,1.302639065134989551e+03
6.137056972840179014e+02,1.391042830697311956e+03
5.732094203365014664e+02,1.393032129161516195e+03
7.266602517358967361e+02,1.359594067508962780e+03
7.714808153141948424e+02,1.335093357674926438e+03
9.818574798142710733e+02,1.392896093059777741e+03
4.853895910078011298e+02,1.513689460619223382e+03
6.400517483692902942e+02,1.424176396489948274e+03
6.032136422031460370e+02,1.391361943145921032e+03
4.905097978348737229e+02,1.423130500156708194e+03
1.031857727447218394e+03,1.330321039465976355e+03
9.872586243906530399e+02,1.301709605256605983e+03
6.104058215383349761e+02,1.364500779205035087e+03
4.858741510846701885e+02,1.457632843771957369e+03
9.793107453138289884e+02,1.275078297674829400e+03
4.913509817420862191e+02,1.422633815188446533e+03
9.516732046047070526e+02,1.333218333999510833e+03
1.010003685925039235e+03,1.362892047716507705e+03
4.322390578997711259e+02,1.453680366996259181e+03
9.943794243523875593e+02,1.393036323750476186e+03
9.858865814245752972e+02,1.392465300582922737e+03
7.700069401493623218e+02,1.393383370060667175e+03
7.213580355414542282e+02,1.302348195162798447e+03
-1.310648025154662264e+02,1.572995803856071461e+03
-3.608933950834806410e+02,1.213959482429768059e+03
4.861522731923803917e+02,1.420509852010161239e+03
6.070925796545288904e+02,1.393584050295132784e+03
5.941290317514121853e+02,1.481302761140665098e+03
7.015844009371803622e+02,1.361780188239867812e+03
6.403448542668464825e+02,1.360320352344202547e+03
5.728020554321129794e+02,1.363423149176274137e+03
6.054125133223815283e+02,1.392857119839282859e+03
-5.614718512451599963e+01,2.082093972907161969e+03
9.891169931253651839e+02,1.389773182049558727e+03
6.145931624257314070e+02,1.391046658798997669e+03
7.268027549375125318e+02,1.333302796021822132e+03
-1.089993445541952042e+03,5.823500137082309038e+02
5.865235474645488694e+02,1.484428345505333027e+03
-6.937453264508799293e+02,1.485428468764907620e+03
-1.113494657388289852e+03,6.117071692773894256e+02
-6.693755981618510305e+02,6.727498002433114834e+02
6.122574255018590748e+02,1.362742271515744505e+03
6.606813785860962298e+02,1.362279376219318692e+03
-9.291056985176635408e+02,1.420232305264333945e+03
7.422052405514625661e+02,1.422491077600494009e+03
4.942214506208900957e+02,1.423354282847440572e+03
4.992416276047047745e+02,1.453567492547535949e+03
5.729447150476452180e+02,1.392141606136819746e+03
7.415327649471189488e+02,1.392212633651218994e+03
7.283975213735269563e+02,1.301085640078440974e+03
6.133342439913835733e+02,1.430179931490301669e+03
5.714379780763016470e+02,1.419601437589080433e+03
6.154653082240647564e+02,1.450223982997854591e+03
6.044409506698266341e+02,1.397872376607655042e+03
7.272030710255046415e+02,1.307049026555429464e+03
7.306931031753840671e+02,1.395866842657694860e+03
-6.864131784338987927e+02,8.230151853876808445e+02
6.648703432389960426e+02,1.422030305314016459e+03
-5.541348569379948685e+02,1.661390615957153386e+03
-4.608304274737812989e+01,1.694424522536520271e+03
4.076639561027622563e+02,1.513458212058594881e+03
6.145409429760255762e+02,1.363665074318505503e+03
5.646171546965464358e+02,1.364883656664667114e+03
1.068564674223039447e+03,1.362711631862403465e+03
1.039361757422567280e+03,1.364859380033997923e+03
5.363503519827157788e+02,1.333089048189992809e+03
4.849337992382909306e+02,1.391570725332226630e+03
6.207250402098073891e+02,1.362530970948511595e+03
5.746208567400726679e+02,1.329616208004035343e+03
7.040851869564145318e+02,1.394180796447083139e+03
-3.808117934720189623e+01,2.084820652972829976e+03
-7.210884521157920517e+02,8.812080264377203775e+02
-6.221013878192148923e+02,9.152918791377637717e+02
1.036020351216392100e+03,1.422760703693901633e+03
7.341778735649082819e+02,1.301199345308779357e+03
1.080627120135818132e+03,1.334233571323316028e+03
9.608224239950498031e+02,1.361985105201946453e+03
7.058514896781737207e+02,1.453643161357257895e+03
-5.663081314928108441e+02,1.002514940532491892e+03
-4.748180272799370982e+02,9.136846195107435733e+02
-3.543572546862215518e+02,8.849804076749884416e+02
9.895518398972077421e+02,1.394680683934806439e+03
-5.167560178576778753e+02,7.947223311357322473e+02
-2.196977607758175566e+01,2.086858869895293537e+03
9.923317124379140068e+02,1.390324812563797195e+03
5.753658899939235880e+02,1.423038409647568642e+03
8.041750718523518344e+02,1.395493595686678418e+03
5.759094278951969272e+02,1.482422301905971608e+03
7.397384183717935002e+02,1.363022150217200533e+03
7.202634025326656229e+02,1.335141356739655748e+03
7.859206595798603985e+02,1.362510552497244134e+03
1.819304723373650745e+02,1.663430665695829475e+03
2.425814694756367373e+02,1.634188865418403111e+03
-7.314618101741629062e+02,7.935389117861740260e+02
-8.901096117989984577e+02,7.613155983101179345e+02
1.480995204531189984e+02,1.813401470073995597e+03
2.417294766631910079e+02,1.841058586092540736e+03
6.035979439525644921e+02,1.337458686113855038e+03
6.972811901778255788e+02,1.331247588223700859e+03
8.846024380279263255e+01,1.724372545606378935e+03
-8.478043700101629838e+02,1.662290875519526935e+03
-8.102393170929136659e+02,1.542985710432752285e+03
-3.289201688829880368e+02,1.452085513947035679e+03
1.033900669387158359e+03,1.330912122950075172e+03
7.904732314963192721e+02,1.335059949934333872e+03
9.926297635106473081e+02,1.390954178370899172e+03
7.715629046999923730e+02,1.365392228794437187e+03
8.326408979897731797e+02,1.393019580257084726e+03
6.354014629806682706e+02,1.424616766627520747e+03
7.418194976223661570e+02,1.422151281300782102e+03
7.508535809618470012e+02,1.394029013920979878e+03
7.209674092604384441e+02,1.362458601778286720e+03
-6.141934043738216360e+02,1.933804983394522424e+03
4.059564520815832225e+02,2.241406546894289932e+03
5.185594335893700872e+02,2.238234276872714418e+03
3.244542205332958247e+02,2.177109373252087607e+03
3.983267998017166747e+02,2.233615981967878270e+03
1.025782323065971013e+03,1.452687842982868460e+03
1.036425032114202168e+03,1.361991843788590586e+03
9.871318029464702022e+02,1.391956375518539517e+03
1.021543565314599164e+03,1.335093357674926438e+03
-7.264080593945129749e+02,8.821762751115853689e+02
-6.044200046866258162e+02,9.149879376750369602e+02
-7.059347444349086800e+02,9.434473674222213049e+02
1.016897789103778791e+03,1.366009917566298327e+03
9.867145461755224005e+02,1.391767391659614987e+03
9.916309545409779957e+02,1.361547640831723811e+03
1.031039675627024053e+03,1.338333676022115469e+03
4.734437629045775111e+02,2.204403597030387118e+03
2.868303884255496996e+02,2.232712204385899440e+03
4.821680540211455650e+02,2.204428034708084397e+03
3.594203468931671637e+02,2.261447606190277838e+03
1.014361487473942361e+03,1.423813648931983153e+03
1.118872268293392835e+03,1.421412594794090182e+03
-5.426413926401444314e+02,1.933627635403504655e+03
-5.626859036565160750e+02,1.931699842796224175e+03
5.741546043613027450e+02,1.332400254138211039e+03
-8.065296476088228701e+02,1.631993144397421474e+03
-8.676337151955900708e+02,1.635915348032322981e+03
-5.731441150681228009e+02,1.035292618027929393e+03
-2.213190868318163496e+01,2.083235625161643839e+03
4.380638153141822499e+02,1.875228897675010103e+03
1.622341816130605366e+03,1.783609057229184145e+03
-5.553991318402306661e+02,1.032670093841482412e+03
5.183527182131377913e+02,2.023633603377229974e+03
-6.690730685276009808e+02,1.844459389409073992e+03
5.603917794488352229e+02,1.308799116664806434e+03
5.586746701949093676e+02,1.331786759908718295e+03
5.744781951724264673e+02,1.270399334316236263e+03
3.915618468553416278e+02,2.021564582542727749e+03
3.958665891917785871e+02,1.997794406938962993e+03
4.385267459152829588e+02,2.025896009180948568e+03
4.547911325800929490e+02,1.993528831546635502e+03
4.871541233122894710e+02,1.997926111782446469e+03
3.196148919192172571e+02,1.937991377605386106e+03
3.226690253368693106e+02,1.962834692574394467e+03
3.671212096033488024e+02,1.961448761706156574e+03
-7.155031181535747464e+02,1.782799595530660554e+03
-8.031675588379500823e+02,1.664223400940104739e+03
9.888233433287587104e+02,1.330433312087932791e+03
4.099220458718715463e+02,1.993527792345273383e+03
4.520499604338006634e+02,1.990601131152249536e+03
-6.119021935303094324e+02,1.842621732816112171e+03
-5.489118768147951641e+02,1.811713026291615961e+03
-1.768695665437953153e+02,1.841179315057138638e+03
-9.410295770363434542e+01,1.752021131980879090e+03
5.651114745137668933e+02,1.362595092621484810e+03
4.898145451439542626e+02,1.332927690661268798e+03
5.349554902802275365e+02,1.338433369080712282e+03
1.072234431326372714e+03,1.343100043271841969e+03
1.040704773370915518e+03,1.335325344993004364e+03
3.650990074680030375e+02,1.961422491671846046e+03
4.902550123344389590e+02,1.960009664687199574e+03
1.018982085103238546e+03,1.262216806802343626e+03
9.834118936552073365e+02,1.271797812043608246e+03
-1.852990661929984526e+02,1.843279408113523004e+03
-1.838808558388814731e+02,1.812392083399819739e+03
1.022821699173694583e+03,1.397343239945796086e+03
1.039118134332135014e+03,1.435909224464401177e+03
