date:2016-08-24, time:1200, wind_speed:1.86, wind_dir:234.0, temp:26.8
81.128771 103.374373
-15.091549 -159.134530
-86.220211 -21.325548
-148.365566 24.097787
-6.651348 51.186392
-169.316928 17.797897
-31.703536 80.989638
-119.720022 -6.682429
-73.529636 44.964795
-57.322978 38.055271
-73.965914 26.138143
-82.366174 -48.781594
51.015470 139.993021
-103.078889 2.561688
89.266721 105.633363
-127.802510 71.521240
-86.148300 2.834828
-60.959172 117.057558
-177.469662 78.383747
-148.305638 51.047121
-32.192704 116.299047
-165.460393 50.351449
-160.947234 3.042184
-94.593250 56.233170
-102.603537 63.003358
-73.909017 65.241319
-19.219627 126.495513
-98.521508 74.899255
-98.775861 77.318242
-31.720221 81.233498
-73.433728 -17.906792
51.555425 144.035041
-115.335191 80.419342
-40.027931 113.993163
-119.128031 132.593871
-90.181745 -9.009844
63.920671 113.709044
-131.737684 66.321419
-173.371304 75.053750
-165.482731 56.420485
-81.687306 18.163732
-132.326410 47.091970
-73.271400 42.545117
-136.335838 -0.751719
-65.109545 9.342959
-144.804596 56.368812
-114.956126 33.417955
-77.747329 81.124486
-102.557285 81.355138
-35.864885 108.520394
-65.388084 38.327836
-111.216768 5.307761
-89.867757 72.035514
-114.957399 68.950879
-86.036074 62.974890
-140.217835 50.935338
-131.941824 134.408188
68.392614 129.219165
-32.035224 80.581669
-44.187325 -281.799740
-160.569956 46.364875
-132.317012 -9.661708
-123.882610 41.397209
-15.036150 -287.880576
-136.427729 20.323992
-65.313606 8.429637
-65.597797 158.188645
-44.501531 110.552871
-86.184659 74.592699
-94.343474 84.129924
-82.151106 -18.810280
-36.258606 104.219313
-85.967251 -24.033394
-36.126041 65.676725
-90.020567 44.920665
-94.169241 51.556929
-81.395912 -41.153554
-77.887359 -36.511306
72.499307 -248.742431
-10.777133 -287.712408
-32.028471 89.291140
-77.592741 152.972899
-77.549046 -35.715080
13.507832 149.363314
-31.751322 138.279281
-64.947770 114.247126
-73.422894 62.893936
-94.679148 56.412694
-39.838726 -269.594175
-27.278139 105.858921
-136.104361 57.067392
-39.878690 57.175516
-73.317278 -32.827085
-48.999009 56.012549
-31.660307 129.152674
-148.474643 30.114103
-73.928865 88.966332
-78.019200 86.636370
-123.377896 42.504155
77.148082 103.501806
30.801407 150.206140
-44.121341 105.533460
-98.198646 60.600188
-94.272907 45.160969
-69.176262 24.217545
-64.874519 -263.571178
-23.250483 129.291959
89.250697 128.978019
-27.598254 107.860486
-36.020957 104.640341
-81.749260 89.955670
47.539717 -56.688646
63.862783 -243.332756
-74.020816 101.103213
-65.358941 -21.416446
-86.511805 -24.978566
-65.108022 87.380230
-82.017627 92.383678
-40.626583 74.054697
-169.181629 57.557439
-56.738887 -42.046460
-48.620602 -237.507179
-44.914717 -262.078941
-86.003161 62.882230
-86.389411 59.628171
-23.669414 107.479547
-90.292654 -21.612977
-106.865192 -68.819612
-81.730740 56.846354
-127.978701 29.364821
-81.627459 99.342434
-131.991737 47.891001
-131.606046 45.479452
-115.029937 81.388405
-94.657635 80.463887
-119.324936 63.084080
-32.420674 121.820082
-69.189463 -227.760904
-60.970493 98.887472
-28.098654 71.421744
-77.801288 -33.205203
88.745413 -219.927006
-19.521724 -267.363602
-23.364965 -285.087184
89.165320 129.217807
-48.163035 30.106870
-40.116336 -11.914756
55.923829 -176.412448
-64.876587 162.084332
-69.817557 155.348224
76.753572 180.179811
-90.454581 158.386163
-81.645733 138.676080
101.736242 102.344417
-144.138236 42.609292
-52.546077 -158.663437
-98.602101 80.894754
-94.418793 83.700737
-94.178491 84.257509
-40.035724 78.014459
-57.242390 14.191017
-65.600066 -108.863521
39.455922 118.311047
88.590491 185.099310
-177.137950 79.495782
-82.016970 56.572032
5.564061 56.903698
42.760035 -270.989919
30.960792 156.085141
-39.917139 132.166275
76.722787 129.186894
-90.311704 95.254438
105.799111 102.047887
101.729512 102.336749
-81.807454 3.564138
-170.065841 62.101058
-57.261774 -123.881160
-61.570995 -168.868440
-161.080830 32.967582
-152.725719 26.812711
-31.665482 153.376896
-56.758100 30.130720
-90.300940 -21.243142
-40.028197 -33.007484
-48.766983 -255.772923
-44.196518 -282.205066
-81.663562 53.809041
-65.238028 -255.162359
-69.063434 162.507493
-73.144758 156.394770
-157.083233 92.241640
68.341368 141.075666
85.203417 135.116418
85.143685 135.279197
-90.298314 80.861101
-102.620375 87.212881
72.673947 180.379136
-77.755439 68.950231
80.498121 194.777994
43.442955 159.258402
68.043053 155.640541
-73.561137 149.543093
-15.186938 131.554210
-172.914668 76.495029
93.439012 141.683417
93.028750 143.378818
-73.684549 92.130226
-85.938367 60.177110
-90.422993 56.230368
68.465234 144.283932
47.418992 144.673429
72.482696 177.370879
47.620129 135.539326
-31.622243 78.290002
-48.779903 -276.798382
-48.369235 -279.108346
72.596752 174.358228
-73.725333 161.290724
-98.273630 156.486686
-19.526444 149.402365
-36.021188 98.902059
-77.508966 60.328931
-60.793416 -110.727996
56.253950 -172.567470
-39.803866 57.610262
-60.823881 -125.634051
-86.475001 -15.600199
-89.973066 -17.904597
-90.287349 -18.124849
-6.636099 141.578593
84.670229 137.664631
14.105477 -284.947905
-69.517934 89.653000
-156.831033 83.861131
-44.238881 -107.881136
55.695059 -168.240311
77.071789 103.330037
76.577766 102.208995
-89.959159 -17.568424
-86.396319 -24.926853
-86.336182 -24.701877
-123.530789 26.609372
-119.835223 26.070648
-148.286588 81.050636
-131.662749 39.189155
-115.183599 57.215179
-31.691081 102.638760
-39.999577 98.927397
-23.389936 105.103268
-28.220846 107.286578
105.846479 189.031560
68.412215 165.356643
76.655157 153.163940
76.799116 135.408102
-60.963944 129.087507
-98.377009 129.339941
-53.209372 125.097231
-148.270455 90.290941
-140.239872 44.912177
-78.105214 29.412937
-94.311570 27.143117
-73.339659 -101.674576
-52.662054 -233.877465
-48.252352 -263.862153
22.543141 -290.975958
-61.525588 151.992924
10.007615 123.128838
-148.531614 86.801623
-56.514710 60.289184
52.045758 -55.687384
-65.045366 -83.644496
55.866838 -260.710999
68.494492 165.355696
-56.779134 143.885998
-35.866175 150.035891
-81.782484 117.149734
-144.096667 102.302331
6.123628 82.301983
-136.066826 30.130402
-94.211976 33.456959
-56.895185 -27.441102
51.968930 -55.751825
-48.386856 -273.109459
35.050035 -275.765873
-47.883293 -277.593825
14.507519 -289.738235
-40.661427 56.031699
-160.865295 84.931020
-127.861308 53.846024
-69.133661 93.557781
109.832806 102.107096
-48.880630 -159.651520
-44.332897 -273.043937
-44.123878 -272.926080
-98.830818 -0.894518
63.938087 -180.558614
-48.743332 53.337583
-48.601880 56.480101
34.961545 117.329527
