date:2016-09-16, time:2000, wind_speed:3.91, wind_dir:177.0, temp:15.2
43.416740 112.518817
34.988200 118.473592
-112.221008 -253.434303
-166.391159 22.612195
-116.350006 4.588615
-128.502533 13.736500
46.580015 109.697853
50.712437 109.618069
-87.331547 64.689118
-136.325266 19.562715
-148.796084 37.558607
-125.051556 58.565089
-22.877018 73.494276
-120.577951 25.672178
-83.407153 106.554392
-23.366462 109.551651
-103.956217 64.675376
-103.047593 82.598520
-129.339521 13.421744
-115.992508 -52.340225
-3.492633 94.577068
-119.699623 -46.466797
112.878248 106.618083
-114.566693 55.489758
-145.660069 1.683069
-153.442614 25.630312
-95.890759 31.574940
33.333306 -289.586535
-137.223216 4.641943
-116.229285 25.550932
-90.851159 112.612087
-74.672807 94.674911
-56.218718 76.495029
-108.175859 76.552131
-78.523271 -256.476645
-103.906070 10.664922
-83.144563 100.577069
16.617481 118.536629
-97.895843 37.485240
-172.914668 22.481475
-116.363271 19.724789
-82.134419 70.618121
-65.501896 22.523558
-128.408138 -13.287462
46.548338 109.630246
-78.516247 64.668344
-3.912178 103.624582
-95.550012 103.724624
-137.330123 34.579986
-102.119125 -28.531326
-14.541593 -286.596084
-112.243824 31.693689
-120.221257 10.565601
-106.231268 61.491264
-28.909963 61.704370
-99.289451 22.543818
-87.795114 4.270444
-170.513329 46.621798
-122.902118 55.489758
-116.449335 28.660416
-48.747440 46.514240
-178.977536 25.639607
-108.484522 -4.451469
-120.182485 1.557148
-54.205264 106.552547
4.796730 -289.558951
47.078741 109.551940
-44.628440 -280.493681
-70.524647 82.676314
-128.902544 13.651795
41.938750 118.685566
-112.201481 -13.426228
25.441403 121.606227
-123.771470 43.519479
-112.148685 49.595427
1.241308 100.540468
-115.480155 76.519398
-62.277618 124.728742
-65.037176 73.540475
-74.838998 73.619989
-121.049214 -7.556335
-116.362960 -4.410350
-78.953583 22.621325
-112.176964 25.615807
-61.362104 43.568156
-124.690162 28.608680
51.282257 109.625795
-91.379952 40.595703
-87.637537 19.524249
-121.008818 28.542024
-53.443460 79.555121
-141.295244 34.535806
47.063589 109.565614
-11.371180 -298.432233
-132.585722 42.773528
-162.745635 46.556853
46.077227 130.613594
-54.389775 118.496397
-61.725078 55.587314
34.640345 118.577234
46.173574 130.541782
49.986718 118.608456
-66.459300 103.622200
-64.554143 82.496535
-86.782515 121.603147
-129.348715 31.497264
-79.061068 10.681088
-36.862727 112.589128
-103.951640 34.765758
-95.634986 10.690234
-95.121205 -58.530483
-83.175525 133.723643
-64.991653 100.484514
-74.643713 22.759173
50.168118 133.740628
-74.348510 124.625036
-90.880028 22.520612
-112.250039 4.665193
-24.635907 85.603776
-137.284915 22.601172
-71.595613 -94.621878
-70.998612 61.578150
-136.792359 7.551492
-118.789975 1.476204
-40.417661 -280.474566
-45.566371 70.661000
50.251746 133.791030
-49.641779 127.622444
-103.450709 4.568193
-100.665035 94.417001
45.829892 109.611347
-132.600900 -7.427130
-100.213254 -52.519455
-65.417224 -271.497062
-107.569102 55.575569
-107.938743 10.707991
-111.914812 19.647108
-124.278471 -43.492777
-52.106575 127.507830
-50.405405 121.521598
43.417254 112.507858
-90.876025 127.696637
-41.685941 94.516672
-115.867944 55.508491
-127.125400 55.489758
-56.657310 100.537215
-103.914133 133.662755
-71.022846 118.628430
-28.518295 79.648405
46.544907 109.658046
-95.753583 -19.418508
-66.496075 136.621403
-136.760370 43.627528
-116.436723 25.585542
-61.325275 97.581017
-125.251312 49.502234
-20.161400 112.557376
-141.393129 52.544399
-82.094567 25.528237
-74.187843 37.563662
34.615249 118.664493
25.251106 -289.396910
47.027491 109.572772
50.327666 109.673824
-74.265977 25.763070
-81.629893 31.451289
-108.143110 28.619170
-77.946088 67.637733
-20.063256 91.534728
50.419363 109.613044
-145.624743 -4.326815
-23.688908 106.580123
-128.955416 31.600400
-60.442000 13.479216
-54.060093 79.621216
-37.326344 73.660223
-103.539369 64.620704
-110.906655 70.545626
-82.948425 85.583624
-72.889568 31.483734
-107.590504 31.542275
-128.485960 37.692089
110.023576 106.520170
50.778904 109.602549
-28.920497 58.754345
-53.443115 124.576011
47.918525 109.503312
47.077662 109.596305
-120.574592 10.634869
-120.709781 13.678242
-120.964408 -13.574231
-124.651958 -16.419047
-85.448275 91.498794
-83.782963 94.430726
-70.613032 100.628583
-79.374964 7.486707
-112.289503 49.630773
46.008541 109.664645
-74.979466 154.572466
52.141807 139.510842
-138.022609 61.455748
-174.211526 49.608531
-78.530732 40.568482
-8.645403 136.479188
-57.464896 160.593538
33.646418 139.594467
-57.987485 136.738791
-48.718483 106.584590
-70.677142 52.623001
-67.098502 61.518782
-81.700304 64.531326
-107.569206 76.552814
-99.733948 70.728588
-70.512283 160.774200
-112.258422 67.631363
-102.119125 64.492017
-70.096207 22.598615
-112.217318 22.637704
-40.407605 70.546433
-124.668087 13.590337
-74.222533 73.633208
40.985304 118.381570
-111.753017 22.674234
4.810113 -289.427509
-124.815667 34.689720
-58.048605 -274.435788
-45.060651 -277.445642
-103.429851 22.629928
-103.446789 31.584245
-50.829661 100.391867
-61.845804 103.575175
-124.301829 19.571139
-90.511771 28.580659
10.464682 -289.596837
-99.335475 27.844314
-99.136438 100.609822
-24.219375 70.652667
-90.936714 109.577979
42.912206 112.591545
-103.772897 49.620955
-116.318369 61.591304
46.143287 109.739152
-162.346338 16.609142
33.168935 130.622841
-99.112660 30.987563
-78.964844 82.679009
-91.470502 88.645318
-78.865131 115.686926
-61.921127 108.872646
-70.899569 154.567440
-78.072396 142.526878
-83.495085 43.682143
-87.706136 7.620124
-41.283445 97.599459
-96.025650 22.485752
-83.592418 -97.564496
46.083654 109.666314
46.582117 109.572882
41.919857 112.628841
54.372055 109.684296
-145.520475 52.588263
-133.138331 25.647898
-131.237543 28.482981
-108.583005 58.473846
-96.335567 7.491474
-87.194814 7.712863
-82.559863 1.613600
-149.699205 46.593743
-145.520309 43.655207
-140.039809 43.511360
-95.561661 40.622422
-95.589658 31.644104
67.022685 208.640479
100.300847 214.618620
-32.694673 168.903965
-37.228355 154.671400
79.487153 154.725254
-87.705004 154.434835
0.413707 145.692156
67.494662 145.599644
45.149719 130.490785
-147.908393 91.498794
-70.662553 88.675411
-82.656861 66.757450
-77.112850 67.492770
-74.790435 79.707960
134.167096 214.651268
116.499835 169.554540
-113.000561 157.522147
-124.704890 142.713386
-10.429450 145.512348
8.723045 139.658266
-41.222457 139.770880
-28.366525 136.602184
-54.345526 124.534742
-24.753333 115.655234
-103.482616 100.631753
-103.881843 91.647658
137.486338 184.463479
-87.243618 166.688784
83.739059 172.635152
-89.560418 157.515360
-78.465992 154.657619
87.813854 148.805609
-66.361375 130.654309
-49.726618 94.630307
-129.031415 85.662124
-91.420209 76.638673
-56.218718 67.492770
-91.856338 43.586286
134.148044 196.760343
158.604271 154.723647
-20.069889 139.581559
-65.390271 133.632839
-49.725875 109.625689
-78.932789 97.672199
-89.560418 85.497288
104.500825 205.641233
-33.844944 175.634747
-123.731916 145.576851
-15.881938 141.813383
-6.588414 130.570350
-103.932453 127.845659
-37.980697 115.437573
-123.780866 100.485374
120.674081 106.721128
-49.701754 85.536268
-91.492444 76.704038
-171.842953 22.362399
146.310780 211.591409
146.162947 193.743790
-24.206089 142.583071
-127.125400 136.510089
-103.817582 133.705426
-98.863424 109.593295
-16.094868 105.888261
109.113324 106.634722
-63.045722 88.430004
-120.191915 64.679079
-69.622698 58.509652
-66.732621 133.480474
131.293113 223.580271
66.927858 214.820864
129.311988 169.665278
-16.305280 145.677203
-96.037282 136.565791
-70.583879 124.561893
-96.004055 124.635736
-128.532787 76.594855
-54.320471 109.575227
-49.678808 109.705289
108.672473 223.888976
158.593678 223.737041
-33.057448 160.680697
113.086025 150.951440
-81.224993 142.511595
121.556113 145.536627
-95.591519 121.701096
-99.690914 109.617261
-54.382260 118.534045
-41.410433 100.653509
-61.806427 76.647694
158.660962 211.830356
129.480019 199.658562
137.289386 196.523624
116.904763 175.739211
146.242786 169.693646
-45.044868 169.624154
-28.987330 154.639900
-45.150882 142.601715
-91.420279 94.627630
-128.995319 88.724141
-158.164777 91.679646
-95.511991 91.641385
-79.053901 31.709250
-86.854854 1.575878
-87.316293 -1.302327
147.489968 202.542822
117.483936 199.720396
141.947151 193.638180
-90.353634 160.582205
-12.640948 151.652806
-48.342606 139.516463
-130.197266 133.227986
-107.547124 103.695729
-46.225491 106.438611
46.982597 112.544758
-37.634671 106.559483
-136.341361 88.547822
-132.134159 88.618147
-61.795265 88.625003
-149.710583 70.553060
-87.270167 103.650948
-78.458011 112.650125
-79.682869 109.505532
-99.175779 106.672434
-70.955192 115.536683
-70.695069 112.639311
47.029427 112.548790
37.756810 118.661908
-153.940237 -4.334142
-40.470788 115.526958
-56.218718 118.505571
-59.001066 121.372880
-52.525164 127.581515
-58.567057 121.595984
-58.971937 118.275055
-74.762666 88.555605
-62.547214 76.600542
4.404563 97.744165
-129.042639 31.644527
-108.557801 -1.505818
-120.547782 -4.278675
-58.136922 118.716335
-78.946618 4.766823
46.592261 112.634144
-49.591053 106.766053
-49.737352 106.603523
-95.609530 40.677024
-87.562318 7.543166
-45.874551 145.583826
-62.459374 139.607385
-57.093401 136.629393
-72.889568 133.509336
-103.972342 121.693386
33.634279 121.628953
-103.972129 106.654146
133.168706 184.562700
-100.127483 160.577303
-78.910505 145.807385
-24.700937 133.725911
-54.712688 130.448972
-7.557834 127.593227
-83.043301 109.763688
-111.812623 109.611775
-58.069319 85.688370
129.925390 232.729589
62.821613 211.795446
162.879301 193.654160
117.483496 190.738519
-53.939981 172.660587
-95.630377 166.805341
-99.729686 157.640163
-3.937202 157.711918
-95.660302 145.654035
-85.448275 151.513854
-131.633300 139.558414
117.909323 145.659947
-20.188200 130.659148
34.170726 133.740750
46.048110 130.765202
133.777570 121.635503
-82.620812 13.617396
47.041622 109.565132
43.806382 115.504818
91.974886 196.662401
141.965205 163.708857
-115.949380 129.747729
-71.223342 67.434336
-57.954989 46.777301
-33.106486 82.644158
-22.877018 76.495029
-22.877018 76.495029
-24.685352 76.719102
141.524641 208.702371
83.589672 199.736599
121.118250 196.738755
150.395267 172.709986
108.734858 157.691434
-81.224993 154.514607
-86.724213 145.627222
-95.223003 136.683276
46.151536 130.707368
-2.972968 130.537001
-95.635256 124.553094
-112.315958 112.715616
-53.990850 82.658333
-112.607415 79.718963
104.415423 214.662295
112.583028 196.510639
-41.391887 154.728865
-78.868697 148.662902
46.096289 124.792946
-96.016329 124.613086
-137.256259 91.676407
-83.426132 91.535881
-128.470522 82.614821
134.619335 220.587863
146.178010 223.803425
129.451859 214.745766
-83.016640 169.675174
87.761976 166.750044
-24.714148 151.795543
-62.188473 148.687203
50.207696 148.660443
-99.716495 109.614597
34.079429 118.567701
-128.456314 88.546151
-124.796723 88.696067
-103.942092 85.555086
-162.304563 73.684505
-83.043112 70.666632
-86.844464 25.706289
150.236544 214.815892
-58.018755 169.774558
-27.100300 151.513854
11.696133 139.416553
35.067412 130.477315
-95.464406 118.638603
137.439548 118.711647
-104.402007 112.576388
-16.678179 109.538569
-61.817238 97.576225
-64.961172 91.509789
-111.892974 73.636265
-95.631263 43.601454
-99.748295 25.683234
-87.275997 25.648491
-24.749373 133.743314
-22.877018 127.507830
-33.461699 133.500668
-41.332218 103.603456
-87.254426 151.762514
-87.705518 10.522827
-95.125271 16.627067
-50.052313 172.593185
158.726716 187.606713
121.489092 181.638558
-74.743017 73.674505
-70.618834 58.603905
-120.716538 40.662033
-77.968294 115.574284
96.084492 166.756298
-78.499312 151.604948
-21.025661 136.444071
-99.268762 115.662643
142.030700 121.634707
137.779389 118.604263
-24.225158 106.622491
-128.852166 82.638226
-128.428644 100.559172
-116.321295 103.662058
-115.877435 97.590932
46.101769 109.735999
47.078571 112.564533
46.072779 112.619445
110.489782 106.502559
-36.727273 106.627588
-45.998975 109.592553
-90.882222 106.571554
-158.045056 67.617001
-150.150616 73.533189
-66.300276 79.699968
83.651941 166.657951
100.838332 160.642118
-16.457066 163.664260
-16.499062 136.731757
29.858349 127.542166
-74.721553 121.644331
-31.212443 109.503312
-20.748908 103.727174
-115.914477 70.650323
-95.549913 67.632913
-66.382288 40.600588
-87.581807 31.555389
121.121625 166.691317
-87.218990 163.690434
-33.049919 139.676766
-81.224993 133.509336
137.922502 130.652507
16.894863 118.707823
111.946598 106.320062
-87.231336 16.579224
-128.920537 16.638803
-115.904046 18.717229
-37.220183 97.728094
-36.822362 94.618301
108.723347 217.666341
121.189929 193.704556
133.649566 172.679187
-40.520877 166.649065
-107.517153 142.631988
-78.907490 139.601626
-83.011529 133.681937
-79.316689 130.614841
37.804086 127.627849
-78.420379 118.555177
-0.169504 118.582237
-56.218718 121.506324
34.109491 118.619434
-95.097999 94.571282
-33.506560 91.538468
-75.056451 88.570200
146.094296 220.779310
130.860238 220.551761
79.536823 208.612927
88.201887 187.632043
-25.691115 148.498502
-10.849960 145.522098
104.908839 145.596098
-40.927554 124.652396
-101.098678 115.325526
-111.333804 115.561763
-95.699621 70.545285
-87.747805 34.554019
-153.329862 -13.372665
-153.992261 -13.288223
-62.278761 73.695727
141.649163 220.743024
-83.095682 172.641309
104.953086 148.577127
70.627441 148.642037
88.186428 148.530134
-24.198212 133.708619
-128.919513 97.650198
-141.402521 82.687853
-62.161103 70.544869
-66.750543 76.547446
-57.073849 73.601828
-54.217079 79.490746
-33.055385 76.754444
-49.210542 79.547132
93.818932 196.525149
117.053155 175.726931
-45.571577 157.614224
100.328026 154.628886
-37.710416 145.429659
105.382280 145.665950
-40.036766 115.548668
-108.139779 106.606324
33.684705 118.636296
-95.588707 79.506459
-83.422418 37.522935
-128.857069 28.703034
153.860825 205.410871
138.338214 178.614037
-91.404565 124.725443
-66.414646 124.705184
-81.224993 115.504818
42.412067 112.651502
50.712772 109.605538
-145.686011 91.687617
-112.285606 91.679857
-153.469724 82.603975
-128.968521 73.661082
-145.707445 61.574120
-62.210074 58.632409
42.040001 112.548899
42.495812 112.652489
-104.198593 31.614523
46.025866 136.640093
41.454512 133.633597
37.854423 130.684360
-53.974703 79.615104
-45.576869 85.615961
-45.595579 82.732934
-45.496434 79.622590
-95.760877 37.671844
-95.666784 37.726477
-104.208645 40.581226
-107.618022 106.709047
-103.925487 106.654387
-123.856658 43.609791
-121.473179 40.268384
116.973639 205.768247
110.489782 196.525149
142.038437 181.682436
-62.716288 166.685487
-83.006480 145.650514
-70.203689 142.738964
-12.402891 127.692554
58.188735 145.456627
-83.047396 127.674865
-133.083169 124.549684
12.818902 124.657058
-103.924604 121.625829
-171.398037 22.338897
-171.138606 22.544930
-66.212203 73.608071
41.878152 112.676076
9.980619 139.491146
-70.596397 85.560137
-87.597245 28.531365
-53.404387 82.601212
-90.033036 70.471619
4.096293 97.427618
75.700188 205.693008
108.592409 178.675084
-46.057655 172.582217
-24.781384 166.636886
-97.895843 154.514607
29.063690 124.569534
-41.402022 103.724194
-91.358254 79.701109
-149.792617 82.699016
-87.310085 79.734721
-148.341281 73.542135
-114.566693 58.490511
-54.742031 130.330269
-42.325581 130.347893
130.436480 187.520453
-87.243158 160.622805
-66.837199 163.621367
-37.558196 160.539411
-74.733492 142.626587
-114.566693 142.511595
41.530619 124.522143
-108.058423 109.726569
-45.117445 97.740322
-150.088722 79.497579
-79.267964 37.545937
-124.187002 -13.408585
-128.951209 -10.413884
-137.284825 -13.302756
142.386356 208.758638
112.358502 190.663555
133.355429 181.652272
-28.982875 166.593424
-66.470217 148.621030
-79.235711 139.569679
46.612650 129.899426
117.583611 145.645387
-104.387225 118.691841
-29.717607 103.531987
-70.192344 97.677774
-61.822768 85.570734
-65.921818 76.509513
-78.983982 34.703970
133.605381 217.550254
137.053885 214.503033
154.583304 208.715640
159.092783 187.683713
-37.798378 106.606776
-77.938870 94.564580
-41.475074 88.561644
-83.046250 91.756558
-137.674303 85.623229
-83.443270 43.453800
-15.919468 115.646342
-16.303916 118.632404
-16.221278 111.989289
-20.527567 118.589477
96.050446 196.727149
112.810669 190.599538
-31.212443 154.514607
-91.744143 142.669196
-95.552966 136.710079
-33.046656 145.571341
21.084951 130.640143
-116.361856 121.702406
-33.056333 115.539973
-49.793241 94.696722
-95.605280 31.600704
-116.388293 34.665266
129.520717 229.868428
154.435226 208.685103
83.496619 199.638343
121.203730 184.670063
100.384288 181.700146
-82.102169 166.625242
83.607981 163.662175
108.761404 160.697435
-3.521883 157.656112
74.854499 151.564185
-37.326775 136.687105
-83.342164 136.577320
137.455199 121.554978
-104.984509 112.405038
-120.627865 106.601136
-45.127837 94.694309
-124.749242 97.703197
-112.240226 88.639482
-135.918328 76.572128
-162.244064 70.698072
-99.244775 70.653539
-83.456185 70.677881
-79.789227 40.526067
-162.407967 67.638176
-157.496371 73.729812
154.094214 202.577437
146.556233 166.564533
-53.947388 166.633984
71.131170 154.770173
-83.106860 130.752263
-71.038530 130.639790
20.396819 130.339530
-91.390631 127.588347
120.658359 145.611113
12.821776 124.687838
-62.233464 124.685421
-74.411535 118.069019
-91.827488 118.509896
-41.382519 118.752936
42.948271 112.529461
135.081141 112.496140
-125.109531 79.490924
-94.706108 73.554297
-95.529132 70.594174
154.579424 193.673071
161.610685 193.482769
153.501908 187.294857
104.530013 202.648119
154.774315 198.876336
137.803203 190.628210
-20.104975 148.626301
-8.438535 142.553192
-53.827534 136.744739
-37.307423 142.757529
62.823213 145.684540
117.501608 145.596959
-114.566693 136.510089
-104.000569 130.633027
41.650855 124.520193
133.651083 112.538931
-47.883293 103.501806
-65.983360 97.642301
-145.557967 70.712445
-145.718091 58.713400
-129.400923 55.502747
-66.418292 52.608869
8.655395 118.650234
17.534770 118.561794
142.006096 211.705618
134.204373 196.685716
104.377226 202.633587
-70.143766 169.670385
-36.787622 154.665344
79.455710 151.629298
-61.778271 142.602450
-103.452705 133.622522
-27.992680 136.581488
137.843384 118.780047
-133.041540 109.575336
42.883343 112.592244
45.241219 112.423130
-86.771037 58.672750
-60.922894 58.554132
-133.002171 58.746945
-78.474046 37.582981
41.879462 112.727002
42.010221 112.604195
46.159907 109.724071
129.867298 223.735313
108.216553 199.496363
-49.555656 142.701435
-56.218718 142.511595
83.093008 148.295094
50.222016 133.809341
18.800107 124.507077
-70.857285 112.657043
-140.873422 91.589339
-95.592858 76.531493
-87.239228 64.612838
-74.666098 25.644172
-78.445157 19.616444
-53.894338 130.688286
-57.643378 123.853520
100.248979 208.894051
-78.863750 148.620236
8.216204 145.631878
-20.090049 121.692316
-69.596066 118.632818
-58.016624 112.707168
-74.719672 67.758503
-47.883293 70.493523
-108.208885 64.717870
-120.598128 61.624745
-70.513189 31.610136
109.134662 178.536884
108.625220 178.638600
117.374152 172.614676
-58.002980 151.667246
59.098011 142.610220
-20.963587 130.580322
135.496057 124.507077
-137.739436 103.573706
-86.799143 103.628315
-62.744923 73.509639
146.150291 211.703971
142.518224 211.681752
138.319997 211.733315
153.723581 208.506873
-32.144553 163.573449
-99.677987 145.743504
-46.048107 142.717987
-21.015183 139.640737
38.175020 124.684935
-141.709343 109.509480
-116.423739 112.607366
-54.397502 112.677670
-37.287856 88.764736
-145.079831 85.734801
-95.574989 103.759271
-96.930062 103.239415
-95.068924 97.671490
-120.485148 25.725669
-112.327440 22.600389
-82.674279 112.672020
-83.121821 112.563370
-95.607982 7.606662
-53.986612 70.768193
-62.702316 76.545074
-99.337348 97.553218
-97.895843 -13.527561
46.579241 112.640242
-45.562559 61.603166
-103.038033 88.516735
112.819090 178.865864
-129.447978 82.612025
-133.439737 82.567523
-87.279859 -1.299770
46.112704 109.758152
25.842653 121.526749
-83.123065 82.744078
-20.161435 124.652553
-70.148166 25.596426
-83.094926 109.573771
-52.996033 118.594446
-106.231268 91.498794
-106.690194 94.564707
-50.167313 127.563979
-49.728000 127.698922
-45.819631 127.606945
-115.053390 142.540555
-112.274561 142.642974
-115.972103 145.600267
154.919509 190.723087
-62.341213 130.583585
45.692385 112.606769
42.502210 112.533838
46.561406 112.652759
-70.074861 40.735465
-70.549062 37.693740
-103.441698 106.709940
88.335105 193.669121
-140.875361 49.543384
-20.878057 133.659935
-79.017167 79.798632
35.091116 130.560894
29.261989 130.630579
-141.491694 94.610354
-140.905424 91.666369
-136.284738 94.567409
-74.755575 154.669920
-81.224993 151.513854
-77.962843 157.626489
-107.102414 109.539171
-104.353654 109.462628
-104.855043 109.381105
-83.140100 22.669655
-86.331081 25.598147
116.925773 220.794123
-91.986271 166.617867
-57.579216 145.547988
-29.274418 139.630201
-124.714910 139.656945
53.802961 142.449471
96.556920 148.653580
-70.621659 118.616542
-128.501118 91.637226
-158.081540 79.726433
-49.292688 73.588123
-78.391991 58.669424
-66.386326 37.619558
-41.396505 97.746467
-20.581390 94.734383
-33.588747 91.638252
92.014818 187.679859
-66.509967 28.580795
-66.280005 28.606872
-74.694939 25.693226
129.967553 226.730619
83.547104 208.658914
153.984207 187.622812
108.595181 169.617929
-83.066751 166.638657
-45.638857 157.650031
0.768402 154.747650
10.464682 139.510842
45.771343 130.608659
118.825207 145.512348
-64.554143 130.508583
-40.901758 133.689519
-49.145834 121.657691
-103.914247 100.648186
-129.025422 97.624635
-78.442773 82.614292
-63.560253 88.185114
-41.772866 70.595621
83.661126 193.759321
142.394033 166.653373
-78.826525 166.714326
6.241400 148.513101
141.722639 127.427611
-67.312099 112.281781
-45.628633 97.648273
-87.152197 76.713279
-145.996376 58.499670
-75.042967 55.510039
38.263783 118.571230
37.000853 118.464310
83.603553 205.704953
84.211693 199.615984
96.017015 199.701282
100.228715 199.525890
96.036314 187.713637
142.033955 178.656955
-24.193021 139.608805
26.199928 130.503757
-90.876376 106.556424
-114.566693 100.501053
-91.795715 100.522054
-54.001517 91.658999
-120.686501 82.556947
-89.966340 79.466095
-58.347960 70.577365
-133.461760 61.506781
-79.763345 25.472790
-71.062421 127.534101
-70.946052 130.668531
-74.658205 133.640334
145.721326 211.640983
139.179618 211.622689
141.935590 211.781022
-74.743188 37.654006
-74.713724 40.633248
-74.766484 37.562086
-114.566693 31.483734
-111.758254 34.623106
125.277804 226.660964
125.321507 202.719957
108.616090 202.694162
-12.634529 163.702536
143.831482 160.516113
-45.188573 154.649859
154.909037 154.609953
8.659315 139.630794
-108.001135 127.702187
-49.686315 121.635995
29.368387 127.695553
46.063008 121.623765
142.432673 118.690990
-120.657372 112.643043
-53.443088 88.599771
-149.232318 79.743148
-53.971663 64.569941
-62.307425 64.639252
-57.574455 64.608543
110.454550 208.576506
155.003706 193.761102
-74.337943 171.756973
-70.699497 160.680999
79.413392 151.688724
47.435284 139.585973
-28.860875 133.670587
134.235279 114.654170
-125.644186 109.384872
-100.082909 97.474888
-54.327364 97.499229
-108.106732 88.716719
-79.254897 94.648491
-81.689370 97.521703
96.580285 205.751030
84.108881 205.724872
100.312982 211.680803
91.958335 211.773141
-166.383347 67.669687
-162.325805 67.666172
-162.346088 70.716871
-31.212443 154.514607
-32.571361 160.614623
-28.837624 160.686478
-24.714048 160.660796
100.337961 184.590516
112.840817 229.716256
116.941628 226.648451
21.158773 121.657179
18.800107 121.506324
-112.270036 142.726084
-95.914500 145.470259
-41.342601 145.696970
-54.017430 136.688512
46.066063 109.674613
42.970374 112.602250
-120.625980 76.750817
-115.905886 73.582841
41.553401 118.514526
-91.853118 70.657063
125.417921 175.667458
116.611353 175.669770
127.160632 178.520631
-133.106797 31.684097
112.158835 205.397887
117.409619 202.609442
-115.906694 16.573162
-111.738172 16.706846
-133.080900 82.598332
142.054256 214.723114
154.998325 211.656093
-87.971762 106.555074
-82.497501 30.645192
113.308849 145.607189
-37.698608 163.567045
142.572882 154.597916
21.129014 121.603403
-83.036249 40.610159
-52.492034 118.570472
-120.197792 109.639915
-40.392453 169.576446
43.005888 121.510535
-87.525316 55.410491
-112.234663 58.571790
-39.547868 88.498041
-24.782748 157.673235
-82.149854 112.508769
145.863276 199.539457
16.823658 124.630747
113.353277 202.666633
-53.510097 58.676201
-83.069630 34.605152
-100.201904 22.476595
150.882189 163.624503
-56.218718 172.519125
-128.894177 94.713025
-66.298365 103.612205
-57.612536 67.678331
-145.553000 136.653245
42.927420 112.542365
-33.046689 79.641385
-25.593916 82.257630
-103.928619 7.641206
-108.071333 10.567182
-104.283570 4.441359
-128.948439 28.574578
-111.876489 55.582984
-116.490445 49.719698
-124.728197 37.599728
-108.058365 31.541395
-45.590603 109.701390
46.455404 109.604099
42.012445 112.713042
92.023930 148.642314
100.315285 148.769457
-33.380783 -208.463750
-13.085435 118.233255
-15.441545 115.554986
-99.278616 73.718009
137.724638 220.750221
133.744125 220.651443
-103.461744 13.611513
-70.560486 73.648010
-66.850269 73.649478
-69.650055 73.601521
-45.158771 142.633193
-49.281766 142.587776
133.586204 163.703060
46.554641 109.553642
46.041604 109.609518
50.783291 109.688852
91.900427 169.643213
89.595650 169.518372
87.786812 169.871347
-112.277799 112.626191
-114.566693 106.502559
-70.843792 67.511672
-70.591952 73.591665
-120.203212 16.694874
-132.972600 19.683681
127.160632 196.525149
126.249921 196.564481
133.739715 193.694768
116.936698 196.720681
116.597373 196.602365
127.160632 202.526655
137.850656 115.703247
134.278498 115.550735
133.619031 115.835678
133.620772 223.709618
138.317745 217.631003
-45.506132 124.659927
-49.773508 115.752266
-45.497689 142.597862
-49.798688 139.712166
-96.381872 91.403130
-94.586366 88.569959
-95.056084 91.559687
133.653546 181.742738
134.666550 181.508939
133.249349 181.612177
-95.023506 1.552319
-100.193556 4.665843
112.817078 199.695485
117.006514 202.728389
-99.177017 73.707922
-103.405622 76.604692
136.475923 178.190551
153.763074 178.460969
137.794357 178.615652
-62.409814 112.659646
-66.434963 118.650815
-56.218718 142.511595
-49.722183 142.584715
-54.255021 142.594700
122.957688 220.579518
122.072881 220.673186
-114.566693 16.479969
-120.224163 22.654453
-95.124824 34.641394
-91.364134 37.636982
-91.858906 4.604323
-91.288278 4.701966
97.070272 148.638366
0.329019 109.556060
4.410518 112.801821
0.343273 118.665972
-95.735132 145.627590
-103.912896 145.666740
-124.282558 73.580305
-128.490232 73.618345
42.467597 118.630176
38.657106 118.505078
-55.029403 148.425497
-56.645073 148.551723
-75.085112 88.593222
-53.772425 67.753336
-61.286819 124.623286
-95.058771 64.632405
-147.908393 49.488252
-146.028366 52.534640
-99.600495 70.640475
-95.217006 67.649333
-66.345040 28.629205
-70.553192 112.710955
-29.002295 112.611341
-54.387454 46.611408
109.060653 175.698767
-56.670188 112.577903
141.957269 172.670819
-170.643869 88.655878
-87.599817 154.616582
43.806382 112.504065
-70.724462 91.681387
75.695574 148.700036
159.058034 187.769795
-69.674722 49.515761
-92.108323 1.361840
-123.730778 106.562106
129.917158 193.803805
-40.426682 85.516259
-57.656382 142.609554
100.235912 175.675149
43.806382 112.504065
-108.534196 103.576557
-45.721233 160.720523
104.798134 181.560440
-61.765474 115.594021
55.386386 142.553747
-132.581925 97.611107
-58.083419 136.642704
-54.331259 121.578700
-79.416079 115.446515
138.300025 115.730492
-66.315490 112.611727
-86.876612 73.599632
-69.664875 79.585542
157.777333 163.366427
-58.092829 136.711589
-20.105545 157.515082
-112.299366 127.781144
143.006196 118.600872
-107.546354 46.648690
-108.420716 49.548463
-144.647323 52.544236
-146.078088 49.602925
-50.386878 130.409256
-54.552491 127.389571
-52.506794 127.478683
-69.219946 112.581506
-66.375398 115.696376
-69.228647 115.555740
166.647994 193.525407
160.502332 190.523643
-102.981216 70.495357
-97.895843 70.493523
-111.794772 22.534024
-111.898054 28.580062
-117.169512 25.419859
37.399232 121.510391
36.395181 121.128043
37.260855 118.520743
-82.079032 97.647219
-79.250216 97.507835
-79.249978 94.502308
-95.541304 160.490341
-95.199874 160.745291
-100.207201 163.631701
-53.066047 130.589127
-57.030452 133.558967
-53.431853 130.661341
-146.066854 67.563277
-145.158518 70.659596
-148.821305 70.570628
-33.704759 145.406144
-32.062029 148.540094
-37.286490 148.751050
83.248306 160.596061
85.032638 163.524872
76.171221 163.558482
-82.153372 88.582475
-75.132461 88.586921
-78.958983 85.668621
-99.291579 16.547647
-99.239961 16.667854
101.369994 157.461126
108.261632 160.623804
-121.638151 76.420840
-129.302873 76.774198
125.774722 201.901541
124.802295 202.510261
-77.112850 115.504818
-78.534841 118.594173
100.695102 220.623628
121.311598 220.687133
125.820604 202.702595
-53.480349 187.631370
-24.693937 187.632240
112.702089 187.720552
-62.412206 184.666226
0.735234 169.739677
75.295786 160.679369
-32.644427 154.644850
4.514728 154.702093
50.426661 151.786169
-36.748572 145.580700
-66.378883 136.636393
133.658202 133.793392
-133.043706 100.671757
-133.001021 82.619046
-112.296356 79.670639
-70.693146 61.653010
-62.302565 52.617497
-57.080104 73.578919
-57.513278 76.728803
-54.419005 76.644156
-54.730366 76.412662
146.622210 232.709604
104.544170 205.770272
-24.274822 178.670367
-78.443582 175.673933
-40.920157 175.588855
-36.769393 172.646245
-99.789669 160.785972
-115.461378 157.565610
9.186121 151.569429
-86.821271 139.614750
-3.869284 136.766733
-53.518931 133.623474
142.019948 121.501598
-122.069438 97.247023
-149.161152 88.660391
-90.962374 28.661434
-90.446522 25.572147
-86.850721 22.673286
-88.050724 31.458190
50.889695 133.604927
47.447739 133.530650
46.106543 133.680147
-73.751142 73.523068
-79.874342 70.331543
-74.735002 73.601063
47.025370 115.653076
49.318273 112.303124
44.486881 112.531257
158.318823 187.496630
163.830992 190.596429
-153.921740 19.587864
151.442931 154.345362
149.673874 229.643947
103.539973 226.324701
132.585346 226.520209
82.721105 214.520858
138.643356 184.536604
5.307804 160.501179
-127.988662 148.546870
-65.439578 148.649788
-71.589288 145.335436
34.637867 145.583959
-73.809186 136.571049
-65.425483 127.544453
-119.662340 124.555219
51.253956 124.593899
-7.051832 121.600645
-52.980936 112.594955
110.489782 106.502559
-111.303223 103.492937
-57.120412 88.535453
-123.794900 85.501951
-88.292485 85.361389
-58.999452 85.265550
-73.738353 61.602090
-71.668000 58.403325
-74.722698 64.516308
-75.480420 58.475665
-25.160987 184.677124
-29.694904 187.455169
-25.315334 187.325437
-25.041375 187.611609
149.540887 235.390810
67.945128 217.746496
155.429738 175.592999
-50.554451 172.439151
149.454895 166.680990
-46.268079 157.391901
-107.045145 151.574108
-21.269551 148.375798
-71.591161 133.334765
47.102369 124.606089
-115.416120 115.556516
-33.823734 109.568016
-54.768661 97.360272
-142.405363 94.304692
-104.793793 94.381740
-40.028671 88.510060
-75.327466 97.429291
-74.673056 94.598433
-73.317895 94.526321
-71.267825 91.447051
-107.563320 31.654136
-109.023397 34.387162
-104.775874 34.429056
-104.938716 34.431000
47.521982 109.561553
45.371366 112.554131
47.083134 109.509445
47.039666 109.575070
43.391209 112.550650
47.442399 109.560722
43.806382 112.504065
47.048144 109.592397
141.127100 235.550101
-29.758089 181.555281
-95.959775 169.486799
-60.866293 157.583794
-46.293532 157.367514
89.169880 157.529971
-67.146516 115.572021
-42.210083 88.436268
-129.699252 82.520688
-108.472385 55.663750
-108.482478 55.580803
-110.454550 55.489758
-108.034553 52.658952
25.033418 124.582191
24.566353 121.524363
45.552659 112.557292
47.004943 112.625478
46.585681 112.680236
46.082022 112.693672
-129.352257 46.506828
-121.086789 46.601049
109.593419 106.652082
108.754203 106.642672
159.602477 187.528280
163.788720 190.548506
-90.638726 81.527157
-99.342444 4.182353
-94.765855 3.762642
-107.249390 130.370518
-52.115771 128.943471
