date:2016-06-25, time:0600, wind_speed:1.39, wind_dir:249.0, temp:14.5
64.504658 106.356972
-106.231268 -256.588554
-74.140735 -80.404079
46.846336 120.689294
126.025458 123.559438
-27.199334 -100.687609
30.146327 -290.315378
26.012047 150.571154
-28.289220 -95.527783
-111.393053 -50.390249
-68.777425 -34.532832
-6.234282 -58.661430
68.812657 103.501806
-57.128844 -80.347339
67.727314 102.541860
72.829232 -238.756336
-15.592558 45.733830
100.956582 102.629489
97.931075 103.501806
17.660886 117.650710
60.424460 139.408750
97.835507 103.336188
96.859201 102.465661
-2.094025 49.488252
-2.174421 49.329781
97.931075 103.501806
96.650622 102.596602
47.912829 184.418371
-11.657324 45.529614
39.477118 196.434855
-11.678316 39.655654
-6.273606 46.289698
-3.312478 75.580493
43.732991 196.378519
46.770547 192.740307
55.104077 105.550345
56.231233 187.375230
79.985661 -218.471950
63.545612 105.616568
9.342740 -92.506579
63.308690 144.611208
89.594715 -220.742420
84.322134 -224.420029
81.230985 -220.669242
72.852258 -244.774945
102.129841 199.397093
-11.615840 48.636471
-11.651924 45.639704
-15.770425 39.580263
-7.441805 45.640047
-3.314171 48.654752
109.327169 195.509957
93.714172 106.340874
80.017643 -254.482246
9.278749 114.549166
46.674292 108.641198
97.823150 103.347592
52.082379 -55.688465
97.863665 103.400189
97.931075 103.501806
97.864380 103.394754
97.852674 103.352757
97.837470 103.325321
59.360939 -278.401163
72.924800 -262.590060
52.094198 -55.692347
47.918525 -55.538103
47.697228 -55.785706
-2.094025 49.488252
-3.095738 48.648417
56.253950 106.502559
56.253950 106.502559
55.001048 105.664762
122.937350 109.503312
6.241400 85.497288
-6.206168 34.484487
