-6.939578763654843669e+02,-1.101162455790801005e+03
-1.187899754685463449e+03,2.248147476747107021e+02
-1.064367242704087857e+03,-2.365576971044552010e+03
6.826190517493445213e+02,1.270016550461729366e+03
-1.100673186503681791e+02,-2.665900116891885318e+03
-5.283713961732997859e+02,1.391253077799800622e+03
-1.024383731218114917e+03,-2.359616174542583849e+03
4.714696393368006397e+02,1.271001151966139105e+03
3.503533546232087588e+02,1.388188721199532210e+03
5.566729660452581356e+02,1.235088499846671766e+03
7.292479953134246671e+02,1.245070767674780882e+03
7.714808153141948424e+02,1.275078297674829400e+03
-1.028067939313707257e+03,-2.364787542906293766e+03
-1.024414574523054171e+03,-2.331716682047071117e+03
4.720682438901330897e+02,1.326240230575268697e+03
6.786195130783709146e+02,1.181726746994610266e+03
6.345219231055338014e+02,1.313087296889399795e+03
2.278165299049766190e+02,1.514028975156721117e+03
-9.864901435180522640e+02,1.264873219758836285e+03
-1.313910643310791329e+03,1.210112026474530239e+03
8.548350653138031703e+02,1.275078297674829400e+03
8.880520117674142284e+02,1.257477310321552977e+03
-1.153116634032315005e+03,6.935657678977634077e+01
-1.736369116343285441e+03,3.964377055601361235e+02
-1.191701785504489862e+03,5.502396798715667501e+02
5.530830882189056865e+02,1.270192198753013599e+03
5.543490817647506219e+02,1.264249993460522774e+03
7.199591677695626686e+02,1.325630882852085733e+03
3.485021651064176922e+02,1.392493459606471106e+03
3.920649143334576365e+02,1.441459573283227655e+03
-1.153022665708052045e+03,5.799951415463222304e+01
5.625394953142080112e+02,1.275078297674829400e+03
-1.152078338323267872e+03,1.204057448075967159e+03
-1.187899754685463449e+03,1.215063237674732363e+03
6.881265653145866281e+02,1.245070767674780882e+03
-1.273278634878961157e+03,5.194170476330490374e+02
-1.233925147739240856e+03,5.153917726279676117e+02
3.547095653145739789e+02,1.395108417675023475e+03
3.472153024995044461e+02,1.388803527139802327e+03
6.793251422260152594e+02,1.234919016511149721e+03
6.849875410476337265e+02,1.265672302457043315e+03
-1.150756812397735530e+03,1.848859472394003660e+02
6.815777453183962962e+02,1.263107958799404059e+03
6.881265653145866281e+02,1.305085827674877919e+03
-6.066844566192241928e+02,-1.156015965028132541e+03
-9.004177268513162744e+02,-1.286613921152835246e+03
-9.471338973622504227e+02,1.264873763307264198e+03
-1.274286967932823700e+03,1.144626326707781118e+03
-1.274724320012274120e+03,1.138823628199451150e+03
-1.028067422979579305e+03,-2.366819062716636836e+03
-1.064403045660802945e+03,-2.391305934935187906e+03
6.866434145115398451e+02,1.219325939808092471e+03
9.725343153607129807e+02,1.237715799343588287e+03
5.534497862126071368e+02,1.263864216953803407e+03
5.619519636247598555e+02,1.248554967213921827e+03
-1.521316754685476099e+03,7.949578176748428859e+02
-1.519234645757993576e+03,7.688761212536571747e+02
6.028292581111625168e+02,1.267374296965235999e+03
-9.427300929288095404e+02,5.546261562972250658e+02
-7.351139584961914579e+02,9.502729732623001269e+01
-4.893485047432748729e+02,1.404255134576162391e+03
-1.059263033575239348e+02,-2.641446795331249177e+03
-1.054004021057186122e+02,-2.680906633423308449e+03
6.837333461903677971e+02,1.256510400229250081e+03
6.806615548932193178e+02,1.272031143797220921e+03
-1.147771596725268410e+03,1.729882729043536642e+02
-1.147730392187249890e+03,2.019038149917922453e+02
-1.157654868682943516e+03,1.988041089032878688e+02
