-2.765594424558995001e+01,-2.984201491373639328e+03
2.180502775464367460e+01,8.608302334268187224e+02
1.245350443856264633e+01,6.410368888482427110e+02
6.808899129820053986e+02,1.070730820578582325e+03
1.015565516859111881e+02,8.324413709326403250e+02
8.983028858602460787e+01,1.032265372975877654e+03
6.461472080407052090e+02,1.099607485116480575e+03
1.193530812980094424e+01,8.604928646968323847e+02
1.017623648570081940e+02,8.591603258520010513e+02
6.749877178102144626e+02,1.061450567522106667e+03
9.140137179609190810e+01,1.000294438816917705e+03
4.257035368422360762e+02,1.152784506394125174e+03
4.269640926358125625e+02,1.209195255048293575e+03
5.157612017616903586e+02,1.223751419828095777e+03
7.192604790186032915e+02,1.028796761055214120e+03
4.684565323473051421e+02,1.119674070372345795e+03
7.600216808788460412e+02,1.033342522572981125e+03
1.414076393771685503e+01,8.518298397378166555e+02
5.887019934296275778e+02,1.067483806341713262e+03
5.917259030542169285e+02,1.087222167844473688e+03
9.355418419654158413e+01,8.474725962518451752e+02
5.305753557190743663e+01,6.729887352966643448e+02
5.577739684700495673e+02,1.128867643703243857e+03
5.561055307461881512e+02,1.101056097030796536e+03
5.916605156943945758e+02,1.094576732118885730e+03
-1.150064647763068024e+03,2.900504925708648329e+02
5.963299497789514589e+02,1.096725216606207823e+03
4.260446254705717024e+02,1.207727750035455074e+03
7.628353956578989710e+02,1.075249787309024896e+03
9.882319553520062527e+00,6.428911245590240924e+02
4.287567174829994201e+02,1.188641833853986554e+03
-9.067551829795056619e+02,-4.350965063683529479e+02
1.257176645080063793e+01,5.839389539371036335e+02
-9.870443220479179445e+02,-4.365047399784402842e+02
-1.604191550527969241e+02,3.933074043962964339e+01
-4.414942090228324787e+02,-1.649616215681268443e+02
8.071423715714421405e+02,1.070930912015377999e+03
-9.411741437802951395e+02,-2.526725700064469606e+02
-6.955912835285087681e+01,4.561290479588374183e+02
6.001631270791574480e+02,1.067748304866012859e+03
5.188855955650965370e+02,1.135665710436761628e+03
1.135737000621827519e+01,1.962214524470991364e+03
-1.196975860816144632e+03,-1.652969227678424033e+02
-3.196195575425227844e+02,-1.373198777327053222e+02
5.211416148852404149e+02,1.101250157584624276e+03
-7.360603409246667752e+02,-3.765442864961491978e+02
-1.289337811248939261e+03,-3.468723529214568089e+02
-1.156527378060898400e+03,-4.401053141468107128e+02
-1.315009369687643584e+03,2.606809222182399139e+02
6.819693930714418002e+02,1.131839463287801436e+03
-1.504086982497735505e+02,4.953090118032923783e+02
-4.475922443806155115e+02,-1.113890627080457421e+02
-7.301648850944637843e+02,-3.220228420811090473e+02
9.179144515505846869e+01,9.111343190280787212e+02
-4.430639894337750775e+02,-1.579793589733149588e+02
-4.001103275596188951e+02,-9.941963623265468186e+01
-6.935062375050911498e+01,-7.146164931915780016e+01
5.939385499269847060e+02,1.093679193804085571e+03
-1.201167412263193341e+02,1.212886746521930036e+03
-7.312316590861281611e+02,5.311404136869230115e+02
9.296971625668419392e+01,8.257540687380667350e+02
5.884282315262626639e+01,9.069522469205928701e+02
4.257199932256320380e+02,1.214987623270709037e+03
-9.896051127366374658e+02,6.681235870930311194e+02
5.914676899007830571e+02,1.064355525107205040e+03
-1.151543741699106704e+03,3.495179137585053581e+02
1.874319929824109465e+01,6.512306100383514149e+02
5.887626190671778659e+01,1.013398074146736008e+03
-2.565406270785361187e+01,9.525468269150325114e+02
-3.917854601038503404e+01,7.946512046921171759e+02
9.850228398619725567e+01,8.236397322239276946e+02
-9.510513230246372132e+02,5.236480797459690848e+02
-1.068977916842895411e+03,6.233094579609249877e+02
7.294247855021083637e+00,9.103114304571566890e+02
1.378461871468899176e+02,1.186803432933891372e+03
-6.972932035941959157e+02,7.014584150419715343e+02
1.059952914467227458e+01,8.602037978666696745e+02
2.577279047725413648e+02,1.242477505191692671e+03
5.868685801874094921e+01,8.279222211109707814e+02
-1.023518207062799434e+03,5.900170201993925048e+02
-7.774238541514264398e+02,-2.844372101393782941e+02
-9.861200238714170609e+02,-3.460092745137430938e+02
-1.066540209560828089e+03,-3.066918246712722862e+02
9.567145576842563059e+00,9.389800663065535673e+02
-1.224992077214496931e+03,4.028210292570969955e+02
-1.092056049124184369e+02,6.161455724675460033e+02
-1.066231450814813797e+03,4.407473670620071289e+02
-7.430978158788359167e+01,6.980487906865395189e+02
5.781423493961345628e+01,8.551001106305776602e+02
-1.151328588937533141e+03,6.506536001078152367e+02
5.093017947956394096e+02,1.149702078757191202e+03
-1.455185359452166836e+02,4.299344576838738021e+02
5.783250752967055064e+01,6.541792369998278218e+02
-1.278400175822688198e+03,6.482421717946119770e+02
-9.075677880623378542e+02,6.400637343352433390e+02
8.806504606901469856e+00,8.813831590534780389e+02
-2.396660111452798674e+02,6.151856322692220829e+02
4.663069991854989382e+01,9.994489806654954691e+02
-8.569721549655865829e+02,6.520398010279529899e+02
-7.479256054244292784e+01,7.639631614979964525e+02
-1.120368998370339000e+02,7.338741842999779692e+02
-1.328810111885710967e+03,1.950808294595201460e+02
-1.116339163788644782e+03,9.621767571547695752e+01
-1.119114637973498020e+03,1.613293886458250768e+02
-1.079458205372416387e+03,-4.650297785556124950e+02
-6.497330708394100611e+02,7.088282541536200370e+02
4.298651276225398306e+02,1.188220439332023261e+03
-9.499810376554506774e+02,6.670876894572053288e+02
-9.956035323409556668e+02,7.635434427134105135e+02
-7.295439556421573570e+02,7.388195500664537576e+02
-7.015471747536016665e+02,8.192040420180275078e+02
6.716509562515966536e+00,7.661188327289861490e+02
-2.197469032059802885e+01,7.277519247129910127e+02
-7.801252630530937040e+02,7.104320984712868494e+02
-1.487959548126000300e+02,8.638323964140589624e+02
-1.108622755732096437e+02,8.919794107449962439e+02
-8.114347989167597461e+02,8.600630259752920210e+02
5.182103783525997187e+02,1.159836758435179490e+03
9.323374665111849424e+01,8.227940118377478029e+02
9.286108335742144959e+01,6.123435029110618188e+02
4.725815372263355130e+02,1.100882202901802430e+03
6.429576796004172365e+02,1.098648800855491800e+03
1.751156576258058521e+02,1.452446401478436428e+03
1.353103691437972032e+02,1.214890303903652011e+03
3.081836610237198784e+02,1.221859223347429406e+03
1.743530476678616878e+02,1.178242126316902613e+03
-1.071171356612669797e+03,7.983223055336887910e+02
-6.488606717748293704e+02,-3.102699002317497161e+02
7.396434499855786271e+00,1.036896976812897037e+03
7.586206067491656313e+02,1.059411418092519853e+03
-1.024084960052257657e+03,4.274720935124574339e+02
1.018627677735558308e+02,1.522281250329544037e+03
-6.918434619665807759e+02,-3.090537922689318862e+02
-7.845542674955097482e+02,-2.310971314508578303e+02
-7.833851009267873451e+02,5.832730379242996150e+02
-9.923434856605668983e+02,5.813895613635056634e+02
-9.827534467421321551e+02,6.521503260562616333e+02
5.914274884239594030e+02,1.090008582061810102e+03
-8.264728917845285423e+02,5.260027539815326918e+02
4.337710406915913381e+02,1.194548818397468722e+03
7.703045315229617245e+02,1.036299476062314170e+03
5.061861228823824490e+02,1.122081362845583499e+03
-1.061287908092925591e+03,-4.933231494607238119e+02
4.342771457442303813e+02,1.549714967517813193e+03
6.009607164702432556e+02,1.126488321657398274e+03
3.850379324021677689e+02,1.177051855362623655e+03
4.967863221895139247e+01,1.147978384452117098e+03
1.799298801787600155e+02,1.193135949702971175e+03
4.766435338117138940e+02,1.161093888876124083e+03
2.604952628337762803e+02,1.779904193348864510e+03
4.674298294704240675e+02,1.968931708532294579e+03
-2.791110155375708359e+02,1.480449728670416562e+03
4.315305021859192607e+02,1.998218447712421494e+03
3.430300613222500488e+02,1.752596441057944503e+03
4.921911969506784601e+01,9.741773402556990504e+02
-1.572997915926442829e+02,9.440524167840592327e+02
1.782317465759793151e+01,1.037777500359965643e+03
3.410280083964938740e+02,1.843968107354322683e+03
-2.774700238339715952e+01,1.643025935190338032e+03
-6.986269099602909591e+02,1.600094066293335345e+03
-7.340686863458448670e+02,1.640189044536741221e+03
3.001927875368013474e+02,1.810614664106409236e+03
5.095017741011802173e+02,1.995719206143797464e+03
-2.265598491491059576e+02,1.576175268504001451e+03
4.691795574137107678e+02,1.988324080958799414e+03
3.417494087781967096e+02,1.935804597679887593e+03
-7.007459432991805670e+02,1.541252599365527203e+03
-1.102566273696333781e+02,1.657402889756430113e+03
3.020900453260489940e+02,1.931731093321442359e+03
-6.527239502150125645e+02,1.517316494383062263e+03
4.271367401924061369e+02,1.992400726484103643e+03
-8.117144856453443253e+02,1.697520988296781070e+03
4.285579567592938588e+02,1.963995554532318920e+03
3.530733196657953954e+02,1.820528807779703811e+03
-7.329035751911007992e+02,1.640940130581142739e+03
-8.085158483588656964e+02,1.721842840028863293e+03
-6.995313512989027913e+02,1.657955114898620423e+03
-7.754316361208276476e+02,1.698913188097695866e+03
4.357848710443104778e+02,1.966202161214041780e+03
-5.718594141825556108e+02,1.631356173509905375e+03
4.693729600506637212e+02,1.990704581242003087e+03
3.912205958114449231e+02,1.672334956846497789e+03
-6.067218969762318466e+02,1.729417081052498361e+03
3.091080803560539607e+02,1.946995309818296619e+03
-7.017575409176652101e+02,1.660279608958074050e+03
-5.201650581630567558e+02,1.701022336907037015e+03
4.673465920031639484e+02,1.932304240954342959e+03
3.455137863397669094e+02,1.927612611529737478e+03
-6.424569549985541528e+01,7.979419903728089025e+01
1.028908192736982272e+02,1.811123651235695320e+01
3.960998331247458282e+02,1.636228443891354800e+03
-6.892720686775849970e+01,1.454546525808917295e+03
-1.597607908376474484e+02,5.188034191917768112e+02
-1.990285601093254400e+02,4.591216327120453116e+02
4.257122042327132476e+02,1.750106118709598604e+03
-8.138794659018554967e+02,1.638748733040758225e+03
1.000377052134451503e+02,2.003511451627065298e+03
1.819598170332039899e+01,1.972363883034743594e+03
3.940932955837087093e+02,1.994894556943023645e+03
3.014257592422795824e+02,1.931183432758551589e+03
-6.993398310304262395e+02,1.784413466455758453e+03
-1.924244261301394090e+02,6.455841315592847423e+02
-6.595943757319614633e+02,1.609816429429723939e+03
-6.508444086270333173e+02,1.638358111795596187e+03
-8.231650270426969200e+02,1.628468835202672381e+03
-3.954786846866389851e+02,1.485131007674379362e+03
-3.979768571759765337e+02,1.572081732471070609e+03
2.955847616489843404e+02,1.930975048220691406e+03
-7.038470758743892475e+01,1.824159486915679281e+03
-1.547584645661731031e+02,1.809281568586921367e+03
5.500947018901825913e+02,1.929445265726578100e+03
5.938562138783285036e+02,2.029406419279680222e+03
-5.707240183757503473e+02,1.817213198506084836e+03
3.082089824206970547e+02,1.672085249087305328e+03
3.408199812865831859e+02,1.754131577451873454e+03
-7.337524165051722491e+01,4.085042184432178658e+01
-3.284167804495488951e+01,4.003322140717744304e+01
-6.519916963863965975e+02,1.851252041706713044e+03
-2.383090938637225236e+02,1.753091627815109860e+03
-7.316402431835720108e+02,1.699105246321225422e+03
-7.275964912916585092e+01,1.811880258523139673e+03
-5.723725986252325129e+02,1.784894057589714293e+03
-6.470565544903572572e+02,1.790678072572216252e+03
5.922268763468628094e+02,2.022612766063275558e+03
6.348063294074714804e+02,1.962883217378460586e+03
-6.489347935682383195e+02,1.821783119916214218e+03
5.149160296873488960e+02,1.966539563299747897e+03
6.352944462958922713e+02,1.963181209361843230e+03
-6.968741114160623056e+02,1.778056518622636077e+03
-6.566925187726121749e+02,1.812567280240283026e+03
3.489750581802686611e+02,2.000962078148963428e+03
-6.984570713487245541e+01,1.793683661895252499e+03
-5.736102530918706179e+02,1.755919117510623437e+03
-1.319037344842937955e+03,6.446073602475053121e+02
-1.327710887511334931e+03,6.446651169069979233e+02
5.558917571720412525e+02,1.064647328215902462e+03
5.086194246303139153e+02,1.124146748814775492e+03
-1.024588859366224824e+03,-4.301592018586176209e+02
-9.811820033765255857e+02,-5.029247455054871239e+02
4.758327244257117741e+02,1.970774296231314793e+03
4.719831789236435498e+02,2.001257841605587146e+03
2.994767518815654057e+02,1.935754306022422043e+03
-5.292812340771037043e+02,1.848057172890052016e+03
-6.545929546127457570e+02,1.784194217723302927e+03
5.105477813108574878e+02,1.782535753006657615e+03
-1.494301733387531215e+02,1.749558984051879634e+03
5.238206694009057856e+02,1.934952286435178621e+03
5.143082410287807988e+02,1.663921334686524006e+03
4.290877109516969199e+02,1.635797405800349225e+03
5.565557916242219108e+02,1.971812702890240416e+03
5.213990469261970020e+02,1.995896908108660455e+03
5.072867729885190329e+02,2.024872947409508470e+03
-1.276758320152327315e+03,7.100095442325671229e+02
5.534780878036459626e+02,1.931920274976413111e+03
5.581987080710676992e+02,1.973883282931501753e+03
2.304839137597792842e+02,1.458203408061654727e+03
2.189462408954223065e+02,1.457157609165905797e+03
4.305657460270387560e+02,1.639778517128857402e+03
4.356452094145576552e+02,1.644148331888021858e+03
5.605163184454302154e+02,2.003580681085830065e+03
-9.401191497852452130e+02,-3.983487835024517381e+02
-9.461645241302111344e+02,-4.347888702607762070e+02
-4.835193097222544907e+02,1.789166349094895622e+03
6.891547696892542945e+02,1.790126616843244619e+03
-8.595877708143972313e+02,1.762796320806535732e+03
-6.069076231905885379e+02,1.817865132255869867e+03
-5.254113411848205715e+02,1.821012347584872032e+03
-6.891015984782012538e+02,1.792574296916942558e+03
-1.068219882711017135e+03,-3.148214942307461115e+02
-1.075362865209554911e+03,-2.888497862529284816e+02
-1.069702817078962426e+03,-3.111266468553521918e+02
-3.993293316389700749e+02,1.794924137128578423e+03
-8.189202606341846149e+02,1.732033980299327595e+03
-5.277395011965244294e+02,1.730891837384332575e+03
-1.507921244271446710e+02,9.435823602556938567e+02
-1.511340498932286209e+02,9.446613579763628650e+02
-1.575545417812969049e+02,9.699020373360583562e+02
-6.162335203003727884e+02,1.810165845380951623e+03
-8.246976547981051908e+02,1.780684744808239429e+03
-6.181488100089871978e+02,1.781781786393127504e+03
-4.895250848886087169e+02,1.780243252100932295e+03
-8.554199028523139532e+02,1.759307066018105616e+03
-7.326949497582781987e+02,1.759888317529690084e+03
-5.256736637812495019e+02,1.818923750201923212e+03
-7.724227612353096220e+02,1.787746816974877447e+03
-6.469523479619930413e+02,1.789196524331493947e+03
-3.621499410629434692e+02,1.755253371685510274e+03
6.431113585293692267e+02,1.757649319057101593e+03
7.243702577890210250e+02,1.756717193549807462e+03
-8.214112083152126615e+02,1.785514693466832341e+03
-5.282945941022289844e+02,1.787626773882183215e+03
-3.592679240089482846e+02,1.760150581272885347e+03
-7.380157195808461665e+02,1.786033184206016813e+03
-7.013848434967212597e+02,1.780578456806046461e+03
-5.722966980027738373e+02,1.784088649695780532e+03
8.546196383828856824e+02,1.089900621694216625e+03
8.133163654880870581e+02,1.092465270632620332e+03
8.032771742522509157e+02,1.062320468522906822e+03
-1.037604714579966867e+03,-3.172752647829542525e+02
-1.068434601147778721e+03,-3.059416058266237997e+02
-1.013170271476999233e+03,7.664326242283881356e+02
-9.815459329363014831e+02,7.472880765229421058e+02
-9.793613244208569313e+02,7.292796288809802263e+02
-1.124501118788261010e+03,2.832619268783833490e+02
-1.145666934686272498e+03,3.148373376748562578e+02
5.214180653137905210e+02,2.025266547674463027e+03
5.194672836221013767e+02,2.036495761662613631e+03
4.666188767840992568e+02,1.999179705511031671e+03
4.720892099614704307e+02,1.991901519123288836e+03
