-7.010260999999999854e+01,4.413365999999999900e+01
-7.009102647303969036e+01,4.415550710938587287e+01
-7.009135999999999456e+01,4.415579999999999927e+01
-7.009664576857898055e+01,4.413957424386487816e+01
-7.008913587572551762e+01,4.415576877663411182e+01
-7.008839288909176446e+01,4.415550007355698625e+01
-7.010026549874783086e+01,4.413329777710591628e+01
-7.010231506756095143e+01,4.413252204729947437e+01
-7.008835999999999444e+01,4.415552999999999884e+01
-7.009289615780571125e+01,4.415576917194974982e+01
-7.008839076805969626e+01,4.415603941902749341e+01
-7.009435999999999467e+01,4.412069999999999936e+01
-7.008874000000000137e+01,4.415606999999999971e+01
-7.009101490802569856e+01,4.415550175529075716e+01
-7.010120975335577498e+01,4.413465741843531021e+01
-7.010035999999999490e+01,4.413365999999999900e+01
-7.010160883264244092e+01,4.413277391569595665e+01
-7.008986000000000161e+01,4.415552999999999884e+01
-7.008799000000000490e+01,4.415579999999999927e+01
-7.009334157639663943e+01,4.415627668629964120e+01
-7.009139795280708540e+01,4.415550887296679861e+01
-7.009063740445363067e+01,4.415631799495707810e+01
-7.008988676308472066e+01,4.415577962326850781e+01
-7.009101215208731617e+01,4.415900796387799687e+01
-7.009139454745982789e+01,4.415549227534197030e+01
-7.009211000000000524e+01,4.415552999999999884e+01
-7.009632865443933269e+01,4.414086137431078072e+01
-7.008799000000000490e+01,4.415552999999999884e+01
-7.010148999999999830e+01,4.413392999999999944e+01
-7.009539230820504940e+01,4.412061704699817710e+01
-7.009174000000000149e+01,4.415552999999999884e+01
-7.009181058294424815e+01,4.415574025442998618e+01
-7.008946783720350027e+01,4.415596229253803529e+01
-7.010118870892742393e+01,4.413442065760248312e+01
-7.009135999999999456e+01,4.415552999999999884e+01
-7.009474000000000160e+01,4.414094999999999658e+01
-7.009187519923240473e+01,4.415573679144381458e+01
-7.009141629247797312e+01,4.415520639358521038e+01
-7.009369210740065625e+01,4.412118951713257076e+01
-7.009556987493650126e+01,4.414032524534556501e+01
-7.009134175758433116e+01,4.415568995289714849e+01
-7.009551252987216685e+01,4.412040956004969416e+01
-7.008946255556546134e+01,4.415572200240107748e+01
-7.009103030535212042e+01,4.415549056277350104e+01
-7.009139155983247349e+01,4.415576174718123781e+01
-7.009099000000000501e+01,4.415606999999999971e+01
-7.008835999999999444e+01,4.415552999999999884e+01
-7.008902060318804672e+01,4.415545042106993634e+01
-7.008911000000000513e+01,4.415579999999999927e+01
-7.008835999999999444e+01,4.415634000000000015e+01
-7.009138945910549978e+01,4.415576600862446099e+01
-7.009659267072932209e+01,4.414029607268325606e+01
-7.009476637172853941e+01,4.414037109629234124e+01
-7.009507788387290361e+01,4.414006291479761046e+01
-7.008917956631387369e+01,4.415520670849278417e+01
-7.008840187678104883e+01,4.415604811988171718e+01
-7.008874000000000137e+01,4.415552999999999884e+01
-7.009589873915517444e+01,4.414092137700080798e+01
-7.009524269707495137e+01,4.414035385472248407e+01
-7.009099000000000501e+01,4.415930999999999784e+01
-7.009023999999999432e+01,4.415957999999999828e+01
-7.009138667115793453e+01,4.415550722792162475e+01
-7.009060999999999808e+01,4.415525999999999840e+01
-7.009108561697996720e+01,4.415573452040361957e+01
-7.008764343545574604e+01,4.415603437705117074e+01
-7.008952620402332911e+01,4.415549974105655906e+01
-7.009174000000000149e+01,4.415525999999999840e+01
-7.008799000000000490e+01,4.415606999999999971e+01
-7.008839741799064882e+01,4.415576184989075159e+01
-7.009586000000000183e+01,4.414041000000000281e+01
-7.008881346098411314e+01,4.415602050448927685e+01
-7.009180492416574282e+01,4.415601904849821580e+01
-7.009144811698722322e+01,4.415543924521994512e+01
-7.009248999999999796e+01,4.415579999999999927e+01
-7.009248999999999796e+01,4.415525999999999840e+01
-7.009211000000000524e+01,4.415579999999999927e+01
-7.009144488926770578e+01,4.415600181511211275e+01
-7.008881020285289765e+01,4.415601891981339122e+01
-7.008764565140326397e+01,4.415631848635443646e+01
-7.008874000000000137e+01,4.415634000000000015e+01
-7.008727131115588804e+01,4.415630354960357096e+01
-7.008799000000000490e+01,4.415661000000000058e+01
-7.008799000000000490e+01,4.415634000000000015e+01
-7.008838206351235556e+01,4.415576225313838421e+01
-7.008806809542140570e+01,4.415600885961539035e+01
-7.008838557971326111e+01,4.415549377618044957e+01
-7.008911000000000513e+01,4.415606999999999971e+01
-7.008839103462487685e+01,4.415550116110111389e+01
-7.008838249804445297e+01,4.415577000437313870e+01
-7.009138984078127521e+01,4.415550333913740388e+01
-7.008909926705393900e+01,4.415570199482662872e+01
-7.008909270422412874e+01,4.415515126467413154e+01
-7.008835999999999444e+01,4.415634000000000015e+01
-7.008843079831632394e+01,4.415602272427099706e+01
-7.008843864366581045e+01,4.415520911245978652e+01
-7.009447852115211219e+01,4.412035492096001832e+01
-7.008952292550584673e+01,4.415604303303947376e+01
-7.009323999999999444e+01,4.415634000000000015e+01
-7.008846517471258153e+01,4.415572886713545131e+01
-7.008988393709645948e+01,4.415604652476930170e+01
-7.008986000000000161e+01,4.415606999999999971e+01
-7.009401219634077052e+01,4.412148055502186139e+01
-7.009135999999999456e+01,4.415606999999999971e+01
-7.009207588717771387e+01,4.415570859524328284e+01
-7.009626216049429104e+01,4.414091492213260892e+01
-7.010113819816334058e+01,4.413579034018626146e+01
-7.009035429842366227e+01,4.415924532421976068e+01
-7.008988835070169898e+01,4.415927292035706131e+01
-7.008948999999999785e+01,4.416011999999999915e+01
-7.008874000000000137e+01,4.415634000000000015e+01
-7.008835999999999444e+01,4.415552999999999884e+01
-7.008839979146976873e+01,4.415549027827219675e+01
-7.008845426214847407e+01,4.415545106763417493e+01
-7.008922625670497553e+01,4.415518597359280761e+01
-7.009142181508330793e+01,4.415494476819718273e+01
-7.008921325809365044e+01,4.415572437800084771e+01
-7.008835999999999444e+01,4.415552999999999884e+01
-7.008841198109277570e+01,4.415547945378870764e+01
-7.008922705640665640e+01,4.415599323213437088e+01
-7.008948999999999785e+01,4.415634000000000015e+01
-7.008948999999999785e+01,4.415552999999999884e+01
-7.010157507113879660e+01,4.413277106533893601e+01
-7.008835999999999444e+01,4.415552999999999884e+01
-7.008881579943222562e+01,4.415602523243286726e+01
-7.009474000000000160e+01,4.413987000000000194e+01
-7.009211000000000524e+01,4.415579999999999927e+01
-7.009174000000000149e+01,4.415579999999999927e+01
-7.009143633041887256e+01,4.415573806089739861e+01
-7.008948999999999785e+01,4.415552999999999884e+01
-7.008874000000000137e+01,4.415552999999999884e+01
-7.009139769284321630e+01,4.415576325631420929e+01
-7.009135999999999456e+01,4.415525999999999840e+01
-7.009138526274610115e+01,4.415495842098005141e+01
-7.010118950888106326e+01,4.413519402096629562e+01
-7.008839042826365073e+01,4.415631542797397913e+01
-7.008864245638072532e+01,4.415572438833902424e+01
-7.010260999999999854e+01,4.413257999999999726e+01
-7.009057445512168272e+01,4.415947393218777961e+01
-7.008988400753705150e+01,4.415955702968741292e+01
-7.009143104607527164e+01,4.415601045801738422e+01
-7.008805285671598995e+01,4.415601152837231069e+01
-7.008877761147552121e+01,4.415576684826937282e+01
-7.008948999999999785e+01,4.415606999999999971e+01
-7.008799000000000490e+01,4.415579999999999927e+01
-7.008914663277323598e+01,4.415576395468083604e+01
-7.008874000000000137e+01,4.415606999999999971e+01
-7.009135999999999456e+01,4.415552999999999884e+01
-7.009145349643299028e+01,4.415573477574992722e+01
-7.008760999999999797e+01,4.415579999999999927e+01
-7.009548999999999808e+01,4.413933000000000106e+01
-7.009548999999999808e+01,4.413987000000000194e+01
-7.008835999999999444e+01,4.415579999999999927e+01
-7.009213224693759514e+01,4.415604225514108094e+01
-7.010231293997017588e+01,4.413384979258678698e+01
-7.010260999999999854e+01,4.413392999999999944e+01
-7.009023999999999432e+01,4.415957999999999828e+01
-7.008944790092249377e+01,4.415948296880561941e+01
-7.008839031558513000e+01,4.415550763185642325e+01
-7.009101352701475207e+01,4.415523356005211042e+01
-7.009102556524719319e+01,4.415549154066853532e+01
-7.008877153119135528e+01,4.415657251157867336e+01
-7.010162182002432019e+01,4.413521985478377729e+01
-7.010111000000000558e+01,4.413555000000000206e+01
-7.009292796125919267e+01,4.415545297460757013e+01
-7.009213711715283068e+01,4.415576338749151120e+01
-7.008763708220880062e+01,4.415630908168640190e+01
-7.008763928548819422e+01,4.415658894853877570e+01
-7.009222287266094042e+01,4.415544632969000105e+01
-7.009174000000000149e+01,4.415579999999999927e+01
-7.009185712756958253e+01,4.415545790074462928e+01
-7.008874000000000137e+01,4.415579999999999927e+01
-7.008802332390474987e+01,4.415576727350835284e+01
-7.009588770879814490e+01,4.413956405300096009e+01
-7.009558523987443834e+01,4.413953200400736421e+01
-7.009548999999999808e+01,4.413987000000000194e+01
-7.009144890674531325e+01,4.415573110258118561e+01
-7.008986000000000161e+01,4.415552999999999884e+01
-7.009449250041440393e+01,4.412090325498976284e+01
-7.008840051488174083e+01,4.415631880202865744e+01
-7.008911000000000513e+01,4.415634000000000015e+01
-7.008807108614341530e+01,4.415626827290537193e+01
-7.008918660881832352e+01,4.415542608748122433e+01
-7.008920567461798612e+01,4.415597221275432105e+01
-7.008954999744824477e+01,4.415548258414618488e+01
-7.008842381377533570e+01,4.415549056339693124e+01
-7.008844054118574718e+01,4.415519198757575481e+01
-7.008807446929229457e+01,4.415545745445978554e+01
-7.008764706949675372e+01,4.415550985614108015e+01
-7.008835999999999444e+01,4.415552999999999884e+01
-7.008848255422218188e+01,4.415546603020161598e+01
-7.008993269150654726e+01,4.415951371057183650e+01
-7.008805835986606780e+01,4.415493964929531501e+01
-7.009352267837789441e+01,4.414060693257531653e+01
-7.009183224919395627e+01,4.412062219300766230e+01
-7.008764553915547424e+01,4.415603204839914042e+01
-7.008808748379789222e+01,4.415653190319721944e+01
-7.008835999999999444e+01,4.415634000000000015e+01
-7.010077741269887497e+01,4.413579197575995750e+01
-7.010116939350253062e+01,4.413577568903409087e+01
-7.010189315364065976e+01,4.413578752649637238e+01
-7.010310183292763497e+01,4.413224885472035908e+01
-7.010301271079202934e+01,4.413255707079807166e+01
-7.010303093916232342e+01,4.413255498296047108e+01
-7.009289812683520893e+01,4.415496522198818496e+01
-7.010111000000000558e+01,4.413960000000000150e+01
-7.009174000000000149e+01,4.412178000000000111e+01
-7.008769558287158929e+01,4.415546517940928339e+01
-7.009710733826001672e+01,4.415302115423989449e+01
-7.010148999999999830e+01,4.414256999999999920e+01
-7.008807189105426971e+01,4.415544026467516403e+01
-7.008883150773574755e+01,4.415545046737737778e+01
-7.008884277426865594e+01,4.415545820009692335e+01
-7.008808147196184279e+01,4.415517134716277070e+01
-7.008884825384450323e+01,4.415626567483359821e+01
-7.008835999999999444e+01,4.415606999999999971e+01
-7.009026636355706330e+01,4.415550189281118776e+01
-7.010301400116671289e+01,4.413254335917739013e+01
-7.008846491196050010e+01,4.415545904981531322e+01
-7.008843568563703741e+01,4.415546874754726758e+01
-7.009286119789705083e+01,4.415566388700064238e+01
-7.009590407142874824e+01,4.413984980466923957e+01
-7.010128988641197623e+01,4.413580252268753412e+01
