date:2016-07-26, time:0200, wind_speed:0.5, wind_dir:127.0, temp:19.8
-68.912961 -28.457260
-47.356602 1.778279
31.128707 121.611670
54.691769 106.906213
-110.567223 -253.613025
26.853684 121.712817
18.684313 118.516530
-90.493738 -28.211674
-78.120540 -31.347013
68.630407 103.562418
21.347936 121.928029
35.290089 118.649913
68.812657 103.501806
-65.324260 4.784779
-28.701007 113.096019
-110.669701 -253.485543
97.857692 103.592090
-39.547868 61.491264
55.788137 106.802543
51.782340 109.754682
-127.270623 58.597672
-123.520085 58.724685
-56.496750 145.854952
-73.444226 -40.303526
-123.296429 -16.295125
-15.911075 49.892303
47.866080 109.623166
47.856054 109.589920
-48.057378 112.552741
-111.033490 -253.387065
-110.682362 -253.549253
-110.900398 -253.405757
-139.898887 82.749871
-123.640809 13.765295
-106.370174 -256.446505
-110.620760 -253.459558
-110.953303 -253.381675
-65.475977 112.819270
-110.502679 -253.501637
-110.515891 -253.572120
-107.779539 -255.965209
-110.515502 -253.445300
-106.457900 -256.481316
-110.443833 -253.527182
-106.447638 -256.402009
-106.490187 -256.338463
-106.353051 -256.453499
-106.480464 -256.462584
-106.482994 -256.320535
-110.454550 -253.587801
-106.516282 -256.280184
-106.367826 -256.568946
-94.082019 85.709673
-53.067375 61.754781
-106.371073 -256.474275
-106.332414 -256.442135
-110.610365 -253.436154
14.679364 118.831255
-119.933452 103.773790
-78.759452 -37.105187
-111.988341 -252.987349
-110.577745 -253.486177
33.745702 118.895686
34.011457 119.050074
-23.686156 97.725732
-98.197442 112.636155
35.328996 178.539872
47.800156 187.622376
-60.595896 64.627743
-77.388965 190.616893
-152.373247 64.749983
-112.123851 146.037787
-106.587998 133.858690
-119.024307 31.595670
-106.332610 -250.452650
-106.353239 40.476999
-85.526673 136.523377
31.247675 175.519878
