date:2016-09-20, time:1800, wind_speed:3.41, wind_dir:183.0, temp:21.5
-1.070688024609710851e+02 -5.848151917452334203e+01
-1.949895871328167019e+01 1.154738022420131927e+02
-1.112899491519927011e+02 -8.555220454656085849e+01
3.393515118678796227e+01 1.181973889493712875e+02
3.407189885568240584e+01 1.183187494301618017e+02
-9.863429322141215039e+01 -1.456819632485895681e+02
-1.152991234117161952e+02 -5.264047906684064770e+01
-1.445424634229337357e+02 -2.259375310852113827e+01
-1.437962504685867771e+02 -2.853132623253244304e+01
-1.279340692046218635e+02 -4.346814106348796969e+01
-8.956041846858681765e+01 1.647996876746136508e+01
-1.201581313522490433e+02 7.334599247559173918e+00
-1.068839125121532447e+02 1.333017120003246703e+01
-1.312375434685489211e+02 1.047846276745166172e+01
-6.455414346854639973e+01 7.649502876747942537e+01
-1.111129306790657125e+02 -1.663423174085984613e+01
-1.160847737190123183e+02 -5.275664501067149104e+01
-1.287436060380512117e+02 -4.367756393902619294e+01
-1.459639520434277244e+02 4.313999406273207882e+00
-1.744433206299201800e+02 2.238050009358099857e+01
-1.161862830363899235e+02 -5.268722267183920849e+01
-1.688025254686272092e+02 1.948072176746621764e+01
3.475865341529796382e+01 1.184075761147767594e+02
-4.094362761034982157e+01 5.554340044117195418e+01
-1.521316754687055379e+02 -1.052680823250333297e+01
-1.746010805216940582e+02 2.234718394408807640e+01
-5.210657546870175594e+01 3.148373376748562436e+01
-1.688025254686272092e+02 1.948072176746621764e+01
-1.229021184685880854e+02 4.476956767520926306e+00
-1.653779574544519164e+02 7.382990892581806186e+00
-8.265431556307045469e+01 1.035706960391527964e+01
-1.362889183412625584e+02 3.149344810760601376e+01
-1.743227118645246776e+02 5.245480345779922260e+01
-1.286698876807263616e+02 6.749128678893745814e+01
-1.812500934686297853e+02 4.348674576750502752e+01
-1.153993957422674868e+02 -5.257762084139240955e+01
-1.242915814882514525e+02 -3.783887123117821716e+01
-1.729146684685110245e+02 6.749276976746487833e+01
-1.361442916115039452e+02 4.651234879199625283e+01
-1.652307620548795910e+02 5.849570283575980767e+01
-5.284748147741611035e+01 4.950583506204552009e+01
-1.354608254686259272e+02 7.649502876747942537e+01
-1.271254004686651058e+02 7.649502876747942537e+01
-1.187899754687042844e+02 7.949578176748428859e+01
-1.536769575984483538e+02 7.053892019645658706e+01
-1.495326114645037308e+02 6.131665383659202462e+01
-1.486869351345022210e+02 7.351108192964505861e+01
-1.570741464404173655e+02 6.151690658093449571e+01
-1.729146684685110245e+02 5.849051076745031708e+01
-1.619715351482997505e+02 6.436754723208440510e+01
-1.286509876762061140e+02 7.030583660737740104e+01
-1.411117436611950211e+02 8.247212016343075902e+01
-1.111728988713442732e+02 5.853433677151399905e+01
-6.276266170218866591e+01 1.329984729100761420e+01
-1.502600715827131239e+02 6.114714842141383855e+01
-1.521316754687055379e+02 -7.526055232577449239e+00
-1.703485814348007636e+02 1.927482993146975332e+01
-1.437962504685867771e+02 7.349427576747457636e+01
-1.445235752054857414e+02 7.046788844450135514e+01
-1.327439473658272391e+02 7.327883248191734822e+01
-1.319674288351108942e+02 9.148894208527234184e+01
-8.611193616798664152e+01 6.454470867184794258e+01
-1.028608387448259975e+02 7.644315765299468524e+01
-1.286174848218643376e+02 4.940676907368582960e+01
-7.022190834157382255e+01 1.333679315497794704e+01
-1.002138786102609345e+02 1.622311092880671524e+01
-1.604671004686663593e+02 4.476956767520926306e+00
-1.570674278779449082e+02 8.849382066602109376e+01
-1.410973259641654352e+02 7.953940846285040323e+01
-1.328394482667620196e+02 1.154107714976299235e+02
-1.145666934686272498e+02 -7.654337423253110728e+01
-1.021191254686246737e+02 6.449201676753899903e+01
-1.702895482310098600e+02 1.957256857650636661e+01
3.547095653145739647e+01 1.185055707674683845e+02
3.407705113514077055e+01 1.185202229518358905e+02
-7.437737049280745794e+01 1.155919554217688017e+02
2.209329964453973005e+01 1.305093542487468312e+02
-1.104545504685855093e+02 1.155048177674635355e+02
1.290387825807317812e+00 1.214173052473139194e+02
-1.361736431315287348e+02 1.153659422006762156e+02
-1.485693021108955918e+02 1.093783544938919903e+02
-1.402557529911753136e+02 1.649989984695872280e+01
-1.377429096470643799e+02 1.152047189332453030e+02
-1.195306913040929544e+02 7.049834381718412146e+01
-1.194657923764364540e+02 4.947386693596529739e+01
-1.076636339584395472e+02 1.213080795445201971e+02
-1.070006157843389616e+02 1.244130854669451196e+02
-1.335854554468238291e+02 7.622394580720018098e+01
-1.653832773026729797e+02 6.739849049956988836e+01
-1.243673010861020742e+02 6.445131780514749664e+01
-1.194998510907904716e+02 5.851455083050095851e+01
-1.120457904994334228e+02 8.239961917939940861e+01
-9.030395977784807826e+01 7.647297213997001109e+01
-1.737663849636557529e+02 5.536371770281316174e+01
-1.695127059295673178e+02 8.251879157764614092e+01
-6.944394425850738628e+01 4.039257039966715723e+01
-1.111118334247422723e+02 1.354539745600958511e+01
-1.870580655496573002e+02 2.849329491291934247e+01
6.877742546846548066e+01 2.085765062325076826e+02
6.651937815246374441e+01 2.233230322252375117e+02
5.959590492488489133e+01 2.116376140545326621e+02
8.467889425811033277e+01 2.115365640469718187e+02
9.652864550703841928e+01 2.024043507554586654e+02
-8.623326403418155905e+01 2.233349547563332749e+01
-1.077934713007841339e+02 1.655545651190640299e+01
-1.021191254686246737e+02 2.848298076748077179e+01
7.900636275488690785e+01 2.053484642711744641e+02
7.076429958345836724e+01 2.053988513046454614e+02
8.394885360767852944e+01 2.054754232912954706e+02
8.128056296832775729e+01 2.145780122324383967e+02
9.313476078511028788e+01 2.086302157837454843e+02
6.715180077725700869e+01 2.114868030163929404e+02
6.390432953757173351e+01 1.994382826822836705e+02
-1.195385271548526731e+02 1.035522343025250791e+01
-1.187899754687042844e+02 7.477709767446809153e+00
-1.236025379011922922e+02 1.334765394932559524e+01
8.544827546838713772e+01 2.175787652324432599e+02
5.144696944977435038e+01 2.085276186257031270e+02
8.062748758189874820e+01 2.116137886977938933e+02
8.043868510657530635e+01 2.206427096907682142e+02
8.544827546838713772e+01 2.085765062325076826e+02
-1.479083934686285318e+02 6.449201676753899903e+01
-1.521316754687055379e+02 7.649502876747942537e+01
-1.325967852884918159e+02 7.950138707122113146e+01
-1.120078306086315365e+02 6.758581383497048023e+01
-1.575368526976703549e+02 4.934441427448612671e+01
8.883895636391676476e+01 2.024260220021213570e+02
8.824848764344594088e+01 2.053342668486405387e+02
-1.702813018101058162e+02 1.919663371371501270e+01
8.126022453130329382e+01 1.935243957675107254e+02
6.877742546846548066e+01 2.145780122324383967e+02
8.959564953142206889e+01 1.995259017675204234e+02
1.062664995313437259e+02 1.875228897674220434e+02
1.014328905678902544e+02 2.205153337723213269e+02
6.797835040403474238e+01 2.116236019643662303e+02
8.961598796844651815e+01 2.055757532325028194e+02
8.874066600229424751e+01 1.965543835913240400e+02
9.381893153149908926e+01 1.935243957675107254e+02
8.408739697624594100e+01 1.994629427042543455e+02
9.378370046834797336e+01 2.205795182324481232e+02
3.410803933178613079e+01 1.182930004734107428e+02
-1.812500934686297853e+02 3.448448676749047337e+01
-1.036768434259692526e+02 7.625784813930442851e+01
-1.521316754687055379e+02 7.949578176748428859e+01
-1.152930368221139616e+02 1.273650346788782883e+02
-1.444840957538419275e+02 -2.866318392005927862e+01
-1.419451367898415697e+02 7.916420146815579528e+01
8.882863011189733982e+01 1.845042328565772607e+02
-1.327213174744835840e+02 7.629218149594781551e+01
-1.285518841661165936e+02 8.238931019190063409e+01
8.959564953142206889e+01 1.995259017675204234e+02
6.806053506057180869e+01 1.874405567630211635e+02
6.458937453138163676e+01 1.815213837674913009e+02
7.568463729581846167e+01 1.874481500238277647e+02
1.055290567377424082e+02 1.933938911383026493e+02
4.647116612760356702e+01 1.094132469003427843e+02
4.791852453130203315e+01 1.095033117675327929e+02
7.558403288810676202e+01 1.904486598133410666e+02
6.807586733891771757e+01 1.875244047127622764e+02
8.126022453130329382e+01 1.905236427674268782e+02
1.104897815314207463e+02 1.905236427674268782e+02
5.852545860532841004e+01 1.992959539540858316e+02
9.297610215367713238e+01 1.785722330004710443e+02
-1.786831042695846463e+02 6.444021368959373319e+01
-1.486091437401590838e+02 7.345067486157054759e+01
9.645020687827435779e+01 2.054518152129681425e+02
1.021543565314599249e+02 1.935243957675107254e+02
5.910824869996758935e+01 1.844799772563028455e+02
-1.437962504685867771e+02 7.649502876747942537e+01
-1.292820145744614706e+02 7.625351017468533144e+01
8.736418585698760353e+01 1.992250274960906324e+02
-1.744702827824251870e+02 2.532948121937587871e+01
-6.178350229523816495e+01 9.151114351035687378e+01
5.895719169263291803e+01 1.844355045890800398e+02
6.308217899442531973e+01 1.873126363497818261e+02
9.235103400351661662e+01 1.843902640475077135e+02
9.636763092824396892e+01 1.933364430406578265e+02
-1.278339035962641219e+02 1.125270154046996112e+02
-1.354608254686259272e+02 1.095033117675327929e+02
-1.145666934686272498e+02 1.125040647674586864e+02
8.959564953142206889e+01 1.935243957675107254e+02
1.008348987197795026e+02 1.934632072364944122e+02
1.055248899643523828e+02 1.935230647324640358e+02
9.300326946498287839e+01 1.995166837477012507e+02
9.313620776727324824e+01 1.995727694284889822e+02
8.060701527266159871e+01 1.934749849543791811e+02
7.294513796836692165e+01 2.055757532325028194e+02
1.012904078017166256e+02 2.054680788045050690e+02
-1.145666934686272498e+02 7.949578176748428859e+01
-1.368749950322456925e+02 7.333228700542520073e+01
7.714808153141949276e+01 1.935243957675107254e+02
1.021543565314599249e+02 1.905236427674268782e+02
8.468439110967955230e+01 2.025705086783680997e+02
6.458937453138163676e+01 1.965251487675155602e+02
9.234339894362378232e+01 2.024523905920453046e+02
1.089195917554008872e+02 1.933245063988267418e+02
-1.737066182705960671e+02 2.243409250763957274e+01
8.391291775780852902e+01 1.993480840763386084e+02
6.047723153149782860e+01 1.995259017675204234e+02
9.311405843567496277e+01 1.933876389326044034e+02
1.021543565314599249e+02 1.965251487675155602e+02
1.097132164260463298e+02 1.903731877100507575e+02
9.793107453138289031e+01 1.845221367674961641e+02
8.800872214299079133e+01 2.023214747724703102e+02
7.890955942250712951e+01 2.083231271061602854e+02
8.814047132346654223e+01 1.934966775740831793e+02
8.126022453130329382e+01 1.995259017675204234e+02
7.559065856028144026e+01 1.993538222563310001e+02
-1.487046987110164764e+02 6.747041690406436487e+01
-1.528829285360359052e+02 -1.653490691996436013e+01
3.386467489202405545e+01 1.182046038067959159e+02
-1.446208380086210923e+02 -2.863757926006186239e+01
-1.729146684685110245e+02 2.248147476747106666e+01
-1.326275642332147697e+02 1.933207810832823625e+01
8.959564953142206889e+01 1.875228897674220434e+02
8.548350653138031419e+01 1.965251487675155602e+02
8.468083551346089166e+01 1.995009684222007706e+02
9.793107453138289031e+01 1.935243957675107254e+02
9.644040399115166906e+01 1.904432215446943530e+02
8.475055562326282654e+01 1.964906609673115838e+02
7.714808153141949276e+01 1.965251487675155602e+02
1.014277995868617097e+02 1.994331029583307213e+02
8.548350653138031419e+01 2.025266547674463027e+02
1.213923783235172067e+02 2.113960059825861038e+02
1.188252065313815820e+02 1.995259017675204234e+02
1.097971464750491037e+02 2.085766472534688774e+02
8.483766431181452106e+01 2.024980192283922804e+02
9.247052870256042922e+01 1.964265280215123255e+02
9.378370046834797336e+01 2.055757532325028194e+02
7.631967975634168511e+01 2.025209055727775365e+02
7.138684133180936442e+01 1.844898329519761262e+02
6.809081957843346800e+01 1.995447519123507618e+02
-1.329001833245610555e+02 1.244492861164861637e+02
-1.241994154319878589e+02 1.152759292567152727e+02
8.387142990915148744e+01 1.963725059796394703e+02
-1.354608254686259272e+02 7.649502876747942537e+01
-1.127259373226315375e+02 8.217653037821564510e+01
8.387566044954255062e+01 1.932784122537537428e+02
-1.404103203094765604e+02 7.336403827084002671e+01
-1.076966145809319357e+02 2.832275426275560548e+01
7.714808153141949276e+01 1.875228897674220434e+02
1.007008614806519660e+02 1.993056088289629599e+02
8.479670129608810214e+01 1.964834578371006728e+02
9.226290681611837385e+01 1.904615542585962089e+02
-1.562438184685893532e+02 2.548222776747591922e+01
-1.204795027733285053e+02 1.305444920361524339e+02
-9.020793058877262638e+01 1.184872153788000873e+02
-8.610407481355369441e+01 1.064270825275250587e+02
-1.041071709808381058e+02 1.033323298351085811e+02
9.309895843803595028e+01 1.905050888066839434e+02
9.711859054721028883e+01 1.956813805375682023e+02
8.884546483234132097e+01 2.115976536033651030e+02
7.981859481844418269e+01 2.022175749953525781e+02
8.880966664803932531e+01 2.146102189949672550e+02
-1.395729684685097425e+02 5.849051076745031708e+01
8.126022453130329382e+01 1.875228897674220434e+02
6.378353308495291429e+01 1.965814930946301899e+02
-1.319674282685872129e+02 6.454438322911090609e+01
1.006531346476830322e+02 2.055867390627469149e+02
8.467634262759766273e+01 1.934303500244003828e+02
-1.702734873593158227e+02 1.936639235344481946e+01
1.096695707139951850e+02 1.964921493176268825e+02
9.643050457341783499e+01 2.054556475747159254e+02
-1.319737491437615517e+02 6.756332550789483093e+01
-1.378218949567989284e+02 1.243063884544827999e+02
1.181347545491022544e+02 2.054488342993409447e+02
1.055013480250182312e+02 1.994973193207526663e+02
-1.535484123072304499e+02 6.756423683529312996e+01
-1.570462570571822027e+02 6.740867439526215321e+01
-9.378370046866385223e+01 1.215063237674732335e+02
-8.122499346862599623e+01 1.125040647674586864e+02
1.048296377974712783e+02 1.992991994755683436e+02
9.987041360812422397e+01 1.903533711955540753e+02
1.088810675304223849e+02 1.964817516902582497e+02
-1.786739187939207341e+02 2.552993234571458459e+01
-1.354608254686259272e+02 7.949578176748428859e+01
-1.278202486198296413e+02 7.645469242738209914e+01
6.383691669626480802e+01 1.933771940542081609e+02
9.378370046834797336e+01 2.145780122324383967e+02
9.298428621164910624e+01 2.145986033219629974e+02
9.305781530237047150e+01 2.144408979017480874e+02
1.049416960356253554e+02 2.384813305534062238e+02
8.544827546838713772e+01 2.325825302324675192e+02
8.888263534829638957e+01 2.265715115214603372e+02
8.825558854006177967e+01 2.384603392568403990e+02
8.961598796844651815e+01 2.295817772324626560e+02
1.138676505283952878e+02 2.325031642484391909e+02
9.724693429166994463e+01 2.386502432185154419e+02
1.095974582690181336e+02 2.384481524013091018e+02
8.057921870217664662e+01 1.844504032798686808e+02
9.381893153149908926e+01 1.935243957675107254e+02
8.479173885575856673e+01 1.845426609198088101e+02
9.640173637393056083e+01 2.383904012401916361e+02
8.804475745495952310e+01 2.325704555423056377e+02
8.544827546838713772e+01 2.445855422324869153e+02
8.895889934159644952e+01 2.385874990228159618e+02
1.089524927943473216e+02 2.355217187921523134e+02
-1.320315654213814867e+02 7.047572393058219120e+01
-1.402668368721840011e+02 7.347218107153287292e+01
-1.202787453488675737e+02 6.737951089689444473e+01
8.475965358720816312e+01 2.235574992031314707e+02
-1.611320947002336652e+02 6.449219221606632857e+01
6.806587409731446314e+01 2.144627603875811701e+02
-1.404308547674818044e+02 1.274087995309206889e+02
1.014594473560459704e+02 1.934282430039393148e+02
9.381893153149908926e+01 1.995259017675204234e+02
-1.486585042342379950e+02 1.244803143809801469e+02
9.315252225062499747e+01 1.845644030453425728e+02
-9.789584346854765329e+01 1.185055707674683845e+02
-1.036491861782959347e+02 1.213224700559156162e+02
1.215899184561000794e+02 2.386579971660935655e+02
1.506088577182125618e+02 2.414026875891143220e+02
1.498477060013588869e+02 2.384053683334621212e+02
1.179558441466051164e+02 2.355334822232798331e+02
1.256399683774535561e+02 2.385087724291379061e+02
1.346188678639680916e+02 2.415833194762886365e+02
1.554753254213365494e+02 2.384474789937156629e+02
1.247516735822763394e+02 2.382304364397102745e+02
1.297251273666844327e+02 2.385613244081806386e+02
8.873987959526073155e+01 1.964957916530892703e+02
1.354608254684680162e+02 2.445855422324869153e+02
1.430626229533674802e+02 2.295285268768523963e+02
1.589041007984987459e+02 2.326475479338570267e+02
-1.479083934686285318e+02 7.049352276746972734e+01
-1.480374732206786348e+02 7.031176957453880050e+01
-1.479083934686285318e+02 7.349427576747457636e+01
-1.528497741378166950e+02 7.638740994424593111e+01
1.340450658074659316e+02 2.324088594592608672e+02
1.304670949039845880e+02 2.324579412420932556e+02
1.437962504684288376e+02 2.325825302324675192e+02
1.479639629683302928e+02 2.295817772324626560e+02
1.229576879684477859e+02 2.445855422324869153e+02
1.513652211618339152e+02 2.385316026147912964e+02
1.312931129684086216e+02 2.355832832324723825e+02
1.548812117575307923e+02 2.354598822461853729e+02
1.354608254684680162e+02 2.415847892324820805e+02
1.304295983344671583e+02 2.385717446675934639e+02
1.229576879684477859e+02 2.385840362324772173e+02
1.472545099556876664e+02 2.386456503971342897e+02
1.389064972966224047e+02 2.385421023531161211e+02
1.540767635414295853e+02 2.383368431597260440e+02
1.223093903338941431e+02 2.355332909605766645e+02
1.331537149849194179e+02 2.384205137028242802e+02
8.128056296832775729e+01 2.085765062325076826e+02
8.468873897448537491e+01 2.085941840942431611e+02
8.401800294938281866e+01 2.084256910971398611e+02
7.990966841980481661e+01 2.114664562160766081e+02
-1.029511368329279293e+02 1.214933272160000257e+02
-9.520190111133003086e+01 1.214552421928015633e+02
-9.457081269937533818e+01 1.214196176883580023e+02
3.468454245817441262e+01 1.184708418069662486e+02
3.479744544756118074e+01 1.213799546659084001e+02
1.187899754683884055e+02 2.355832832324723825e+02
1.305375361589356373e+02 2.326263479258326754e+02
1.471413002800460106e+02 2.294677921734663073e+02
1.554501354779092424e+02 2.324633737342359154e+02
1.422157688135460205e+02 2.415926904342821899e+02
1.437962504684288376e+02 2.385840362324772173e+02
1.172215796390874374e+02 2.354589110330338713e+02
1.180965276647123261e+02 2.295278965792307417e+02
8.392658972711026877e+01 2.175540098144091701e+02
8.056717103710494143e+01 2.175380772483234182e+02
7.972034394416910175e+01 2.173280633594026767e+02
1.499471790703013596e+02 2.443697398036941877e+02
1.479639629683302928e+02 2.415847892324820805e+02
1.104545504684275699e+02 2.325825302324675192e+02
1.312931129684086216e+02 2.295817772324626560e+02
1.340156133426202985e+02 2.445640636528332550e+02
1.421843290746335811e+02 2.384043393718536379e+02
1.296042891835244859e+02 2.293809701902729046e+02
1.437962504684288376e+02 2.265810242324578212e+02
1.247221571261576827e+02 2.442779724104698005e+02
1.382446466027215592e+02 2.414736512006858220e+02
1.258502124810150207e+02 2.415168526515704457e+02
1.548021710829398216e+02 2.384451521797591624e+02
1.422425831534391705e+02 2.443504515966855877e+02
1.507225140814225028e+02 2.446243346818644397e+02
1.381114087605557188e+02 2.354749729359841979e+02
1.215710528634311345e+02 2.323186811785962504e+02
1.513662766905123362e+02 2.444561184865370365e+02
1.256776664545605797e+02 2.385162756613256931e+02
1.304976102136714360e+02 2.355026950261374736e+02
1.422208475798061897e+02 2.385051811056811744e+02
1.296280894170627107e+02 2.444739119304730082e+02
1.514793420093839131e+02 2.414937517298297394e+02
1.464843998902015016e+02 2.415919335270696422e+02
1.547095842992220582e+02 2.295628939750581310e+02
1.347373166824511372e+02 2.416369125113594976e+02
1.512832269115811243e+02 2.384721196283997529e+02
1.388884394839492700e+02 2.325174561526543755e+02
1.513620136145736410e+02 2.326037990654579346e+02
1.221931141744387332e+02 2.296486513013084618e+02
1.262723615504389869e+02 2.414480118317557071e+02
1.479639629683302928e+02 2.385840362324772173e+02
1.383542510703384210e+02 2.325186807934657907e+02
1.054902959990022566e+02 2.294718563999122409e+02
1.096298407758132498e+02 2.295836819290314850e+02
1.263817156327559843e+02 2.416021692442788833e+02
1.430699535251867189e+02 2.384478135324190760e+02
1.555495235681430586e+02 2.385845510612189173e+02
1.262623877372651719e+02 2.326330274849587454e+02
1.554615549809971640e+02 2.355781523191849658e+02
1.381424270628722866e+02 2.415259347718845220e+02
1.431067488906512608e+02 2.415659328708164821e+02
1.223031504393854476e+02 2.384659847098428997e+02
1.296663888280120602e+02 2.384293039513116241e+02
1.422285317266771187e+02 2.384670424634731489e+02
-1.570756571456745974e+02 4.937700955490558385e+01
-1.620364040228784006e+02 4.940175710967954359e+01
-1.569881198556688560e+02 4.954057722434968980e+01
-1.513191073888557412e+02 1.564355184422598244e+00
-1.452466398538436181e+02 1.518985672796744568e+00
1.346537708044108967e+02 2.355886026184088564e+02
1.348016955063151272e+02 2.384453909570885060e+02
