date:2016-05-20, time:1000, wind_speed:1.91, wind_dir:317.0, temp:17.9
1.126165197519161666e+03 1.306154992047392398e+03
1.154912830398241795e+03 1.298299753652845993e+03
9.986059225299320588e+02 1.123462166129709431e+03
1.146019245314625095e+03 1.185055707674683845e+03
1.154151272065853846e+03 1.146252808618796962e+03
1.021543565314599164e+03 1.095033117674538289e+03
1.113749585225625196e+03 1.267399440583231353e+03
9.490673606985390052e+02 1.176126663892640181e+03
1.072223096383299662e+03 1.266602251022504561e+03
1.066621868876663711e+03 1.241443233737032187e+03
9.891042585055665768e+02 1.118370306386142374e+03
9.054815003112684053e+02 1.207720699207717871e+03
1.113493108746004737e+03 1.206365943273193579e+03
1.292915133862026096e+03 1.124842277081477050e+03
1.312727745313841524e+03 1.125040647674586808e+03
7.738891844295810643e+02 1.032700592535931946e+03
8.634368612717648830e+02 1.119062837162200140e+03
9.464581616597716902e+02 1.058051225939305368e+03
9.475399728590787163e+02 1.057559561230744293e+03
8.996119061761060038e+02 1.092573267719223622e+03
1.199838544813156204e+03 1.356266109149354861e+03
4.428543374401597816e+02 -2.872996122855725389e+03
1.031260211590653853e+03 1.147634439262021260e+03
1.031673484414576478e+03 1.537740902080633532e+03
7.777406835254337238e+02 1.030826872289023868e+03
8.548350653138031703e+02 1.455123477675120512e+03
1.030481306854652757e+03 1.565157602325574999e+03
1.146019245314625095e+03 1.515138537674427880e+03
1.167723615319728651e+03 1.456749780148805485e+03
1.277939428662569753e+03 1.448633982121216377e+03
1.155628800158577633e+03 1.506276815833412229e+03
1.021543565314599164e+03 1.485131007674379362e+03
1.193081296797189907e+03 1.389559720590154484e+03
1.239848718608833678e+03 1.057059209142280679e+03
1.073289978756770324e+03 1.147634513170696209e+03
1.154845718012534917e+03 1.446535311990034188e+03
1.195193784702893481e+03 1.448529161216330522e+03
1.071127065373507776e+03 1.057019885395727215e+03
1.115855409726340440e+03 2.138191536700277084e+03
1.287139929704571387e+03 2.081068147259098168e+03
1.124509208533071387e+03 2.087685182511120729e+03
8.959564953142206605e+02 1.815213837674913066e+03
1.062868379683681951e+03 2.115772592325125515e+03
1.151614308873143500e+03 2.171905670939942411e+03
