3.547095653145739789e+02,-2.895968372325597102e+03
1.115847704077313665e+03,1.029866901167225706e+03
8.227911629778349152e+02,1.029228945478518654e+03
1.116841684450595267e+03,1.028719387959238475e+03
8.126022453146123325e+02,1.035018057674441252e+03
8.227464796180580606e+02,1.029295860313772891e+03
8.126022453146123325e+02,1.035018057674441252e+03
1.116505118688549373e+03,1.028877680088708985e+03
8.247238563141652321e+02,1.027814783260596187e+03
8.246244062724279047e+02,1.028358720440235174e+03
1.116688104256595352e+03,1.028199769740816237e+03
8.247604898211161526e+02,1.028879030641972804e+03
8.126022453146123325e+02,1.035018057674441252e+03
1.115423360899141926e+03,1.027975221991216586e+03
8.126022453146123325e+02,1.035018057674441252e+03
8.242069338292193379e+02,1.028841530172965804e+03
8.126022453146123325e+02,1.035018057674441252e+03
8.239966677252078853e+02,1.029074159553310210e+03
8.247531097834254297e+02,1.029192550179214777e+03
8.237072860298119394e+02,1.027732524965615994e+03
7.406783653961825848e+02,1.148940654181721129e+03
8.232367910820914858e+02,1.029521440386533868e+03
8.228171533497171595e+02,1.028549218483317645e+03
1.104897815314207492e+03,1.455123477675120512e+03
1.104897815314207492e+03,1.485131007674379362e+03
8.233345965531502770e+02,1.029868944576412787e+03
8.240938611627552746e+02,1.029521241289078262e+03
8.247455193185955977e+02,1.027969792535432362e+03
9.915486099147080949e+02,1.569241207321738557e+03
8.226590437113090957e+02,1.029234162645864217e+03
8.241614182561194184e+02,1.028522600570779787e+03
8.234341824373771033e+02,1.028824675934225525e+03
8.240041022925787502e+02,1.028725069890000441e+03
1.146019245314625095e+03,1.485131007674379362e+03
1.324157588605395404e+03,1.479321940555530546e+03
1.490461991205651657e+03,1.447874370569166786e+03
1.198692712416305085e+03,1.509732747979043779e+03
8.228229695593822726e+02,1.028002651454836268e+03
9.077629091802238008e+02,1.058822299949635408e+03
8.126022453146123325e+02,1.035018057674441252e+03
8.233805845836172921e+02,1.029634939516445002e+03
1.021543565314599164e+03,1.575153597674524917e+03
1.491120348567870451e+03,1.358765872474908747e+03
1.574918080564141974e+03,1.448113625139027363e+03
8.126022453146123325e+02,1.035018057674441252e+03
1.354960565314611813e+03,1.545146067674476399e+03
8.226484830562117168e+02,1.029777673169371610e+03
1.407908098464057275e+03,1.328400331581510954e+03
1.323436377972006994e+03,1.478761291826253910e+03
1.324213055064912623e+03,1.117819529399752582e+03
1.605023315313436797e+03,1.485131007674379362e+03
8.240810823361053963e+02,1.029116489125686257e+03
1.450116144439957679e+03,1.358108620669341235e+03
1.489960337056423668e+03,1.447850464856723192e+03
8.244830241038096119e+02,1.029033312001015020e+03
8.126022453146123325e+02,1.035018057674441252e+03
8.245575239155476766e+02,1.028233838403843947e+03
8.126022453146123325e+02,1.035018057674441252e+03
6.571186507520402529e+02,1.058780283832106079e+03
8.232259676528781256e+02,1.267847173359252793e+03
8.126022453146123325e+02,1.305085827674877919e+03
7.828029952311221678e+02,1.659089052858548484e+03
6.997204049782768607e+02,1.059269719876502450e+03
8.237735332642220101e+02,1.507856371646629896e+03
1.573945978993901917e+03,1.448198878475822312e+03
7.409754772999668830e+02,1.239066774065855725e+03
8.227683057835168938e+02,1.508281194656294701e+03
8.240311768742096774e+02,1.028837646035661010e+03
1.115418030189365481e+03,1.028181032587134268e+03
1.164080387572296758e+02,9.386834844285440340e+02
1.982411049012032436e+02,1.179175380915982032e+03
2.002322849520907084e+02,1.177800009459079547e+03
1.150677257869749184e+02,9.991869590270674735e+02
1.104897815314207492e+03,1.035018057674441252e+03
1.116150321128677433e+03,1.029792431242098928e+03
1.115724070659410017e+03,1.027847899320466922e+03
1.198422869244198864e+03,1.479827100208565753e+03
8.227860448700041616e+02,1.028960935321626948e+03
8.239683532022040708e+02,1.028413605432775512e+03
