date:2016-06-01, time:1900, wind_speed:3.14, wind_dir:171.0, temp:16.5
34.865922 134.546085
43.039679 137.296518
59.972340 155.217384
105.201696 151.537526
42.758523 134.057517
-73.609316 -37.520294
-98.809559 -39.779162
72.227711 107.283125
-77.771719 -75.524287
113.831420 161.305849
-40.930334 -64.357379
26.384757 -63.604845
-94.975436 -40.081788
84.594407 146.366034
5.193769 98.055776
-48.402988 -18.616280
-45.133995 -70.327839
-43.970285 -63.539749
71.956506 188.189932
117.525733 145.494654
22.252370 127.561283
109.709917 155.566687
109.613319 146.276217
5.546563 104.370211
-36.312893 -15.957907
-48.565180 -96.943604
-56.813390 95.329757
105.790175 209.293785
92.713526 205.931364
-31.882921 -73.463585
21.764310 -82.447450
51.479047 152.199395
55.634608 143.463208
-78.025125 -9.891434
63.500646 155.131397
84.251136 200.156798
97.181056 133.584843
72.417190 206.465994
93.004423 212.309062
109.643452 200.269978
-65.859430 16.500795
63.571516 164.204744
93.083358 212.498323
-24.282537 -52.408391
-90.180989 -45.631038
-82.513018 -43.186310
-10.910656 -18.711650
55.133462 151.730106
62.032600 163.227435
-39.228265 -65.415032
