6.065951596529962444e+02,1.131350733152115708e+03
9.857715951226454081e+02,1.131560008814969706e+03
5.278293513122322338e+02,1.208344148185212589e+03
1.522971901599752016e+02,-1.363411531153783926e+03
-1.042945046858172304e+02,-1.815697292325429771e+03
1.068015751657203737e+03,1.095945337184155960e+03
6.960063316989478608e+02,1.124268951687757635e+03
-4.330163664415086373e+02,-1.371101244836841033e+03
4.415489482141015287e+02,-2.741992355523726019e+03
-1.338224872837240014e+02,5.589321581664563610e+02
7.376463587300462450e+02,1.122824216644807620e+03
1.958436631224526536e+02,-1.369582332079368143e+03
6.515300879033990213e+02,1.147727557075051891e+03
7.794128320693671412e+02,1.149122173630096768e+03
-1.876487546854255584e+02,-1.755682232325332734e+03
7.347490810366527967e+02,1.148612501356211169e+03
2.813721519752741642e+02,-6.406756376890352840e+02
9.811783077295589237e+02,1.084328878809396429e+03
4.483084088801073790e+02,-2.780882628728648342e+03
7.330596129985858624e+02,1.078013711376049287e+03
9.874196902986716395e+02,1.181416221440208801e+03
1.023219942994854705e+03,1.135634741205471528e+03
9.862562298204900344e+02,1.133744666234342276e+03
9.890934330326351756e+02,1.149133312079322423e+03
9.793107453138289884e+02,1.125040647674586808e+03
6.951306139965057582e+02,1.190853406879318982e+03
7.790728929107693830e+02,1.123635041701420050e+03
2.909991057103816559e+01,6.822250264692345354e+02
7.345168185021019553e+02,1.151259725016045422e+03
-3.462813930191192071e+02,-1.099683096942955217e+03
4.805809922502038489e+02,-2.763983035892820226e+03
3.984240983359595702e+02,-2.752753978595766966e+03
4.002090479924667079e+02,-2.771444796933726138e+03
7.378582952860393789e+02,1.151220390069317546e+03
8.603368785263927521e+02,1.206246016881690821e+03
9.838306750255355837e+02,1.100488768781325689e+03
8.176800248838551397e+02,1.211221930428962423e+03
7.364852759234423729e+02,1.133031949781596040e+03
1.028735011015058490e+03,1.147529873569179017e+03
1.065498522919370998e+03,1.117947106724234800e+03
4.012575017031100515e+02,-2.750886902491727142e+03
5.235638665629024899e+02,-2.733507984252225469e+03
-5.547647516139757329e+01,6.689448313538723596e+02
6.096515226358494601e+02,1.149060331805051419e+03
5.296229010365568683e+02,1.149618590764698183e+03
4.885013553212710349e+02,1.212406330561768300e+03
5.254664310221808137e+02,1.148949130300571596e+03
5.214180653137905210e+02,1.215063237674732363e+03
3.633725428282193661e+02,-2.748322472533596283e+03
5.262920513601380890e+02,-2.720992040974222164e+03
5.293650104462551553e+02,-2.739399390760119786e+03
9.810913612395614791e+02,1.105915661698263420e+03
9.893807434735817878e+02,1.102883936771440176e+03
8.636063856782790253e+02,1.092901207568474774e+03
1.025012560295763024e+03,1.117205292500685800e+03
6.929574801250494147e+02,1.150101098456762656e+03
7.342538818347613869e+02,1.149315166718764431e+03
9.470566230738781996e+02,1.123317619623145674e+03
1.029216541259526366e+03,1.118259313190852936e+03
6.555416660015553134e+02,1.131828598202435842e+03
7.292479953134246671e+02,1.155048177674635326e+03
7.345040330720635211e+02,1.132495717085401111e+03
7.358645015852223423e+02,1.148844791465950266e+03
2.703491828999563040e+01,6.694484503349644910e+02
-5.614209123332152274e+01,6.104331400560247403e+02
6.510249292248414577e+02,1.129577066162776873e+03
6.903845524334602715e+02,1.149795997090122910e+03
1.028971972196175102e+03,1.092953273609824691e+03
1.068771597106137051e+03,1.133666743195028175e+03
1.025501133410260763e+03,1.090146090036111445e+03
1.067640509230931229e+03,1.180032988095674682e+03
5.690325973156345754e+02,1.179589283377977154e+03
5.697076343587576730e+02,1.149638446549930222e+03
9.445420733849496173e+02,1.149701050877616126e+03
2.374079570480514008e+02,-1.339024550918342811e+03
9.897312566898972364e+02,1.091173106770581171e+03
9.883757748295979582e+02,1.120479202006625883e+03
7.356946626514624086e+02,1.149718309963616548e+03
7.738608712774793048e+02,1.168358575259848521e+03
8.548350653138031703e+02,1.155048177674635326e+03
9.881972423413486695e+02,1.122332380201552724e+03
3.969091846370213261e+02,-2.740385521448060899e+03
4.866678395693822381e+02,-2.769296667919871197e+03
6.958390913809975018e+02,1.124007254115241949e+03
9.840188170155962553e+02,1.178549370326765711e+03
9.891108343591942003e+02,1.122163058431095351e+03
7.392325520977473161e+02,1.121827662385651365e+03
-1.225576366752306967e+01,7.020326805585857528e+02
1.504556432093197884e+02,-1.359948006427742939e+03
9.844906783972484163e+02,1.120748393325887719e+03
9.811042059563732209e+02,1.136510250409987293e+03
7.397113684016438810e+02,1.102924938105614956e+03
7.802199018352996518e+02,1.121736648243058426e+03
4.857515861711587490e+02,-2.722900690029608995e+03
5.704168389198935074e+02,-2.745761480822156955e+03
5.274926326882958847e+02,-2.632764209713930541e+03
5.230888082962277394e+02,-2.757288904238015220e+03
7.302310520205502371e+02,1.167785575032869474e+03
7.803936262591034847e+02,1.128770756112668778e+03
1.069919634169260689e+03,1.126138599746090222e+03
7.368104032645845791e+02,1.120051234285183227e+03
1.064512040914102045e+03,1.108150658069641167e+03
9.914653373962635214e+02,1.097636878740713883e+03
-1.271531906841980231e+01,7.017392835086104697e+02
3.239646986945989227e+01,6.227167557692879427e+02
7.385529395207436210e+02,1.120127738478834317e+03
8.188618931501962379e+02,1.098664490575370110e+03
7.790455461024321266e+02,1.098468430690487367e+03
7.321561652369908870e+02,1.208786677181504501e+03
7.382042485727504300e+02,1.161103573315576796e+03
9.889163328400505861e+02,1.152835777115683186e+03
9.830477508585747728e+02,1.122289514212440281e+03
6.127085891393904831e+02,1.210509857063500704e+03
6.943810773232733027e+02,1.151957126872238405e+03
6.542399149472394129e+02,1.122383753591509276e+03
9.853489933501099358e+02,1.149385042091904097e+03
9.881627891845331533e+02,1.132311839070420092e+03
9.900896128791873707e+02,1.130536785128632118e+03
9.895404812729083233e+02,1.124052768502227309e+03
1.021543565314599164e+03,1.155048177674635326e+03
9.866347810403474341e+02,1.131998412670017387e+03
6.111825371396882929e+02,1.121334697409711907e+03
6.131292858303831963e+02,1.159570305721669001e+03
7.782183928433399842e+02,1.131517594587816120e+03
6.963716835158479626e+02,1.131726065092129375e+03
7.367655145664315341e+02,1.132869499410231356e+03
8.611121453401935923e+02,1.179048247211753733e+03
8.161952834380660988e+02,1.177498035824301041e+03
-9.828609279005083010e+01,-1.852150254705877387e+03
2.778477455080791003e+01,6.689813909221400081e+02
-5.598673749013977385e+01,6.672134981230565245e+02
6.936193703475195207e+02,1.179952899713495981e+03
7.374787164582601235e+02,1.132147637976655460e+03
6.896101956364092302e+02,1.172824248686832334e+03
6.980327258393875809e+02,1.122465641970380602e+03
1.076235132525399422e+03,1.096821260016496126e+03
3.620414523184480800e+02,-2.782253256707488617e+03
4.075570413527626670e+02,-2.780602380760208689e+03
8.225682858436828155e+02,1.159781924873575463e+03
7.338512055620889214e+02,1.128703147512558189e+03
8.195061316243237570e+02,1.147841696476212519e+03
8.172420375824335679e+02,1.162281024729943738e+03
3.640772606197996879e+02,-2.750127358672976243e+03
6.956145940712730180e+02,1.181879898905717255e+03
6.950937821351977846e+02,1.180678323722571577e+03
6.560036375824773813e+01,6.693983159008474786e+02
3.032373588372061590e+01,6.409791043450670713e+02
7.714808153141948424e+02,1.125040647674586808e+03
8.206642967029316651e+02,1.152973145532003400e+03
6.920058547197872940e+02,1.145304220025217319e+03
5.281005158901411960e+02,1.121219770774396238e+03
-9.515250033689687825e+01,-1.837592358581880490e+03
6.945074481987190893e+02,1.148278543600969215e+03
6.947236150076561216e+02,1.150996269282249159e+03
6.470048216050422525e+02,1.132171750988275789e+03
6.546873004925793111e+02,1.122073512479530109e+03
6.499740059353288189e+02,1.090169029163935193e+03
8.261904558083289203e+02,1.157141833189242334e+03
8.188359678503568375e+02,1.150403955150640286e+03
7.331066917726973315e+02,1.109496012768901210e+03
