date:2016-09-05, time:1200, wind_speed:2.64, wind_dir:115.0, temp:21.7
-978.958435 284.829808
-650.190464 354.253626
145.768245 1335.093358
-1105.532769 230.522378
-1271.254005 -255.305732
549.598058 1104.197140
-1313.948539 527.303667
-645.541435 -2685.915662
513.860693 1105.398403
-1570.501903 205.207465
-562.187185 1035.018058
-604.420005 914.987938
-1189.349648 316.983282
-1062.312685 764.950288
-761.406019 27.116932
-900.929080 957.330148
-812.249935 284.829808
9.365024 -2915.755328
-1073.158837 -6.713050
-478.832935 975.002998
-771.128505 -285.313262
-1648.288529 776.543197
-67.424734 1165.489447
-645.541435 1425.115948
-901.667615 1227.044160
-905.507818 564.446143
-814.186709 354.856583
-396.957658 -1746.265350
-1230.481335 768.158993
-450.138130 954.464743
-356.300911 -2764.416195
-406.753168 1254.067809
-354.236667 623.322890
895.956495 1545.146068
-521.065755 1065.025588
758.753596 1704.505987
842.392376 1523.540874
-1395.729685 734.942758
104.646815 1035.018058
-404.090118 1014.310042
-728.895685 314.837338
-895.604185 254.822278
104.646815 1035.018058
-438.901652 -42.849009
-62.061685 374.852398
-695.082164 687.006131
-659.110787 -248.047214
521.418065 1215.063238
-1233.937353 236.348967
-1146.767480 437.496477
-572.449957 -2585.807533
-938.963727 738.135482
-317.195551 -2793.070693
-779.559784 1288.651959
-563.375814 1368.137106
-195.587479 1168.429470
561.368242 1097.924969
-937.837005 404.859928
-147.313670 986.155310
-1104.545505 434.867458
-652.791510 1197.394694
-1229.021185 194.807218
-1062.312685 314.837338
-396.719251 1427.865774
-356.140631 1428.035087
-74.580624 -2857.696439
1186.700330 1098.118131
-532.045230 -1985.412187
-317.069036 1256.858559
-313.550756 1187.624888
-950.390891 444.364014
-1272.567807 557.521600
-951.083862 -396.594145
-1031.476539 203.445732
-1105.461058 227.774306
-354.357255 -2775.938252
229.122495 -2895.968372
-319.768641 506.545272
-937.837005 194.807218
-1271.254005 -375.335852
-1312.375435 494.882518
-1395.729685 404.859928
-1359.154232 505.160676
560.885982 1097.464460
560.651319 1102.283560
187.859401 1372.354847
-563.016596 1037.759488
-1409.729957 442.851227
-604.420005 -165.283142
349.863929 -635.354777
-820.808617 -1026.627380
-395.478685 -2685.915662
-198.445334 -2826.585600
-1313.594499 -402.468349
-1232.255072 -363.308870
-1271.254005 884.980408
-1355.421376 -372.558734
-437.711505 -2505.870482
517.794207 1227.489053
507.154665 1342.671131
-1145.666935 434.867458
-312.124435 1425.115948
-855.542388 1368.152661
-62.061685 1395.108418
224.288586 1317.672967
-562.187185 1125.040648
-313.851364 588.058990
-1191.181755 -332.154045
214.999347 -1148.268999
1104.897815 1695.183718
688.126565 -2355.832832
20.226120 -2953.254217
-1021.191255 344.844868
-1063.907520 257.927546
-645.541435 164.799688
-395.478685 854.972878
-692.667311 -183.172036
-526.375303 1257.928727
-1729.146685 374.852398
562.539495 1695.183718
-395.478685 1575.153598
686.661430 1488.266874
521.418065 1425.115948
-730.622168 1282.528675
-658.685654 1072.629021
-1232.542640 807.848153
-574.976100 -67.923173
-938.677228 -12.479067
-1312.375435 434.867458
-1068.030231 238.658522
-854.482755 344.844868
-1688.025255 794.957818
-645.541435 -2475.862952
-782.128118 473.343694
-944.853684 58.343975
-105.615634 1127.570869
-1357.507358 1015.778059
-1395.729685 704.935228
-687.774255 164.799688
-866.198386 144.264281
21.292565 -2805.945782
-276.979050 1406.633206
-395.478685 524.890048
-1022.657579 201.462684
-480.231515 1457.499114
-312.124435 1485.131008
-395.478685 1425.115948
-448.604078 1406.040126
-354.357255 1455.123478
-479.703127 1367.377067
-321.148241 -2796.473958
-1025.937321 685.481956
91.624725 1014.060327
104.646815 1065.025588
-1021.191255 554.897578
-896.439525 500.919968
-359.073998 627.529268
-357.350078 687.929603
-354.357255 -2805.945782
-354.357255 -2805.945782
-1282.711653 -246.074585
687.229082 1517.819525
10.147912 1495.729899
-478.832935 1425.115948
-605.893949 407.224886
521.106645 -2559.608812
-478.832935 -2745.930722
-1230.649823 287.565635
-1151.822044 294.342832
-1062.312685 314.837338
1184.992129 2097.368955
348.549313 1526.501429
-521.912075 557.214650
645.893745 -1665.659642
604.772315 -1725.674702
487.375394 1677.000474
-1022.597522 857.340856
-1479.083935 614.912638
-687.774255 -165.283142
938.189315 1515.138538
-689.326793 1337.552297
895.956495 1515.138538
-1521.316755 434.867458
-824.960199 203.239048
-1199.917081 -36.882087
269.579697 1549.207851
-939.678636 859.427639
-771.128505 224.814748
-312.063980 -2377.496805
-322.759427 -2554.655027
-562.187185 -2595.893072
-20.940255 -2835.953312
-617.119303 1373.924114
895.956495 1575.153598
-1023.349776 949.130558
-896.645976 925.073429
-1076.760678 142.375008
-187.648755 -2595.893072
-20.940255 -2895.968372
-355.137221 -1572.633145
-228.770185 1425.115948
-489.754152 1283.869453
-688.650778 948.003601
-562.187185 1005.010528
-449.789004 -2345.888474
-202.091604 1162.295828
-188.379609 1157.829269
-617.935255 1193.018460
-405.648748 -694.616770
895.956495 1755.198778
19.617734 1397.755525
-771.128505 1065.025588
-1396.685381 737.384365
-1063.668427 652.103469
-690.375163 -124.689999
-688.949418 -96.626303
-524.303641 -1683.602741
-400.316339 -1746.108430
-1187.899755 -15.245492
-1239.246745 -66.381419
-354.357255 -1545.629522
-400.182379 -1593.695540
-1439.454263 622.583927
686.389099 -2323.188063
727.554109 -2383.046421
-229.802523 1157.720728
-271.959445 1428.219251
-395.921965 1402.533467
-271.003005 1395.108418
-317.529280 1406.719721
-355.043342 1286.597089
-1605.904899 767.512919
-978.958435 494.882518
-612.842276 54.600177
-694.448381 57.400987
-563.779976 17.626267
-1105.477351 287.304346
-312.950011 1397.826805
-317.071068 1464.588650
-271.416153 1431.583314
62.413995 1215.063238
-321.081266 1405.334884
-271.003005 1365.100888
-402.433813 -1684.278480
-395.478685 -1725.674702
-228.770185 854.972878
938.189315 1485.131008
-854.482755 74.777098
-896.258754 49.882346
938.189315 1485.131008
-1645.792435 764.950288
16.171027 1528.802524
21.292565 1455.123478
51.379081 1463.515002
-1105.312825 287.200876
-1108.727110 356.007603
-736.291289 329.541080
-771.308200 321.992540
1186.946306 2268.350035
1386.784322 2274.769342
1467.421376 2004.436443
1218.716786 1944.033709
-939.435826 1877.492183
1438.314815 1845.221368
-730.887533 1732.038405
-1033.558369 1703.260718
-354.357255 1695.183718
-1104.545505 1665.176188
770.147423 1668.358517
-1313.814428 1547.924477
604.772315 1455.123478
1354.960565 1455.123478
-104.294505 1335.093358
-147.184355 1277.609597
-1366.402009 714.361588
-645.541435 704.935228
-854.482755 404.859928
1396.285380 2385.840362
1354.960565 1965.251488
-895.604185 1815.213838
771.480815 1725.191248
-187.648755 1635.168658
-645.541435 1515.138538
261.788091 1405.214935
-271.003005 1335.093358
-1479.083935 1245.070768
-1324.207707 1224.700615
-228.770185 824.965348
-659.480342 712.287059
-895.604185 674.927698
-1104.545505 644.920168
-404.748017 653.444696
-866.164426 625.233561
-478.832935 614.912638
-1187.899755 524.890048
-687.774255 464.874988
-396.268463 1428.296452
-438.587898 1458.223847
-405.976722 1433.023781
-405.561727 1435.326545
-406.858996 1435.154624
1229.373495 1995.259018
-781.943857 1884.115957
-367.364878 1794.366483
1062.664995 1455.123478
-782.220685 1374.350165
1479.436245 1335.093358
1261.554078 1104.933697
-728.895685 914.987938
-145.415935 884.980408
1146.222630 2205.795182
-197.939774 1524.899035
509.428134 1373.686057
1354.960565 1215.063238
-1312.375435 1095.033118
-1657.725660 1044.627794
-76.406932 862.754364
-488.684268 625.100605
1218.044822 2305.949304
1424.284983 2273.078263
1009.748331 2213.609494
-951.026845 1912.696871
-533.443100 1794.508717
-20.940255 1725.191248
854.835065 1695.183718
-1021.191255 1605.161128
895.956495 1545.146068
-478.832935 1365.100888
-978.958435 1095.033118
-562.187185 1095.033118
-478.832935 1005.010528
-783.389972 923.887911
-115.206816 894.326470
-534.071418 622.697319
9.374519 1584.681107
-782.781391 1524.158070
1009.519437 1495.316549
91.652970 1343.988732
228.318761 1277.301328
-771.128505 1185.055708
-1490.355398 925.166573
-989.667301 833.079364
-1229.021185 704.935228
-895.604185 584.905108
-604.420005 224.814748
1354.608255 2295.817772
1271.606315 2025.266548
-146.108825 1697.535286
-1062.312685 824.965348
-479.530759 647.309168
-938.525812 317.564111
-313.102343 1847.529510
-772.375107 1608.168047
562.539495 1455.123478
-978.958435 1155.048178
438.063815 1125.040648
1186.959889 1068.072025
-1688.743853 977.509408
-1271.254005 794.957818
-1437.962505 764.950288
-895.604185 764.950288
-1271.254005 734.942758
-1354.608255 554.897578
-855.212122 557.164384
-521.065755 314.837338
-1021.191255 284.829808
-606.080138 1847.842511
145.768245 1635.168658
-1189.501406 1547.826700
19.847103 1548.285794
103.009980 1547.532341
311.475130 1548.087862
-730.549143 1247.857064
-355.948405 1217.215815
520.029063 1161.898529
-979.969785 1007.772243
-1479.676980 921.498255
-1354.303295 802.876923
-854.482755 704.935228
-1188.632492 647.811376
-688.594596 317.807729
-1105.888183 1697.786992
-687.774255 1605.161128
-521.065755 1605.161128
-313.944652 1460.422546
-1230.482030 1247.766957
-980.696156 1007.694346
-312.124435 614.912638
-563.124764 377.925101
-897.309035 -42.130137
1479.639630 2325.825302
-896.474402 1847.431627
771.480815 1665.176188
310.755022 1457.603359
-521.889642 1248.071053
-937.837005 1095.033118
-1395.075189 984.007729
-813.334811 827.816807
-439.407687 497.807928
-480.595377 347.372115
-563.709880 289.246630
-854.482755 -75.260552
1350.491385 2275.629944
1396.285380 2265.810242
1395.158897 2275.801235
1353.285365 2302.925326
1396.787205 2273.146249
-1145.666935 -45.253022
-1220.591166 -34.606042
-401.919908 1258.959239
-396.761241 1247.209548
-484.882102 1285.348665
-603.060324 1042.555328
-604.020502 1041.156877
-571.791578 1072.823263
-354.357255 1455.123478
-326.500233 1461.408738
-356.296321 1459.889610
1516.044354 2457.365607
-277.809105 1888.298600
1057.465624 1709.551126
-317.883501 1586.848951
1222.738262 1529.201270
-525.323458 1467.044316
-820.414488 1287.369203
-777.326790 1289.719555
515.443438 1230.483842
-277.228227 1108.643925
-943.857023 1076.508102
-1568.617828 958.268428
-776.731131 26.569136
-523.717548 1078.374398
-526.349467 1047.962954
-526.036411 1108.869899
-536.697144 1067.187409
-528.096060 1068.908748
1516.878791 2336.344261
1598.373204 2007.407956
1182.250306 1977.782472
1351.223052 1857.883049
180.969722 1647.818386
891.879332 1588.509875
-1149.169481 1496.577707
-482.525264 1467.843984
-275.736407 1436.863930
1182.287983 1108.501039
-1194.305867 1077.531726
-1151.214215 987.237301
-1150.867057 926.813930
-108.719533 806.355213
-692.148318 446.776153
-984.425566 416.059492
-1067.428503 326.134936
-941.737132 -1.056865
-682.875182 197.633383
-689.612283 175.264918
-695.873567 187.415103
-696.131699 156.150154
1184.883961 2337.123345
685.621963 2097.410223
-942.307073 1677.816160
-357.676489 1678.317556
268.482021 1617.772541
434.535607 1497.168690
-689.766551 1437.626505
-609.319117 1285.705538
-107.318536 1136.799597
17.075155 1106.706042
-1360.767361 865.922202
-1649.464325 835.841535
-1276.691746 746.521495
-691.599100 657.587688
-523.403758 566.001581
-898.718403 86.730673
1103.256874 2275.364932
645.199185 2185.033086
-896.430037 1825.631194
-1147.682404 1615.587669
937.124844 1615.844380
479.157836 1585.013678
438.673811 1374.413567
184.822968 1315.887810
518.896746 1286.750615
-606.958131 1014.951367
-1021.694000 985.438251
-690.430045 835.552437
-396.596298 836.228308
-939.392684 504.190067
-978.442843 446.517202
-938.509952 83.728740
-1763.762504 372.457314
-1730.902093 373.868060
-1742.602049 376.353479
1229.065673 1825.400155
1272.113794 1673.359509
62.872401 1584.890565
-852.227432 954.315143
-1439.332382 892.300489
-603.797561 563.480422
-1103.425325 385.477763
-772.871260 384.845658
-1140.058732 -313.550339
-1188.632257 -305.692194
-1152.210396 -301.804465
1104.182256 2334.278709
813.750596 2245.324491
-1062.397400 1584.163491
521.617469 1495.293088
-103.990577 1343.685774
-605.742093 1283.439919
-560.481072 1193.514096
-519.968783 1194.752537
-228.866112 1134.820528
-1230.026412 1044.141034
-397.238778 864.084085
-187.536101 834.044295
-1061.353929 533.798435
-938.316555 204.122336
1514.635726 2312.482700
1521.316755 2325.825302
1512.963798 2320.136882
1520.206901 2361.864665
1511.832485 2322.031519
-478.735115 1881.783075
1437.913514 1673.905412
646.178340 1582.530587
-938.521601 1463.462669
-1228.888997 1313.136461
-939.589876 953.632275
-938.159906 681.364932
-1437.337290 592.652548
-895.649069 81.449034
1187.990047 1792.111010
-19.798425 1701.722675
1145.250705 1701.806189
-354.689141 1611.614682
-272.242213 1162.885094
-1105.986933 1041.733262
-230.482856 892.168532
-146.267993 862.033538
1346.616460 1849.819734
1352.175022 1820.288420
1353.530743 1851.852602
1355.403968 1854.405781
1360.758168 1853.091521
-1022.223178 1881.417692
-688.080045 1882.255079
1352.962631 1882.435779
-62.671547 1821.841848
1436.226838 1792.521945
686.637323 1581.582049
187.048526 1342.785895
-480.715192 1041.974209
-771.495869 981.154385
-1438.489043 892.583151
-395.663026 832.523317
-1147.452088 591.853496
-979.349635 592.343472
-939.190641 532.311326
-856.335397 50.910848
-814.831258 469.545167
-775.028315 481.282560
-777.330206 459.046103
-814.600373 469.779891
-978.958435 -405.343382
-1218.610861 1049.462114
-1263.019421 1050.764028
