date:2016-07-09, time:0400, wind_speed:1.73, wind_dir:100.0, temp:15.0
-106.004276 -248.111923
18.643135 126.337342
-14.111528 130.064640
-114.513088 -44.447706
-52.644290 28.760896
97.837124 111.403834
97.933643 111.657900
97.708812 111.222099
-34.859473 31.110709
97.722321 113.595021
-43.416474 15.969298
19.162840 162.965931
56.373625 114.442235
-52.075613 21.731011
73.031389 174.703540
60.187208 116.649640
-18.702011 93.740514
26.850200 -62.688954
97.556764 113.849484
101.835795 110.840940
98.032093 111.712662
22.714202 -281.519383
18.540012 -74.320713
-47.666774 36.877534
56.006927 116.922548
56.647395 114.897757
55.931968 116.995548
-35.143565 66.958845
-39.291337 25.125190
97.876514 111.616154
60.670387 115.062578
-10.542079 -116.432447
-23.133837 66.249044
97.647507 111.590133
-22.924476 96.494583
56.268080 114.697857
102.141556 111.785928
-123.450765 44.751158
-98.108264 20.757311
-72.662807 165.762378
-77.480665 74.813791
-156.317910 66.775863
-81.257055 56.244883
-64.803753 47.779430
-85.810499 -7.167194
89.407983 -228.179818
85.495248 114.851626
85.305013 114.447180
85.295459 114.400539
81.611646 111.711665
-110.679364 131.400190
-98.085693 51.481362
-52.093341 27.639061
81.001099 107.600111
89.939988 116.554916
97.872908 111.963229
-77.377928 174.629708
-73.077493 168.551905
-72.929553 162.772457
101.778476 113.154514
97.767988 111.178340
98.010946 111.851423
98.201182 111.786052
106.767746 113.084662
98.167783 111.603109
-77.031348 78.626417
-73.003326 78.460638
-73.151323 74.783482
-69.039353 185.834545
-64.485304 157.077817
-31.344277 141.666065
-89.492929 108.524005
-168.748228 90.971659
-77.567202 26.674937
93.550437 165.330774
10.209206 155.637927
-102.668363 146.992812
-27.560197 143.616149
-101.738402 124.091369
-97.610708 66.666588
-118.655181 49.055408
-60.424548 12.427892
56.178737 -45.807805
44.177565 205.148433
47.640987 200.681997
-35.702326 191.955118
-89.467762 189.443657
-2.268717 179.833779
-22.714551 171.832930
-110.803162 168.229044
-147.997556 113.157179
-43.695100 27.581079
56.034734 116.944333
31.472500 205.087284
22.672027 189.306790
-110.898486 179.875501
-68.947879 175.758928
110.081639 119.058725
-77.318503 195.070317
2.011302 186.325645
-68.365291 166.158183
-93.561356 148.155784
-151.695132 97.093941
-101.598240 89.445474
-51.811801 66.851968
-135.922644 62.935721
-102.190535 57.427767
-72.853240 8.559984
-106.497061 -248.760425
-105.876890 -248.166819
-106.344299 -248.491561
-106.125053 -248.384477
-73.612543 169.501190
-77.250474 167.537229
-81.526693 165.161838
85.233201 117.446083
85.829809 112.132327
-106.458270 -248.720124
-102.045052 -243.661001
-102.782281 -247.104597
-114.863767 126.077187
97.628776 116.640368
97.519923 113.906738
97.630028 108.275527
101.889633 110.952795
18.477177 129.534011
97.674290 111.375772
102.553725 116.382612
-81.474380 188.655746
-89.755974 176.632506
-27.348123 149.474687
-123.256059 134.685941
-60.792379 119.507493
-139.857943 95.489973
-160.755181 47.612556
-102.372546 23.525863
-73.142514 11.542992
