date:2016-07-30, time:2100, wind_speed:2.36, wind_dir:306.0, temp:22.8
-55.724195 -11.249298
18.911571 -289.762152
52.279532 109.098280
77.628182 102.740593
-22.711245 -170.091218
-39.047485 18.707847
94.187742 105.946603
-76.845369 108.960688
-181.008352 82.114180
-89.301319 -19.903511
98.665952 111.711674
-171.735477 77.119468
98.339356 102.862902
-80.761251 117.719545
-101.827911 39.794962
-109.638892 -254.743328
-110.283706 -253.787547
-80.769611 117.856489
-110.062165 -254.361684
81.711571 102.715771
-160.201252 36.948138
-126.232085 6.399718
27.305529 121.057339
31.425891 121.340702
-88.945891 87.645239
52.611671 123.857213
-26.282098 90.448758
10.812983 144.748120
-143.660783 55.298869
140.264883 114.588594
10.976583 -110.216674
-151.423813 87.546047
-109.515839 114.231855
-64.554143 -10.526808
-18.284321 111.763240
-151.454013 69.266260
-81.109509 130.304728
-68.562499 118.069477
19.117231 130.106116
-5.412988 111.564762
-76.987323 37.321668
-160.054813 51.787344
-80.328337 15.317480
-126.731764 -2.282271
-135.460825 1.476204
-122.503447 123.862012
-117.885928 -11.838597
-47.570216 139.037379
-126.403652 54.478225
-55.582265 39.639508
-106.034708 49.231829
-68.121203 24.775343
-18.383519 138.902400
-118.586903 70.116184
-55.417603 30.265915
15.050162 117.800391
93.950516 106.243898
-92.906259 3.260278
-93.356478 117.853579
-89.293015 118.000788
-122.723448 61.245386
-118.789975 58.490511
-93.480621 124.045603
-93.783700 115.504818
-89.560418 115.504818
-18.560955 97.009564
39.727761 -64.802419
85.870859 117.844946
-122.634986 82.083126
6.481583 82.046240
-88.988598 24.636471
-56.025383 129.951151
69.065471 102.869067
-76.904002 22.118529
-89.379208 34.133740
-93.783700 25.482228
-143.597346 97.051393
-59.666990 27.514576
-64.069234 6.852593
-64.320464 25.044390
-172.738958 22.124484
-64.255973 24.918657
-64.311724 30.886143
35.695207 193.106982
-155.556843 6.572304
-164.279932 19.035059
-105.339666 15.245948
-89.560418 28.482981
-93.280195 129.769505
35.470957 118.505571
-85.226765 139.133794
73.341546 102.810298
73.524452 102.679675
23.160846 136.103734
-9.889284 123.551783
-1.589868 126.595439
94.069343 -230.103267
-72.500719 144.861347
-81.224993 25.482228
48.442179 159.540190
89.749930 154.102405
-10.207378 157.098145
-68.315105 123.891372
-64.259606 118.000389
-68.480137 120.936049
-134.888428 102.492159
-101.403852 36.334377
-126.369889 27.455360
-126.211166 3.259606
64.849325 -278.240581
65.026635 -278.243019
-164.248958 18.840714
-159.872566 6.798997
-80.922818 37.099676
-88.834457 30.361992
-176.954830 79.046257
31.777853 126.881862
19.031681 136.026038
-93.130118 168.567982
77.381408 166.090078
35.576094 148.248129
-64.384469 97.332842
73.068188 103.274136
89.736830 106.300977
-118.268634 90.816966
31.247675 154.514607
-130.686977 120.723297
-76.947588 88.108713
-60.330495 79.258293
-155.819955 75.764757
-118.525706 36.931499
44.572068 156.642982
56.772008 147.832923
-105.975911 103.176387
-55.980155 97.030331
-43.523331 88.065107
-126.642407 63.830503
-76.582781 24.778906
77.386697 169.011464
-100.930074 158.332402
-26.754962 153.854840
2.489509 138.951955
-101.596836 120.604330
-143.664120 103.258833
-89.074074 69.632110
-156.010733 43.087742
-130.964243 43.123032
-109.660456 30.576083
-101.330554 12.563560
-68.332358 24.754879
-68.610832 148.124864
-109.656447 87.274393
-80.896463 78.919562
-151.964928 70.273097
-114.356630 58.040443
-122.730138 10.262814
18.907009 169.306335
-139.211340 144.999636
-147.718152 124.273175
-85.266863 118.269316
-126.324674 102.251356
-81.122351 91.283974
-55.790061 87.885233
-135.278650 61.233703
-118.789975 46.487499
-101.049094 38.161963
-68.304225 21.662795
-72.169844 21.557907
-67.904284 24.308174
77.326268 103.269125
81.418536 103.270385
81.645217 102.905577
81.665620 102.797263
-105.892743 36.817470
-101.808314 36.804095
-110.142752 34.124153
-147.520363 96.971289
-143.474471 105.946390
-81.055141 81.990257
-72.577913 85.048914
-81.001233 82.088015
-72.775786 172.305931
-64.365867 163.296551
-1.741168 162.795107
69.118899 153.882113
-81.030010 124.070360
-135.111738 108.772657
-114.211577 105.996214
-55.658378 81.657328
-118.260419 15.767890
-68.076329 -11.648138
-72.102956 165.451088
39.754117 169.313038
-110.008853 129.905223
-97.726730 121.074675
-80.999003 94.085183
-102.119125 79.495782
-85.226117 43.035793
-80.959979 31.113605
-59.965440 0.837469
-72.721743 -16.999109
-56.218718 166.517619
-101.938329 142.329825
-110.069470 132.844511
-1.462448 135.711209
-97.895843 85.497288
-131.029146 64.022484
-93.430911 54.826401
-122.687491 55.064948
-160.117932 45.887539
-80.447410 174.706078
164.883681 165.925134
-35.103074 147.838763
-26.968501 139.262422
-114.275498 132.836896
-143.053546 102.475991
-56.111276 100.302243
-60.311580 88.237435
-159.628647 57.445224
-122.673032 55.063330
73.087276 163.091496
39.730269 160.336888
-127.125400 130.508583
-68.527848 129.946827
-85.072591 123.918797
-147.750511 118.346932
81.607804 103.013335
-76.857929 97.126608
-118.592908 52.119463
-122.705848 49.254644
-47.641004 49.023611
64.941933 177.911512
23.375341 165.860763
-52.106575 160.516113
-106.231268 145.512348
-88.372361 149.014966
-68.412969 150.852271
-97.521851 117.770876
-160.300089 85.310930
-151.819959 88.006546
-89.311351 42.857032
-68.361043 18.940856
56.364300 175.254792
-114.316641 144.854631
-14.259321 142.095776
19.006909 118.314417
-126.488631 54.601631
-118.334301 18.708853
-60.135723 18.868936
-97.592169 -1.941018
39.779489 195.911185
-34.950730 132.846100
106.399706 103.243206
-143.631941 79.242077
-118.327744 63.849981
-64.339643 58.057833
-110.336897 130.333539
-114.393524 130.327723
-109.987482 129.555237
-114.566693 121.506324
-114.402015 130.304586
-31.099576 175.313042
81.428247 160.040565
-93.499611 138.918086
-106.079234 106.259652
69.053815 103.116097
-72.666255 46.003026
-101.839125 -2.138684
52.897088 108.430809
48.186484 109.146231
44.206910 111.873798
-14.394647 169.262585
73.209425 157.111546
-118.451750 99.875888
-43.328543 93.814305
-101.338519 81.263414
-164.396620 79.300408
-168.434859 84.722293
-35.221426 151.100381
-72.646394 33.961608
-67.884539 39.254980
52.428915 166.003655
-84.782123 129.391713
-122.698621 121.033000
85.945315 105.773043
89.866358 106.104313
-89.086605 99.623212
-47.198851 78.308955
-126.926848 61.304322
-59.838556 48.659940
-76.554662 21.678637
-81.100194 1.306104
-64.226266 0.842876
98.375808 -215.211173
-155.654815 60.536131
-156.036370 58.071259
-151.561806 57.672498
-155.950951 61.080591
-101.708925 42.714030
-109.647154 39.168844
-109.676146 39.338400
-68.019993 120.370987
-68.777425 121.506324
-118.495557 -8.174622
73.653054 102.613459
74.442652 104.121613
-105.558483 123.658615
-109.883600 120.707689
14.806623 181.120455
14.784439 178.324427
39.684719 154.327509
35.629462 157.294747
-130.871809 42.848211
-131.237543 46.487499
-131.053460 43.281096
35.763600 195.991026
35.717172 181.114322
73.111757 166.051100
-26.809286 144.968423
-110.100247 138.957881
-18.560422 133.282569
-93.671973 112.276398
-76.915240 106.294358
-101.881734 70.015498
-72.767560 37.274766
-68.677863 34.217887
-55.983546 3.957313
64.780224 -277.797841
35.619334 175.282907
-18.563284 133.248444
-59.728856 66.515632
-68.332405 60.733101
-114.373199 37.104085
-105.674668 30.920031
-122.257247 123.677128
-122.783327 124.284671
-155.540042 87.147561
-160.248728 88.065949
-101.645577 81.876571
-97.431593 78.738224
-97.704843 82.300162
-97.456311 81.965321
27.618977 195.880104
27.254635 187.365958
39.583100 184.522137
-18.572017 181.259944
19.031367 181.164400
-56.218718 172.519125
-114.240562 157.080145
-105.982346 136.133223
-97.434788 132.852406
-122.523032 99.762250
-114.406407 100.300050
-39.226798 93.934805
-81.072554 61.249511
-89.355097 28.323747
-72.534306 27.821857
-118.492489 120.932381
-118.600630 121.097943
-118.588504 118.253009
-113.778498 120.576492
-76.876475 172.127856
22.912250 169.518372
-38.825771 165.690857
3.072314 156.282355
-14.020317 147.870964
-81.224993 127.507830
11.380880 84.237416
-59.977102 78.768238
-126.919532 73.108066
-143.588411 49.316272
-55.981333 -8.018575
48.126263 -49.732233
-9.862959 171.820002
-9.623636 165.406791
-10.429450 166.517619
-14.138141 165.957948
-68.777425 187.522890
-122.902118 169.518372
160.654305 166.313910
-64.425260 163.299704
-26.912923 142.257288
-84.818911 132.630965
-18.660832 130.284735
-131.237543 124.507077
-139.371206 112.028745
82.090127 105.361697
-134.970007 96.954590
-147.578563 93.898621
-81.032081 75.991108
-118.789975 67.492770
-110.330955 58.318246
-113.904931 24.526639
61.314601 -278.878442
-114.097203 153.896708
-147.908393 115.504818
-134.821791 57.408925
-55.503148 54.486872
-105.492625 39.379563
-168.167446 18.532455
-114.566693 13.479216
-97.895843 1.476204
-80.618887 93.583454
-76.467802 93.739991
-80.352459 96.525196
48.539995 165.756667
-72.551604 126.962743
-122.390527 120.647698
-63.677520 117.400497
90.223439 105.564842
-59.763095 57.708291
-159.875478 45.712115
-5.962676 46.066866
-59.751075 -2.536786
-42.404678 -4.140077
23.390418 -83.264935
-110.142846 177.865813
-64.170124 177.826752
89.707747 166.298619
6.568399 162.797930
-10.247428 160.254006
10.703293 154.140546
-64.213809 96.937070
-60.148577 76.129750
-130.808488 54.856941
-101.730992 21.899808
-76.809598 19.059353
-68.777425 1.476204
14.730312 -110.056641
-168.579891 85.055589
-167.881959 84.220203
-76.845502 172.196813
-76.743064 171.985416
-76.101095 168.384748
-76.216696 171.460048
-118.516438 105.978788
-118.789975 103.501806
-118.423828 105.684808
73.050924 103.343398
77.452739 103.062195
73.095545 106.284003
81.557322 168.959666
-10.067765 159.903701
39.911972 159.895969
161.034375 150.801564
-126.930253 145.297934
-118.525088 106.161049
72.924800 106.502559
-151.730124 72.756376
-97.466121 39.820075
-130.622045 0.605967
-130.962708 4.089687
-135.460825 1.476204
-85.133791 -5.022650
-80.905435 51.810254
-85.164388 51.936582
-114.247491 129.943873
-151.551306 75.595888
-47.883293 139.510842
-47.883293 136.510089
-132.020488 120.426814
-127.052230 118.241231
-130.494172 63.254529
-126.964702 64.335040
-130.326649 63.256001
-167.997630 81.245915
-164.579243 85.497288
-114.006915 144.750178
-109.941348 144.570015
-113.865509 147.611862
-97.317220 -1.882913
-96.639638 -7.404998
-113.686169 99.274484
-110.843027 100.731395
-113.200615 100.144985
-97.895843 115.504818
-93.393980 113.246010
-93.448365 113.137404
-97.895843 115.504818
