date:2016-06-16, time:1900, wind_speed:2.88, wind_dir:56.0, temp:19.6
72.924800 154.514607
53.510631 -54.845900
110.489782 103.501806
-69.219268 -150.686237
68.762963 119.082016
81.443645 200.409278
131.625481 175.945376
72.924800 136.510089
81.260225 157.515360
-48.625207 -84.688869
103.256669 104.311545
6.452830 -52.029574
-38.032688 -144.926556
-13.903953 -46.002546
94.342770 172.850926
81.490052 103.714771
45.468713 148.939564
77.470725 130.919469
-100.578084 62.040240
-67.979656 -114.950341
-68.777425 58.490511
81.260225 148.513101
81.260225 172.519125
14.576825 -94.547892
107.883464 103.995606
47.399210 116.457959
35.625562 193.832286
56.253950 -52.537350
-68.777425 -148.561446
-72.889568 -160.564458
52.141807 -55.538103
48.098722 116.180702
110.974125 104.169484
111.713441 110.157943
22.912250 -82.544880
65.768731 122.215397
66.225432 119.080776
82.553678 -253.021496
78.345408 107.269779
106.421846 103.822560
104.082417 103.413610
102.370088 103.759553
