-1.454159346862346922e+02,-2.955983432324904243e+03
4.218135777494269973e+02,1.119757671806979261e+03
-1.876487546854255584e+02,7.349427576747458488e+02
6.803206269636584693e+02,1.121889044258861759e+03
4.712451413526808324e+02,1.181969563403189795e+03
-2.027665245336850148e+02,7.289052567358312444e+02
5.893467918587842860e+02,1.059601227181538206e+03
-2.834858596520864182e+01,6.117949105493996740e+02
6.458937453138163391e+02,1.095033117674538289e+03
6.721700681507406898e+02,1.089555764476820059e+03
3.547095653145739789e+02,1.245070767674780882e+03
-3.543572546862215518e+02,5.248900476744062189e+02
-8.122499346862599623e+02,-7.526055232498481473e+01
2.129256531456131540e+01,1.245070767674780882e+03
4.705107164512087365e+02,1.091403293101694999e+03
4.380638153141822499e+02,1.155048177674635326e+03
-6.943698485429774792e+01,8.816344864172967846e+02
2.129256531456131540e+01,9.149879376750369602e+02
-1.876487546854255584e+02,1.185055707674683845e+03
-1.029666442288420512e+03,-4.691110776377576030e+02
5.625394953142080112e+02,1.095033117674538289e+03
1.209624583953018373e+01,1.031725339980616127e+03
3.124767453138036899e+02,1.245070767674780882e+03
1.339422121336805560e+01,1.211220049478769397e+03
3.547095653145739789e+02,1.185055707674683845e+03
2.129256531456131540e+01,1.245070767674780882e+03
-1.104545504685855121e+03,-4.353509123255670374e+02
-1.062312684686664397e+03,4.048599276750018134e+02
-4.959091297534617979e+02,4.307651265224288295e+02
5.625394953142080112e+02,1.095033117674538289e+03
-3.029194438367461828e+01,9.131183847656736816e+02
-1.532079112989790133e+02,1.091588584736959547e+03
4.290622012136329886e+02,1.153031226561439098e+03
-1.104545504685855121e+03,-4.053433823255185189e+02
-8.122499346862599623e+02,-4.053433823255185189e+02
5.885407060530228591e+02,1.060161218230057329e+03
4.711582504268575349e+02,1.181912700771591517e+03
-1.354608254686259443e+03,-3.753358523254700003e+02
-2.860717009246220073e+02,5.798578476743776946e+02
-4.045818279344737789e+02,5.822754161920863680e+02
3.958309953134120178e+02,1.185055707674683845e+03
4.380638153141822499e+02,1.185055707674683845e+03
-3.121244346854513196e+02,6.149126376745517746e+02
-1.162013100126497193e+03,6.099329355243135069e+02
-1.229021184685880826e+03,3.148373376748562578e+02
7.217808489003939485e+02,1.092982063890310428e+03
1.219271460059236745e+01,8.820587918498615636e+02
5.625394953142080112e+02,1.095033117674538289e+03
5.901017043141448539e+02,1.089550502643023492e+03
-1.319826174977318942e+03,7.930101034119105634e+02
-1.534846818426219670e+02,1.151886662827778991e+03
-7.851601864569687450e+01,9.096953225690477893e+02
-2.094025468620891672e+01,1.035018057674441252e+03
5.124923973692306163e+02,1.122387245589246731e+03
7.125218401696664614e+02,1.089779728459075386e+03
-7.711285046858424721e+02,-2.553057323252759261e+02
-1.037143409589085650e+03,-2.303144679953425111e+02
-7.050284071435714850e+01,1.963623051523599088e+03
2.205886914203762785e+02,1.272348638315346534e+03
6.458937453138163391e+02,1.125040647674586808e+03
-1.153208346936922908e+03,6.422921242951457543e+02
-9.789584346854766181e+02,6.749276976746488117e+02
3.124767453138036899e+02,1.245070767674780882e+03
-1.042945046858172304e+02,1.335093357674926438e+03
-7.836434748800763828e+01,8.795409659444334238e+02
1.128964827101461196e+03,1.120296844628360759e+03
3.547095653145739789e+02,1.245070767674780882e+03
3.547095653145739789e+02,1.275078297674829400e+03
4.293305148160492877e+02,1.123311635628027034e+03
-2.795267525388825334e+02,9.125214062276717186e+02
5.440115940315564558e+00,8.788105269736879563e+02
-6.206168468662637849e+01,9.149879376750369602e+02
2.129256531456131540e+01,9.149879376750369602e+02
-1.354608254686259443e+03,7.649502876747943674e+02
-2.870091531269083589e+02,5.514600156211262174e+02
-1.876487546854255584e+02,5.248900476744062189e+02
6.881265653145866281e+02,1.035018057674441252e+03
-5.621871846858556410e+02,4.648749876750988506e+02
6.793032213056424098e+02,1.092969967257188046e+03
6.714419807791648509e+02,1.091279822863772324e+03
5.625394953142080112e+02,1.095033117674538289e+03
-1.618247571943875300e+02,8.200053053514478734e+02
2.129256531456131540e+01,1.275078297674829400e+03
-1.104545504685855121e+03,7.049352276746973303e+02
5.887954091019151974e+02,1.151260785704085038e+03
-1.609666552383167186e+02,8.212669001402772437e+02
1.198131308490600588e+01,1.063062741651161559e+03
-7.885324757052885047e+01,1.420260775448679397e+03
-3.724768035807164779e+01,9.704418667199959145e+02
4.285995007803443855e+02,1.152700884267242145e+03
5.880886520683426397e+02,1.059768890992121442e+03
1.383395047083993177e+02,1.273057903304357751e+03
4.791852453145997401e+02,1.155048177674635326e+03
4.706214116356206887e+02,1.092211588081280070e+03
5.625394953142080112e+02,1.155048177674635326e+03
-6.206168468662637849e+01,1.245070767674780882e+03
2.123600652554391672e+02,1.480009481427574883e+03
1.880010653137779286e+02,1.305085827674877919e+03
-9.048547834177068125e+02,-2.585525948524125965e+02
-1.021191254686246793e+03,-3.153207923253729632e+02
6.299346282757036306e+02,1.150302029005614031e+03
5.625394953142080112e+02,1.125040647674586808e+03
3.958309953134120178e+02,1.275078297674829400e+03
-8.213404140420993826e+02,7.615465193688925183e+02
-1.607606250272156956e+02,1.360261169205112765e+03
3.394711230798527026e+02,1.300881532461050256e+03
-7.775198767044201986e+01,8.802680323936037894e+02
-1.454159346862346922e+02,1.095033117674538289e+03
-1.967445159529320051e+02,9.112134893481451172e+02
6.710159888512745283e+02,1.060037758372611052e+03
-2.452909332288682549e+02,9.113392183476910304e+02
-1.159684851010901639e+03,7.291204875219444830e+02
-1.021191254686246793e+03,5.248900476744062189e+02
2.545923795213018650e+02,1.540333336010612129e+03
1.880010653137779286e+02,1.485131007674379362e+03
9.547773159019949674e+01,1.212570638843327970e+03
-8.283028910780292335e+02,-1.410462162321459232e+02
-8.122499346862599623e+02,-1.652831423251303704e+02
3.471408623930754516e+02,1.242373008261904715e+03
6.241399531339939699e+01,1.215063237674732363e+03
2.560157177722480242e+02,1.869921285773768886e+03
1.721376057896761722e+02,1.629592572362960027e+03
7.124662826525641321e+02,1.090299982280099357e+03
6.715521455808622022e+02,1.119564907375446637e+03
-8.544827546854508000e+02,1.005010527674392733e+03
-6.206168468662637849e+01,7.649502876747943674e+02
-1.187899754685463449e+03,-4.653584423256155560e+02
-9.537712426568847377e+02,6.400909429849301659e+02
4.298912389717852420e+02,1.212492028960791231e+03
9.616403834483530488e+01,1.242515960285463279e+03
9.595809644161840879e+01,1.213393088389992272e+03
5.876713818158057165e+02,1.151029299089009555e+03
6.458937453138163391e+02,1.095033117674538289e+03
5.049495259371267366e+02,1.182021000653804776e+03
-1.042945046858172304e+02,1.335093357674926438e+03
-7.791499540049281904e+02,9.724770747415835785e+02
1.726172558799585772e+02,1.719277235514119639e+03
-9.030112787037033968e+02,1.601530348534613950e+03
-4.123475265986335216e+02,6.100570635322284261e+02
-7.288956846866516344e+02,1.695183717674718991e+03
-6.044200046866258162e+02,1.695183717674718991e+03
-9.877255650096074078e+02,1.633141042479827320e+03
-9.378370046866384655e+02,1.755198777674816029e+03
-8.544827546854508000e+02,1.665176187674670473e+03
2.710030046834544919e+02,2.055757532325028478e+03
-6.877742546862341442e+02,1.605161127674573436e+03
-3.121244346854513196e+02,1.665176187674670473e+03
2.713553153133862565e+02,1.215063237674732363e+03
2.713553153133862565e+02,1.215063237674732363e+03
2.619008766833121626e+02,1.242823786349832744e+03
4.380638153141822499e+02,1.155048177674635326e+03
1.457682453145870909e+02,1.965251487675155659e+03
3.801811060545845180e+02,2.021678285693022417e+03
2.291224953141954188e+02,1.995259017674414508e+03
-6.044200046866258162e+02,1.695183717674718991e+03
-6.877742546862341442e+02,1.665176187674670473e+03
5.138545430025142196e+02,1.123323705981842522e+03
5.887163029710181945e+02,1.089062540037935150e+03
4.307318661269516156e+02,1.152221812150347887e+03
-6.877742546862341442e+02,1.725191247674767510e+03
-7.865716849191254596e+02,1.659620759670258394e+03
-3.267977541242952384e+02,1.659382771999421266e+03
1.457682453145870909e+02,1.995259017674414508e+03
3.958309953134120178e+02,1.965251487675155659e+03
3.958309953134120178e+02,1.815213837674913066e+03
-6.957326172496399295e+02,1.633008043369820598e+03
-8.287135304497536481e+02,1.630788342301287457e+03
-8.638475314224502881e+02,1.751711903960738255e+03
3.547095653145739789e+02,1.815213837674913066e+03
-8.544827546854508000e+02,1.635168657674621954e+03
2.138965581505777322e+02,1.990921750630424185e+03
-9.037886013271945558e+02,1.631895078865621826e+03
-6.614131043252575637e+02,1.719949599187789772e+03
4.295945343601417221e+02,1.901861603467847544e+03
1.725755842892119745e+02,1.750654866714439549e+03
1.794211071581482315e+02,1.963505206797819710e+03
4.296332706238589481e+02,1.753158816833132732e+03
-7.711285046858424721e+02,1.665176187674670473e+03
-7.288956846866516344e+02,1.665176187674670473e+03
1.231104288046404349e+01,1.271238353573142149e+03
5.312804047730128332e+01,1.212866855275664420e+03
3.126801296840483246e+02,2.025750002324979732e+03
-7.367460579798064373e+02,1.842282534934864771e+03
-4.948608322150896015e+02,1.780432605099700368e+03
5.059227845960346599e+02,1.178892056683732790e+03
6.295214608406618026e+02,1.120558973503544166e+03
5.129654638542874636e+02,1.091789442227632208e+03
-6.455414346854639689e+02,9.149879376750369602e+02
3.547095653145739789e+02,1.845221367674961584e+03
3.958309953134120178e+02,1.875228897675010103e+03
3.455885233680907618e+02,1.242251145058321526e+03
-7.711285046858424721e+02,7.649502876747943674e+02
-7.288956846866516344e+02,1.755198777674816029e+03
-8.544827546854508000e+02,1.905236427675058621e+03
-7.442232030286554618e+02,1.839410042617346562e+03
-7.801467502756685235e+02,1.841586049872541707e+03
6.802642905167823528e+02,1.123126136200029350e+03
6.790372897954889595e+02,1.062228256263297453e+03
5.470210441841945794e+02,1.150818623525947487e+03
4.380638153141822499e+02,1.155048177674635326e+03
4.793886296832649805e+02,2.085765062325076997e+03
2.548867617223008040e+02,1.989848591164409072e+03
-2.287701846858429917e+02,1.875228897675010103e+03
-8.276672911612142798e+02,-1.104796437316764184e+02
-8.272394553559220185e+02,-1.407558346982803812e+02
-7.456688886010360875e+02,-1.400685375261776642e+02
4.715891188489984529e+02,2.052936539803159576e+03
-7.457932347016119365e+02,1.870273379855673511e+03
-2.783324604194843914e+02,1.872486186431416854e+03
5.071134945516704420e+02,1.991276381973166963e+03
3.387168272081977420e+02,2.020884712572556509e+03
2.291224953141954188e+02,1.875228897675010103e+03
2.546787057839636645e+02,1.961401454346771743e+03
-6.455414346854639689e+02,1.845221367674961584e+03
-1.548771429314559782e+02,1.841780461398602483e+03
6.801973037549752235e+02,1.151308236250866685e+03
6.458937453138163391e+02,1.095033117674538289e+03
-1.876487546854255584e+02,1.845221367674961584e+03
-6.951790378876546583e+02,1.843216012367114445e+03
-2.858899995569196335e+02,1.779763357464950332e+03
3.547095653145739789e+02,1.275078297674829400e+03
2.539495796224544506e+02,1.210277067671411714e+03
5.461588971622443296e+02,1.960348503726952231e+03
2.216960816877990510e+02,2.021965078485007098e+03
-8.544827546854508000e+02,1.905236427675058621e+03
-6.206168468662637849e+01,8.249653476748914045e+02
-2.919086083086141059e+01,8.821291632763084181e+02
-6.206168468662637849e+01,8.849804076749884416e+02
-6.044200046866258162e+02,1.815213837674913066e+03
-7.288956846866516344e+02,1.785206307674864547e+03
4.226464770984422330e+02,1.178485705852767751e+03
3.869121656286000643e+02,1.212776904336274129e+03
4.699801844882968567e+02,1.182662782924043995e+03
-7.971039771471222934e+01,1.451523408141619484e+03
-1.042945046858172304e+02,1.485131007674379362e+03
-1.120244346594943323e+02,1.422734226343041200e+03
3.543572546846421574e+02,2.055757532325028478e+03
-7.372962754526039362e+02,1.843218256131733142e+03
7.201374260347689642e+02,1.092038863592288180e+03
5.214180653137905210e+02,2.025266547674463027e+03
6.241399531339939699e+01,1.245070767674780882e+03
1.800141714053189617e+02,1.272298748041560202e+03
3.958309953134120178e+02,1.995259017674414508e+03
3.543572546846421574e+02,2.055757532325028478e+03
-9.463875081868222878e+02,-2.586379428959503457e+02
4.303287060127397581e+02,1.752199727070230892e+03
3.043602397302104805e+02,1.842613468809599453e+03
-1.062312684686664397e+03,-2.853132623253244446e+02
-1.161425970274010524e+03,-2.307651301488681952e+02
3.958309953134120178e+02,1.185055707674683845e+03
6.241399531339939699e+01,1.305085827674877919e+03
5.971679809748256957e+02,1.183086885781358205e+03
5.214180653137905210e+02,1.125040647674586808e+03
-6.877742546862341442e+02,1.785206307674864547e+03
5.532508655782374944e+02,1.812092911877669849e+03
-5.777190151039118291e+02,1.778782325299735930e+03
-6.877742546862341442e+02,1.875228897675010103e+03
-6.044200046866258162e+02,1.815213837674913066e+03
-7.793542996001660867e+02,1.812356613746022049e+03
-9.378370046866384655e+02,1.845221367674961584e+03
-7.799970006787748389e+02,1.842986810345214735e+03
-6.455414346854639689e+02,1.815213837674913066e+03
-7.369313034845346237e+02,1.873020882865298290e+03
6.789519954019166335e+02,1.811520176118692007e+03
-6.455414346854639689e+02,1.785206307674864547e+03
1.803825913940742964e+02,1.781864359921336245e+03
-7.449203923539749894e+02,1.719588476553013606e+03
-9.789584346854766181e+02,1.815213837674913066e+03
-8.701929106992698735e+02,1.840130869586121889e+03
6.458937453138163391e+02,1.815213837674913066e+03
-8.281689682272487971e+02,1.841445623919912578e+03
-6.961998229391290351e+02,1.841395976457666393e+03
-6.623533962499526524e+02,1.840356250088402930e+03
-4.861432453652342929e+02,1.841549655819368581e+03
-8.956041846858682902e+02,1.755198777674816029e+03
-8.213201620211774525e+02,1.813314333865691879e+03
6.727970637638404696e+02,1.748501731378913746e+03
-1.195962001324657649e+03,7.330358389693338950e+02
-1.229021184685880826e+03,7.349427576747458488e+02
-1.187899754685463449e+03,7.049352276746973303e+02
-8.122499346862599623e+02,1.815213837674913066e+03
6.047723153133988490e+02,1.815213837674913066e+03
-8.215097354824663398e+02,1.782287702677457446e+03
-8.295994223598120243e+02,1.780604106560901755e+03
3.035057150749904622e+02,1.211972777263600165e+03
2.958027930331006132e+02,1.240753279236451363e+03
2.618485736607040053e+02,1.241845433269848172e+03
-1.021191254686246793e+03,-2.853132623253244446e+02
-6.965780695312957960e+02,1.781973658819951652e+03
-7.785078479056835477e+02,1.811371036584243029e+03
-7.288956846866516344e+02,1.815213837674913066e+03
5.541640525529796832e+02,1.843250058535030348e+03
-9.050759608308038651e+02,1.783250201075252107e+03
-8.122499346862599623e+02,1.785206307674864547e+03
-8.544827546854508000e+02,1.815213837674913066e+03
-6.598039412260828840e+02,1.840122840360000964e+03
6.047723153133988490e+02,1.815213837674913066e+03
-7.711285046858424721e+02,1.785206307674864547e+03
-1.271254004686651115e+03,7.649502876747943674e+02
-1.236437944456732112e+03,7.623997712466359644e+02
6.736554937824452054e+02,1.839962104691691820e+03
-6.135987411953213950e+02,1.782225558964156335e+03
-4.466707010000922651e+02,1.811429642559377271e+03
4.791852453145997401e+02,1.815213837674913066e+03
-8.200151316002884414e+02,1.811566810732401336e+03
-6.455414346854639689e+02,1.815213837674913066e+03
-6.044200046866258162e+02,1.785206307674864547e+03
-9.877575138727772810e+02,1.813065913647232264e+03
3.046010487078835354e+02,1.752585519317842682e+03
-8.286392685242586822e+02,1.721655007960575631e+03
-6.621726441213273802e+02,1.750140289249755142e+03
-4.940285304324631852e+02,5.801348530055198580e+02
-4.031328039077485528e+02,6.711344773537379069e+02
-4.788329346862473130e+02,6.449201676746002931e+02
-5.773828913851086782e+02,1.870276952883511285e+03
-8.286795991627935791e+02,1.779478791909370557e+03
-7.802819713548475420e+02,1.781480446051896706e+03
-5.783451446512536904e+02,1.810085767381618325e+03
-6.044200046866258162e+02,1.845221367674961584e+03
5.868710768463314480e+02,1.840991923297144922e+03
-7.288956846866516344e+02,1.785206307674864547e+03
-5.284200446917950558e+02,1.782395066998815537e+03
-7.711285046858424721e+02,1.785206307674864547e+03
-8.269045774885323681e+02,1.811464388470893027e+03
-8.713444418757107996e+02,-1.699341174843562499e+02
-8.544827546854508000e+02,-1.352756123250818518e+02
-8.276220777882977018e+02,-1.392564079607616350e+02
-9.044167087528705906e+02,1.812549215698818443e+03
-6.602891976706268906e+02,1.780773107372087679e+03
-9.463580576772493487e+02,1.752785197986786443e+03
-5.621871846858556410e+02,1.785206307674864547e+03
-8.544827546854508000e+02,1.695183717674718991e+03
-9.453826347289231080e+02,1.813551888956932089e+03
-6.044200046866258162e+02,1.845221367674961584e+03
-5.210657546854381508e+02,1.845221367674961584e+03
-9.881951014978292278e+02,1.811930654129881077e+03
-9.873204390961610670e+02,7.318145827222577964e+02
-9.046175335258928953e+02,7.331244900954177410e+02
-7.380345687346944032e+02,1.781879114824247608e+03
-8.200730161635160584e+02,1.813426709822545263e+03
-7.797894560995181337e+02,1.782063146402363600e+03
5.625394953142080112e+02,1.125040647674586808e+03
4.791852453145997401e+02,1.155048177674635326e+03
-4.950194268021825792e+02,1.749932841677608621e+03
-5.699074962152706121e+02,1.751674044305931375e+03
6.047723153133988490e+02,1.755198777674816029e+03
-4.535569092300348188e+02,1.690337661867645011e+03
-7.371928800512581574e+02,1.782792110400222782e+03
-9.378370046866384655e+02,1.695183717674718991e+03
5.625394953142080112e+02,1.695183717674718991e+03
1.880010653137779286e+02,1.875228897675010103e+03
2.291224953141954188e+02,1.815213837674913066e+03
1.880010653137779286e+02,1.845221367674961584e+03
5.214180653137905210e+02,1.965251487675155659e+03
5.214180653137905210e+02,1.965251487675155659e+03
5.121960372140872551e+02,1.963393815914600282e+03
-5.786297473854427835e+02,1.779881944669198674e+03
-8.208087388701127338e+02,1.721593234880421960e+03
-4.788329346862473130e+02,1.755198777674816029e+03
-3.954786846866389851e+02,1.725191247674767510e+03
-9.789584346854766181e+02,1.785206307674864547e+03
-4.868201062165753683e+02,1.782567550364624822e+03
-6.455414346854639689e+02,1.755198777674816029e+03
-7.445521701983813045e+02,1.719244774101016674e+03
-8.215489766929804318e+02,1.782853983799446951e+03
6.299728394334154018e+02,1.779904255278730488e+03
-5.371454831948984747e+02,1.750958395116339489e+03
5.625394953142080112e+02,1.755198777674816029e+03
1.880010653137779286e+02,1.275078297674829400e+03
1.457682453145870909e+02,1.275078297674829400e+03
1.804741368022553161e+02,1.271508180032247310e+03
-6.537857947021100244e+02,1.811953041130083875e+03
-9.111322852665356322e+02,1.779960146547294016e+03
-6.877742546862341442e+02,1.785206307674864547e+03
-6.455414346854639689e+02,1.785206307674864547e+03
-7.288956846866516344e+02,1.725191247674767510e+03
-7.363221502209570417e+02,1.783062747269307692e+03
-5.696540812061952010e+02,1.782176888758402129e+03
-8.284327997350748092e+02,1.751969383293075680e+03
-4.040693200903699562e+02,1.691579505068480557e+03
3.403884775366526583e+02,1.689564157784271629e+03
-6.455414346854639689e+02,1.815213837674913066e+03
-8.196719239080860007e+02,1.783222945861489052e+03
6.047723153133988490e+02,1.785206307674864547e+03
6.297676456715350923e+02,1.750461131199422425e+03
-8.199431860443088453e+02,1.693540454293325411e+03
6.795148502820832164e+02,1.092883248569091165e+03
6.787376084960078515e+02,1.093073381582667253e+03
6.458937453138163391e+02,1.095033117674538289e+03
2.621174230883790415e+02,1.242004949835916477e+03
1.457682453145870909e+02,1.275078297674829400e+03
-6.616919655086620651e+02,1.780582518565184728e+03
-6.956924855656266118e+02,1.782839977469832775e+03
2.291224953141954188e+02,1.875228897675010103e+03
-7.796910754166176503e+02,1.782334271651336849e+03
-8.709417987289583607e+02,1.809848335531782595e+03
6.047723153133988490e+02,1.695183717674718991e+03
4.791852453145997401e+02,1.695183717674718991e+03
-1.021191254686246793e+03,6.149126376745517746e+02
4.407256555777124163e+00,6.700065385336051804e+02
-8.544827546854508000e+02,1.755198777674816029e+03
-1.278673641202161889e+03,7.621489337204735648e+02
5.625394953142080112e+02,1.785206307674864547e+03
5.625394953142080112e+02,1.785206307674864547e+03
6.458937453138163391e+02,1.755198777674816029e+03
-6.455414346854639689e+02,1.815213837674913066e+03
-5.210657546854381508e+02,1.815213837674913066e+03
-8.956041846858682902e+02,1.785206307674864547e+03
-6.455414346854639689e+02,1.785206307674864547e+03
-4.788329346862473130e+02,1.785206307674864547e+03
6.458937453138163391e+02,1.065025587674489771e+03
6.696248734085702381e+02,1.092535911236780066e+03
5.097240727146891572e+02,1.100170484328305065e+03
2.977030927433254988e+02,1.215799123224112464e+03
3.227637636753049719e+02,1.215099557178001987e+03
3.555120886577614101e+02,1.175124506277675437e+03
