6.796357525757593976e+02,1.035019826213829219e+03
6.721534703212143995e+02,1.036711059619098933e+03
6.714122937968941187e+02,1.036981815674530026e+03
5.546456125766607101e+02,1.065661684867841814e+03
4.791852453145997401e+02,1.095033117674538289e+03
5.625394953142080112e+02,1.065025587674489771e+03
5.467384282486788152e+02,1.067429691717916512e+03
5.543647414740362365e+02,1.066515264271130036e+03
-9.378370046866384655e+02,1.005010527674392733e+03
-9.031530570124588166e+02,6.760140336157593310e+02
-1.871365019841884987e+03,2.865456462162967455e+02
-1.080327241355377055e+03,-2.564247198721624045e+03
5.465417848357279809e+02,1.067725778821917174e+03
6.791481164443484886e+02,1.035799807720698254e+03
5.466005557423757182e+02,1.067452533954714681e+03
5.625394953142080112e+02,1.065025587674489771e+03
6.707534241958801431e+02,1.037485571142498657e+03
-1.079614984057668607e+03,-2.564588348580949969e+03
-4.788329346862473130e+02,1.635168657674621954e+03
5.541434630880055465e+02,1.066784642808539274e+03
6.808223766053711188e+02,1.035858508988525500e+03
4.702296299858820703e+02,1.095271187609761455e+03
5.451231803899297574e+02,1.066546826663917727e+03
5.461991217754082300e+02,1.069528424698953813e+03
5.625394953142080112e+02,1.065025587674489771e+03
5.546087854898190699e+02,1.066174743447342962e+03
5.625394953142080112e+02,1.065025587674489771e+03
6.719128448138195608e+02,1.038243797462044085e+03
6.881265653145866281e+02,1.035018057674441252e+03
5.625394953142080112e+02,1.065025587674489771e+03
6.724906526622278307e+02,1.038842437797024331e+03
-3.192135965223287712e+02,1.215269400880700459e+03
-1.688025254686272092e+03,1.948072176746621835e+02
-2.861823059896007635e+02,-6.710195133242273187e+02
-1.705155853016908395e+03,1.981073863890513280e+02
-1.703843814330209170e+03,1.979792216551740864e+02
5.463671412568807000e+02,1.069088868069315367e+03
6.791245093239942889e+02,1.035198552957154106e+03
5.545719392324607497e+02,1.065094175652989634e+03
-6.987550951455621373e+01,-2.895661790671456856e+03
6.881265653145866281e+02,1.035018057674441252e+03
6.881265653145866281e+02,1.035018057674441252e+03
-7.036785031739440228e+02,1.666993511220558503e+03
-4.025322433931407886e+02,1.156707698908966904e+03
5.456781957449086349e+02,1.068348642838845763e+03
-7.090683701403330019e+01,1.695153704972924970e+03
-1.703881460322516432e+03,1.962164470097235380e+02
-4.027138973620645856e+02,1.186395850369592154e+03
-5.384544682179288202e+02,1.607827316068087384e+03
5.553246698562273878e+02,1.066678079901011188e+03
6.730770381117706620e+02,1.036758047040281326e+03
5.625394953142080112e+02,1.065025587674489771e+03
6.881265653145866281e+02,1.035018057674441252e+03
-1.612549822015155883e+02,-6.725689565177428904e+02
-1.737265336542131990e+03,2.250737399948255302e+02
-1.862935063669681313e+03,2.855454502120503548e+02
-1.863212620510906845e+03,2.853023310757744753e+02
-1.113135630439395072e+03,-2.535101801963433445e+03
5.451790792205656544e+02,1.067647447371471571e+03
-1.729146684686689468e+03,2.248147476747107021e+02
-4.033921915561992932e+02,1.215348522499789169e+03
-3.287486226124016753e+02,1.217799437840607197e+03
4.632375561771393109e+02,1.097680956654573947e+03
5.479322125862927351e+02,1.065736266758388410e+03
6.811714345713104422e+02,1.034861626621033110e+03
6.881265653145866281e+02,1.035018057674441252e+03
6.881265653145866281e+02,1.035018057674441252e+03
4.639797882091322094e+02,1.097273943133057628e+03
-1.696969856750595909e+03,1.954456329756374089e+02
4.702092029885885722e+02,1.096911070107551495e+03
-1.729146684686689468e+03,2.248147476747107021e+02
-1.688025254686272092e+03,1.948072176746621835e+02
6.796711715030244250e+02,1.036564483215735436e+03
6.797710700050263313e+02,1.036624014285961721e+03
6.791414079638494741e+02,1.036855036896512956e+03
-1.131927160661729346e+02,1.696436700470620735e+03
-7.957535578146857347e+01,1.697174335516012206e+03
5.625394953142080112e+02,1.065025587674489771e+03
5.625394953142080112e+02,1.065025587674489771e+03
5.539575172655726192e+02,1.064783433847484503e+03
5.540992493758784576e+02,1.066040772085900244e+03
4.646288392915819259e+02,1.098040617137872232e+03
5.625394953142080112e+02,1.065025587674489771e+03
6.881265653145866281e+02,1.035018057674441252e+03
-7.288956846866516344e+02,-9.454789223256021842e+02
-7.056392187610784958e+02,1.637593342606988472e+03
5.534963166575071227e+02,1.064781137541625185e+03
-1.703755867168618806e+03,1.978228480635654307e+02
4.635807998744717224e+02,1.096739293281415257e+03
5.625394953142080112e+02,1.065025587674489771e+03
4.720097244745092553e+02,1.095151340263077827e+03
4.791852453145997401e+02,1.095033117674538289e+03
6.805955527075415148e+02,1.034906198720583461e+03
5.539823543282437868e+02,1.064783262232823517e+03
5.455968386024069332e+02,1.066507273768252389e+03
6.707797589737224371e+02,1.036733071290657108e+03
-1.604671004686663764e+03,1.647996876746136650e+02
-1.744312193107766689e+03,2.274433101253589484e+02
-1.737339994599867396e+03,2.247868299196478574e+02
6.881265653145866281e+02,1.035018057674441252e+03
6.790524847611004589e+02,1.034955060780755502e+03
5.463419760242777556e+02,1.068089451399164091e+03
5.459484368055260575e+02,1.068066787009261361e+03
-1.704095490894986142e+03,1.975858400656717606e+02
6.881265653145866281e+02,1.035018057674441252e+03
6.881265653145866281e+02,1.035018057674441252e+03
6.721035667987974875e+02,1.038673626851026938e+03
9.717300242030731852e+02,1.035340178233446295e+03
-1.062312684686664397e+03,-2.565885542325063398e+03
5.625394953142080112e+02,1.065025587674489771e+03
5.890519885192185257e+02,1.095919722579986228e+03
-1.077233247850245334e+03,-2.562967896970900256e+03
6.793625903630496623e+02,1.035170761321916416e+03
-1.702909763484241921e+03,1.984099884686806661e+02
5.523246013529600305e+02,1.089389171540488860e+03
5.339335461200579402e+02,1.089203469192146031e+03
6.437626455592954926e+02,1.081834196209323864e+03
