date:2016-09-02, time:1500, wind_speed:3.82, wind_dir:6.0, temp:22.1
-105.836226 -256.575975
-109.502242 79.241976
-88.661762 -7.500763
-11.061690 91.692855
-161.188663 22.671816
-152.820103 28.577166
49.228844 121.557326
-97.966736 -22.224214
-73.683307 118.616070
15.120247 -289.461342
-163.349870 52.395259
-36.208973 -280.635179
-147.999317 40.585847
47.977938 127.744665
-122.160232 -28.333979
-127.390337 -31.376987
-25.940830 -280.686124
5.254519 133.585400
23.925836 -289.426802
52.559080 124.522138
-77.767646 -37.336962
-75.830982 61.484005
-44.020303 -274.366503
-39.407680 -277.293209
-69.811290 115.588933
-19.413467 -283.439996
60.477232 142.511595
-129.399323 46.684844
-80.568214 -34.395041
-69.831856 -34.484806
-30.049904 -280.702736
-67.610661 46.416203
-81.927560 61.666504
-76.769402 112.558700
-73.446102 112.640770
-17.308199 106.514435
-4.867752 -286.595749
-31.661166 97.710905
-146.792685 46.434841
-139.521818 49.670759
-142.503276 46.581784
97.408478 148.718782
90.303087 148.619065
-73.829649 64.567544
-146.576248 37.461412
-65.302837 49.705113
-77.504086 52.735056
-98.552614 40.758524
-106.735242 46.862597
-92.932911 46.646739
52.589375 136.565719
-79.924733 46.579040
-75.743890 46.480250
85.507909 181.837368
67.907792 145.707447
-29.700625 133.512181
-113.667541 31.612336
-64.196376 58.632806
97.348179 187.724097
-104.915003 52.537984
-86.009458 61.827005
-5.210889 -283.654933
-48.800675 -103.330696
-26.326816 -268.644802
-81.292628 175.758202
57.094600 139.622019
53.917117 136.573123
-67.685919 -37.600768
-58.637395 -34.402171
-88.163541 46.734062
-84.202531 46.686410
-72.732774 118.642799
60.477232 142.511595
56.253950 139.510842
52.141807 124.507077
-122.954727 -31.411234
-121.656268 -28.723694
-69.065421 115.612007
-73.300935 118.799442
53.085125 130.624205
53.496885 133.717187
52.930852 133.629570
-75.804245 112.348656
-76.868838 112.700369
-73.197706 115.567779
-93.860309 61.719024
-103.723092 94.504672
-107.949811 94.523929
