date:2016-08-04, time:2100, wind_speed:3.86, wind_dir:190.0, temp:20.2
827.195403 1093.413118
826.548568 1095.572556
754.303588 1063.446175
-289.431386 913.837658
-955.238570 1214.417775
-724.375263 -409.182342
-886.955345 673.504394
-1627.858900 252.668404
-1762.196028 282.881514
-645.486540 578.004495
-507.270385 1455.152494
-1271.254005 -435.350912
683.433740 1033.989384
-793.827297 1064.590773
-1212.119013 1003.064729
-1166.981492 915.023738
-1080.397064 853.549385
-1761.791091 252.424102
-1061.801577 -680.265671
-876.069423 13.194805
-954.707019 824.235737
-603.684095 1272.488332
-678.565651 312.027534
-805.230216 -16.512586
166.851519 1515.109053
-996.529734 433.728197
-1049.904678 1303.885016
-834.781024 613.620879
-662.727509 -496.891834
-930.579440 611.230392
-1209.485362 823.935143
-1593.755168 193.247274
-839.611123 -107.672962
-682.858133 -588.119467
-1246.867060 -46.317818
276.100255 1241.933265
-979.218787 1362.462296
-843.257301 733.232716
-844.886614 283.517577
-1145.666935 -495.365972
-43.431176 1183.840383
-1044.349828 792.702307
-1418.050874 222.990853
-799.968697 1393.841528
-1142.094061 491.683484
-1348.576856 461.466184
-292.219520 1095.402661
-1043.039881 644.219963
-978.854149 1090.367491
-928.922070 1063.315137
-882.574980 252.931749
-312.474299 1332.332473
-960.143782 791.930432
-891.586534 642.935268
-1039.810999 643.788002
-1085.569225 584.811848
-1562.477631 639.713797
-895.818878 100.884400
-1059.052948 971.371925
-1589.979748 463.226883
-710.435420 1153.496336
-561.633023 700.920346
-996.421247 1364.886509
-1019.400697 1301.092372
270.646132 1540.935121
-1465.870258 1273.136492
-978.387497 1300.166606
-474.298120 882.359539
-1044.227206 282.914229
-553.541503 221.492872
-1085.697979 193.504975
-850.000670 102.968089
-543.459655 404.783095
-913.715470 793.353898
-1002.796038 793.995409
-1746.149203 224.497313
-593.048111 1245.148244
429.601081 1154.552554
-41.887996 1364.298290
-686.795181 1630.902651
-673.051996 1212.313385
-1183.102273 701.430297
-1637.306091 193.891800
-1089.314938 823.349493
-1210.790146 613.128295
-1016.588360 552.013794
113.212846 1212.767697
-1627.341159 883.514735
-1503.435592 855.458596
-848.457353 761.432062
-1168.252145 583.935821
-886.424236 582.335767
-917.425827 194.845414
-839.949418 164.298236
582.391427 -2717.509971
-746.145589 1844.056428
231.644597 1482.559090
-1265.440168 1392.336756
-1334.248131 1004.985606
-1262.041344 492.481548
-1229.741950 222.115875
-1001.831323 194.966346
-928.373970 192.413073
-959.734081 73.639535
172.090117 1485.441155
159.645981 1452.864031
188.121385 1482.716994
812.658444 1570.179010
-803.880130 1272.507542
-967.072884 1093.808148
-1720.536264 763.667383
-843.757257 643.697908
-1662.346611 373.597213
-1000.548688 -105.647029
-460.235851 1424.512128
-756.726420 1212.550092
-516.075941 971.105231
970.909626 1033.778869
-474.705934 882.179621
-511.465341 882.715252
-562.744406 970.569735
332.189266 1784.974321
127.224709 1544.298896
-1132.450383 1454.186367
-1674.740020 914.253696
-1391.402271 431.618259
-1037.990171 314.376730
278.320137 1813.854407
374.104606 1634.504105
-882.207163 1152.896118
-580.057560 1063.658615
-834.465092 1034.543967
-1089.538558 524.961378
-1011.470361 253.514724
-877.808554 1755.471383
275.483952 1721.146809
33.747136 1633.369135
1489.198346 1483.865733
-1459.726577 1243.901131
1020.258529 1030.495827
-1470.441609 463.276370
-764.851278 431.907787
697.082907 1663.307301
-163.657725 1604.069384
-876.928456 1093.596712
-1304.053779 1093.100504
-557.962522 762.852644
-1471.996725 793.534280
-1006.026217 793.409271
-1043.800726 554.327346
-892.099092 463.563572
452.492333 1874.551946
-794.064563 1694.877211
-261.437178 1273.185338
-770.970278 1243.104504
790.079697 1062.982309
974.586818 1033.847451
-1627.437096 704.212729
-845.984846 402.686396
695.953500 1633.053169
-853.261680 1120.050643
-1006.493944 733.055387
-1012.922241 733.241482
450.560911 -556.953940
278.806772 -678.085362
1535.889800 1693.094203
646.684851 1660.869181
-1224.298940 1181.936390
-1017.512098 672.185438
-1090.500905 614.484443
-584.581993 523.119133
-1086.165719 -45.899216
-20.122841 1601.383458
-53.635848 1573.057427
-1289.331157 1394.117905
-1061.265627 999.916845
-1471.670858 973.622816
-1010.901799 732.498766
-1418.725748 523.986081
-1215.138017 343.050167
710.801219 1663.578779
-297.566506 1663.584177
-761.675982 1483.493899
-1058.774314 72.010934
-387.037142 1722.709678
-554.816601 1064.092311
-549.115596 853.485547
-799.046727 -15.796757
-927.187393 -405.510053
-1001.404619 -496.208589
678.657248 1033.990458
-1329.761429 1063.986643
-1307.378330 1240.979501
-1246.504490 1242.757161
1021.734751 1060.650530
994.890634 1033.556202
238.715268 1782.811255
-954.944166 764.290671
-978.643083 790.514089
504.852357 1785.870569
253.844429 1724.188819
504.609855 1574.362707
-126.012053 1513.591773
-917.638983 1183.765829
748.182448 1064.499484
1073.159461 1092.929724
-549.203460 1004.664804
1029.314251 1062.315859
-621.543686 1004.860295
-1001.562768 914.279980
-632.471794 643.403693
-936.201870 190.174680
614.027617 1842.683813
-495.889396 1754.308880
-307.106741 1752.281502
-20.716723 1210.853884
-1007.309869 555.225027
-417.988170 1454.094412
-456.411345 1484.689444
-1181.408024 1211.905803
-918.854209 762.870188
-804.694343 762.835585
-895.363971 1301.529017
-933.015174 1301.582691
-1002.759327 1274.986758
-1173.740637 1182.386504
-1429.336622 672.176106
123.418430 1635.339016
-631.590244 823.175217
-1418.077458 1274.590177
-1.367218 853.264213
-716.271401 614.695871
-1079.785343 493.109478
278.799602 1932.789699
873.649441 1785.070526
-1341.593813 1633.963541
-16.374257 1512.289516
-1580.532118 1363.760120
-975.347480 1362.156988
-1662.435699 974.884911
-1751.804582 944.144838
-667.972628 704.438153
-1460.492532 524.019476
-1381.611444 463.858809
-1174.115477 312.049529
-1126.863644 1333.445209
-1104.452555 1331.818622
-1181.957598 1272.056382
706.695881 1064.519129
693.095444 1093.529725
-1271.734628 1181.184527
-1209.276444 1155.278408
961.828405 1033.188489
988.205446 1033.696516
943.749020 1062.750672
987.756476 1093.976957
-126.059565 1874.365187
-125.297180 1665.598443
-885.908491 1182.939272
-1681.723783 971.651176
-803.979309 463.617014
-644.561302 159.596801
-663.212103 -105.746153
-339.793822 1693.836836
-956.162160 1063.432175
-1054.069630 1003.994765
-1083.394433 674.071882
-1225.411885 522.556788
-765.560000 1780.893860
-996.083696 1333.943414
-1039.226740 1153.230533
-932.399011 1121.516101
-834.401758 1124.558742
-7.367594 1574.968320
-1711.414385 914.163015
-1579.946663 854.657862
-807.786028 -108.844210
-917.072085 1874.240373
327.069880 1575.024879
-1290.145225 1455.367256
-626.552236 915.499618
-1058.514707 703.643629
-507.913229 704.230833
-1428.667060 644.179761
-1162.934186 523.514132
-876.139383 463.951273
-932.178566 1302.428025
-878.398890 1302.815524
-757.927381 1874.364427
-1227.926085 1720.960880
-844.618286 1572.417583
-1376.160329 1483.573047
-477.565669 1509.594877
-520.261475 1451.381932
-173.585704 1364.874922
-1294.088628 1184.246232
-1596.999662 852.910338
-1386.707866 492.162528
-1141.623943 161.780228
-721.208038 -107.276221
-1300.496524 1092.153732
-1260.897014 1092.855676
-959.366911 -226.716015
-1001.456736 583.996934
-537.924195 1034.995107
-303.204963 1424.557466
-1545.012003 1362.995910
-798.751925 912.872760
-429.025093 973.991021
-1095.138894 1482.858781
-1506.562547 1182.601662
-978.466896 789.549046
-959.868010 794.195076
545.264267 1935.243868
-1711.172820 973.772371
-1672.732148 914.101152
-1137.533281 492.817132
-1080.632012 464.196389
-471.655196 942.927616
-391.506740 1873.022122
-392.144089 1812.130953
748.348482 1573.788733
-1002.110813 1423.696407
-1348.584857 1421.609434
-835.396962 1273.440379
-1562.437774 1180.293299
-1289.688744 524.671635
-679.390936 1664.638259
-673.914674 1663.750712
-661.633731 1633.912352
-631.454728 1663.454224
582.252577 1874.528604
-1378.181221 494.641398
-1330.303852 462.849775
-1163.096271 523.726607
-1168.862165 553.429607
-1169.083634 524.434593
-1307.191988 1092.510893
-1247.103242 1123.058079
-48.080100 1693.695788
-1057.957278 1512.208525
-1473.774784 1150.388172
-789.513892 703.345912
-683.098310 610.902114
-1474.461525 582.488610
-1121.817222 432.887389
-1205.518048 794.625833
-1135.726248 822.816149
-1127.098808 824.153357
-1121.151721 853.571889
-1516.172294 1241.783249
-1455.741096 1274.170246
-1479.216855 1240.001275
-390.781245 1361.669306
-1303.844281 1033.428056
1082.610378 1062.923004
-812.161162 971.709330
-641.536569 461.654686
612.024774 -1726.617614
853.944175 -1939.760026
-703.733616 -2207.805309
-431.270056 941.435427
-454.467862 883.554808
665.910652 1514.742954
-955.125770 1274.156207
-470.426584 1213.106123
-1456.632660 1183.517722
-1491.460308 1123.858968
-1137.644885 1123.925413
-388.072722 1091.842931
-760.182426 672.325440
-662.117873 673.025116
-599.710994 11.568802
-598.567651 -2058.933383
-765.947730 -2419.994028
-293.854550 -2477.849769
-437.273322 -2449.952099
-418.025382 -2537.127996
-542.832348 1813.529424
729.515331 1570.639281
489.357652 1511.964656
-751.410278 973.301562
-1262.801209 792.577755
-1480.081052 582.000665
-892.069990 402.919726
-637.312697 -46.227133
445.731970 -1578.033854
608.285921 -1638.418757
-602.014465 -2627.942651
-179.815844 -2629.463383
-0.407750 -2746.299486
-1001.279974 1335.527227
-977.381668 1361.650971
-954.702190 1365.378080
-976.212281 1364.501876
128.834748 1843.470157
836.722853 1574.656882
-164.466285 1423.363751
124.605740 1423.198786
-349.061136 1362.077270
-645.260555 1181.034541
-83.786611 763.435291
-1520.234358 700.603380
-917.483100 404.428320
-1294.289679 103.602145
-537.881752 -17.094629
-835.590332 1153.289072
-955.294781 1093.283249
-852.735282 1089.676940
-834.757698 1063.103738
868.741679 1814.848293
868.845635 1724.753101
819.439897 1722.165661
-799.081563 1784.344138
742.601695 1724.277570
170.252836 1574.853718
-520.212212 1450.430315
-710.089249 1362.860697
-762.227606 1004.617919
-959.285454 133.909676
484.325750 -1519.967471
462.207582 -1606.239265
-477.895717 -2149.957929
-727.962302 -2362.128370
123.477148 -2775.920787
-1.117463 1753.815997
-810.978214 1511.159682
-890.981711 1361.393649
-265.107127 1270.173882
-478.832935 1185.055708
-1561.925600 729.895335
-803.799655 342.910900
-845.705633 43.456545
-672.838487 -766.798764
581.794032 -1907.275657
711.620021 -2266.853724
165.469010 -2776.052531
-835.859097 1515.043188
734.275138 1420.234415
-1181.831361 702.042806
-1015.776319 551.136838
-995.845331 523.456586
-417.782926 -1787.737513
-1252.627805 762.855889
-1263.581714 792.318683
-1266.285559 761.405234
-1330.171642 793.968616
-495.865861 1693.911246
-593.161190 1571.067013
-84.220975 1363.718538
-788.259936 1122.816882
1003.247228 1093.947106
-335.237858 1033.956874
-641.437585 970.912874
-396.137701 820.799239
-622.266439 763.878371
461.512687 -1906.005226
-307.062735 -2360.550840
623.002369 -2386.770815
-11.153797 -2688.452128
1045.851583 1094.176326
1000.556597 1094.421604
1036.187429 1093.316727
-562.187185 1815.213838
702.037941 1783.802658
-246.211824 1334.203365
-1177.665053 1034.056468
-585.183539 973.028169
-1428.262641 914.182227
-1095.755728 672.254283
-687.699527 640.358249
-1005.766174 523.775012
-1002.274910 312.915147
-751.697236 15.519270
-974.479444 -169.197217
442.109575 -1577.742018
-597.885500 -1669.713555
-645.436809 -2210.555642
-1532.958969 1393.803419
-559.083110 -48.434711
-539.391246 14.648116
-585.995185 -46.514676
-1479.127058 1241.425368
-1831.012633 1003.808786
-1805.053405 1033.465703
-1813.319663 971.026182
612.798324 1752.401431
-727.897894 1631.588458
-344.996455 1541.055785
-887.238000 1423.021295
-396.685863 1390.962446
-1622.057199 1003.590546
-765.554265 881.196830
-1146.083891 641.137524
-1561.692001 550.905740
-1120.709882 493.283250
-887.540588 -136.725904
-468.533804 -1487.386617
868.264905 -2088.649393
-579.867557 -2356.174791
-303.611842 -2476.462506
110.069838 -2718.460006
-829.691000 764.152879
-852.118419 761.638329
-816.770320 760.501313
-811.888871 761.007135
-845.167680 761.773005
613.446040 1872.282882
612.436530 1843.925068
684.744247 1840.784489
571.035011 1873.652389
-1039.352833 1753.601994
77.582560 1693.316318
-1044.995661 1064.017338
-636.618263 -1428.832731
-436.833475 1780.046217
695.331383 1783.483172
-557.361114 1750.926686
-788.486931 1634.941094
-595.707937 1602.857363
-12.979957 1543.313806
-392.043669 1272.147594
-965.159820 1122.909733
-1513.216283 1033.771657
-834.087636 1033.345758
-1178.766319 1004.402651
-1724.589789 851.948868
-725.341809 -647.450675
-220.075226 -2837.039250
-1044.311937 764.475170
-1001.122074 763.667323
-937.891115 790.888979
-977.774781 761.540009
-996.266853 793.621676
919.999096 2023.883141
486.978565 1874.143320
-436.959477 1780.139720
813.905210 1749.515868
164.360754 1663.519055
445.863190 1572.761235
-94.736459 1514.571575
-578.663802 1334.906517
-1051.287901 1184.596558
-1246.805186 643.236286
-848.455075 492.633999
-1012.294420 432.848751
-514.854098 221.983633
659.856711 -2267.221260
-621.599166 1694.887437
897.050160 1481.922923
-413.284085 1334.294715
-1010.818911 1152.902434
-720.179834 1062.080731
-829.944977 1004.826898
-925.136004 613.982886
152.641512 -2598.944939
284.507661 -2597.220683
-261.840343 1451.799987
66.858046 1364.117032
-266.469632 1242.076633
-1454.602395 1094.099741
-1719.850874 1033.653216
-715.735131 733.715486
-1372.572777 644.610615
-752.170558 613.117184
-505.296363 493.657852
-520.726100 368.987576
-579.694530 -2447.532775
-1598.138642 1000.922210
-1627.723746 1004.505646
404.471024 1602.395582
779.704885 1604.183680
-459.267935 1214.351948
-392.019234 1213.084811
-1162.869521 343.678988
-1011.811927 342.758892
-683.690728 -1488.398669
-514.689882 -2420.108370
-412.789993 -2716.891213
248.118435 1754.545221
234.633599 1751.599799
279.049174 1753.642253
-1131.420586 523.419126
-1167.105238 523.481137
-1128.105297 523.743159
-1136.869693 192.742344
382.538694 1694.786003
-1585.498042 1094.137725
1082.816352 2174.793246
867.922342 1935.320315
266.675077 1748.999289
664.610971 1544.807631
-460.103733 1363.642061
-334.113560 1334.713210
-1086.145203 914.160076
-1460.736890 852.624059
-1771.379505 254.822278
-588.398715 14.141940
-541.642163 -1335.826742
-417.711115 -1427.630111
-256.392531 -2627.599284
-85.185718 -2746.669967
-1288.267835 1243.657681
-1299.096235 1273.456140
-1307.720446 1241.768096
-551.950456 1334.132722
-633.901178 1363.294013
-548.509547 1303.605956
-593.847704 1333.126854
-798.475703 1514.268149
72.010087 1453.643875
-334.452360 1364.373409
739.159324 1331.584130
-1000.908075 793.520711
-1423.027455 703.007342
-1094.517766 192.030955
-1173.290000 133.389741
-1299.630505 73.173783
-591.252990 -76.624625
-638.182766 -226.585452
-627.775665 -1487.489743
-700.501565 -2417.515043
-43.980469 -2807.021882
-475.440861 1482.165269
-471.245065 1483.305758
-521.065755 1485.131008
-431.811511 1481.335854
-973.723140 549.854033
-1010.924659 582.350125
-1137.343839 912.012820
-1084.391160 914.524009
-1175.081009 734.490474
-1225.850578 700.105664
-1209.505089 613.913274
160.619384 1662.980773
-302.726954 1244.931144
-271.003005 1215.063238
-266.021704 1241.528345
-1043.655934 522.316645
-1012.600384 552.056433
-432.103105 822.287416
-460.018854 793.828113
753.910162 1034.590550
707.604263 1094.126289
695.948925 1063.824939
-626.499782 -15.396830
-594.786479 13.050594
-638.568841 -2627.590904
-574.494330 -2626.656859
-589.571056 -2687.785771
859.265636 2174.074029
-553.337053 1784.360911
-298.070472 1633.883419
-761.963376 1603.355304
-917.791595 1394.929363
738.462141 1274.071093
-637.212984 1214.658033
-1349.402236 1031.555051
-512.925958 1032.118890
-1812.255989 940.592956
-1132.635399 733.357404
-715.411031 733.678634
-1376.680770 14.887878
-470.940163 -1068.739021
612.672567 -2237.858494
-388.086034 -2657.100104
582.220285 1843.857609
-687.774255 1605.161128
-95.187507 1603.124955
-298.420403 1513.497767
659.874743 1512.587440
371.796233 1484.627425
820.383370 1243.681783
-1822.090733 913.792921
-1175.120249 883.720285
-1418.286559 793.256177
-1168.418450 733.953878
-1637.542675 672.540498
-1179.053448 433.489834
-715.037191 103.016064
-710.064085 -2117.779636
-547.782412 -2237.176774
-256.036849 -2626.845377
-975.796067 550.440935
-954.887932 493.155398
-976.557813 553.908556
-1015.576557 552.920437
-288.226924 1243.842059
-298.529580 1244.189224
-261.904153 1244.279164
156.563913 1692.945461
716.178252 1573.753672
956.083151 1545.238952
-548.351094 1513.586178
-723.224437 1239.800443
-340.377850 1242.512071
-1005.454787 282.773739
-704.787164 103.677300
-588.605394 -197.342143
-543.695695 -1457.732216
290.148265 -1877.622185
749.268196 -2146.926856
202.175015 -2776.746123
-709.937651 1575.368584
-727.127890 1032.627713
-788.670387 1004.041992
-1466.570593 614.083387
-1507.431800 493.423225
-625.231336 464.120430
-1163.017421 402.706233
-715.543148 -196.637241
534.844378 -1607.545980
498.992849 -2296.760609
-589.095109 -2477.401257
-554.468120 -2539.445116
-1001.048304 763.698809
-1019.958340 761.541903
-1012.499822 731.809856
575.948238 1784.037429
-917.589363 1544.442166
355.005478 1540.455147
-626.768338 1455.267257
-311.171275 1300.111023
-980.096659 880.601150
-543.350939 704.728102
-1210.027000 583.161687
-632.003853 -2237.464134
-544.222077 -2357.684961
-927.626630 823.473529
-960.423712 822.290442
-872.694756 823.530653
-924.409371 823.742071
-960.321285 824.131720
-668.301850 -1487.082603
-604.420005 -1455.606932
-632.074904 -1517.573477
-631.820813 -1516.076436
749.580828 1634.615794
-501.434941 1395.027450
-1298.111368 1155.245301
-935.690777 1001.290775
-627.647265 734.201989
-895.356477 431.905286
-937.837005 -15.245492
-644.669085 -1550.357316
-604.420005 -1995.742472
-543.110821 -2506.935630
35.057353 -2656.064813
772.042289 2172.259799
-377.771583 1333.380203
-725.982781 1242.118422
-1167.727807 1033.010288
-1454.583084 1004.148073
-769.821573 910.205195
-1373.029347 793.687134
-121.236351 734.094716
-708.602716 704.157948
-1585.860907 553.455865
-507.713239 492.518879
-622.782833 192.869562
-710.583165 -15.790089
-1127.642388 1304.052778
-667.501462 1573.899963
-622.650015 1124.483048
-371.565309 884.820817
-622.461833 644.493745
-810.336712 610.290660
-896.634254 460.493072
-808.157154 252.688879
-710.723377 133.215169
-1080.309520 43.078933
-521.065755 -1065.509042
-622.535820 -1666.680066
150.506216 -2598.728273
-812.465148 1752.003599
-620.829097 1754.831833
395.830995 1485.131008
480.521362 1482.115342
-557.046926 942.575646
-1246.056959 583.247463
-960.069019 554.096927
-727.955071 430.381371
-1140.330248 251.356121
-460.287728 -106.837581
-835.234991 -166.511907
-794.684160 -826.378458
604.701099 -2239.981223
-461.153521 -2266.971222
545.548017 -2267.495335
545.471519 -2446.544580
-755.029917 854.647474
-788.010446 884.001727
-762.427223 883.739098
-788.438696 883.657165
-1042.964242 553.115690
-1011.465866 552.045826
-1020.422987 520.473184
-603.478419 1511.372292
-627.230664 1543.785128
-627.864982 1574.176609
-635.411784 1573.612192
410.144151 1184.307740
-622.578465 -2626.791661
-470.979819 1363.270286
-804.138509 642.976267
-1000.675438 584.288142
-466.535949 1513.836963
-455.522580 1485.232141
-584.490438 523.488008
271.633400 1692.366929
279.798404 1693.050359
-1168.345595 42.966275
284.603948 1664.249464
285.076425 1665.583729
-1426.856207 1033.008544
-1503.215482 644.466180
-1475.508165 641.106788
-1144.319786 821.159548
-1079.119137 825.029101
-20.940255 584.905108
-1210.397598 764.648484
-1206.166431 791.465708
814.211986 1091.897420
828.449232 1063.947233
-500.437209 1483.637484
-543.178475 1483.097988
-1303.720625 311.715253
-454.839860 1483.655271
-480.054989 1512.042571
-500.598095 1515.337701
-471.469794 1512.829800
124.137091 1694.690848
118.812931 1694.755447
112.136669 1663.084619
-871.530074 1813.563219
446.218651 1722.412501
525.388836 1272.223155
-594.791187 1243.122819
-803.669033 1092.161797
-1431.852799 1062.404334
-765.600706 911.182778
-705.672265 43.283616
-809.180800 11.895126
-1204.711797 -75.933237
-557.854201 -1578.353188
-176.773544 -2447.834850
115.311471 -2808.319674
-1677.748453 913.368839
-1677.303884 943.374209
-1679.159585 912.926914
613.372654 1482.390081
863.575072 1423.029093
-1472.485883 1211.904260
-762.995361 1213.462667
-1260.161377 1092.876717
-1472.077411 1032.699293
-1636.350205 851.853159
-676.891306 641.721600
-1262.576751 433.380248
-1139.098750 431.783644
-1180.373641 402.835263
-1094.955826 343.201097
737.982235 -2415.862890
-111.979130 1572.333121
-83.228849 1604.122744
-99.653334 1572.054428
-105.235881 1602.054348
-1137.581749 823.188015
-1158.969583 823.099614
-1142.171295 791.887552
-1099.214815 821.180331
-598.084386 1570.927632
-642.435959 1572.305450
-600.054758 1542.229627
-975.275298 760.614814
-980.015567 737.068141
-1000.863771 765.163846
-1050.528875 583.811468
-1021.191255 584.905108
-1001.983060 583.951752
-1353.635005 286.388178
-1127.970414 524.219878
-992.241882 591.955947
-449.273121 847.679872
-603.931704 1753.619600
-608.387717 1738.375610
688.126565 1485.131008
688.126565 1515.138538
853.761112 1796.327812
110.396414 1715.578725
