date:2016-09-04, time:2200, wind_speed:2.25, wind_dir:201.0, temp:16.0
51.336789 112.278223
46.121438 112.322761
-107.138820 -253.742689
-27.635298 -193.681395
-165.100712 22.252046
-116.192971 -25.628568
-54.248547 70.651153
-102.935377 22.270488
-115.049380 25.223273
-111.362767 -22.782797
55.986636 109.396363
55.389747 109.314773
-149.114029 -16.735925
-82.209447 77.570134
-119.235259 31.334974
-127.638534 52.329076
-124.149832 70.294188
-14.828526 85.438280
-115.720231 40.274585
-73.394964 118.246822
-20.285592 121.412639
-107.748051 -4.627625
-85.697916 -13.666136
-93.783700 -13.527561
-94.669388 79.367624
-94.723848 82.420018
-98.497212 79.378458
-107.061365 97.179238
-98.412924 10.309152
-90.694252 109.353327
-107.849159 13.314303
-106.698674 31.355839
-123.167005 25.415260
-106.767193 -19.776400
-89.977397 -16.738735
-106.750340 -49.607494
9.246188 106.349959
-111.046829 -40.720546
-102.969446 25.279596
125.858601 109.438264
-110.972521 67.322338
-123.470742 -28.647051
-139.827243 19.363359
-110.979561 31.306011
-136.381429 40.375586
-94.622848 43.332950
-144.667460 34.337698
-98.097774 52.369841
42.945962 -286.786195
-86.290603 4.372594
-98.096691 -4.649011
-98.100871 -1.644885
-119.584133 1.268417
-123.715397 19.321653
-115.793979 -42.591799
-103.838193 37.343808
-77.331664 124.465457
-61.000434 106.361761
-107.118987 40.307108
-48.922883 95.568803
-94.271137 91.311059
-70.298107 -256.664689
-90.728733 22.438121
-73.378723 121.359513
34.971210 121.413406
-161.028949 25.359172
-148.132280 7.403405
18.254195 -289.769462
-94.247529 49.353363
-40.087987 67.301206
-166.808291 19.597116
-162.950013 22.509182
-90.408397 40.262767
-4.162030 -295.713649
-98.432421 37.298841
-81.772154 82.393791
-60.942084 34.252917
-115.022903 1.249873
51.108911 113.431526
-65.862606 76.372724
-69.325938 37.287829
-119.669342 19.320632
-173.150109 28.425560
5.728609 112.386380
-91.166188 115.390249
-123.182411 34.387301
68.320904 -268.760507
-131.830191 43.435280
-98.715668 -13.708460
-2.681422 -286.786939
-57.070137 118.356136
-98.996424 41.520679
-98.168161 25.417903
-90.084988 76.284926
-123.448988 25.360765
1.891809 97.385293
-132.756597 10.388621
55.332563 109.371497
-119.314499 10.304505
-23.112361 73.448126
-81.808837 31.320815
-82.154582 17.557541
-81.224993 25.482228
-165.499869 61.431743
-110.954257 70.346066
-152.131675 37.485240
-107.340146 40.423826
43.278897 118.316356
-145.450365 -4.583558
-41.512005 58.459551
-169.319715 25.404809
-144.298186 7.309534
-123.623762 1.250772
-93.974596 10.341873
-94.381093 13.334341
54.328073 109.441197
-106.777372 16.410378
51.679360 121.416009
-69.550151 118.325159
-48.095795 118.453155
-114.755253 52.397427
-69.207021 43.373890
18.598531 -289.741193
54.634666 109.167199
-36.279489 -277.671751
-69.683783 95.340881
-119.342327 28.336133
-28.065698 115.315453
51.299659 133.303947
-79.548082 70.610800
-106.697825 22.402744
-119.050717 -1.568592
30.107660 121.363094
-28.318914 106.397238
-115.452783 16.176616
-98.743620 91.335195
-2.939347 34.264142
-52.622619 52.291471
-56.713971 70.275111
-53.023305 73.215096
-111.359203 55.238582
-111.218527 61.183925
50.921509 133.384349
51.220912 115.387534
-120.084622 43.336666
-31.212443 112.504065
9.633612 112.370487
54.584463 109.403648
-112.313083 94.503221
-41.241270 139.346662
-148.819168 28.260282
-40.126430 -277.796143
-53.131031 89.444821
-65.088250 88.287999
-103.091991 40.190987
-111.242962 28.373073
-114.823168 28.380520
-102.376381 13.406196
-106.963873 7.269864
-73.127388 28.425997
-106.967403 34.284912
-57.089976 55.154378
-98.455686 61.299867
-119.916392 38.500132
54.639301 109.349669
-94.862147 50.426768
-81.975385 58.295424
-74.626000 34.417099
-115.066547 37.281200
-40.610738 92.423286
-57.805390 130.307271
-132.134944 46.280431
-102.658888 37.300300
-81.417979 43.428209
-73.370244 82.329524
54.995376 109.463857
-60.442000 40.485993
1.308448 -1.674021
-2.931609 -298.773297
9.596229 103.471079
55.396381 109.456202
-120.160600 55.459176
-94.061087 -16.646523
-157.125629 58.272693
59.246550 145.400040
-41.200297 133.484837
-10.642058 118.387212
-65.474885 67.356689
-90.077013 61.316163
17.807151 -288.621253
51.244008 121.378014
-78.299424 124.286233
-120.325328 34.332867
87.876932 -235.693302
55.350727 139.352062
51.379099 133.324842
-56.678556 121.379778
-65.028554 94.321263
-65.474845 145.386447
-68.777425 136.510089
-40.775090 124.206053
-40.105213 118.391016
-111.766759 49.295761
-77.620982 22.344411
-23.377498 121.382603
-98.495448 49.276499
-40.127698 115.338484
-78.473438 22.162017
-77.915730 -42.684469
-98.724751 -28.718127
-102.675639 -10.662380
-62.137896 148.485944
-52.585806 109.256327
-102.370977 49.355203
-69.389678 37.349952
-65.075526 -253.734885
63.339274 146.418816
-69.242857 133.428530
-77.308747 37.410552
-99.166319 19.275906
-19.640399 94.404730
-4.078690 79.499224
-127.989261 28.262041
-123.724123 28.305479
-69.943341 -76.705537
-60.884353 130.359569
-66.135451 73.349434
-77.355529 148.456931
-123.771068 16.372197
-106.764149 10.269125
-24.041125 -279.536120
-24.240536 85.337795
-114.782879 61.359781
67.417424 145.380897
-73.375644 67.337390
-44.644823 139.318882
-43.978867 127.376952
-102.875920 37.239600
-83.455135 19.524775
-90.105607 106.360185
10.256637 112.382118
55.176494 110.338756
-78.375858 34.417485
-77.584300 37.412955
-82.406246 92.399587
-127.628966 13.292531
-98.122535 16.366452
55.520088 109.369702
-77.112850 19.480722
-77.997089 16.349409
-85.970969 -40.677465
-2.662009 100.295052
-56.218718 -271.592319
-87.385801 7.419922
-95.101350 67.338563
-6.206168 115.504818
-94.386542 22.315141
-103.078224 32.252390
-111.633156 -31.735124
-53.170208 146.532134
-45.021425 134.415111
-35.854963 109.306792
-132.841722 67.363055
52.141807 112.504065
-77.112850 139.510842
-28.229776 110.131147
-11.196779 106.275804
-107.104028 67.323351
-127.925875 64.393264
-144.340285 55.407529
-74.528519 -256.781814
-90.083070 -10.748875
-116.307217 37.270738
38.764128 -61.649299
56.009739 109.373976
-40.375464 -280.642777
-94.619252 55.354708
17.978747 121.395568
-48.117822 145.441250
-74.516355 34.481731
50.595072 127.350070
51.360345 127.355503
55.433292 109.298960
5.403531 121.234105
-52.324816 118.394998
-45.132906 115.434747
-19.323692 118.393617
-90.430072 145.361776
-44.316531 94.328686
-90.379195 -21.690915
-69.470147 130.369155
-111.219423 67.361681
-86.346016 46.310526
-112.138845 43.244606
-106.725285 46.328423
-111.668998 58.219034
-44.284945 103.319247
-31.673624 94.368296
55.413938 109.296138
-123.660540 64.324912
-70.486780 13.297449
18.290202 -289.855776
-41.275959 118.461209
-37.018108 115.256263
-94.941942 -6.564970
-86.362314 -7.760449
-81.747347 -13.764283
-91.215863 -4.719426
-57.044023 145.300477
-114.763388 58.395845
-61.336700 58.272617
-98.430890 52.316502
-110.719650 40.423158
-89.791886 7.431610
-41.178275 109.424915
-115.406788 61.337682
-6.432112 124.368007
-53.359316 34.452116
-61.319441 40.310515
-69.825678 17.596287
-57.060494 19.351278
-152.626240 25.289440
-61.237533 127.349449
-123.727521 64.444215
54.728324 109.344294
-70.960988 37.627082
-73.781459 43.340227
-94.588956 103.378542
-69.666128 49.323791
52.141807 130.508583
-128.774406 16.420300
30.736498 -289.749785
55.354076 109.304706
54.964970 109.284716
55.753693 109.290350
-69.328010 37.398570
-77.373372 40.396578
-98.115876 37.370344
-69.673627 85.297808
-15.163271 109.371760
55.484482 109.345903
-77.112850 22.481475
-36.634477 104.434681
-78.008575 31.351840
-103.320326 73.461626
-144.948688 16.310213
-15.300161 115.231205
-123.503338 43.298005
-53.142535 32.597311
-49.154849 85.334064
-31.728650 88.413491
-94.564030 79.391996
-90.104819 79.363238
-98.081756 82.413742
-86.344962 88.266371
-123.126709 64.358516
-123.352382 64.270971
-44.280861 148.348913
-69.272804 100.337625
-60.442000 76.495029
-65.788575 40.219111
-94.385389 46.347442
-129.002943 64.479730
-115.408181 58.195684
55.052549 109.367101
-115.089325 46.309644
-119.254438 49.373685
118.604171 106.435860
55.422031 109.299948
50.414886 112.243808
-15.314261 79.413330
-16.399022 76.425717
-39.778865 142.431342
-31.769759 127.320205
-119.909499 38.519239
53.956665 109.561635
55.733140 109.254949
55.426494 109.342657
-111.300836 31.224879
-119.572029 31.293027
-115.633844 29.398291
-115.357403 -1.792907
-110.454550 -4.525302
-115.827985 -0.597234
-72.889568 103.501806
-77.112850 109.503312
-69.257695 109.384171
-65.387107 19.290311
-52.307390 133.431336
-99.207912 65.253469
18.318417 -100.701267
-144.308231 10.283476
55.740039 109.271599
14.009659 -289.772688
22.672440 -289.690860
18.063036 -289.737434
-69.267311 169.319081
67.966418 148.402822
-120.116997 76.388389
-156.243818 61.491264
-90.392098 52.298940
-77.347186 55.378146
80.674922 157.390180
1.162746 145.363053
-40.279854 133.353374
-57.310298 89.538999
-102.393832 34.339313
-52.626514 172.290589
43.555797 151.467572
-49.791673 148.489695
-32.033830 121.424405
-36.328010 130.194654
-64.826243 97.464615
-56.785014 73.364291
-52.656386 67.299537
-57.500570 79.322392
-57.409828 76.265172
-99.201376 89.357740
-98.424157 70.412159
93.288045 -214.656209
-99.030247 77.541594
-53.245637 175.246253
-102.634857 85.348174
-98.760615 73.320419
-86.011485 55.302295
-65.003976 37.248416
55.380951 109.323757
-102.684302 34.372625
-35.963594 76.246582
-32.048555 118.328136
-123.724087 49.327969
-31.212443 91.498794
-116.150315 58.404634
-107.111454 28.234579
-94.533658 -4.702917
-69.290722 10.282320
-65.867923 85.279102
-53.319306 64.364131
-106.811653 58.361515
51.271843 127.345611
-127.381893 58.407865
-115.855006 -13.560041
-48.431248 73.296266
-98.085120 31.426747
-106.732192 34.389869
22.063360 -289.787204
-115.694992 58.308577
-111.326181 49.310579
-45.428119 -268.739968
-44.391376 -259.751469
-44.703206 -265.809539
-94.588082 31.333080
-98.825148 37.337799
-49.547124 118.357110
-48.425060 118.323079
-115.059513 31.256551
-115.068319 31.255561
-81.758439 37.379343
-81.460502 37.387057
18.043742 -289.852676
-85.672256 40.400901
-86.355917 115.314707
-19.500601 82.274492
-86.999136 118.417946
-82.057158 121.285779
50.517439 136.380113
51.210598 136.301257
51.314767 121.304970
51.630552 118.369895
51.543546 115.381103
-102.603722 70.302781
-103.008225 67.279431
-107.047437 70.349932
55.816136 109.277344
56.253950 109.503312
-147.908393 28.482981
-98.420674 79.413442
39.033370 149.256142
39.059336 154.430330
-90.368323 40.248303
-99.681994 43.344709
-64.807205 88.382059
-65.744938 97.221486
-73.460877 100.431508
-69.685160 128.471054
-60.971875 124.315168
-65.319147 169.346532
-61.361420 163.329557
-78.282992 55.242300
-85.448275 19.480722
-90.429616 19.294657
-23.841446 113.175872
-32.799030 112.379066
-78.312553 34.387068
-65.781141 -79.714673
-61.235522 -78.744274
55.019593 109.224791
54.778514 109.369161
50.553752 121.376815
51.623924 121.449250
50.600439 121.302009
-103.010541 32.378114
50.462524 115.228851
-77.888503 31.320565
-64.996437 61.298078
50.933408 124.468243
-111.253753 34.362930
-119.609228 34.286171
-132.522201 61.396388
-127.991301 61.248979
-131.518147 58.412708
-119.625716 37.324647
-120.065668 34.501931
-116.206724 40.285742
-28.262980 103.358375
-102.680213 43.275845
-99.808483 76.426177
-98.790835 79.226879
-99.173523 76.282590
56.253950 109.503312
-82.459258 22.279758
-82.955926 22.596445
-82.123968 19.282588
-132.029371 61.347390
-131.750058 58.396998
-131.501089 58.425901
-85.448275 49.488252
-85.915372 46.323302
-87.117011 46.388967
76.683569 223.386103
114.122482 223.409859
97.380081 208.427638
130.805416 199.381146
-90.079026 187.350830
-19.313207 181.305470
-27.863813 166.394679
89.070123 166.350892
-81.834745 163.303393
5.697112 157.412738
81.022818 154.415587
51.619338 142.424356
-52.700835 121.311453
-140.446426 103.327284
-61.242336 103.234874
-69.267080 55.346762
-66.198043 85.452025
-65.950493 85.407046
-65.335341 85.249692
-66.152751 88.009862
134.676133 223.446026
68.337314 217.403508
122.427780 181.372638
-103.043393 166.330309
-23.127930 163.433413
-102.955548 157.374535
-119.051449 154.460170
-2.945524 154.335994
18.609491 154.380188
-40.446749 148.346988
-15.466488 148.300390
9.605478 145.305213
-119.281538 142.429265
-44.264276 136.406211
-18.971755 127.470084
-94.278884 109.436340
-90.064679 103.329167
134.931780 232.389110
164.046440 202.358730
154.632058 197.092257
-77.674780 181.360917
-23.379462 181.391557
105.680331 181.390632
-73.092362 175.461742
-64.805099 172.448053
5.979435 172.444814
105.368619 166.362400
109.946270 166.390368
93.270402 154.343447
-52.360689 151.419651
-35.908925 145.423006
-6.444678 133.474156
147.398820 133.406443
-14.541593 127.507830
-40.112876 106.293920
-65.438729 100.321556
-123.394592 97.393000
-77.364794 91.361424
-44.028846 82.389050
-56.758436 73.313950
-77.112850 61.491264
89.595650 -232.582530
106.286838 208.576506
139.047810 205.494569
106.020758 181.444239
-36.017784 172.401975
164.423422 172.460718
-52.333244 160.447990
-15.088917 157.355566
-111.044582 148.388891
-56.737023 145.339089
6.042320 139.470970
47.717773 130.372027
-85.714978 118.369851
-40.078238 118.355418
-110.927118 115.334395
-69.306584 112.312124
-81.505021 103.402605
-56.788581 100.294379
-127.948556 76.292270
105.785731 214.329018
-27.523763 187.316483
-98.103537 163.377801
-10.887984 160.356368
68.313939 151.366114
-119.263624 145.378398
-10.660437 142.451451
-98.475374 139.281362
-35.698507 130.455376
-110.712483 121.449139
-110.684866 109.387833
126.448235 109.324717
-44.523337 97.294786
-77.913304 88.350182
-81.413257 40.363645
-165.173906 19.331231
-165.442988 19.337682
-165.776948 22.365433
151.686200 226.359942
147.103051 208.376185
-48.428443 160.314979
-14.977425 160.418404
-115.118375 145.315528
-98.489131 145.356300
35.002501 142.379972
47.391198 142.364956
-90.403278 127.209746
-6.745049 118.385870
-23.440891 109.304240
118.609152 109.359253
-56.806426 97.337095
-119.053830 79.431564
-48.421234 73.337361
-65.367060 148.317750
-69.358519 142.330792
-65.412617 142.344629
-66.135038 145.248042
151.677489 229.427578
80.785403 226.384442
113.808500 211.462442
159.706015 190.304633
138.795393 187.285262
-94.538971 178.327122
-11.196622 157.338824
22.138923 157.362381
55.681726 154.431275
-94.668109 151.335399
-60.954479 139.368609
-86.349876 136.309594
-77.685995 103.307222
-110.945940 94.306329
-60.969853 67.332592
-52.378344 121.431807
-54.435757 121.346149
-48.665955 121.294518
-53.043742 124.287493
122.102796 235.460436
151.369463 235.449924
159.590797 232.352501
126.341103 181.242059
-2.930142 178.380852
-90.356742 169.304913
117.913611 169.410900
-69.695489 166.384920
-73.756250 157.291273
126.274944 157.210817
-90.509836 139.331955
38.762896 133.365471
-86.349935 124.285992
-57.177414 124.311313
-40.129697 106.303896
-48.717345 91.320226
-69.588335 40.440235
130.081689 244.354874
163.377377 226.462033
134.626990 214.374578
147.505417 208.387889
130.171030 190.443501
138.801407 187.296256
-31.994289 181.463829
159.610878 178.370627
-23.739933 163.300956
-11.290201 157.362424
118.028074 157.290933
-40.356797 154.235794
-82.540402 106.314884
-32.140383 106.270902
-111.684769 103.319369
-157.108812 100.216242
-90.357144 100.320826
-70.124788 43.350316
-69.017830 10.425533
-73.793488 10.252716
-69.680043 10.329401
-65.422014 10.385462
163.671925 214.391254
130.408364 211.330912
159.228902 205.398548
-82.013264 175.343286
-7.489576 163.273797
22.088541 157.370437
-40.470419 151.319329
-123.869802 145.370114
21.696652 130.292578
-94.992331 118.346543
-36.352294 118.299841
50.910755 118.312053
-36.324428 115.436853
-127.973438 106.397653
-124.138908 103.432418
-52.641869 100.387935
-144.975004 97.437845
-152.915355 85.252434
-78.042758 121.444224
-74.058927 121.328970
-73.765549 121.258375
-82.814536 121.463587
-62.072278 130.313451
-61.608588 124.272669
-61.115100 127.955046
-61.309171 127.847634
51.885256 118.452638
52.141807 118.505571
51.557397 118.328901
-148.118158 10.394278
-145.274303 10.332197
-40.361762 130.351820
-40.903723 133.422283
-40.359160 130.368907
-48.768456 136.294930
-53.159540 134.606010
-53.739862 133.328270
-69.653838 103.360621
-73.420829 100.245759
-73.738198 103.326072
-50.283688 85.480681
-49.641713 85.420228
5.988801 109.379358
5.391368 109.375850
-114.394524 46.524690
-107.367001 13.299278
-106.231268 10.478463
-45.017686 130.231951
-44.653929 126.861734
-69.221582 16.431900
-69.751812 16.337837
-111.985667 32.026510
-113.621432 31.995311
51.959497 109.432769
-36.074079 119.546588
-35.259104 118.209564
-94.817074 48.871149
-94.962839 48.564059
