date:2016-06-11, time:1500, wind_speed:2.93, wind_dir:172.0, temp:15.4
22.912250 121.506324
52.141807 127.507830
100.825434 136.553942
103.896585 139.508307
-102.119125 -67.541115
79.311924 121.257151
-62.930529 -43.553361
-54.207807 -85.659924
-53.047792 -91.492059
63.595212 163.557486
14.204299 118.605190
104.634990 121.406430
79.987780 181.533709
-36.750096 -94.653134
-90.805040 -40.625148
87.280223 115.558121
62.057777 184.835107
97.570787 172.510787
81.260225 184.522137
-28.970412 -73.709925
-104.691130 -70.287847
-86.997210 -61.707620
-11.968458 -46.635413
54.434860 139.252208
0.565466 82.447394
-95.014085 -70.619379
-110.806054 -52.519124
-91.392897 -67.756887
51.782747 142.506212
55.586060 154.516987
-83.537862 -58.372365
-85.724523 -64.526841
76.829128 -262.546342
80.617326 121.493355
35.111566 -67.502419
37.079042 130.492599
47.918525 133.509336
-112.235066 -253.690446
49.680083 127.608383
-6.206168 49.488252
17.122991 -109.871784
20.574458 -100.389026
14.576825 -103.550151
72.634122 -265.598229
105.597445 103.556414
-169.176547 19.509616
-106.840457 -256.487722
159.202033 148.461405
76.443399 118.540505
83.238682 118.638370
50.301495 -55.740660
39.583100 -61.539609
68.476803 -274.571383
71.385346 -265.744756
70.390591 -265.258147
72.566090 -265.535114
93.126796 109.494310
1.458700 88.488255
