date:2016-08-29, time:2200, wind_speed:3.54, wind_dir:313.0, temp:19.3
6.047723153149782860e+01 1.065025587675279439e+02
5.214180653137905352e+01 1.095033117675327929e+02
-8.021796949824195622e+01 -1.470940419204576344e+01
5.276608793288612986e+01 1.090023983043351876e+02
3.958309953134120462e+01 1.185055707674683845e+02
-8.844820760291547401e+01 -2.658846665734856174e+01
5.269746701972938752e+01 1.089389718873111548e+02
-6.455414346854639973e+01 -4.525302232572597561e+00
-1.053519112927568102e+02 -1.167891345484811438e+02
5.257014941452583656e+01 1.088587404706194093e+02
5.314073014114860882e+01 1.084072146377002923e+02
5.312932593088311961e+01 1.082970945417805098e+02
-1.021191254686246737e+02 -1.245554222325297644e+02
-1.312375434685489211e+02 -4.053433823247288359e+01
-1.636003290081459625e+02 1.825391470376917624e+01
-1.140079009562920191e+02 -4.711879596231105438e+01
-6.877742546862342010e+01 -4.353509123247773260e+01
-1.516301535030168850e+02 3.792447019100344985e+00
-1.021191254686246737e+02 -2.252982023252273791e+01
-1.271254004686651058e+02 -2.553057323252759048e+01
-1.479083934686285318e+02 -1.652831423251303633e+01
-1.562438184685893532e+02 4.476956767520926306e+00
-7.602525985680129850e+01 -2.663918759366449507e+01
-1.229021184685880854e+02 -4.353509123247773260e+01
-1.521316754687055379e+02 1.476203767516074850e+00
-8.956041846858681765e+01 -1.952906723251788890e+01
-8.956041846858681765e+01 -3.753358523254699719e+01
-1.271254004686651058e+02 -3.753358523254699719e+01
-1.062312684685084889e+02 -1.215546692325249154e+02
-8.956041846858681765e+01 -6.153960923250684090e+01
-9.737832115964695845e+01 2.490361213330701418e+01
-5.621871846858556410e+01 7.649502876747942537e+01
-4.788329346862472846e+01 5.548975776744546806e+01
-4.377115046858298797e+01 6.149126376745517319e+01
-1.344773197206556006e+02 2.730435539903482933e+01
-9.378370046866385223e+01 -5.553810323249714287e+01
-1.385877773933234778e+02 -3.261572318669817605e+01
-8.956041846858681765e+01 6.149126376745517319e+01
-5.210657546870175594e+01 6.149126376745517319e+01
-1.479083934686285318e+02 4.948825176751473265e+01
-8.122499346862599623e+01 6.149126376745517319e+01
-3.076651342122818633e+01 1.208983373521064664e+02
5.687569309893284242e+01 1.089915531055771396e+02
-5.942598189671129205e+01 6.633973827066516549e+01
-1.187899754687042844e+02 5.548975776744546806e+01
-6.877742546862342010e+01 4.648749876750988363e+01
-1.021191254686246737e+02 5.849051076745031708e+01
-3.121244346854513196e+01 1.395108417675023418e+02
-6.044200046866258447e+01 7.349427576747457636e+01
-1.312375434685489211e+02 -3.453283223254214818e+01
-1.639982155435006348e+02 1.894439842898418291e+01
-9.789584346854765329e+01 3.748523976741635977e+01
-1.104545504685855093e+02 -5.253735023257125647e+01
-3.439500010806846575e+01 5.433004839174328993e+01
-1.271254004686651058e+02 -4.353509123247773260e+01
-1.011540903259756021e+02 5.724112119081428318e+01
-1.688025254686272092e+02 7.649502876747942537e+01
-1.134784433015206417e+02 5.137919955127726723e+01
-1.104545504685855093e+02 4.348674576750502752e+01
-1.354608254686259272e+02 6.749276976746487833e+01
-1.718320200096032977e+02 5.737493223671891940e+01
-1.271254004686651058e+02 6.749276976746487833e+01
-9.789584346854765329e+01 -2.252982023252273791e+01
-1.395729684685097425e+02 5.849051076745031708e+01
-1.354608254686259272e+02 6.749276976746487833e+01
5.214180653137905352e+01 1.095033117675327929e+02
-1.521316754687055379e+02 5.548975776744546806e+01
2.129256531456131363e+00 1.065025587675279439e+02
-3.121244346854513196e+01 7.349427576747457636e+01
-1.640999626961072977e+02 6.685727749670185460e+01
4.014410655375191084e+01 1.179408911784423140e+02
-3.072379209165296032e+01 7.284821602311401989e+01
-1.183216096540309508e+02 3.701125650673134970e+01
-1.729146684685110245e+02 4.348674576750502752e+01
-1.354608254686259272e+02 6.449201676753899903e+01
-1.271254004686651058e+02 4.648749876750988363e+01
-1.678219733520708132e+02 5.739086979988461934e+01
-1.395729684685097425e+02 4.948825176751473265e+01
-1.042945046858172198e+01 7.649502876747942537e+01
-1.562438184685893532e+02 5.849051076745031708e+01
-1.145666934686272498e+02 5.849051076745031708e+01
-9.683486387467630152e+01 4.843757814065651246e+01
-1.021191254686246737e+02 6.149126376745517319e+01
-1.437962504685867771e+02 5.548975776744546806e+01
-1.229021184685880854e+02 6.749276976746487833e+01
-1.104545504685855093e+02 5.248900476744061905e+01
-1.050971501343612005e+02 4.841155146656287656e+01
-5.210657546870175594e+01 5.548975776744546806e+01
-1.104545504685855093e+02 5.548975776744546806e+01
-1.062312684685084889e+02 1.065025587675279439e+02
-9.692636067632663810e+01 9.039268715435387946e+01
-3.543572546862215233e+01 7.949578176748428859e+01
-4.377115046858298797e+01 5.849051076745031708e+01
4.892930983033632941e+01 1.084676952790684368e+02
-1.264842236980412622e+02 9.696000569707511829e+01
-1.177399656097715166e+02 9.341188492457381187e+01
-8.544827546870301660e+01 1.035018057674441252e+02
-1.145666934686272498e+02 9.449954676750854787e+01
-6.877742546862342010e+01 9.149879376750368465e+01
-3.543572546862215233e+01 6.749276976746487833e+01
-1.062312684685084889e+02 -1.652831423251303633e+01
-8.122499346862599623e+01 4.476956767520926306e+00
-1.354608254686259272e+02 1.095033117675327929e+02
-8.122499346862599623e+01 1.005010527674392762e+02
-8.122499346862599623e+01 1.125040647674586864e+02
-2.094025468620891672e+00 9.449954676750854787e+01
-1.876487546870049172e+01 9.149879376750368465e+01
-1.062312684685084889e+02 -5.553810323249714287e+01
-1.271254004686651058e+02 -4.053433823247288359e+01
-8.544827546870301660e+01 -1.652831423251303633e+01
-1.062312684685084889e+02 1.095033117675327929e+02
-2.094025468620891672e+00 1.035018057674441252e+02
-6.206168468504699831e+00 7.649502876747942537e+01
-8.866355541272956486e+01 1.203213248377832656e+02
-9.378370046866385223e+01 1.185055707674683845e+02
-7.186209387646087521e+01 1.203372032192044685e+02
-8.896405295547313585e+01 1.179151248760694415e+02
-1.187899754687042844e+02 1.155048177674635355e+02
5.625394953142080112e+01 1.185055707674683845e+02
-8.122499346862599623e+01 1.125040647674586864e+02
-9.378370046866385223e+01 1.185055707674683845e+02
-1.094240951139006910e+02 1.529366386559295599e+01
-9.789584346854765329e+01 1.005010527674392762e+02
-8.892290417857752516e+01 1.149674751469992913e+02
-1.062312684685084889e+02 1.125040647674586864e+02
-1.468617966324224824e+02 4.231253154765460067e+01
-1.021191254686246737e+02 1.647996876746136508e+01
-7.237746375203448679e+01 -5.176103862821896051e+00
-1.187899754687042844e+02 1.155048177674635355e+02
-1.021191254686246737e+02 1.215063237674732335e+02
4.791852453130203315e+01 1.125040647674586864e+02
-1.104545504685855093e+02 1.125040647674586864e+02
-4.322955821333715676e+01 1.148371635261043480e+02
-1.260155597208699305e+02 1.114910277569173900e+02
-1.053082629246620172e+02 1.142144314857372507e+02
-1.271254004686651058e+02 1.125040647674586864e+02
4.791852453130203315e+01 1.095033117675327929e+02
-8.122499346862599623e+01 1.095033117675327929e+02
-3.908961452836715011e+01 6.985259969781752432e+01
-3.121244346854513196e+01 7.649502876747942537e+01
-1.187899754687042844e+02 1.155048177674635355e+02
-8.122499346862599623e+01 1.215063237674732335e+02
-8.544827546870301660e+01 1.215063237674732335e+02
-7.242116356622759099e+01 1.149617008849610755e+02
-7.661424004856584702e+01 1.210002687571004429e+02
-8.442183944326573908e+01 1.024100498942907791e+02
-1.404446732388257502e+01 6.085826876296471966e+01
-3.035799326246404561e+01 6.944198817032886950e+01
-5.249897525230761808e+00 5.426447901467243184e+01
5.276609897038453312e+01 1.090094324958290315e+02
-1.056109206809174026e+02 1.298680071456029168e+02
-9.696009599189846995e+01 1.174674677317478313e+02
5.214180653137905352e+01 1.095033117675327929e+02
-7.711285046858424153e+01 1.065025587675279439e+02
-1.688025254686272092e+02 3.448448676749047337e+01
-1.229021184685880854e+02 1.335093357674926438e+02
-1.062312684685084889e+02 1.215063237674732335e+02
-1.011564289067882783e+02 1.264567038417555693e+02
-1.562438184685893532e+02 5.248900476744061905e+01
-8.544827546870301660e+01 1.365100887674975070e+02
-7.621332075074369072e+01 1.262849165090295571e+02
-1.271254004686651058e+02 1.305085827674877805e+02
-1.562438184685893532e+02 3.148373376748562436e+01
-1.521316754687055379e+02 4.948825176751473265e+01
-1.562438184685893532e+02 5.248900476744061905e+01
-1.765134653540448539e+02 3.690957990930175470e+01
-1.729146684685110245e+02 2.848298076748077179e+01
-9.333658890440578659e+01 1.148450662095210077e+02
-1.062312684685084889e+02 9.149879376750368465e+01
-1.104545504685855093e+02 9.449954676750854787e+01
-1.093805374117046370e+02 1.293715416532231473e+02
-7.183248338246679054e+01 1.263674169818235100e+02
-9.789584346854765329e+01 1.185055707674683845e+02
-9.789584346854765329e+01 1.245070767674780967e+02
-8.544827546870301660e+01 1.335093357674926438e+02
-4.788329346862472846e+01 1.215063237674732335e+02
-6.769841109007373348e+01 1.114057966299194788e+02
-1.604671004686663593e+02 5.849051076745031708e+01
-9.789584346854765329e+01 9.449954676750854787e+01
-4.788329346862472846e+01 8.249653476748913761e+01
-6.206168468504699831e+00 6.149126376745517319e+01
-1.042945046858172198e+01 6.449201676753899903e+01
-3.954786846850596049e+01 6.449201676753899903e+01
-1.562438184685893532e+02 4.048599276750017850e+01
-1.312375434685489211e+02 4.948825176751473265e+01
-1.009374987823810130e+02 1.216990268618023237e+02
-1.729146684685110245e+02 6.149126376745517319e+01
-9.378370046866385223e+01 1.155048177674635355e+02
-8.445748829701356897e+01 1.294686362634247700e+02
-8.450188912241723926e+01 1.563603485461811999e+02
-3.543572546862215233e+01 7.349427576747457636e+01
-3.059529409213172357e+01 6.394947826716810368e+01
-3.954786846850596049e+01 6.449201676753899903e+01
-1.354608254686259272e+02 2.848298076748077179e+01
-1.260775651330603608e+02 2.735965413816887093e+01
-8.455795108280989325e+01 -2.079118890913046513e+01
-9.317222923597468309e+01 -1.719885486830790455e+01
-5.943945593666715865e+01 1.113218319992820540e+02
-1.718866193556017663e+02 3.329645256530308473e+01
-1.729146684685110245e+02 3.748523976741635977e+01
-1.254416246109057766e+02 5.858540593130981478e+01
-1.312375434685489211e+02 6.749276976746487833e+01
-1.301693901642130697e+02 6.639447934052800804e+01
5.672758587437849087e+01 1.088398661248675552e+02
-1.145666934686272498e+02 5.248900476744061905e+01
-1.104545504685855093e+02 5.548975776744546806e+01
5.261787511018309971e+01 1.088885590686423939e+02
5.681471958157577973e+01 1.088742313148661367e+02
-7.711285046858424153e+01 1.695183717674719048e+02
-7.288956846850722116e+01 1.635168657674622068e+02
-6.044200046866258447e+01 1.635168657674622068e+02
-6.770724966735774331e+01 1.654145909934642020e+02
-4.377115046858298797e+01 1.635168657674622068e+02
7.292479953134245818e+01 1.665176187674670416e+02
-8.544827546870301660e+01 1.665176187674670416e+02
-7.711285046858424153e+01 1.665176187674670416e+02
5.214180653137905352e+01 1.695183717674719048e+02
-8.861121515512806468e+01 1.653922722608642744e+02
-8.440627594666197808e+01 1.654643531867038178e+02
-6.412126206539920759e+01 1.659235037638730716e+02
-6.877742546862342010e+01 1.725191247674767396e+02
-8.444250578551786646e+01 1.683313954845127682e+02
-8.122499346862599623e+01 1.695183717674719048e+02
-1.052364046624465317e+02 6.944155877152472556e+01
-1.021191254686246737e+02 7.349427576747457636e+01
-1.062312684685084889e+02 7.349427576747457636e+01
-7.190743703210097237e+01 1.684813037690774706e+02
6.563674568778259300e+01 1.714189139270060878e+02
-7.288956846850722116e+01 1.665176187674670416e+02
-1.042945046858172198e+01 9.449954676750854787e+01
-1.433596631496588998e+02 4.589197993215684335e+01
-8.078794836050860795e+01 1.212224574913138184e+02
-9.189289947715461437e+01 1.157818246182062722e+02
