date:2016-09-07, time:0300, wind_speed:0.8, wind_dir:180.0, temp:19.0
5.073625905876996853e+02 1.186049802574350224e+03
5.040824080245313326e+02 1.188661357252341986e+03
5.128855319318270176e+02 1.184692039940606037e+03
-6.641776262492766136e+02 -5.550399791079188390e+02
1.694451370516579800e+02 1.277229286689545461e+03
-8.722458601906294007e+02 -1.125774009504734522e+03
-7.975679696634409765e+02 -5.849125179920707751e+02
-1.153471065585043789e+03 -2.255369663072261517e+02
-1.038325725176958258e+03 -3.773926675519861078e+02
-9.068846409730513187e+02 -4.659154277654770340e+02
-8.956041846858682902e+02 -1.125524102325103513e+03
-9.409674120606366614e+02 -1.661151677959835808e+02
-3.347096225211638512e+02 2.536097753334479421e+02
-4.424374756169173679e+02 4.537806256784033820e+01
-8.718165954742842132e+02 -1.096008716576082861e+03
-7.584657084581645847e+01 4.056457263952322023e+02
-6.211355947546015841e+02 1.351512065405186149e+02
-2.066696690882625944e+02 5.852543391448317607e+02
-7.391995819062713053e+02 2.834412105632801513e+02
-1.168286060864036472e+03 3.146611227367091033e+02
-1.335040876425582383e+03 6.152205515571973820e+02
-7.527630984607488074e+01 6.445113906700815960e+02
3.138682449438961442e+01 7.382424337070149249e+02
-9.548191879524124488e+02 -4.379372118236748861e+02
-1.406134653355522687e+03 5.557040478452845491e+02
-1.229021184685880826e+03 5.248900476744062189e+02
-1.079588149524452092e+03 -3.447428851033627666e+02
-3.707532422381321453e+02 -4.069034881089077658e+02
-3.121244346854513196e+02 7.477709767446809508e+01
-1.454549442370541101e+03 2.849185677046829142e+02
-1.124899015134725232e+03 5.857212849662645340e+02
-1.123344797632857080e+03 7.055871122702226330e+02
-5.362784827897679634e+02 5.856715537076338478e+02
-1.154009394523061928e+03 3.439744157499714561e+02
-1.454159346862346922e+02 1.215063237674732363e+03
-1.208953235553890181e+03 -1.953849706885699788e+02
5.092018662096037360e+02 1.181013343756289032e+03
-4.068248055890971955e+02 -2.840848945770422347e+02
4.985322288714105525e+02 1.154221671816904745e+03
5.019074520900721268e+02 1.185281761454891239e+03
-2.007632193679225168e+02 7.475024208258602698e+01
-9.509647682888381723e+02 6.739307025038755228e+02
-1.312375434685489154e+03 5.248900476744062189e+02
-1.292096346999874186e+03 4.655171052501199256e+02
-3.768021032417408378e+02 -2.845490949445310775e+02
-4.963538506475273380e+02 -1.336564883664937895e+02
-9.918698842710299459e+02 5.541253480537566247e+02
-9.183137390577568340e+02 6.469450908379857310e+02
-1.281434617578768894e+03 7.354008650872564203e+02
-1.038891885759862589e+03 3.440426236924839714e+02
-1.537361659525006417e+03 4.949891194828092011e+02
-1.323735752721691597e+03 6.443551533055415348e+02
-9.592385708534017112e+02 4.973639094751107450e+02
-1.538252586827596588e+03 5.269654605218930783e+02
-1.229021184685880826e+03 7.349427576747458488e+02
-9.416283957788987209e+02 5.243702679343521140e+02
-1.159638990930761338e+03 4.651439286096925798e+02
-1.288637977014597709e+03 4.613972801758278592e+02
-1.285286239455636860e+03 4.965746205252589789e+02
-6.833793046071377830e+01 7.027202936785866996e+02
-1.204422562413314608e+03 6.165330928626871128e+02
-1.536910320219334949e+02 8.235626239821116314e+02
-1.652577394803068387e+02 4.961726544050916345e+02
-1.252895555553870281e+03 6.459498019308499579e+02
-1.293433601314039379e+03 4.934760182963618718e+02
-1.000634161490663701e+03 6.760363574715527193e+02
-1.077897335546490694e+03 6.439173581309810288e+02
-8.327087041134868741e+02 -7.347354053289582225e+02
-6.986751008565371421e+02 -7.344398177260516150e+02
-4.474419608000204107e+02 -3.724604903768206441e+02
-1.201536047425125389e+03 5.859855654752929013e+02
-6.632049218075096633e+02 -7.632809061330783607e+02
-1.281245064406197798e+03 3.755624284983077246e+02
-1.370434925050755282e+03 6.129999304973391645e+02
-9.100348099830598585e+02 4.675614904474127229e+02
-1.062312684686664397e+03 4.648749876750988506e+02
4.640514450338825441e+02 1.186152229268389192e+03
-1.658576331363790359e+02 4.647090963641991834e+02
-8.601866957860635239e+02 4.352701008857677039e+02
-9.157515636948439806e+02 5.567378277083869307e+02
-1.272503978318710324e+03 4.649982591369698639e+02
-8.654675007466498755e+02 1.004201318231313167e+03
-6.650625722243212294e+02 1.157548298364174116e+03
4.674284170891642134e+02 1.274315896867885385e+03
-8.715041841273100545e+02 1.066987105681519552e+03
5.055242822840376675e+02 1.156588119999267064e+03
-9.598582726913977012e+02 1.093422962910186470e+03
-6.617792147768961968e+02 1.007453443996315286e+03
5.029347445764246913e+02 1.211624716006588642e+03
-4.587278721494785714e+02 1.004656962166889798e+03
-1.064828006038638705e+03 4.037586790201018516e+02
-5.349027716453038011e+02 6.145799736756932816e+02
-2.832165020604171559e+02 -3.157455469202368477e+02
-8.283562288489370076e+02 9.164139417159906316e+02
-9.105592215745330122e+02 1.156292485509301059e+03
-1.041203223030405297e+03 9.748924323900039326e+02
-2.329333958991580289e+02 4.957182584878380567e+02
-3.688548585261257813e+02 4.954939117198944132e+02
5.122919068546505059e+02 1.335591643605600666e+03
-1.207076587145600797e+03 -1.656112844566571596e+02
-9.963076092026848301e+02 -2.840434014404623895e+02
-8.322074715545284107e+02 1.184083841827725792e+03
-7.042818113251991008e+02 1.244860553165961164e+03
4.324236092084721577e+02 1.304120779978999281e+03
-9.427370245883633970e+02 1.334043115599725525e+03
-4.508481046374398602e+02 1.154426518741369136e+03
-9.570747084569134131e+02 1.093601068381415871e+03
-7.818414434972252138e+02 1.243698978775696332e+03
1.315542717623824274e+02 1.279075797433111575e+03
-1.116318637956898101e+03 1.124695958189734711e+03
-8.624129860666218974e+02 1.126346654356168528e+03
4.705253496755120182e+02 1.245595747203470637e+03
-5.387568529835317577e+02 1.095307988771867031e+03
-1.032785837230358311e+03 1.126267263434595861e+03
6.037961563091532469e+01 1.214467562325172366e+03
1.046468153141696291e+02 1.095033117674538289e+03
-4.548720943531949388e+02 -6.485989590852764195e+02
-9.478396714417172007e+02 -4.343285227580748256e+02
-7.095710491493612153e+02 6.443075439939360649e+02
-1.203497519837028676e+03 -2.849198838701020691e+02
5.031901817828215826e+02 1.155487979109781691e+03
-3.653445868466423008e+02 4.636480970089650668e+02
-8.249715885285576178e+02 6.149508747838490308e+02
-7.087768307257404103e+02 -6.753253344112854393e+02
-5.406233958335437819e+02 1.185087649776527087e+03
-4.957511331907779208e+02 -2.869092966048316384e+02
-1.329518646467455937e+03 4.635074439454141384e+02
-1.081997851902047842e+03 1.005464539625371572e+03
-7.462096327288081739e+02 4.350116951782504202e+02
-3.680279498166818257e+02 5.233626372577061829e+02
-1.325307369086285917e+03 6.148226025873647131e+02
-1.492536509710947485e+03 7.047052336962958634e+02
-1.596482987402827121e+02 8.563394782303673765e+02
-1.123911753005671017e+03 1.124102985559249646e+03
-1.044123862305812963e+03 1.066212539331516155e+03
-1.654445173328547583e+02 5.549911520712919355e+02
-7.850322682011627649e+02 1.217679094101839610e+03
-9.071449322275475424e+02 1.245329283055247743e+03
-6.068061426202992834e+02 1.094734812131280478e+03
-6.104521849732569763e+02 1.275531956074447180e+03
-8.956041846858682902e+02 1.275078297674829400e+03
-1.245912086317337526e+03 6.146521689577394909e+02
-1.128746830765370760e+03 4.684589952106499595e+02
-6.955049862458938605e+02 -5.260382573203509082e+02
4.193123544945831895e+02 1.307630763607966401e+03
9.711451229507865435e+01 1.303878765186410646e+03
-5.635369231427574732e+02 1.215251570835339407e+03
-7.928090604806830015e+02 1.183547809397727406e+03
-5.381371183749763532e+02 1.125081999443215636e+03
-4.107587870616005716e+02 1.215966595349271529e+03
-8.731722630333672441e+02 1.247348080006646569e+03
-6.044200046866258162e+02 1.185055707674683845e+03
-5.822098653798398118e+02 1.094882681104912763e+03
-4.503708163080592612e+02 -6.765277259910513976e+02
-9.130712065000868733e+02 7.341275686998757237e+02
-7.860585047312986262e+02 7.979674522517047990e+02
-1.203850770662506648e+03 4.655722106972841630e+02
-1.243059201704699035e+03 3.750648927455808916e+02
-6.392025607318912250e+01 5.554928215602499222e+02
-1.363319883638674128e+03 6.128955895542452481e+02
-1.369332004241301775e+03 5.252320370595854229e+02
-9.803339116489236176e+02 6.443072436763737869e+02
-9.378370046866384655e+02 6.449201676746002931e+02
-7.073969149221882162e+02 1.065136950076746416e+03
-7.001462346627586157e+02 1.215534333101218863e+03
-6.188175806164335881e+02 1.093983372124878997e+03
-1.454441225004625039e+03 5.550986916643657878e+02
-7.927973536156885075e+02 6.750045903705544106e+02
-1.368457560746465106e+03 5.557892417302607555e+02
-2.496546994539118032e+02 1.516379036769819322e+03
5.604208283852030945e+02 1.456333938331138370e+03
-1.168127251367523286e+03 3.740048322631620294e+02
-9.893679992495723354e+02 4.951643007284724831e+02
-9.789584346854766181e+02 1.095033117674538289e+03
-9.510374754787993652e+02 7.051223032814734779e+02
-9.904470352457302624e+02 6.721779460769781736e+02
5.066729620427595364e+02 1.185364987712500579e+03
-7.908961257621675713e+02 5.238432155165546646e+02
4.791852453145997401e+02 1.155048177674635326e+03
-9.144301588856604894e+02 9.441916973583349773e+02
-9.435067814564276887e+02 1.034279139560332169e+03
-1.078632459517957159e+03 1.155504432009064885e+03
-1.078782222694361735e+03 -3.432333817741890130e+02
-7.299378308598284093e+02 1.094204486427523307e+03
-7.032329314883063489e+02 1.003767516988619150e+03
-6.072895100313825196e+02 1.634942172205588122e+03
8.774338415238038351e+02 1.667430918848389410e+03
-8.695609084162460931e+02 1.606847082897882501e+03
-7.093061734311689861e+02 1.515392429323858778e+03
-7.739021859788449547e+02 1.574184457839340666e+03
-4.177654456929615208e+02 1.544882803512389046e+03
-4.566153107836437925e+02 1.638265637758459661e+03
-7.093408794625454448e+02 1.695166094273881754e+03
1.001261716643415639e+03 1.693353146117289725e+03
4.230108845028510700e+02 1.543562680380489383e+03
-6.634593233290345324e+02 1.754630667073054383e+03
-3.679894052170672012e+02 1.635537969339574602e+03
-3.748070355070504434e+02 1.575926432893549872e+03
-3.967446464379814302e+02 -4.944647360161486631e+02
-3.698076518467069036e+02 6.444507334070225397e+02
-2.482867801610445326e+02 3.762860079595345155e+02
-1.157962714882041155e+03 1.126075518646170622e+03
-6.549226999383491830e+02 1.155164732913885700e+03
-5.362163372388581593e+02 -7.667287984636344618e+02
-1.072260195846888791e+03 5.846315325723293199e+02
-5.778150548689907282e+02 1.217853467902019702e+03
-7.083912322578111116e+02 1.125767195564282702e+03
4.195411375329804287e+02 1.275013176869369545e+03
5.061251717740610729e+02 1.334912142308565990e+03
-3.954786846866389851e+02 4.948825176751473691e+02
-5.763248228864683824e+02 4.336373610685176345e+02
-4.148792261167797051e+02 4.657845316199250760e+02
-7.039878565329063349e+02 1.218558774210930096e+03
-7.725511941542592922e+02 1.246004074563189533e+03
-7.725930375357677349e+02 1.304609235021403720e+03
-2.844695732013184397e+02 -1.818578483949539759e+01
-3.288929833104148202e+02 -1.479406245044934565e+01
-9.518553661279843254e+02 1.005727007366049520e+03
-1.418438767414579161e+03 5.247896563576163089e+02
-1.076415253358392874e+03 1.095797106605113413e+03
-1.119474289704660805e+03 1.065304955704685653e+03
-8.715686009343197611e+02 6.448582166125145250e+02
-8.544827546854508000e+02 6.749276976746488117e+02
7.090741799850960092e+00 6.735499417098214963e+02
-9.571422946503573712e+02 1.186980469022593070e+03
-8.129998004502027698e+02 1.155208341640485514e+03
-7.445263417682460840e+02 1.216528485618253626e+03
-8.294948797630357831e+02 1.214734158586968306e+03
-7.418602788643844406e+02 1.245361887080853194e+03
-7.839765537939540536e+02 1.216022803203802823e+03
-4.477812848232042597e+02 -1.072823052003194562e+02
-1.198944667520570988e+02 6.747615771182950084e+02
-1.273521505408951100e+02 6.732124428396978146e+02
1.509180679739587958e+03 2.593661843491717718e+03
1.253003060698293439e+03 2.505213491147137120e+03
1.211278199304426607e+03 2.509140720159720786e+03
1.343577213392512931e+03 2.566458251398833909e+03
1.465279596831810522e+03 2.535232179453958452e+03
1.391344259301414468e+03 2.476257914404116946e+03
-9.928269574276163212e+02 -3.738670591196146802e+02
-9.575085765737230759e+02 -4.337078388306836700e+02
1.334161480152432205e+03 2.597384574265127412e+03
1.296138279150473863e+03 2.595746044948689814e+03
1.552560739376007177e+03 2.567872744226040595e+03
1.337061024667025777e+03 2.535358431517371173e+03
1.337450046427285770e+03 2.536157533896234327e+03
1.457250161010417287e+03 2.566754436207240815e+03
1.271254004683492440e+03 2.565885542325063398e+03
1.464043357682500073e+03 2.538030758919009713e+03
1.383834742083919082e+03 2.509248879119368212e+03
1.210258351408191402e+03 2.534418811463374368e+03
1.421203132717783092e+03 2.505421602009209892e+03
1.425790310646630360e+03 2.475532571046880093e+03
-1.075667173634949677e+03 9.431529509194539287e+02
-1.079215973041529196e+03 1.002984984651667219e+03
-1.120491978886689822e+03 1.036095608861333403e+03
-1.119319349544291072e+03 1.006346786823474190e+03
1.339736296210214732e+03 2.535999777665463625e+03
1.421449547438497575e+03 2.473810175204742336e+03
1.264312328289881407e+03 2.536287957032425766e+03
1.250555232171544731e+03 2.536749527182287238e+03
1.172831061495658332e+03 2.472801190753686569e+03
1.459091553058623276e+03 2.446117017411404959e+03
-6.566626980105224902e+02 -6.753445950647432028e+02
1.430931341577714420e+03 2.566732673621310369e+03
1.552389879660406677e+03 2.535210311106413428e+03
1.437962504684288433e+03 2.595893072325111916e+03
1.219792614891384574e+03 2.565493243990574683e+03
1.210793570461344189e+03 2.475279196759753631e+03
-1.234633658080658734e+03 4.959242852716840844e+02
-1.281923330114631426e+03 5.258735324662126231e+02
-2.069159010352055361e+02 4.659005834554329795e+02
-2.048133275069668287e+02 4.658542358072057255e+02
-5.822738338545148054e+02 4.356763555814405890e+02
-4.976711452050731737e+02 4.081343653833222334e+02
-5.210657546854381508e+02 4.048599276750018134e+02
-9.111854909791487671e+02 7.065291975850632298e+02
-8.680721749986013265e+02 7.329601942885925610e+02
-8.694256453713562678e+02 9.736105448851531037e+02
1.216077808676991253e+03 2.445511033228651741e+03
1.304579994926334848e+03 2.445328135311467577e+03
1.562993879684490594e+03 2.445855422324869323e+03
1.507442826050325039e+03 2.506974710576132566e+03
1.506498658749936567e+03 2.538383555298372357e+03
1.465190697528242254e+03 2.505287359452395776e+03
1.423622913147170948e+03 2.473313111734071299e+03
-2.069291621619198622e+02 4.658527812517568236e+02
-1.638959278954080219e+02 4.641972766513025590e+02
1.423011200456944152e+03 2.535568922983140965e+03
1.308356773154081793e+03 2.506390962147397659e+03
1.312931129684086272e+03 2.505870482324966360e+03
1.292037427441963700e+03 2.445483796533121222e+03
1.545745846684130811e+03 2.505668263671543627e+03
1.542277746207044629e+03 2.535998267784327254e+03
1.559915512884336749e+03 2.475916663411549962e+03
1.545705825667286945e+03 2.533668485019502441e+03
1.253484389229062344e+03 2.534666496679360989e+03
1.379314076906981199e+03 2.506112032651061782e+03
1.506335688513739569e+03 2.476018602049473429e+03
1.326886130014041100e+03 2.442476119699075298e+03
1.458153105545160543e+03 2.534885552487368841e+03
1.337622022191359974e+03 2.445430310713484232e+03
1.540974363103376163e+03 2.446083304763571050e+03
1.374750147039038893e+03 2.507068740976354093e+03
1.332867123888797323e+03 2.506675771326318682e+03
1.385252627332101838e+03 2.504893281131171534e+03
1.421585213564900641e+03 2.446097168182969654e+03
1.129286753669146947e+03 2.386659219959739858e+03
1.340658680354825492e+03 2.474951718597286344e+03
1.335872756327333263e+03 2.505393164747833907e+03
1.553687210958268224e+03 2.443482458663845591e+03
1.210943356128122559e+03 2.384334198565775296e+03
1.379173721161749654e+03 2.505592156229250122e+03
1.415249965759248880e+03 2.478139675960983368e+03
1.509442979807737856e+03 2.507321348078767187e+03
-7.929656586380422141e+02 7.075721463550258932e+02
-7.783674429659180305e+02 7.633373925555274582e+02
-8.270253091222829198e+02 7.324691813215295042e+02
-9.077904956531862126e+02 5.564387323352626709e+02
-8.704354552404519154e+02 5.556922896717557023e+02
-9.138121542559258614e+02 5.257645683227545987e+02
-8.253862461767147352e+02 8.258544595139188687e+02
-8.635605473477831993e+02 1.004067967068777193e+03
-7.362050744890708529e+02 1.695882086741756211e+03
-1.240434891033156873e+03 5.261095424198124419e+02
-1.196867351441785331e+03 5.254833624397026597e+02
-1.295187040492774941e+03 5.552422329404558923e+02
1.555550570016319398e+03 2.355014688384811052e+03
1.097978429637045338e+03 2.325724822528638470e+03
1.177359222543608894e+03 2.325725450869250380e+03
1.431743238973454027e+03 2.324317132517518985e+03
-4.500006829982060026e+02 -4.067167601963612356e+02
1.343405774047544128e+03 2.445478003680119855e+03
1.507656693599172286e+03 2.443013229591710115e+03
1.340262844131338852e+03 2.385859868834025747e+03
1.178534246940243520e+03 2.355979598121041363e+03
1.262515434545476410e+03 2.414176411536510841e+03
1.301294490259432678e+03 2.415100488185988524e+03
1.512553246816675482e+03 2.415408085039650359e+03
1.136814369838062703e+03 2.325754305264674258e+03
1.348969563863166286e+03 2.475499729977630977e+03
1.389941668038083662e+03 2.445492240714535455e+03
1.346248754224915956e+03 2.416357211972861933e+03
1.473800949640899489e+03 2.413609077571263242e+03
1.268096372426148264e+03 2.415105818811268364e+03
1.517367638030059879e+03 2.416010520967934099e+03
1.185354223176794903e+03 2.356018872507225751e+03
1.477606017219488649e+03 2.355170739470935132e+03
1.393624048702359687e+03 2.445889965200745337e+03
1.352476058665001574e+03 2.385320141154275007e+03
1.436404768923538541e+03 2.386716802967171134e+03
1.143385855705614631e+03 2.325832374628034358e+03
1.396285379683694600e+03 2.445855422324869323e+03
1.146222629683290279e+03 2.325825302324675249e+03
1.312931129684086272e+03 2.325825302324675249e+03
1.396285379683694600e+03 2.325825302324675249e+03
