-7.009311481609398697e+01,4.415493631582096867e+01
-7.009317841996785603e+01,4.415497484938995143e+01
-7.009308005624022542e+01,4.415495409612600497e+01
-7.009323999999999444e+01,4.415498999999999796e+01
-7.009796967194249362e+01,4.414981476864502952e+01
-7.009307984081725351e+01,4.415495778853156850e+01
-7.009308813086951773e+01,4.415495035584925887e+01
-7.009909829551850180e+01,4.415223376296290780e+01
-7.009314325933436862e+01,4.415496020165254265e+01
-7.010186000000000206e+01,4.414607999999999777e+01
-7.011048999999999864e+01,4.414256999999999920e+01
-7.010514301738555787e+01,4.414712973641938021e+01
-7.011005986899765219e+01,4.414579582297960059e+01
-7.011235999999999535e+01,4.414688999999999908e+01
-7.009586000000000183e+01,4.415579999999999927e+01
-7.010890404349730431e+01,4.414117735153627109e+01
-7.009323999999999444e+01,4.415498999999999796e+01
-7.011108337803837287e+01,4.414711972825894293e+01
-7.009999000000000535e+01,4.414985999999999677e+01
-7.009238212643158761e+01,4.415469457964810829e+01
-7.009992979042681327e+01,4.414904054054934335e+01
-7.011267868455493613e+01,4.414686975793244983e+01
-7.009313706567469637e+01,4.415495229316994852e+01
-7.009431447231857248e+01,4.415578369972871542e+01
-7.011048893459808085e+01,4.414548876659753773e+01
-7.011263925647222095e+01,4.414686593255941460e+01
-7.009645071241935455e+01,4.415305989281343102e+01
-7.011075858432450048e+01,4.414712579370726786e+01
-7.009318501227618015e+01,4.415498218425157262e+01
-7.009948740713389270e+01,4.414952867081406396e+01
-7.011012386334175517e+01,4.414248384283538940e+01
-7.010069087391345022e+01,4.414687134107675348e+01
-7.011263717922679461e+01,4.414685407593208311e+01
-7.010750454105837548e+01,4.414736153720656375e+01
-7.009435999999999467e+01,4.415579999999999927e+01
-7.010850740173445672e+01,4.414822275094426374e+01
-7.009989740876395103e+01,4.414875007203362856e+01
-7.009649922218025608e+01,4.415280854580417724e+01
-7.009918084701449459e+01,4.414877078785445264e+01
-7.009684062035724139e+01,4.415251929241834006e+01
-7.011260641496166102e+01,4.414682461070633934e+01
-7.009309628323069319e+01,4.415494535809519761e+01
-7.009985061206965895e+01,4.414900130440727111e+01
-7.010039421306345275e+01,4.414980666259202735e+01
-7.010227276277237252e+01,4.414681752763566180e+01
-7.009647800533666384e+01,4.415252597408359492e+01
-7.009420356204138614e+01,4.415576005974763518e+01
-7.009645939431676709e+01,4.415251152284459124e+01
-7.009651030564049279e+01,4.415280878834580136e+01
-7.009646273648151293e+01,4.415252272152678614e+01
-7.009660999999999831e+01,4.415256000000000114e+01
-7.010137474185992801e+01,4.414604961913529024e+01
-7.009983945673825190e+01,4.414928781139327185e+01
-7.009430164996180679e+01,4.415579544899229347e+01
-7.009586000000000183e+01,4.415579999999999927e+01
-7.009693629689255090e+01,4.415253675889179164e+01
-7.009318772924288510e+01,4.415497096656408615e+01
-7.009234708001956449e+01,4.415466633214952452e+01
-7.009125803704975510e+01,4.415442610871734530e+01
-7.010925229893780397e+01,4.414658799321466631e+01
-7.009725014047003810e+01,4.415359975468255982e+01
-7.010112281647076315e+01,4.414575594933269542e+01
-7.010137312444864222e+01,4.414902501361003573e+01
-7.009312013555191356e+01,4.415496277359773103e+01
-7.009313228492021608e+01,4.415496561370689932e+01
-7.009914431516884292e+01,4.414954516221355618e+01
-7.011267884609644341e+01,4.414687252964485964e+01
-7.011230296488150771e+01,4.414687900602955040e+01
-7.009313326754305251e+01,4.415495915806914695e+01
-7.009918853534603045e+01,4.414930709830411359e+01
-7.009323999999999444e+01,4.415498999999999796e+01
-7.009323999999999444e+01,4.415498999999999796e+01
-7.009244039093566414e+01,4.415471462538007330e+01
-7.009618176255460753e+01,4.415579122368195186e+01
-7.010887913436987162e+01,4.414686049549109015e+01
-7.010069774375082829e+01,4.414552044358853067e+01
-7.009645778541951699e+01,4.415279740902725791e+01
-7.009430987779803957e+01,4.415577898070561957e+01
-7.010171268264716105e+01,4.414901785699722581e+01
-7.010040195735867030e+01,4.414927133018360905e+01
-7.009646663878272932e+01,4.415251921817151270e+01
-7.009764045648029196e+01,4.415199113311718548e+01
-7.009248999999999796e+01,4.415471999999999753e+01
-7.009312482334840411e+01,4.415497571123263754e+01
-7.009233606465096500e+01,4.415467747504012408e+01
-7.010825962559782454e+01,4.414573437437742598e+01
-7.010663531742376620e+01,4.414875822297845076e+01
-7.010818076547600697e+01,4.414796468122096229e+01
-7.009424702079627423e+01,4.415576995692727991e+01
-7.010865748364744832e+01,4.414469374574668592e+01
-7.011038208695569551e+01,4.414280461865783423e+01
-7.010962394558465860e+01,4.414172356302451306e+01
-7.011086574742756738e+01,4.414467948212602977e+01
-7.009435999999999467e+01,4.415579999999999927e+01
-7.009312596624309322e+01,4.415496421740150623e+01
-7.009660999999999831e+01,4.415283000000000158e+01
-7.009319021073618217e+01,4.415497004762205790e+01
-7.011260514533080368e+01,4.414682593945284594e+01
-7.009045250700290808e+01,4.415440972274600995e+01
-7.010885246524026115e+01,4.414629381054430723e+01
-7.009649886179582268e+01,4.415253108599547005e+01
-7.011339858008892634e+01,4.414740230871628057e+01
-7.009774000000000171e+01,4.415012999999999721e+01
-7.009914124810954661e+01,4.414903119235603413e+01
-7.010752814228902707e+01,4.414655011032600385e+01
-7.010963851317291073e+01,4.414605412687400587e+01
-7.009660999999999831e+01,4.415310000000000201e+01
-7.009646054903745949e+01,4.415252646404766068e+01
-7.009655558258330643e+01,4.415282013133023753e+01
-7.009914308411072170e+01,4.414848412793094923e+01
-7.011225526499417526e+01,4.414740187587613462e+01
-7.011150458118893880e+01,4.414767511305918646e+01
-7.010849420258702480e+01,4.414819781535363319e+01
-7.010743697872136693e+01,4.414796247406169982e+01
-7.010926883169433665e+01,4.414848481925041312e+01
-7.009966125658536384e+01,4.414870879402858606e+01
-7.009848999999999819e+01,4.415256000000000114e+01
-7.009308823070389849e+01,4.415495801142044741e+01
-7.009425489208457805e+01,4.415577202093557929e+01
-7.009234671292544760e+01,4.415467127168535200e+01
-7.009964777723688201e+01,4.414657398118545473e+01
-7.010594074149028643e+01,4.415038512688697381e+01
-7.009888170193165990e+01,4.415170091259781060e+01
-7.009126453896423925e+01,4.415441389888032830e+01
-7.010786000000000229e+01,4.414526999999999646e+01
-7.009313627230238808e+01,4.415497909782792618e+01
-7.009323999999999444e+01,4.415498999999999796e+01
-7.010250820292407070e+01,4.414522827830388962e+01
-7.009660999999999831e+01,4.415256000000000114e+01
-7.009609907358783687e+01,4.415576063920310901e+01
-7.010676071429513456e+01,4.415142901362619199e+01
-7.010599000000000558e+01,4.414446000000000225e+01
-7.009238046830472513e+01,4.415470517216336788e+01
-7.009459822254201811e+01,4.413900192699566816e+01
-7.009910217585817804e+01,4.415250603643969640e+01
-7.010551792574908347e+01,4.415279610979060010e+01
-7.010849882120174925e+01,4.414444033031602999e+01
-7.009848999999999819e+01,4.415174999999999983e+01
-7.009646613528160231e+01,4.415252530819763166e+01
-7.011297554358154116e+01,4.415197791774724578e+01
-7.009759713737265940e+01,4.415223968932937026e+01
-7.009873745577678505e+01,4.415253088216985589e+01
-7.011188494654983572e+01,4.414929616585064309e+01
-7.011237834092520416e+01,4.415141141295047333e+01
-7.009851441521252013e+01,4.414926233043767212e+01
-7.011194563471268282e+01,4.414633318809572415e+01
-7.011343310566378761e+01,4.414740909880096353e+01
-7.011412265201504113e+01,4.414767166522319997e+01
-7.009233921389592581e+01,4.415468272692060481e+01
-7.009647575705291445e+01,4.415305972185090155e+01
-7.009248999999999796e+01,4.415471999999999753e+01
-7.009988577532456588e+01,4.414901100669101908e+01
-7.010106332746580904e+01,4.414875695060706562e+01
-7.009918731213392107e+01,4.414985327080454169e+01
-7.009660999999999831e+01,4.415283000000000158e+01
-7.009646732850065121e+01,4.415278704330071236e+01
-7.010299000000000547e+01,4.415525999999999840e+01
-7.009309381899073799e+01,4.415494993539216750e+01
-7.010738728891203664e+01,4.414524715277097755e+01
-7.010939667319945556e+01,4.414577097702592567e+01
-7.009646071239285448e+01,4.415251202945889730e+01
-7.011241554582747426e+01,4.415116581561643017e+01
-7.009651862700214053e+01,4.415253162084921712e+01
-7.010062839113203381e+01,4.414902951242530094e+01
-7.009835026203462860e+01,4.414902255170062517e+01
-7.009776620351451015e+01,4.415166312907597757e+01
-7.011200699241534551e+01,4.415113183197432534e+01
-7.010040012958975808e+01,4.414928199242099538e+01
-7.009586000000000183e+01,4.415579999999999927e+01
-7.009580355844592248e+01,4.415577612477316194e+01
-7.011237950536948915e+01,4.414979797097521441e+01
-7.011188583690403675e+01,4.414821253446812221e+01
-7.009243814189191824e+01,4.415470566942222064e+01
-7.009418918433057399e+01,4.415577425543012424e+01
-7.009923999999999467e+01,4.414770000000000039e+01
-7.009234086311850831e+01,4.415466971155592546e+01
-7.009763761280210304e+01,4.415225906972107595e+01
-7.009660999999999831e+01,4.415256000000000114e+01
-7.009313233533663379e+01,4.415497558683399149e+01
-7.009801135778960202e+01,4.415252018700190462e+01
-7.009737250062228497e+01,4.415248053431199082e+01
-7.009623999999999455e+01,4.415579999999999927e+01
-7.009660999999999831e+01,4.415283000000000158e+01
-7.009646976919958661e+01,4.415304700132999471e+01
-7.009660999999999831e+01,4.415256000000000114e+01
-7.010813340900988067e+01,4.415335200973475338e+01
-7.009649192677066765e+01,4.415253065735627303e+01
-7.011222957418762292e+01,4.414792996307738093e+01
-7.011199000000000581e+01,4.414770000000000039e+01
-7.011048999999999864e+01,4.414580999999999733e+01
-7.010937928361468607e+01,4.414656129269467755e+01
-7.009686072224580755e+01,4.415249713316497093e+01
-7.009660999999999831e+01,4.415256000000000114e+01
-7.011221707542036086e+01,4.414768047754947844e+01
-7.011037614612048685e+01,4.414253932081063425e+01
-7.009313844675338601e+01,4.415495145406757160e+01
-7.009613803754906769e+01,4.415577343072983041e+01
-7.011123999999999512e+01,4.414580999999999733e+01
-7.009759704342343412e+01,4.415253806454047947e+01
-7.009660999999999831e+01,4.415283000000000158e+01
-7.009124570917269637e+01,4.415442759702304443e+01
-7.009310301652807595e+01,4.415493243610117702e+01
-7.010038980056378932e+01,4.414927112753792215e+01
-7.009763713492355919e+01,4.414957884823907364e+01
-7.009805704569380680e+01,4.415228393871437618e+01
-7.009837209589723273e+01,4.415200563986436322e+01
-7.009837689164469055e+01,4.415226188096325899e+01
-7.009721624910218907e+01,4.415250943462773847e+01
-7.010711000000000581e+01,4.414851000000000170e+01
-7.010711000000000581e+01,4.414770000000000039e+01
-7.009308764707940043e+01,4.415495644056763069e+01
-7.011274000000000228e+01,4.414688999999999908e+01
-7.010771575046808834e+01,4.414495328493490689e+01
-7.009314424943082145e+01,4.415496786632438386e+01
-7.009429994073578030e+01,4.415577764178200226e+01
-7.011040060981466127e+01,4.414553043146631239e+01
-7.009960441635465145e+01,4.414871806953863853e+01
-7.009248999999999796e+01,4.415471999999999753e+01
-7.009646975002036129e+01,4.415250141010420037e+01
-7.009648157291829307e+01,4.415252402981096935e+01
-7.009310210042508515e+01,4.415495318944150682e+01
-7.009645537797989334e+01,4.415252639141059632e+01
-7.009683638375884129e+01,4.415252105393574311e+01
-7.010600781530926895e+01,4.414954473476296926e+01
-7.010663605112820562e+01,4.414957641889291295e+01
-7.009983546425905843e+01,4.414901549119706914e+01
-7.010036870122398511e+01,4.414978415869450856e+01
-7.009650771612504627e+01,4.415252147151733908e+01
-7.009608188163109332e+01,4.415577007511220842e+01
-7.011090730132656290e+01,4.414494988378832829e+01
-7.009646023598088505e+01,4.415251774512665150e+01
-7.009425237253537944e+01,4.415576654722355698e+01
-7.009660999999999831e+01,4.415256000000000114e+01
-7.009984426482974129e+01,4.414791798918657406e+01
-7.010076986160410684e+01,4.414815563470784809e+01
-7.009319203798847298e+01,4.415498087906860292e+01
-7.009318062074571287e+01,4.415498227820491906e+01
-7.009323999999999444e+01,4.415498999999999796e+01
-7.009984566219695523e+01,4.414739138887109249e+01
-7.011114596188900805e+01,4.414603921528330943e+01
-7.011188490189503852e+01,4.414606081298337870e+01
-7.009613784163370553e+01,4.415577035562377972e+01
-7.009646439778545357e+01,4.415251155385802662e+01
-7.009424472282969987e+01,4.415577348861843632e+01
-7.009319595724412011e+01,4.415496764780258587e+01
-7.009310335510330958e+01,4.415494548408195641e+01
-7.011259532459456523e+01,4.414684793891285608e+01
-7.009576266639697906e+01,4.413689000492789205e+01
-7.009319785367026157e+01,4.415497615366002293e+01
-7.010887507399905871e+01,4.414875204915071549e+01
-7.010892999115985447e+01,4.414849965750804728e+01
-7.009580563920169993e+01,4.413689380297576292e+01
-7.009843438690879225e+01,4.415253838767473127e+01
-7.009881302876954123e+01,4.414930413588417935e+01
-7.009586000000000183e+01,4.415579999999999927e+01
-7.011113224575197478e+01,4.415251828533053668e+01
-7.011260147972423340e+01,4.414684611629719058e+01
-7.011048999999999864e+01,4.414283999999999963e+01
-7.009544215925910748e+01,4.415605588443080620e+01
-7.009651918190013475e+01,4.415253364527821844e+01
-7.009319124536263246e+01,4.415497747288782193e+01
-7.011146293414699926e+01,4.414630065779077484e+01
-7.009232599586751178e+01,4.415468872226283281e+01
-7.011155263864367271e+01,4.414552884435536129e+01
-7.009421630904506628e+01,4.415574966069241469e+01
-7.010962014858706937e+01,4.414173552155633473e+01
-7.009800180619041043e+01,4.414928747644406570e+01
-7.011112872238487626e+01,4.414686255985213847e+01
-7.010037313602971665e+01,4.414926779207110741e+01
-7.010974000000000217e+01,4.414742999999999995e+01
-7.010786000000000229e+01,4.414661999999999864e+01
-7.010996856422922008e+01,4.414548663881466695e+01
-7.009660999999999831e+01,4.415256000000000114e+01
-7.009435999999999467e+01,4.415579999999999927e+01
-7.010813439258592439e+01,4.415332999765805511e+01
-7.009660999999999831e+01,4.415256000000000114e+01
-7.011150420708658260e+01,4.414714131502806538e+01
-7.009309877534367672e+01,4.415494380660884133e+01
-7.010849608423804113e+01,4.414740281393861920e+01
-7.010939203981091339e+01,4.414576471901713717e+01
-7.010850453885372247e+01,4.414633064165845155e+01
-7.010809874602676928e+01,4.414657298373605698e+01
-7.009248999999999796e+01,4.415471999999999753e+01
-7.010997184939648719e+01,4.414604293190122775e+01
-7.011199000000000581e+01,4.414742999999999995e+01
-7.010860999999999876e+01,4.414121999999999701e+01
-7.011071101343928547e+01,4.414603141555753041e+01
-7.009238933016038686e+01,4.415469180525724369e+01
-7.009888523756853829e+01,4.414869416388264511e+01
-7.009351000671694010e+01,4.415522693325641512e+01
-7.011011000000000593e+01,4.415310000000000201e+01
-7.011274000000000228e+01,4.414688999999999908e+01
-7.010969429740023884e+01,4.414553402655118219e+01
-7.011263473202338048e+01,4.414686054155187378e+01
-7.010826162746008094e+01,4.414711834438681848e+01
-7.009308920879342963e+01,4.415496663782015219e+01
-7.010742950566744014e+01,4.414768844981129092e+01
-7.009422228525539822e+01,4.415575507218817108e+01
-7.009323999999999444e+01,4.415498999999999796e+01
-7.009945955224755210e+01,4.414927866053655237e+01
-7.010064979787877348e+01,4.414875328428367141e+01
-7.009725516212461116e+01,4.415252764547636843e+01
-7.009950870216771079e+01,4.414956129248263750e+01
-7.011262992547005979e+01,4.414686439915806915e+01
-7.010026485967567567e+01,4.414686293955151086e+01
-7.011148627356034524e+01,4.414577063106433741e+01
-7.011125266723652771e+01,4.414630744599721623e+01
-7.011259989810540105e+01,4.414685608796726513e+01
-7.009876207195854647e+01,4.414741655556147748e+01
-7.009954992138297314e+01,4.414876774446136665e+01
-7.010659172639071812e+01,4.415359626235656521e+01
-7.010884976698494597e+01,4.414550094904674182e+01
-7.010962912333954478e+01,4.414496714359917462e+01
-7.009537101663215708e+01,4.413686749657899355e+01
-7.009685697802980542e+01,4.413685341419425612e+01
-7.009661950551678444e+01,4.415275350225765294e+01
-7.009323999999999444e+01,4.415498999999999796e+01
-7.009323999999999444e+01,4.415498999999999796e+01
-7.009886000000000195e+01,4.414932000000000301e+01
-7.010674000000000206e+01,4.415039999999999765e+01
-7.011306613972334389e+01,4.414715236116727937e+01
-7.010100535379584130e+01,4.414659265896749218e+01
-7.009314478134898252e+01,4.415496464231286211e+01
-7.010737750273572999e+01,4.414819631898532037e+01
-7.009660999999999831e+01,4.415256000000000114e+01
-7.011081109153309399e+01,4.414579369328606617e+01
-7.009646919810312227e+01,4.415278803267783303e+01
-7.011274000000000228e+01,4.414688999999999908e+01
-7.009774000000000171e+01,4.415229000000000070e+01
-7.009650839962698399e+01,4.415334173409461727e+01
-7.009323999999999444e+01,4.415498999999999796e+01
-7.009309146908002219e+01,4.415496507991108643e+01
-7.011147315632726418e+01,4.414548847139562326e+01
-7.009623999999999455e+01,4.415579999999999927e+01
-7.009424760634661311e+01,4.415575952722512909e+01
-7.009612782588074253e+01,4.415576047895530820e+01
-7.009645558002604560e+01,4.415278446378562904e+01
-7.010927285703904488e+01,4.415251911045130839e+01
-7.010850717815799271e+01,4.414658228674759499e+01
-7.009313538391936049e+01,4.415496645857592739e+01
-7.009309411218542607e+01,4.415494399280225934e+01
-7.010825297249978405e+01,4.415328222016795223e+01
-7.011225321194575599e+01,4.415119033961007489e+01
-7.010752061689413495e+01,4.414495377684365707e+01
-7.010775492834711997e+01,4.414875917806147498e+01
-7.011264039562703942e+01,4.415145715890426459e+01
-7.011258851087968935e+01,4.414685338402369297e+01
-7.009851363121072154e+01,4.414925408205949253e+01
-7.009735999999999478e+01,4.415256000000000114e+01
-7.009651735620876423e+01,4.415253405986111801e+01
-7.010700656766702821e+01,4.415360326543386549e+01
-7.010019952598366899e+01,4.414955834474464069e+01
-7.011304868325450457e+01,4.415200722878087447e+01
-7.011235999999999535e+01,4.415147999999999939e+01
-7.010696097056120379e+01,4.415279196406864770e+01
-7.009308462849914179e+01,4.415494769257070828e+01
-7.009323999999999444e+01,4.415498999999999796e+01
-7.010788173916428434e+01,4.414711593351797347e+01
-7.010959622436624272e+01,4.414605230843312000e+01
-7.011087748292931110e+01,4.414709561494510126e+01
-7.009314969231637349e+01,4.415496548080644601e+01
-7.009323999999999444e+01,4.415498999999999796e+01
-7.009235438203008073e+01,4.415468456980757139e+01
-7.009425365597984126e+01,4.415578167317322311e+01
-7.009425958384156274e+01,4.415577093023863142e+01
-7.009913312925169748e+01,4.414930945575007826e+01
-7.009534291962516761e+01,4.413685451634702872e+01
-7.009611007605876409e+01,4.413711026829531647e+01
-7.011259759249242052e+01,4.414684837354495528e+01
-7.011419365454250396e+01,4.414768424188289231e+01
-7.010135291302073313e+01,4.414873142846387566e+01
-7.009988029111191565e+01,4.414901481731394028e+01
-7.009234619127460064e+01,4.415468110609373298e+01
-7.009776160634356756e+01,4.415169486744815686e+01
-7.009650026637631015e+01,4.415254567156568299e+01
-7.009313712133379681e+01,4.415495678691387837e+01
-7.009424894088273561e+01,4.415578819583777204e+01
-7.009660999999999831e+01,4.415256000000000114e+01
-7.010659926912951789e+01,4.415388520456022547e+01
-7.009548999999999808e+01,4.415606999999999971e+01
-7.009310668750960360e+01,4.415495740851665118e+01
-7.010748999999999853e+01,4.414634999999999820e+01
-7.010705228102736442e+01,4.414553287311073859e+01
-7.009836064377169862e+01,4.414901597210423745e+01
-7.009609143475206849e+01,4.415576544287824134e+01
-7.011147918220244435e+01,4.414684780384566665e+01
-7.009763918152322049e+01,4.415254530825333035e+01
-7.009913722606729891e+01,4.415279610052348147e+01
-7.009774000000000171e+01,4.415256000000000114e+01
-7.010771520011057589e+01,4.415008593945781001e+01
-7.010740042864576083e+01,4.415036163192881702e+01
-7.010179940827411826e+01,4.414659751491645778e+01
-7.010209854598592472e+01,4.414603028784668481e+01
-7.009652258084346954e+01,4.415253867229844076e+01
-7.009309944410360060e+01,4.415493321104088409e+01
-7.009239103800169346e+01,4.415467883272339833e+01
-7.011188294282371203e+01,4.414768335612377115e+01
-7.009309902450394247e+01,4.415494598420488614e+01
-7.009312068793032324e+01,4.415496064429320455e+01
-7.009652046477111753e+01,4.415279548013037925e+01
-7.009319112779928673e+01,4.415498463318369460e+01
-7.009309416905843193e+01,4.415494264136175673e+01
-7.010024789119113109e+01,4.414900893837050688e+01
-7.010020672952693133e+01,4.414954738050039396e+01
-7.009993276303958964e+01,4.414903155944001156e+01
-7.010922909724030205e+01,4.414685950237834788e+01
-7.009314060593727902e+01,4.415496729876900162e+01
-7.009649446007834683e+01,4.415253938783588694e+01
-7.009313546715712562e+01,4.415495923212425566e+01
-7.009618583776000378e+01,4.415578668356047132e+01
-7.011264675751635878e+01,4.414685498859461887e+01
-7.009651927193114318e+01,4.415253527825033331e+01
-7.011415168902638584e+01,4.414767488310418742e+01
-7.011263537473141128e+01,4.414686310042242923e+01
-7.009308675690253665e+01,4.415495082066816224e+01
-7.011114298927508059e+01,4.414740075950132336e+01
-7.011011000000000593e+01,4.414580999999999733e+01
-7.010822459159651032e+01,4.414599071334516367e+01
-7.009763470151027320e+01,4.415279893876919459e+01
-7.009813506936805538e+01,4.415196597058232442e+01
-7.010001391927451664e+01,4.414848363186342795e+01
-7.011225073019578247e+01,4.414713358795579268e+01
-7.009312714015109691e+01,4.415496793353839422e+01
-7.011259994306928434e+01,4.414684597703360680e+01
-7.011263309535216592e+01,4.414686429493172426e+01
-7.009726955311066376e+01,4.415252971055779341e+01
-7.009685764259324969e+01,4.415251780562809358e+01
-7.009612786687725361e+01,4.415576421835991994e+01
-7.010883407972376347e+01,4.414684965332982358e+01
-7.010623815781060841e+01,4.414740236353701874e+01
-7.009248999999999796e+01,4.415471999999999753e+01
-7.009651343188153305e+01,4.415278928579044759e+01
-7.010697271333064862e+01,4.415034641450576203e+01
-7.010588214228620529e+01,4.414065987675729019e+01
-7.009876913829609180e+01,4.415254551960278206e+01
-7.009963743888131660e+01,4.414925863358882197e+01
-7.011184484561911745e+01,4.414767169984490636e+01
-7.011112774424964300e+01,4.414740220510506674e+01
-7.009238869711835207e+01,4.415468654409117732e+01
-7.009310701443328639e+01,4.415493576030171852e+01
-7.009313410901421548e+01,4.415497457045825058e+01
-7.009319301585711059e+01,4.415496651636816949e+01
-7.009313879294941785e+01,4.415495875514184121e+01
-7.010775221326952078e+01,4.415065336818221198e+01
-7.009313648139047359e+01,4.415497385530845520e+01
-7.009314280405504860e+01,4.415496089555270487e+01
-7.011184572130632375e+01,4.414764903559267850e+01
-7.009699000000000524e+01,4.415337000000000245e+01
-7.009891364457189411e+01,4.415196737923641734e+01
-7.009949707645525052e+01,4.414956509932849116e+01
-7.009654911006832378e+01,4.415254153051362351e+01
-7.009649202464504469e+01,4.415281293086856351e+01
-7.009650912773973630e+01,4.415306754271034606e+01
-7.011263618363507533e+01,4.414688021098754689e+01
-7.009614431574118498e+01,4.415577009888045978e+01
-7.009164391291557195e+01,4.415523245936886099e+01
-7.010659450735901999e+01,4.414766620201035607e+01
-7.010437563504042657e+01,4.412202902753560352e+01
-7.009833776810619099e+01,4.415197598787229794e+01
-7.009800266393366996e+01,4.415251569347062599e+01
-7.010885184549738369e+01,4.414118235720957273e+01
-7.009796650604855017e+01,4.415224666136591480e+01
-7.011001877538731719e+01,4.414228617213226613e+01
-7.011123999999999512e+01,4.414365000000000094e+01
-7.009435999999999467e+01,4.415579999999999927e+01
-7.009651254300662515e+01,4.415252946435771264e+01
-7.010293783457711925e+01,4.415686359280039852e+01
-7.009195033767198879e+01,4.415549056334607769e+01
-7.010210210657153596e+01,4.415331855627709956e+01
-7.010714167348260162e+01,4.414196583333056623e+01
-7.010101943142515779e+01,4.411985794331120303e+01
-7.009875668826308015e+01,4.414686537545130562e+01
-7.009235018975583387e+01,4.415467742127843565e+01
-7.009238004995323479e+01,4.415468737216043138e+01
-7.009988937846961221e+01,4.414930879112586126e+01
-7.009435999999999467e+01,4.415579999999999927e+01
-7.011264690901488450e+01,4.414684393957275432e+01
-7.010812786883590775e+01,4.414686457883828297e+01
-7.010786000000000229e+01,4.414661999999999864e+01
-7.010148999999999830e+01,4.415552999999999884e+01
-7.009927433966103649e+01,4.415331755928240653e+01
-7.010775582187783073e+01,4.415117249329090754e+01
-7.009999000000000535e+01,4.414446000000000225e+01
-7.010035998535180113e+01,4.414383315103826533e+01
-7.009647530130337145e+01,4.415251645103780476e+01
-7.009646724575976862e+01,4.415252152571851951e+01
-7.009689149556402299e+01,4.415253316781254256e+01
-7.009761184830693992e+01,4.415199817171289709e+01
-7.011274000000000228e+01,4.414688999999999908e+01
-7.011264422984956468e+01,4.414685678669169988e+01
-7.009313116785357067e+01,4.415497545580065264e+01
-7.011259023312328509e+01,4.414684895845006452e+01
-7.011300925637121395e+01,4.414712345317189346e+01
-7.010662742517155266e+01,4.415496888954397292e+01
-7.010256682936179118e+01,4.415660371960804298e+01
-7.010218190652344106e+01,4.415550653817339821e+01
-7.010738696265525505e+01,4.415035938477512190e+01
-7.010960020844774476e+01,4.414953322918955791e+01
-7.010845656885555854e+01,4.414901680736998202e+01
-7.010935999999999524e+01,4.414770000000000039e+01
-7.010776021756939258e+01,4.414820394333330000e+01
-7.010560999999999865e+01,4.415120999999999896e+01
-7.010003110187420816e+01,4.414953602094433194e+01
-7.009323999999999444e+01,4.415498999999999796e+01
-7.011042974956835394e+01,4.414552803601192466e+01
-7.011113040878989011e+01,4.414630993896827960e+01
-7.010935999999999524e+01,4.414634999999999820e+01
-7.010625057476822519e+01,4.415765126510708427e+01
-7.010475421499397441e+01,4.415522726623510863e+01
-7.010287256085264573e+01,4.415470000030688169e+01
-7.011040227696068428e+01,4.414469189581420494e+01
-7.009323999999999444e+01,4.415498999999999796e+01
-7.009318559488930589e+01,4.415497180141349531e+01
-7.009135999999999456e+01,4.415661000000000058e+01
-7.010663639793762059e+01,4.414983397231601003e+01
-7.009323999999999444e+01,4.415498999999999796e+01
-7.009235733324366890e+01,4.415469704978526977e+01
-7.010023794714862788e+01,4.414687344057043106e+01
-7.009314997544171888e+01,4.415495581810668568e+01
-7.010959813630064730e+01,4.414577354613435034e+01
-7.010289351567918459e+01,4.415523203872123759e+01
-7.010363643457382921e+01,4.415576307046656979e+01
-7.009699000000000524e+01,4.415256000000000114e+01
-7.009688690374061082e+01,4.415253359075965989e+01
-7.011235999999999535e+01,4.415147999999999939e+01
-7.010030118997234183e+01,4.414661062184491414e+01
-7.009421667054941452e+01,4.415575778614079638e+01
-7.010737409407684595e+01,4.414604990894719805e+01
-7.009656666184734775e+01,4.415255013684100760e+01
-7.009422259930269661e+01,4.415576700916415120e+01
-7.009720111858655400e+01,4.415252303694856550e+01
-7.009650788358121076e+01,4.415253452148847657e+01
-7.009844228848510284e+01,4.415199642958663162e+01
-7.011043448962651325e+01,4.414416783729831906e+01
-7.009646264226678625e+01,4.415250870500330649e+01
-7.009318668730867330e+01,4.415497848132259406e+01
-7.009248999999999796e+01,4.415471999999999753e+01
-7.010029927277621198e+01,4.415227037601010096e+01
-7.009323999999999444e+01,4.415498999999999796e+01
-7.011014982069914936e+01,4.414281472488536195e+01
-7.009314413046894288e+01,4.415496353024455800e+01
-7.009309563466818815e+01,4.415493928072503849e+01
-7.011274000000000228e+01,4.414688999999999908e+01
-7.009309206637969680e+01,4.415496084605361915e+01
-7.010899000000000569e+01,4.415066999999999808e+01
-7.010888452691838779e+01,4.415550493263653209e+01
-7.009917822164344159e+01,4.415200571453559775e+01
-7.009286000000000172e+01,4.415498999999999796e+01
-7.009689818175806408e+01,4.415252944287219350e+01
-7.010775423376740889e+01,4.414577786911557666e+01
-7.010885895216846109e+01,4.414467582406888368e+01
-7.009660999999999831e+01,4.415283000000000158e+01
-7.009319700225540828e+01,4.415498375494222927e+01
-7.009318858797857388e+01,4.415496675976854135e+01
-7.009309888072378669e+01,4.415493292582581120e+01
-7.011297309570201719e+01,4.414711374793144927e+01
-7.010974000000000217e+01,4.414634999999999820e+01
-7.010888074227686673e+01,4.415089999947785060e+01
-7.010021595675945605e+01,4.414928962799762502e+01
-7.011188231529838788e+01,4.414632088975069024e+01
-7.009323999999999444e+01,4.415498999999999796e+01
-7.009239776988820836e+01,4.415468604424697219e+01
-7.009131510292596090e+01,4.415443141768228941e+01
-7.009248999999999796e+01,4.415471999999999753e+01
-7.009426099207919947e+01,4.415575575525472374e+01
-7.011034364979117584e+01,4.414577609840656436e+01
-7.010921571404978181e+01,4.414656923870828109e+01
-7.009196526975422614e+01,4.415467197526671583e+01
-7.009083635598273077e+01,4.415441125167037484e+01
-7.009135999999999456e+01,4.415444999999999709e+01
-7.011000480974377069e+01,4.414658373250053813e+01
-7.011037619047698399e+01,4.414632637517762959e+01
-7.009310222804958812e+01,4.415494304824230909e+01
-7.009318238216702923e+01,4.415496876505240209e+01
-7.009310385975855695e+01,4.415494245556222808e+01
-7.010737816641301379e+01,4.414768537194809284e+01
-7.010856235789043467e+01,4.414606682720862807e+01
-7.010245398129640648e+01,4.415657615424613880e+01
-7.009960999999999842e+01,4.414688999999999908e+01
-7.009960999999999842e+01,4.414688999999999908e+01
-7.010884101993163142e+01,4.414684616063219380e+01
-7.011000279366533050e+01,4.414603531294751093e+01
-7.009309479522117670e+01,4.415494842525630048e+01
-7.009323999999999444e+01,4.415498999999999796e+01
-7.010664074173736537e+01,4.415415571994407884e+01
-7.011118979234599635e+01,4.414688418686903759e+01
-7.011040025880630822e+01,4.414657891681179080e+01
-7.009313686710380864e+01,4.415495963238759458e+01
-7.011268234505305941e+01,4.414688564129271242e+01
-7.011259604219955577e+01,4.414686326176715170e+01
-7.009308680997840213e+01,4.415495636394106072e+01
-7.010289939330100140e+01,4.415603100766266209e+01
-7.011192880873616673e+01,4.414660410134140278e+01
-7.009833503546956024e+01,4.415279849668944934e+01
-7.009660999999999831e+01,4.415256000000000114e+01
-7.009741783584323116e+01,4.415197340132380077e+01
-7.009660999999999831e+01,4.415256000000000114e+01
-7.009286000000000172e+01,4.415498999999999796e+01
-7.010263815248902119e+01,4.415573634889146604e+01
-7.010170983570925785e+01,4.415549231934031127e+01
-7.011125220024996452e+01,4.414869064101522156e+01
-7.010786000000000229e+01,4.414878000000000213e+01
-7.010669764769026813e+01,4.414607469489445890e+01
-7.010963204837806018e+01,4.414471495037727067e+01
-7.011000767723358251e+01,4.414551488352633157e+01
-7.009650275389584806e+01,4.415280224671256804e+01
-7.009308216485982257e+01,4.415495415831215098e+01
-7.009309786590551994e+01,4.415493236755535378e+01
-7.010819722940145482e+01,4.414796145882193201e+01
-7.010861184008747671e+01,4.414683587569752632e+01
-7.010737746004522819e+01,4.414741191180472413e+01
-7.011274000000000228e+01,4.414688999999999908e+01
-7.011268067151998196e+01,4.414687437322115215e+01
-7.011190244324686205e+01,4.414740946859348725e+01
-7.009985033412186795e+01,4.414683914418996125e+01
-7.009983606401812040e+01,4.414767499723146216e+01
-7.010850775963230319e+01,4.414605085687649222e+01
-7.010626093743499609e+01,4.414712894518638109e+01
-7.010444334065107341e+01,4.415471538718847455e+01
-7.010434640578418453e+01,4.415089766738937982e+01
-7.010860999999999876e+01,4.414851000000000170e+01
-7.010621885990265412e+01,4.413577918036200032e+01
-7.010770941306901705e+01,4.414037663003535528e+01
-7.009313900304488243e+01,4.415496785093731802e+01
-7.009323999999999444e+01,4.415498999999999796e+01
-7.009839778395974008e+01,4.414928452330575226e+01
-7.009850160160966936e+01,4.414846296961005834e+01
-7.009926463452332257e+01,4.414899405913003960e+01
-7.009834015737465052e+01,4.414954124000141888e+01
-7.009911059789628496e+01,4.414898654467975092e+01
-7.009197732388757629e+01,4.415575474167292214e+01
-7.009286000000000172e+01,4.415606999999999971e+01
-7.009575472528125317e+01,4.415602892393574308e+01
-7.010058708000640593e+01,4.415550002753216319e+01
-7.010063792229736634e+01,4.415386777940580032e+01
-7.010893271932340554e+01,4.415065517502773673e+01
-7.010486000000000217e+01,4.415039999999999765e+01
-7.010812531081292320e+01,4.414927868642963205e+01
-7.011109888046321714e+01,4.414820539022057488e+01
-7.010471203725272460e+01,4.414874159471847292e+01
-7.009923999999999467e+01,4.414797000000000082e+01
-7.009955385797948679e+01,4.415255141510621684e+01
-7.009727047400313893e+01,4.415307671646809951e+01
-7.010715045712737492e+01,4.415305754833677554e+01
-7.009435999999999467e+01,4.415579999999999927e+01
-7.009308698255379966e+01,4.415495575616302659e+01
-7.009323999999999444e+01,4.415498999999999796e+01
-7.009319027131296309e+01,4.415498397862690894e+01
-7.009308928007000361e+01,4.415496920209918841e+01
-7.010744014796465251e+01,4.414605964574265329e+01
-7.010713669131247627e+01,4.414655527260019596e+01
-7.010963577113638223e+01,4.414552383640647548e+01
-7.011113635310287862e+01,4.414659998688490106e+01
-7.010074000000000183e+01,4.411988999999999805e+01
-7.010995422600025506e+01,4.414630796436765081e+01
-7.011113041838989091e+01,4.414659008764711245e+01
-7.009647238302298433e+01,4.415305699522481575e+01
-7.009998679151836143e+01,4.414953560964916335e+01
-7.010749914229262458e+01,4.414656556443454605e+01
-7.010887564150016260e+01,4.414713872407103423e+01
-7.009683831590740510e+01,4.415252863822355778e+01
-7.009424777531434358e+01,4.415576049483709653e+01
-7.011034278584807566e+01,4.414765823448348669e+01
-7.009919732951243532e+01,4.414876421429499942e+01
-7.010786000000000229e+01,4.414797000000000082e+01
-7.010814930194192129e+01,4.414793624641743719e+01
-7.009876559836511944e+01,4.415254571651378512e+01
-7.010734556897969583e+01,4.414657853438502144e+01
-7.009319384000016839e+01,4.415496976102817683e+01
-7.010025297389864818e+01,4.414686800111033449e+01
-7.009912565618982683e+01,4.414579454065344777e+01
-7.010847092155307791e+01,4.414522785932353344e+01
-7.010889337989955550e+01,4.414550336166528410e+01
-7.010845999317960775e+01,4.414684259876879935e+01
-7.010472496622804783e+01,4.415683920363401427e+01
-7.009421196149224897e+01,4.415577057264470540e+01
-7.010074000000000183e+01,4.415364000000000289e+01
-7.010888065809339764e+01,4.415117172846548499e+01
-7.010668442369173192e+01,4.414660909283495016e+01
-7.011225881200471122e+01,4.415144604969222542e+01
-7.011155572765866850e+01,4.414823541191046274e+01
-7.011264124069758452e+01,4.414686577298608228e+01
-7.010788642559290906e+01,4.414548214291415462e+01
-7.010025076882797634e+01,4.414659137304755632e+01
-7.010024380009380707e+01,4.414766127918918670e+01
-7.009914788101426097e+01,4.414686339043772989e+01
-7.010776589677384152e+01,4.414847028134509799e+01
-7.010748999999999853e+01,4.414661999999999864e+01
-7.010190829628055553e+01,4.415627944463556531e+01
-7.009739015481542879e+01,4.411848420410006355e+01
-7.009774000000000171e+01,4.411827000000000254e+01
-7.009576314623970461e+01,4.415576832667016305e+01
-7.009421713528520570e+01,4.415575126142698537e+01
-7.009913146193557054e+01,4.414821559171247856e+01
-7.009645934085332897e+01,4.415251216221834341e+01
-7.010860999999999876e+01,4.415283000000000158e+01
-7.011225752268600786e+01,4.414793986247718749e+01
-7.009309107688467577e+01,4.415494488218678271e+01
-7.009310286143718827e+01,4.415494806260268490e+01
-7.009199265967376391e+01,4.415470646862806348e+01
-7.008874000000000137e+01,4.415444999999999709e+01
-7.009875362928237053e+01,4.414955074199708918e+01
-7.011073002387662711e+01,4.414686100515813649e+01
-7.009234779697692375e+01,4.415466838477112788e+01
-7.009313189099155750e+01,4.415495772349083126e+01
-7.010786000000000229e+01,4.414715999999999951e+01
-7.010699288015614172e+01,4.414685434569970113e+01
-7.011013296191104871e+01,4.414250522505638230e+01
-7.009963673122820182e+01,4.414628842656827601e+01
-7.009310027022591782e+01,4.415495308382396189e+01
-7.010974000000000217e+01,4.414580999999999733e+01
-7.010847091863850267e+01,4.414631501517770573e+01
-7.010887900470970635e+01,4.414821322250634950e+01
-7.009309826940916821e+01,4.415495094965178424e+01
-7.009201352922261208e+01,4.415603751338601057e+01
-7.009310416892405726e+01,4.415495701003683138e+01
-7.009248999999999796e+01,4.415471999999999753e+01
-7.010823999999999501e+01,4.415310000000000201e+01
-7.009722141247463867e+01,4.415198047754133626e+01
-7.009660999999999831e+01,4.415256000000000114e+01
-7.009910476221902798e+01,4.415251170238290257e+01
-7.009612229283735019e+01,4.415576705974467586e+01
-7.009619033311838621e+01,4.415579578352193124e+01
-7.011164834576280214e+01,4.414603545400477458e+01
-7.011124522667022063e+01,4.414898895987645489e+01
-7.011160999999999888e+01,4.414824000000000126e+01
-7.009660999999999831e+01,4.415256000000000114e+01
-7.009312741830648008e+01,4.415496022765930917e+01
-7.009683791156952282e+01,4.415251509243006467e+01
-7.009248999999999796e+01,4.415471999999999753e+01
-7.009435999999999467e+01,4.415579999999999927e+01
-7.010974000000000217e+01,4.414175999999999789e+01
-7.009135999999999456e+01,4.415444999999999709e+01
-7.009945954634433463e+01,4.414927357720078049e+01
-7.009989688306309574e+01,4.414955812600366869e+01
-7.011300761270574355e+01,4.414711564719245018e+01
-7.009318017864428896e+01,4.415498154395247354e+01
-7.009685685448468462e+01,4.415250443869667407e+01
-7.011069651567093786e+01,4.414577368491366371e+01
-7.009871846587158473e+01,4.414658107052697744e+01
-7.009431742250143316e+01,4.415579074000260107e+01
-7.009648192023546187e+01,4.415251579384740666e+01
-7.009135999999999456e+01,4.415444999999999709e+01
-7.010856072946128847e+01,4.414526436964057865e+01
-7.011409510241848864e+01,4.414765778073304148e+01
-7.011343666303260136e+01,4.414741345034543230e+01
-7.010556450724101296e+01,4.415498160907056047e+01
-7.009617854621831157e+01,4.413660807123147123e+01
-7.009699000000000524e+01,4.415283000000000158e+01
-7.009323999999999444e+01,4.415498999999999796e+01
-7.010847488873548627e+01,4.414740873944550970e+01
-7.010845635407198984e+01,4.414819701477455283e+01
-7.010713308039356662e+01,4.414764606893321996e+01
-7.010894754759696923e+01,4.414607201987618623e+01
-7.009309521349400995e+01,4.415494717002160030e+01
-7.010813811717765986e+01,4.414740393254298567e+01
-7.010774907899730124e+01,4.414766522500270440e+01
-7.011259796925577348e+01,4.414685682777214737e+01
-7.009310527924718315e+01,4.415496619489723429e+01
-7.011113429733488545e+01,4.414605694838009953e+01
-7.011112388273889451e+01,4.414659615749167187e+01
-7.011124399873720847e+01,4.414629921141418833e+01
-7.011006290059147261e+01,4.414876007078414233e+01
-7.009699000000000524e+01,4.415256000000000114e+01
-7.009875684644971727e+01,4.414712647342178542e+01
-7.009763832268289718e+01,4.414957819406318151e+01
-7.009887679769317970e+01,4.414953947127538214e+01
-7.009660999999999831e+01,4.415283000000000158e+01
-7.009992869330929466e+01,4.414741123900431319e+01
-7.010788610728232584e+01,4.415277739643116917e+01
-7.009435999999999467e+01,4.415579999999999927e+01
-7.010020821367704968e+01,4.411985814714760323e+01
-7.009309466443779968e+01,4.415493693597279190e+01
-7.011048681357928558e+01,4.414598730677391103e+01
-7.010621821923312780e+01,4.415360274960369935e+01
-7.009234812034183904e+01,4.415468553412841857e+01
-7.009699000000000524e+01,4.415256000000000114e+01
-7.010811286276754117e+01,4.415249793778493625e+01
-7.009688229168273210e+01,4.415252812737818289e+01
-7.009314322992533164e+01,4.415496236801376284e+01
-7.010963328465132349e+01,4.414606187682613836e+01
-7.009923999999999467e+01,4.414634999999999820e+01
-7.009234663251785946e+01,4.415468508810844384e+01
-7.009313230882554535e+01,4.415496545211215107e+01
-7.011011000000000593e+01,4.414661999999999864e+01
-7.010769627721690256e+01,4.414739476865496925e+01
-7.010711000000000581e+01,4.414634999999999820e+01
-7.010813692290339816e+01,4.414606489750560314e+01
-7.009649672480941263e+01,4.415252991724332787e+01
-7.010041254482655404e+01,4.415439760045507711e+01
-7.010059810408925784e+01,4.415414041731425243e+01
-7.010810725369998408e+01,4.414604986433195677e+01
-7.011146378744177809e+01,4.414737731942454957e+01
-7.009314097920943709e+01,4.415495487786900242e+01
-7.010812445790368486e+01,4.414686037021570542e+01
-7.010899000000000569e+01,4.414688999999999908e+01
-7.011049381047345719e+01,4.414976564185153052e+01
-7.011074025258524500e+01,4.414901442246888763e+01
-7.009421480145593364e+01,4.415575611510050180e+01
-7.010888939897508010e+01,4.414632448050800662e+01
-7.009646074653772985e+01,4.415333419761352474e+01
-7.009660999999999831e+01,4.415256000000000114e+01
-7.009660999999999831e+01,4.415337000000000245e+01
-7.009538722513603659e+01,4.413687992206675403e+01
-7.009655671107606167e+01,4.415254017947726339e+01
-7.010935999999999524e+01,4.414824000000000126e+01
-7.010401439483914032e+01,4.415658761393285658e+01
-7.010962637144615428e+01,4.414606785372932762e+01
-7.011075331503548114e+01,4.414632026742876292e+01
-7.011311000000000604e+01,4.414985999999999677e+01
-7.011201777121220857e+01,4.414683011219718622e+01
-7.010864432945021463e+01,4.415465871631283790e+01
-7.009421504399803382e+01,4.415577212891931680e+01
-7.009424138956089223e+01,4.415577343244670061e+01
-7.010962262122349387e+01,4.414605046090290585e+01
-7.010847105795943435e+01,4.414631198286146230e+01
-7.009645674281694028e+01,4.415360582335863171e+01
-7.010588516030256301e+01,4.414955146579905687e+01
-7.009319582141770866e+01,4.415498382956415924e+01
-7.010847186211489657e+01,4.414874191040185991e+01
-7.010860999999999876e+01,4.414797000000000082e+01
-7.009694102079365052e+01,4.415255430957244442e+01
-7.010292832980685773e+01,4.415577887043717453e+01
-7.009774964463153424e+01,4.415195349413158254e+01
-7.009131348190865651e+01,4.415444542281197471e+01
-7.009323999999999444e+01,4.415498999999999796e+01
-7.009650425811057062e+01,4.415253408672663227e+01
-7.009239119476978885e+01,4.415470420954480346e+01
-7.010583248084664376e+01,4.414846804397094360e+01
-7.009663032055892984e+01,4.415249052513728145e+01
-7.009422336020088551e+01,4.415575386937403124e+01
-7.009318164662438733e+01,4.415497089332020408e+01
-7.010448999999999842e+01,4.415417999999999665e+01
-7.009950438240419146e+01,4.414740087241596456e+01
-7.011075010616890779e+01,4.414604893605605440e+01
-7.011160999999999888e+01,4.414553999999999689e+01
-7.011235999999999535e+01,4.414688999999999908e+01
-7.009646119005624598e+01,4.415252257375230016e+01
-7.010850124032046438e+01,4.414713087189164042e+01
-7.010025772545286316e+01,4.414551864074002197e+01
-7.009984318533986425e+01,4.414603942842045115e+01
-7.010774358649945270e+01,4.415496305634814433e+01
-7.009313180906991647e+01,4.415496114202184685e+01
-7.009424483573791065e+01,4.415576883199378244e+01
-7.009312698065178893e+01,4.415496190412268618e+01
-7.009656697161091188e+01,4.415280772858540104e+01
-7.009660999999999831e+01,4.415256000000000114e+01
-7.010860999999999876e+01,4.414770000000000039e+01
-7.010705443945606419e+01,4.414876411086035546e+01
-7.011110555530018473e+01,4.414764882047244043e+01
-7.011160999999999888e+01,4.414715999999999951e+01
-7.011164059501011536e+01,4.414626344769771293e+01
-7.009724997855948914e+01,4.415252926663289657e+01
-7.010667848836681060e+01,4.414741112123819278e+01
-7.011113284426365055e+01,4.414551755666875721e+01
-7.011151134381972838e+01,4.414577091500985517e+01
-7.009619562486361133e+01,4.415578451173383456e+01
-7.009613447993649515e+01,4.415576847411226424e+01
-7.011148932716859861e+01,4.414713107361859556e+01
-7.011274000000000228e+01,4.415012999999999721e+01
-7.009655536863658654e+01,4.415254165135754505e+01
-7.009773573245567491e+01,4.415246164555580322e+01
-7.010739478419746717e+01,4.415739318260166613e+01
-7.009516832989615409e+01,4.415601441984847497e+01
-7.010635999999999513e+01,4.412313000000000329e+01
-7.010547486084142577e+01,4.412308467154722535e+01
-7.010437229011247950e+01,4.412202141656555199e+01
-7.009319278638351136e+01,4.415498498159756480e+01
-7.009323999999999444e+01,4.415498999999999796e+01
-7.009309058032442863e+01,4.415494549258640689e+01
-7.010514036159038653e+01,4.415684422714760871e+01
-7.009199628552111960e+01,4.415686313419866593e+01
-7.009314325904448140e+01,4.415495606427356989e+01
-7.009623999999999455e+01,4.415579999999999927e+01
-7.010738224459970525e+01,4.414713900577256567e+01
-7.010860999999999876e+01,4.414688999999999908e+01
-7.010022532462618017e+01,4.414899980428295834e+01
-7.009660999999999831e+01,4.415525999999999840e+01
-7.011262014153585653e+01,4.415145417750390067e+01
-7.009623999999999455e+01,4.415579999999999927e+01
-7.009762281861083011e+01,4.415630193509347379e+01
-7.010748999999999853e+01,4.415012999999999721e+01
-7.011193504375529528e+01,4.414686853318674054e+01
-7.010851156746738866e+01,4.414550869743208494e+01
-7.010960424577146455e+01,4.414630013748320891e+01
-7.010846287470381810e+01,4.414604504758888481e+01
-7.009318175960947883e+01,4.415497118460848469e+01
-7.009688940510790189e+01,4.415306001312223572e+01
-7.009424570947179234e+01,4.415577126046839140e+01
-7.010925835347164536e+01,4.414444533621435340e+01
-7.010963439495677108e+01,4.414443493143789254e+01
-7.010443325218452060e+01,4.412203835751986958e+01
-7.011106747233016279e+01,4.414686484767300101e+01
-7.009570983462867844e+01,4.415577639138607680e+01
-7.010374000000000194e+01,4.415337000000000245e+01
-7.011263112073240222e+01,4.415092711950710935e+01
-7.010851260585901912e+01,4.414659453329911543e+01
-7.010810127887249621e+01,4.414790928903418177e+01
-7.010846246554447703e+01,4.414711524301289103e+01
-7.009426023352017410e+01,4.415576396707548668e+01
-7.010850470819315206e+01,4.414686576287100195e+01
-7.011149709375582972e+01,4.414983353994671234e+01
-7.011194615569048949e+01,4.415119358570490249e+01
-7.011146826163097501e+01,4.414982081411297088e+01
-7.010664525703072059e+01,4.414820534395922635e+01
-7.010774571157190849e+01,4.414739708133942031e+01
-7.011259632221727145e+01,4.414684679607557882e+01
-7.011259914510239355e+01,4.414685318718408524e+01
-7.010884846547865834e+01,4.414523243345769288e+01
-7.010808460425946009e+01,4.414549582777149794e+01
-7.010696959328714684e+01,4.415521714203795511e+01
-7.010700976170878107e+01,4.415496174734076362e+01
-7.009721259789886005e+01,4.415279149593628460e+01
-7.009648080671551895e+01,4.415252302146327423e+01
-7.009618034460343949e+01,4.415578550318024043e+01
-7.010786000000000229e+01,4.414661999999999864e+01
-7.010929942218020017e+01,4.414688184920623115e+01
-7.009689500574793897e+01,4.415281109717462726e+01
-7.009650752167235055e+01,4.415254463165127419e+01
-7.011152004648106129e+01,4.414739226348020651e+01
-7.010136040510097644e+01,4.415577712881017902e+01
-7.010589903550511792e+01,4.415064055803787824e+01
-7.011261793305466483e+01,4.414684898104887623e+01
-7.010583399782267122e+01,4.414496138231264410e+01
-7.010781428553124783e+01,4.414039407666421511e+01
-7.010096768682463164e+01,4.411984362209636146e+01
-7.009651310535009827e+01,4.415306166490574213e+01
-7.010776082129562781e+01,4.414767491603048910e+01
-7.010774912458525421e+01,4.414741051222150503e+01
-7.009660999999999831e+01,4.415256000000000114e+01
-7.009660999999999831e+01,4.415256000000000114e+01
-7.009838095923809931e+01,4.414983529235632176e+01
-7.009923999999999467e+01,4.414985999999999677e+01
-7.009323999999999444e+01,4.415498999999999796e+01
-7.009694382398008372e+01,4.415254886483083396e+01
-7.009425039264152701e+01,4.415577167389360369e+01
-7.011311000000000604e+01,4.415202000000000027e+01
-7.011311000000000604e+01,4.415202000000000027e+01
-7.010959662072544063e+01,4.414495756973423823e+01
-7.010974000000000217e+01,4.414607999999999777e+01
-7.010000167375469005e+01,4.414737730179470532e+01
-7.009925465898110986e+01,4.414763633597766557e+01
-7.010861906838884750e+01,4.414655368131908375e+01
-7.010775598619480320e+01,4.414577361308487014e+01
-7.010861718078355409e+01,4.414547598597206246e+01
-7.010264106661178118e+01,4.415600145925206022e+01
-7.010223999999999478e+01,4.415471999999999753e+01
-7.010187364291549272e+01,4.415573685576506335e+01
-7.010470689532202471e+01,4.415603933110957513e+01
-7.010335420398035922e+01,4.415518667517571316e+01
-7.010300414497264399e+01,4.415520731596346593e+01
-7.010588066480075042e+01,4.415036607555069992e+01
-7.010290223616183880e+01,4.412094631829413771e+01
-7.011419491451181329e+01,4.414768919680279424e+01
-7.010888332715042282e+01,4.414470206368282135e+01
-7.010735064050972198e+01,4.414468453161273942e+01
-7.011145454566370461e+01,4.414631062646591886e+01
-7.010024981842043701e+01,4.414956267538448031e+01
-7.010026172328097971e+01,4.414902850872920226e+01
-7.010659792465365570e+01,4.415494869676845724e+01
-7.010663096374535996e+01,4.415470279790055486e+01
-7.009323999999999444e+01,4.415498999999999796e+01
-7.009838907408743580e+01,4.415280543327028084e+01
-7.010962687815822392e+01,4.414605636338371397e+01
-7.011005043354674626e+01,4.414660669210086041e+01
-7.010845709896680944e+01,4.414603537963069613e+01
-7.011274000000000228e+01,4.414688999999999908e+01
-7.009774475708493924e+01,4.415222626455498300e+01
-7.011146020043436522e+01,4.414658174906313803e+01
-7.011237920824528658e+01,4.414683994729863059e+01
-7.011151971205431721e+01,4.414633088328194788e+01
-7.011150193543853959e+01,4.414631706701391778e+01
-7.009684414681021281e+01,4.415253273741409856e+01
-7.010448790148237208e+01,4.415545584680310043e+01
-7.009913148208123346e+01,4.415469097636103868e+01
-7.010148999999999830e+01,4.415471999999999753e+01
-7.010260036636904601e+01,4.415248431783123806e+01
-7.009944788729035281e+01,4.414577893230072902e+01
-7.010170640700832223e+01,4.414577244098336450e+01
-7.009685649011615283e+01,4.415251663193537723e+01
-7.011188436245949163e+01,4.414767861060828125e+01
-7.009655677266555074e+01,4.415254923203707449e+01
-7.009955899110275368e+01,4.414632988920669732e+01
-7.011348999999999876e+01,4.414742999999999995e+01
-7.011348999999999876e+01,4.414742999999999995e+01
-7.009801854866282156e+01,4.415199349393615336e+01
-7.009887748000356567e+01,4.415116008507601464e+01
-7.009286000000000172e+01,4.415552999999999884e+01
-7.010031530146082446e+01,4.414902609624948582e+01
-7.009914552691869005e+01,4.415010391544711155e+01
-7.009983322982144216e+01,4.414928567936598824e+01
-7.009235563924585222e+01,4.415466748066105396e+01
-7.010780604858804566e+01,4.415308146000283074e+01
-7.010738156870328908e+01,4.414685747850336384e+01
-7.010705988348094309e+01,4.414686873440737713e+01
-7.009665280206218085e+01,4.415275773961814565e+01
-7.010075147428567277e+01,4.415574900343177944e+01
-7.010212484607366434e+01,4.415441427854420908e+01
-7.009910015692069862e+01,4.415440968615212824e+01
-7.011015338754485526e+01,4.414898942920456903e+01
-7.010738378039334862e+01,4.414957138743415754e+01
-7.010959308241366728e+01,4.414333186999643743e+01
-7.009425365810143660e+01,4.415578687615624887e+01
-7.009312798696483071e+01,4.415497605144871329e+01
-7.009645669509575328e+01,4.415252960621887723e+01
-7.009649136424881988e+01,4.415254911860561293e+01
-7.010885433103852904e+01,4.414577896604998131e+01
-7.011043476542913311e+01,4.414606849144362855e+01
-7.010599000000000558e+01,4.412313000000000329e+01
-7.009313657521749974e+01,4.415495308401907693e+01
-7.010851485799831551e+01,4.414659251945749929e+01
-7.010186000000000206e+01,4.415552999999999884e+01
-7.010325522741641180e+01,4.415523661887960571e+01
-7.010250666067814507e+01,4.415550582158203952e+01
-7.010288104076617799e+01,4.415604842980596345e+01
-7.010170992630386877e+01,4.415251220543907351e+01
-7.010674756638528038e+01,4.414843568008657826e+01
-7.010487731963107194e+01,4.414846955846872589e+01
-7.010630761397956690e+01,4.414714172244632095e+01
-7.010247818331178848e+01,4.412093563680983976e+01
-7.010860999999999876e+01,4.414526999999999646e+01
-7.009699000000000524e+01,4.415256000000000114e+01
-7.009951074675069549e+01,4.414847526652793164e+01
-7.011088341167118188e+01,4.414602333839585668e+01
-7.011034143910958960e+01,4.414658102427214459e+01
-7.010374000000000194e+01,4.415444999999999709e+01
-7.009435999999999467e+01,4.415579999999999927e+01
-7.009286000000000172e+01,4.415498999999999796e+01
-7.009965074605628388e+01,4.414953113795739625e+01
-7.009725677689991130e+01,4.415252844227184426e+01
-7.009886000000000195e+01,4.414985999999999677e+01
-7.009962424600047370e+01,4.414952634481431204e+01
-7.011000559070559746e+01,4.414225474390953963e+01
-7.009987249882794913e+01,4.414930315890826762e+01
-7.009234417020083185e+01,4.415468742310760319e+01
-7.009511000000000536e+01,4.413879000000000019e+01
-7.010751611205533607e+01,4.414764381368502200e+01
-7.009422331427238362e+01,4.415576102227886679e+01
-7.010903271375165957e+01,4.414845551711057681e+01
-7.010935999999999524e+01,4.414905000000000257e+01
-7.010920997772299756e+01,4.414929049637735403e+01
-7.009688925051968056e+01,4.415254961072456297e+01
-7.009646123002568174e+01,4.415280261435886189e+01
-7.009323999999999444e+01,4.415498999999999796e+01
-7.010974000000000217e+01,4.414661999999999864e+01
-7.010921691845473447e+01,4.414901820329777138e+01
-7.010973763914232393e+01,4.414900449342877664e+01
-7.011386000000000251e+01,4.414770000000000039e+01
-7.010448999999999842e+01,4.412205000000000155e+01
-7.010884937420217966e+01,4.414741211795251985e+01
-7.010922113355549357e+01,4.414712335610249738e+01
-7.010546772858199915e+01,4.413631242773143271e+01
-7.010662355142251556e+01,4.413525941178001233e+01
-7.009309341341560184e+01,4.415493936039118950e+01
-7.009731582572636910e+01,4.415254615803100791e+01
-7.011274000000000228e+01,4.414688999999999908e+01
-7.011263181874987538e+01,4.414687021698615865e+01
-7.009654991929778589e+01,4.415254079336506976e+01
-7.009688297789367084e+01,4.415252836202601827e+01
-7.010713910273656779e+01,4.414575458856270274e+01
-7.010974000000000217e+01,4.414580999999999733e+01
-7.009323999999999444e+01,4.415498999999999796e+01
-7.009684161118600798e+01,4.415334045959622244e+01
-7.009435999999999467e+01,4.415579999999999927e+01
-7.009909647600480298e+01,4.414954610195151474e+01
-7.010922467191913654e+01,4.414469624625499478e+01
-7.009660999999999831e+01,4.415256000000000114e+01
-7.010789958836365088e+01,4.414657225942519148e+01
-7.009575452479730018e+01,4.415577397917123648e+01
-7.009572772029234500e+01,4.415576531932666171e+01
-7.009574827436864553e+01,4.415576838822425998e+01
-7.009309994028947699e+01,4.415494740832694021e+01
-7.011109604207234725e+01,4.414658999020666386e+01
-7.009645119732800822e+01,4.415253052042647397e+01
-7.010921492984969916e+01,4.414603463603873479e+01
-7.011274000000000228e+01,4.414715999999999951e+01
-7.009654984877921891e+01,4.415255552978836562e+01
-7.010662449050127520e+01,4.414713676306288193e+01
-7.010808153688735445e+01,4.414767157958876709e+01
-7.009947894378264266e+01,4.415171731992485604e+01
-7.009645223806420233e+01,4.415279944941343615e+01
-7.010888954221417180e+01,4.414605365804515458e+01
-7.010668221415157575e+01,4.414740899963487664e+01
-7.009323999999999444e+01,4.415525999999999840e+01
-7.009660999999999831e+01,4.415256000000000114e+01
-7.009960999999999842e+01,4.414932000000000301e+01
-7.009699000000000524e+01,4.415256000000000114e+01
-7.010739939250397867e+01,4.415172027188804549e+01
-7.011015639489187379e+01,4.414602460872801259e+01
-7.011301855497777069e+01,4.415009803515360431e+01
-7.011150531037829126e+01,4.414714006956447889e+01
-7.010925047358411177e+01,4.414660120979016256e+01
-7.010673764223939486e+01,4.414816373835785157e+01
-7.009660999999999831e+01,4.415256000000000114e+01
-7.010397374343847332e+01,4.415386032117241655e+01
-7.010828341812744213e+01,4.414899974883563516e+01
-7.010338446948172475e+01,4.415467092059763132e+01
-7.010549837135947371e+01,4.415443242550838931e+01
-7.009586000000000183e+01,4.415579999999999927e+01
-7.010678835201289871e+01,4.414115460147609582e+01
-7.010714502826598959e+01,4.414762706995648500e+01
-7.011114714577028906e+01,4.414578450722171965e+01
-7.009664419893812237e+01,4.415655631948202142e+01
-7.011300215554632587e+01,4.414984179763374073e+01
-7.010974000000000217e+01,4.414959000000000344e+01
-7.009200644314631745e+01,4.415521660270237447e+01
-7.010748999999999853e+01,4.415120999999999896e+01
-7.010711000000000581e+01,4.414824000000000126e+01
-7.010815351614913027e+01,4.414740538951937054e+01
-7.010962716022389429e+01,4.414929305123514780e+01
-7.010788222196543984e+01,4.415060025255236553e+01
-7.011013789258822726e+01,4.414899439668398884e+01
-7.010786548879289626e+01,4.414899822774148674e+01
-7.009534223186787472e+01,4.415604271890484966e+01
-7.011274000000000228e+01,4.414688999999999908e+01
-7.011038734495679137e+01,4.414713395566945309e+01
-7.009656530457408508e+01,4.415255057272809580e+01
-7.009421242139056574e+01,4.415575502721999612e+01
-7.009175209277384511e+01,4.415466228026326689e+01
-7.010813466095011393e+01,4.414767823403349212e+01
-7.011260309238488730e+01,4.414684142529181088e+01
-7.011011000000000593e+01,4.414553999999999689e+01
-7.009648525278552711e+01,4.415251483959404055e+01
-7.010219359701159192e+01,4.415471202392031813e+01
-7.010711000000000581e+01,4.414607999999999777e+01
-7.011118231593353300e+01,4.414715086681081146e+01
-7.010102203304133184e+01,4.414766035933239863e+01
-7.010999289947228874e+01,4.414875812264478583e+01
-7.011160999999999888e+01,4.414770000000000039e+01
-7.010675729670474254e+01,4.415032971675485385e+01
-7.010487876834673671e+01,4.415682479456511800e+01
-7.010659581011526598e+01,4.415710941505122378e+01
-7.010396964562249877e+01,4.415523637231476073e+01
-7.010250925833749136e+01,4.415820414469460076e+01
-7.010433524610857603e+01,4.415846254286876871e+01
-7.010696553848551105e+01,4.414603916746948897e+01
-7.009655343462159749e+01,4.415254716259971701e+01
-7.009650898449831402e+01,4.415252634658914843e+01
-7.011306258782687451e+01,4.414715230372061683e+01
-7.010748999999999853e+01,4.414634999999999820e+01
-7.011160999999999888e+01,4.414770000000000039e+01
-7.010823999999999501e+01,4.414473000000000269e+01
-7.010937558387773549e+01,4.414517698619336983e+01
-7.011048999999999864e+01,4.414446000000000225e+01
-7.009234498961214399e+01,4.415467720338813962e+01
-7.009286000000000172e+01,4.415498999999999796e+01
-7.011109676105887445e+01,4.414548482150235031e+01
-7.009310441198326203e+01,4.415495097186270357e+01
-7.009623999999999455e+01,4.415579999999999927e+01
-7.009646865410252303e+01,4.415251887518092389e+01
-7.011263948108404520e+01,4.414686793430527700e+01
-7.009774000000000171e+01,4.415202000000000027e+01
-7.009651096813867355e+01,4.415252133505268972e+01
-7.011119066719476223e+01,4.414578904800946191e+01
-7.010706735511632814e+01,4.414742521673835540e+01
-7.010697181939886491e+01,4.414739522561502838e+01
-7.009125766819762759e+01,4.415523366109674441e+01
-7.011263784467213611e+01,4.414685785217955072e+01
-7.011080247406744093e+01,4.414606613086301934e+01
-7.011000967210033252e+01,4.414606539510428007e+01
-7.009286000000000172e+01,4.415498999999999796e+01
-7.009650487959186194e+01,4.415279423837341000e+01
-7.009238639835275819e+01,4.415469302151474551e+01
-7.010638603998306451e+01,4.414412966316445619e+01
-7.010659097796363426e+01,4.414441354227550107e+01
-7.009314658649356033e+01,4.415497051151049135e+01
-7.009314857159886003e+01,4.415496158138537197e+01
-7.009623999999999455e+01,4.415579999999999927e+01
-7.010662805103743267e+01,4.414577663090949500e+01
-7.009950357900049767e+01,4.414821713544168347e+01
-7.009684054537299858e+01,4.415252675131169013e+01
-7.010884439112517441e+01,4.414523230758718597e+01
-7.011011000000000593e+01,4.414473000000000269e+01
-7.010440287111696023e+01,4.415576734064617170e+01
-7.010250149943080089e+01,4.415659167439530819e+01
-7.009699889604195278e+01,4.415654883646718076e+01
-7.010546727231452735e+01,4.414819371609018361e+01
-7.010514552956006185e+01,4.414741189444401925e+01
-7.009323999999999444e+01,4.415498999999999796e+01
-7.009234017831727215e+01,4.415468617094671089e+01
-7.010886560680825141e+01,4.415196693332573830e+01
-7.011114197615775367e+01,4.414606392166938065e+01
-7.009319731943413956e+01,4.415498490069813187e+01
-7.009234848397275641e+01,4.415467370588561380e+01
-7.010299000000000547e+01,4.412069999999999936e+01
-7.010922357967122309e+01,4.414629004846848659e+01
-7.011113871252069885e+01,4.414714192282766447e+01
-7.010786000000000229e+01,4.414688999999999908e+01
-7.009652253468887295e+01,4.415280757922270993e+01
-7.011087866418766623e+01,4.414550676140710550e+01
-7.011113762396961135e+01,4.414550403854720173e+01
-7.011048999999999864e+01,4.414607999999999777e+01
-7.009946060336902462e+01,4.415280136716483383e+01
-7.009912766019149899e+01,4.415251664345517923e+01
-7.010636536589336743e+01,4.415275860537089869e+01
-7.010662760171899777e+01,4.415334532813395896e+01
-7.009928397656179300e+01,4.414845709108703886e+01
-7.010826686422595344e+01,4.414575528042087882e+01
-7.009918223514880253e+01,4.414957171816168113e+01
-7.010669458870656001e+01,4.415335146106917819e+01
-7.010973994767475403e+01,4.414657381085186216e+01
-7.010638908918818402e+01,4.415304292446889889e+01
-7.010739305623665985e+01,4.415144617269634608e+01
-7.009608750236726848e+01,4.415576254897702313e+01
-7.010625864986066347e+01,4.415468131030497290e+01
-7.009946379869050759e+01,4.414954988640075584e+01
-7.009876189604007379e+01,4.414901621237126506e+01
-7.010739327216070649e+01,4.414930910511627360e+01
-7.010587100214191025e+01,4.414901312698187752e+01
-7.009426962098008573e+01,4.415576644449137689e+01
-7.009660999999999831e+01,4.415256000000000114e+01
-7.011200882301821480e+01,4.414683805323772958e+01
-7.009308690090188065e+01,4.415495590866089515e+01
-7.009774869686393117e+01,4.415195745293970475e+01
-7.010147689994894904e+01,4.415277451158777211e+01
-7.009870341565185470e+01,4.414900911344868462e+01
-7.009435999999999467e+01,4.415579999999999927e+01
-7.010621070926808329e+01,4.415278886145418369e+01
-7.009623999999999455e+01,4.415579999999999927e+01
-7.010849633981507623e+01,4.414444421367372939e+01
-7.011152184066888537e+01,4.414659192987017633e+01
-7.011108024097413249e+01,4.414659514826739439e+01
-7.011222301109022226e+01,4.414712696256511038e+01
-7.011000791485845696e+01,4.414901496520149493e+01
-7.009656213580315409e+01,4.415253661543430752e+01
-7.010849429020198897e+01,4.414794964569737346e+01
-7.011193348466011344e+01,4.414688152909895535e+01
-7.010625574332847521e+01,4.414766129037137432e+01
-7.009647551496779272e+01,4.415250554220693857e+01
-7.011035545057960405e+01,4.414767106104331873e+01
-7.010739684346363276e+01,4.415387306255473021e+01
-7.010435874843074089e+01,4.412200484931197764e+01
-7.010320069588665604e+01,4.415603964861276154e+01
-7.009688379362415844e+01,4.415251218116998189e+01
-7.010963894245642791e+01,4.414660628614763027e+01
-7.009913092757318509e+01,4.415307337407890742e+01
-7.011038859585578109e+01,4.414658884191927513e+01
-7.010513114037786409e+01,4.414766455045117510e+01
-7.011000652175793846e+01,4.414632222890094226e+01
-7.010148999999999830e+01,4.415579999999999927e+01
-7.010669065740421502e+01,4.415093403650705994e+01
-7.010962872309139016e+01,4.414713535731138450e+01
-7.009235237813649633e+01,4.415601791863303305e+01
-7.010899000000000569e+01,4.414959000000000344e+01
-7.009874439906188570e+01,4.414767649318302745e+01
-7.010214449784156443e+01,4.415550977680801736e+01
-7.011112626226338307e+01,4.414630953943081693e+01
-7.009512350919960966e+01,4.415602957679968910e+01
-7.010865650319281883e+01,4.415007868017983839e+01
-7.011076299135305590e+01,4.415009756035539112e+01
-7.010335999999999501e+01,4.412069999999999936e+01
-7.010846971707096031e+01,4.414739115149479431e+01
-7.009947849166040612e+01,4.414901967713446851e+01
-7.011262499480942267e+01,4.414686613814622973e+01
-7.010513340785495018e+01,4.415686927900408421e+01
-7.010976193960033243e+01,4.414952701194580698e+01
-7.010752054615844031e+01,4.414631183581978036e+01
-7.009313524333875023e+01,4.415494757668774639e+01
-7.009660999999999831e+01,4.415283000000000158e+01
-7.011012613299287466e+01,4.414602113108747261e+01
-7.009687581821530955e+01,4.413766904201284547e+01
-7.010996585407131931e+01,4.414792345758355196e+01
-7.009425799698814785e+01,4.415578016819491580e+01
-7.010926037927823984e+01,4.414658197694532049e+01
-7.011089290897501769e+01,4.414711705711648904e+01
-7.010780765284198424e+01,4.415497671529299595e+01
-7.010700643891573236e+01,4.415631297909297359e+01
-7.011011645860698138e+01,4.414629477711172001e+01
-7.011223975055790447e+01,4.414740963392895878e+01
-7.010921265217072573e+01,4.414764828150767073e+01
-7.010921978707396818e+01,4.414737610382039890e+01
-7.010860999999999876e+01,4.414797000000000082e+01
-7.011077322829419245e+01,4.414551327639240696e+01
-7.010444768183015185e+01,4.415443387307958290e+01
-7.010436884073446606e+01,4.415470930456611143e+01
-7.009852784585449115e+01,4.414897063529351584e+01
-7.009660999999999831e+01,4.415256000000000114e+01
-7.009660999999999831e+01,4.415256000000000114e+01
-7.010787670662924143e+01,4.414763572859266105e+01
-7.010743336745203180e+01,4.414715381930356841e+01
-7.010959079117591841e+01,4.414497093997671584e+01
-7.011074733327481567e+01,4.414685474397333564e+01
-7.011071746452824982e+01,4.414764966360153409e+01
-7.009623999999999455e+01,4.415579999999999927e+01
-7.011160999999999888e+01,4.414607999999999777e+01
-7.009813120670301601e+01,4.414872919513651084e+01
-7.009429859399101304e+01,4.415579321258212531e+01
-7.009308518661941889e+01,4.415494491758437334e+01
-7.010734232530965926e+01,4.415360013915894655e+01
-7.010715870354832191e+01,4.415358405382009011e+01
-7.009699000000000524e+01,4.415256000000000114e+01
-7.009801938116541464e+01,4.415685107886735494e+01
-7.011113104129728413e+01,4.414793616797722109e+01
-7.009647304404957424e+01,4.415251646841682742e+01
-7.009323999999999444e+01,4.415498999999999796e+01
-7.009914380146510382e+01,4.414982692674129794e+01
-7.011150698710993368e+01,4.414795286210545555e+01
-7.009323999999999444e+01,4.415498999999999796e+01
-7.011070897123335044e+01,4.414605180001422724e+01
-7.011051638845022183e+01,4.414602494079040440e+01
-7.010748999999999853e+01,4.415417999999999665e+01
-7.010889534178492966e+01,4.414632523621877880e+01
-7.009399000000000513e+01,4.415579999999999927e+01
-7.011154818862432592e+01,4.414632677796252835e+01
-7.011115350470070950e+01,4.414578366360890271e+01
-7.011189725275313833e+01,4.414631527612137063e+01
-7.011419039068340453e+01,4.414768405964169062e+01
-7.011413497445020937e+01,4.414767798087594741e+01
-7.009422085878648545e+01,4.415574625281383447e+01
-7.010174635911829455e+01,4.414955950052512890e+01
-7.010143924208274768e+01,4.414985129272879050e+01
-7.010924761509595271e+01,4.414659626033334661e+01
-7.011299463853140423e+01,4.415198331933478926e+01
-7.010111946784799386e+01,4.414574350487715293e+01
-7.009984808188819727e+01,4.414874105783013647e+01
-7.011226021238751116e+01,4.415146321828168396e+01
-7.009722149242459466e+01,4.415306353854258248e+01
-7.009619365069426067e+01,4.415579317665435610e+01
-7.011193366289330697e+01,4.414686999093583353e+01
-7.009870644242504056e+01,4.414684820496607642e+01
-7.009660999999999831e+01,4.415256000000000114e+01
-7.009609267966399671e+01,4.415575983125656023e+01
-7.009319054954778494e+01,4.415497106325195631e+01
-7.009730529376086849e+01,4.415146081042720283e+01
-7.009839563826331243e+01,4.414902711485888887e+01
-7.011188386271777517e+01,4.414713422103454121e+01
-7.011154844097093530e+01,4.414850125211165022e+01
-7.010624910467355164e+01,4.414603728915415815e+01
-7.010748999999999853e+01,4.414797000000000082e+01
-7.010887688251298755e+01,4.414389298548016427e+01
-7.009424817309586331e+01,4.415576702757643091e+01
-7.011227154358540758e+01,4.415145161289255782e+01
-7.010027099520974048e+01,4.414766028638285178e+01
-7.009646642443975395e+01,4.415251754226555647e+01
-7.010186000000000206e+01,4.414688999999999908e+01
-7.009501088414103265e+01,4.415604060913034346e+01
-7.010700292905106323e+01,4.414711742814100148e+01
-7.010899000000000569e+01,4.414607999999999777e+01
-7.010940680013116832e+01,4.414682248684722055e+01
-7.010331100594986253e+01,4.415578477745810915e+01
-7.009469603202506960e+01,4.415633478273893076e+01
-7.009886000000000195e+01,4.415202000000000027e+01
-7.009800188117975495e+01,4.415279516805906468e+01
-7.010293214859716215e+01,4.412122391186490233e+01
-7.010060905444551338e+01,4.414846442792612891e+01
-7.010400830573576059e+01,4.415603672274256297e+01
-7.010025433711267340e+01,4.414982856753082530e+01
-7.010775201394532985e+01,4.414769026927415041e+01
-7.009655589854936864e+01,4.415281075485041384e+01
-7.011038427830213493e+01,4.414604873368134008e+01
-7.010893070760245394e+01,4.414768872510757802e+01
-7.009945823510662422e+01,4.414873514052160175e+01
-7.010025616187253661e+01,4.414955202115400823e+01
-7.009951336655542775e+01,4.415011525733481790e+01
-7.009886044189276788e+01,4.414842292662154222e+01
-7.009687092385665608e+01,4.415279062834120793e+01
-7.010738076190052936e+01,4.414848065072874306e+01
-7.010775523068205928e+01,4.414767272888770577e+01
-7.009872553452173349e+01,4.415303646286119488e+01
-7.009947144777714811e+01,4.414900772581961519e+01
-7.010513712857533619e+01,4.414713050470314215e+01
-7.010888245682410513e+01,4.414551412940637931e+01
-7.009960999999999842e+01,4.414932000000000301e+01
-7.010110996598143629e+01,4.414925085333656085e+01
-7.010298148757888725e+01,4.415624536818086909e+01
-7.009318998373409215e+01,4.415496821642469882e+01
-7.010337918066662155e+01,4.415601172752313630e+01
-7.009308949550059253e+01,4.415494404812905316e+01
-7.010068165038761379e+01,4.414632633608560752e+01
-7.010863687733672123e+01,4.414735011955600896e+01
-7.010674085977399272e+01,4.414680759782307007e+01
-7.010659651937925219e+01,4.414684429839866198e+01
-7.010186000000000206e+01,4.415498999999999796e+01
-7.011128067849070078e+01,4.414573967476226812e+01
-7.009248999999999796e+01,4.415471999999999753e+01
-7.010812854773388381e+01,4.414605960885543112e+01
-7.010734734460262985e+01,4.414631141993832841e+01
-7.009796422196461663e+01,4.415682695272451497e+01
-7.009511000000000536e+01,4.415606999999999971e+01
-7.009737546280466347e+01,4.415305045184348387e+01
-7.009683874701453021e+01,4.415251570421931859e+01
-7.009699000000000524e+01,4.415256000000000114e+01
-7.010024240139658502e+01,4.415252549614692157e+01
-7.010851041679110551e+01,4.414659495424437097e+01
-7.010788742629465276e+01,4.414655859535294269e+01
-7.009425625604505683e+01,4.415576281607812348e+01
-7.010788971370335787e+01,4.414791082341765360e+01
-7.010813951098906216e+01,4.414793339016458162e+01
-7.010883760226234074e+01,4.414684456310073557e+01
-7.010863657711860242e+01,4.414711396353838779e+01
-7.011162327638275826e+01,4.414817132072931116e+01
-7.010808537146412789e+01,4.414711874318442142e+01
-7.010807996866132896e+01,4.414604401064750760e+01
-7.009127269807402172e+01,4.415442647376318064e+01
-7.011000491561951264e+01,4.414765710220439843e+01
-7.009987550520776267e+01,4.414982890485129730e+01
-7.010544190284896615e+01,4.414982859125992576e+01
-7.010748999999999853e+01,4.414607999999999777e+01
-7.010959923414546324e+01,4.414737547831649778e+01
-7.010921537729593922e+01,4.414684261070838289e+01
-7.009774000000000171e+01,4.411854000000000298e+01
-7.010823999999999501e+01,4.414688999999999908e+01
-7.010364381549642587e+01,4.415414734682300946e+01
-7.010674000000000206e+01,4.414797000000000082e+01
-7.010711000000000581e+01,4.414607999999999777e+01
-7.009988066385582783e+01,4.414929637140985363e+01
-7.009926488992185512e+01,4.414900370107494609e+01
-7.009984388230174090e+01,4.414900294319469509e+01
-7.010104830858243474e+01,4.414606510907843528e+01
-7.009950536269097654e+01,4.414660147001973201e+01
-7.009319170432853241e+01,4.415496615820580928e+01
-7.010223999999999478e+01,4.412042999999999893e+01
-7.010288013678226093e+01,4.412094310146812148e+01
-7.010748999999999853e+01,4.415552999999999884e+01
-7.009774000000000171e+01,4.415661000000000058e+01
-7.009421394324134269e+01,4.415576964590199793e+01
-7.011048999999999864e+01,4.414715999999999951e+01
-7.010968438931652713e+01,4.414795267738071516e+01
-7.011074411160204534e+01,4.414632863723764444e+01
-7.009838511965328678e+01,4.414983791546325875e+01
-7.010112621874924344e+01,4.415006850882777201e+01
-7.010673867086111954e+01,4.414654359098847891e+01
-7.010113350336014548e+01,4.415439688907847682e+01
-7.010771560307388484e+01,4.414685662138835909e+01
-7.010589714039048204e+01,4.414739650748453670e+01
-7.010694588148503215e+01,4.414739753502875175e+01
-7.009586000000000183e+01,4.415579999999999927e+01
-7.009760073461983154e+01,4.415225177227735287e+01
-7.011225944836924384e+01,4.415118227143592122e+01
-7.010769843770250986e+01,4.414658698779300749e+01
-7.010076804127578498e+01,4.414466519322209592e+01
-7.010111000000000558e+01,4.414985999999999677e+01
-7.010263285428429469e+01,4.415706890873778434e+01
-7.010738282866206816e+01,4.414632171539083316e+01
-7.010059444084214419e+01,4.414524297817936827e+01
-7.009872369969457395e+01,4.414900438114063519e+01
-7.010819270916476853e+01,4.414715289357321382e+01
-7.010327263599697289e+01,4.415550672407813693e+01
-7.010860999999999876e+01,4.414526999999999646e+01
-7.009548999999999808e+01,4.415606999999999971e+01
-7.010738440069827959e+01,4.414848044119781889e+01
-7.010960929988537771e+01,4.415224732692065146e+01
-7.010375088786594233e+01,4.415517444903199618e+01
-7.010148999999999830e+01,4.415012999999999721e+01
-7.010884010318288517e+01,4.414819018734738876e+01
-7.009890842561328839e+01,4.415172730224929865e+01
-7.010851706148349649e+01,4.414740109721808636e+01
-7.010733937740205590e+01,4.414577612637150139e+01
-7.009923999999999467e+01,4.415202000000000027e+01
-7.010775388606380432e+01,4.414821163918016822e+01
-7.009731007702649208e+01,4.415361610463790498e+01
-7.010112572886804116e+01,4.414601673241556767e+01
-7.010696748907128040e+01,4.414901319422810388e+01
-7.010063759764764768e+01,4.415523112720697441e+01
-7.009960999999999842e+01,4.411961999999999762e+01
-7.009910034412784796e+01,4.415630222840955099e+01
-7.010068028591280154e+01,4.414876067540770777e+01
-7.010435803221798778e+01,4.415630167809113260e+01
-7.009135999999999456e+01,4.415525999999999840e+01
-7.010775130025946567e+01,4.415387367243384631e+01
-7.009923385245048166e+01,4.415223199539760657e+01
-7.010640447118336738e+01,4.414766733129073373e+01
-7.010335999999999501e+01,4.415579999999999927e+01
-7.010060121103079211e+01,4.414927706291619813e+01
-7.009960999999999842e+01,4.411961999999999762e+01
-7.010326022190736239e+01,4.415576654777479604e+01
-7.010438964960809471e+01,4.415711669479409096e+01
-7.010999974633350007e+01,4.414874603960328159e+01
-7.010660256422556813e+01,4.414791606335922580e+01
-7.010339518649209367e+01,4.415630960130544480e+01
-7.011258988473679210e+01,4.414685630569005781e+01
-7.010359168889651471e+01,4.415332343081422550e+01
-7.009947138149756540e+01,4.415198198539582108e+01
-7.011259685197221359e+01,4.414686148644599228e+01
-7.010288161237600946e+01,4.415604525665676761e+01
-7.010823999999999501e+01,4.414446000000000225e+01
-7.010822620542174377e+01,4.414792157420086482e+01
-7.009988895682369048e+01,4.415226174339894527e+01
-7.010809184924879389e+01,4.414280376997505329e+01
-7.010733955432266384e+01,4.415116734467556370e+01
-7.010711000000000581e+01,4.414419000000000182e+01
-7.010448999999999842e+01,4.415742000000000189e+01
-7.010774621842593035e+01,4.415280164606351576e+01
-7.010602418703555827e+01,4.415275814348419914e+01
-7.010775668993704812e+01,4.415118015088509651e+01
-7.011258615493161983e+01,4.414685679170226962e+01
-7.010513147488480001e+01,4.415656953496331738e+01
-7.011263863223003057e+01,4.415091167619586798e+01
-7.011237620251507963e+01,4.415111977374481000e+01
-7.009988097189138045e+01,4.414741490809300473e+01
-7.009912024296065169e+01,4.415226615473715555e+01
-7.010772497076749232e+01,4.415090949103122142e+01
-7.010102012785127101e+01,4.414903600160246100e+01
-7.011048999999999864e+01,4.414905000000000257e+01
-7.011235999999999535e+01,4.415147999999999939e+01
-7.009660999999999831e+01,4.415256000000000114e+01
-7.011274000000000228e+01,4.415174999999999983e+01
-7.011275728565239262e+01,4.415197270539092500e+01
-7.009660999999999831e+01,4.415256000000000114e+01
-7.011423999999999523e+01,4.414770000000000039e+01
-7.009248999999999796e+01,4.415498999999999796e+01
-7.009399000000000513e+01,4.415579999999999927e+01
-7.009914158055696021e+01,4.414794273285836113e+01
-7.011274000000000228e+01,4.415120999999999896e+01
-7.011229947734571510e+01,4.415146525734972727e+01
-7.009435999999999467e+01,4.415579999999999927e+01
-7.009660999999999831e+01,4.415256000000000114e+01
-7.010829473948741963e+01,4.414469038919786925e+01
-7.010786000000000229e+01,4.414473000000000269e+01
-7.009317889686714409e+01,4.415497351610991217e+01
-7.009910302392479764e+01,4.414856251267457310e+01
-7.009699000000000524e+01,4.415256000000000114e+01
-7.009909662671056196e+01,4.414684487727477347e+01
-7.009309059100468176e+01,4.415494679496381281e+01
-7.011187617128400973e+01,4.414927309401286237e+01
-7.011146258299984879e+01,4.414604834637197683e+01
-7.011220560338247765e+01,4.414711641538515607e+01
-7.009234218039438247e+01,4.415468502976270315e+01
-7.010786000000000229e+01,4.414661999999999864e+01
-7.010850987562731973e+01,4.415017169811569886e+01
-7.010855555430056540e+01,4.415011411366848648e+01
-7.010327281258403787e+01,4.415657606070117680e+01
-7.009919177481850738e+01,4.415200026015575219e+01
-7.009650063536552977e+01,4.415251760589867303e+01
-7.009650932596373707e+01,4.415252023679259707e+01
-7.009275913049199858e+01,4.415495062729466724e+01
-7.009999000000000535e+01,4.414851000000000170e+01
-7.011088086623016125e+01,4.414584461417570083e+01
-7.011086000000000240e+01,4.414715999999999951e+01
-7.009919767018919856e+01,4.414876843456018918e+01
-7.009919590628331321e+01,4.414877231278717318e+01
-7.009317500641184040e+01,4.415490346129662669e+01
-7.009281501245359891e+01,4.415496955598035100e+01
-7.011423999999999523e+01,4.414770000000000039e+01
-7.011415397570097241e+01,4.414760338020429487e+01
-7.011272604866148583e+01,4.414688025816864325e+01
-7.011274000000000228e+01,4.414688999999999908e+01
-7.011230872007428161e+01,4.414686736122365573e+01
-7.010814994699394731e+01,4.414690380300746142e+01
-7.010790033174717450e+01,4.414665670047453716e+01
-7.011274000000000228e+01,4.414688999999999908e+01
-7.010711000000000581e+01,4.415147999999999939e+01
-7.010085338781226483e+01,4.415275600010305368e+01
-7.010720174947378780e+01,4.414709190666219740e+01
-7.010678627143892072e+01,4.414871383936891647e+01
