date:2016-08-12, time:0800, wind_speed:1.5, wind_dir:217.0, temp:27.5
-81.603261 -53.598503
6.241400 115.504818
13.946295 117.044489
34.635206 117.129433
72.310507 102.586304
47.365434 107.975892
-131.421948 25.424118
-143.796250 -28.531326
-27.112356 22.269647
-135.550978 -13.611166
-111.089693 -254.724618
-111.227591 -254.958261
-110.996039 -254.758528
-64.939493 27.813707
-106.791420 -257.110501
35.173706 117.563850
-164.926727 33.843925
-119.414538 9.210224
56.014086 105.435745
-106.231268 67.492770
-110.943145 -254.574838
-111.147746 -254.585054
-156.907275 60.546205
-89.560418 73.494276
-106.825399 27.268071
-107.174565 105.232035
-185.986667 27.378137
-70.011179 32.006282
-131.349765 75.990849
-140.067638 75.611803
-111.208388 32.940616
-106.801276 33.425531
-148.861325 92.620837
-111.034078 -254.882543
1.431275 102.241097
-110.965938 -254.289407
-98.300427 150.126405
-90.189075 30.485460
-131.237543 76.495029
-135.460825 136.510089
-35.811754 144.976182
52.032294 157.080333
-11.063912 156.065288
-111.279354 -254.956581
-81.411950 -49.813309
35.470957 136.510089
-48.103414 136.149645
59.925300 171.247615
47.524257 -248.523513
59.866839 -221.661844
-132.435776 31.998998
18.058572 -281.830326
-81.275150 76.073668
-65.090360 63.391271
-114.875909 30.856912
-114.982992 27.451565
-111.218073 39.553154
-48.515004 135.082515
-118.906892 16.273075
-48.601070 132.268854
-15.110504 129.034135
-122.979335 7.027722
-68.978240 75.828491
-78.489333 76.852430
-131.531643 144.889889
43.683644 -271.930248
-69.160190 -26.774954
-106.231268 70.493523
63.972656 192.203434
-73.540079 143.924089
-73.572993 63.249680
-131.696735 72.761636
-140.095567 78.274621
-143.796250 67.492770
-139.929383 72.941921
60.124162 108.595046
-14.741881 -287.136166
34.592975 -276.501928
59.776232 105.538799
80.507571 -239.867504
64.430534 127.431195
-135.963436 30.309948
-139.960236 30.242480
-73.806698 144.210758
-68.777425 142.511595
-127.669042 30.903074
-131.262018 25.057482
-135.460825 34.484487
51.544351 162.269952
-77.505899 81.504041
-77.495410 81.294147
-81.224993 82.496535
-140.133019 108.566203
-114.670921 7.079088
-156.844138 95.924484
-64.499976 19.186825
84.891850 210.233613
-40.509503 -252.424067
-77.838117 -65.877859
22.459267 -263.857247
-69.366794 177.420336
88.758952 164.865205
-156.342284 57.961220
-156.495681 60.926798
-165.193001 57.216784
-65.003069 -248.729626
-81.224993 19.480722
-106.754756 69.229156
-102.731303 66.549916
-6.534848 142.152133
-56.218718 -13.527561
-68.777425 70.493523
-144.414810 95.858465
-40.224979 96.328706
-73.705606 14.762953
-77.728243 9.499466
-6.681919 156.318413
47.435756 156.889477
52.873934 155.206816
52.079402 153.904916
-131.872510 -34.427171
-11.082182 136.458228
-90.099165 19.232280
-65.201863 160.451901
30.567583 166.467509
64.116372 -238.878860
-90.055372 70.335222
-23.143122 160.406289
89.295577 142.336328
26.968605 -259.733854
5.979988 -271.648355
-43.878957 97.411418
-47.964180 -199.632042
-164.579243 82.496535
-18.764875 -274.593072
-16.006897 -285.553999
-14.933013 -289.237821
-13.235525 -287.933678
-15.121609 -286.600994
