9.345176440044563151e+02,1.054826876921513758e+03
-3.100484232236568687e+02,-1.408145993730887767e+03
1.102003755562133392e+03,1.029336640433641605e+03
-1.440687720736389394e+02,-1.501712398034915168e+03
1.144345347223350473e+03,1.056977934369193463e+03
7.708666011258254684e+02,1.022885891279127009e+03
1.104767395773475073e+03,1.026861554889477929e+03
-3.977501215607609879e+02,-1.524389073629062977e+03
-3.971229253584810976e+02,-1.130782008331770157e+03
6.457663641341382572e+02,1.053857098266530102e+03
3.936925434920235602e+02,-2.869827711877472666e+03
-2.264181537767625514e+02,-1.383217773913742349e+03
2.281997890723697537e+02,-1.315250778975088679e+03
5.625394953142080112e+02,-2.805945782325451546e+03
-2.309485895807193856e+02,-1.313502252933803220e+03
8.088463523760652834e+02,1.027419924777681217e+03
8.114038366987073232e+02,1.029302447736360364e+03
9.373254004801677866e+02,1.056162614552941250e+03
6.849530785582606995e+02,1.025937620693774988e+03
-3.133019940267628840e+02,-1.400021182458569911e+03
5.225542479914931846e+02,-2.848232641621480525e+03
3.121362968730105081e+02,-2.905271615732354348e+03
9.776930577028053904e+02,1.029270743865854683e+03
-2.728507821230937225e+02,-1.279258129470221775e+03
1.019332255439275173e+03,1.030590270439010055e+03
-3.112153561460596620e+02,-1.407287382769802889e+03
-1.467504538076889276e+02,-1.370747668985977270e+03
-1.808355002056431431e+02,-1.338872044293807221e+03
4.425284929672313297e+02,-2.880641343276363386e+03
7.688152134740518022e+02,1.026727502204170150e+03
8.102971283744802804e+02,1.024689020538103705e+03
7.749337113004279445e+02,1.018614458531911509e+03
1.442053393785800779e+02,-1.729536607419378470e+03
-2.310077602900871057e+02,-1.344101076007228585e+03
9.833748824300096203e+02,1.019360977736920404e+03
7.694026319219408379e+02,1.031078339000766391e+03
7.348524515580227217e+02,1.019057757078828217e+03
1.060706763908121275e+03,1.030838918514648640e+03
6.078727022521678691e+01,8.149071860203965798e+02
7.346384762259543777e+02,-2.669552616712870076e+03
1.019778410540055347e+03,1.026115296703893591e+03
1.353488369125675717e+03,1.120462957538934916e+03
-2.250667465357045103e+02,-1.320530815541946367e+03
5.189508898030840101e+02,-2.840588215370845774e+03
-1.056966526660916799e+02,-1.223498580184851562e+03
1.229814764482386863e+03,1.352801714838696853e+03
8.569931092263188930e+02,1.046234132520885396e+03
8.539617524372223443e+02,1.056665593522591962e+03
1.269526811444043005e+03,1.352121220060197629e+03
1.185663035357978970e+03,1.059746856961278127e+03
5.252085598266677380e+02,-2.851519260644550741e+03
9.008160804725660000e+02,1.048963887096461349e+03
2.702696151493989873e+02,-1.310714998245354309e+03
4.811349814139649652e+02,-2.852071137572895623e+03
-1.468115713889989991e+02,-1.257655977440117340e+03
-2.729244191920896583e+02,-1.225472582950576452e+03
8.938708390956902576e+02,1.056821622490286018e+03
5.210430001271413403e+02,-2.848244581227887466e+03
1.020335441316814581e+03,1.024573313163833973e+03
7.710164245287344329e+02,1.024331490195655078e+03
6.862193625015809175e+02,-2.751412319193640997e+03
1.312310573770986593e+03,1.410332150488244679e+03
1.102651327329191190e+03,1.355192207676315547e+03
3.518764788579539413e+02,-2.902976942357600819e+03
5.200211763331149086e+02,-2.845966504167244693e+03
3.122632632869208464e+02,-2.906706317200437752e+03
4.361719949234218348e+02,-2.871552390524137991e+03
5.238436322257497295e+02,-2.852006915031227436e+03
3.530279456067391379e+02,-6.791942564806818154e+02
5.197529398676266510e+02,-2.841178737629304123e+03
-2.669979048790326601e+02,-1.320265562310037012e+03
3.539538498596854765e+02,-2.909629936696756431e+03
4.819609291290051942e+02,-2.848584489185829625e+03
4.377522795155646804e+02,-2.877988882421063408e+03
-1.065719676384326249e+03,-2.574916354456259342e+03
1.065989041348542287e+03,1.022289298046714407e+03
3.572155851991506097e+02,-2.908873658147030710e+03
9.349507371541568546e+02,1.056772377875015309e+03
9.799697023461710614e+02,1.022429920345518667e+03
1.019271959385201967e+03,1.024877827914717727e+03
1.060942550583165485e+03,1.029763072469244435e+03
1.060782941635991847e+03,1.030092951109539399e+03
-3.056916469088670283e+02,-1.292524550419328762e+03
1.059857662748104758e+03,1.027409983684210829e+03
-9.945634026919667292e+01,-1.380422992216010925e+03
1.087288701557916824e+02,8.094578820153391234e+02
6.014472057442111463e+01,8.206078198910108767e+02
5.203368188392408911e+02,-2.839846949470190793e+03
5.212995438930958016e+02,-2.847463822871287903e+03
7.774434370916249009e+02,1.019964295349452414e+03
7.697053635920832448e+02,1.025125215472028458e+03
5.600504514701711969e+02,1.059731581989004781e+03
6.023856132804027084e+02,1.057595082824038627e+03
6.869773987687811996e+02,-2.756061047126247104e+03
6.883115915571228243e+02,-2.756935377463231816e+03
3.966846973816311106e+02,-2.877777455737164473e+03
5.189501136056377391e+02,-2.840765429260640758e+03
5.192949484827016704e+02,-2.841128118021440514e+03
1.060866044611132565e+03,1.027947880817318037e+03
1.108044581328500271e+03,1.017325780879181593e+03
5.220184774977498137e+02,-2.848090902062817804e+03
5.219339972209623966e+02,-2.847692298862383723e+03
8.939619003417176373e+02,1.060583103568103070e+03
9.372351740629170536e+02,1.061216813194270799e+03
9.393458728404328895e+02,1.051372614676660305e+03
-2.666348699591609375e+02,-1.441727280688732208e+03
-2.729765012230845969e+02,-1.374024533933143175e+03
1.227994833792826057e+03,1.391258669134156662e+03
-3.967963310100565764e+02,-1.165687291430506320e+03
-4.392788663423574462e+02,-1.129768180126225388e+03
1.068941789375672471e+02,8.081375673693779618e+02
1.034955607282624328e+02,8.212770771378686732e+02
1.046468153141696291e+02,8.249653476748914045e+02
5.664108522050540842e+02,-2.821333720274860752e+03
5.189913218820491920e+02,-2.839721767828537850e+03
5.588797337116235440e+02,1.054748413744443496e+03
6.084054816146419853e+02,1.050102010747910981e+03
9.784081648957105699e+02,1.031000192017188056e+03
1.020610666789151082e+03,1.031117801293707998e+03
5.612046383617534957e+02,-2.809724511551271462e+03
5.242598528443288615e+02,-2.850535790459642158e+03
-3.482013610729464972e+02,-1.357229093351858637e+03
1.226144497436677284e+03,1.417583411173050081e+03
-2.304416692520303229e+02,-1.310367616628802352e+03
5.221966868764012588e+02,-2.850573617352576093e+03
5.196022652877767314e+02,-2.844604565650719451e+03
6.441387598523895122e+02,1.059535874437780876e+03
4.353262836092017096e+02,-2.874821514362033213e+03
4.762101788307873562e+02,-2.840549002886888047e+03
4.358146567252075556e+02,-2.878968775796308819e+03
1.101444017986760173e+03,1.026866226091154203e+03
1.108297533865050355e+03,1.018934871957830183e+03
5.189996064749929019e+02,-2.841364509679642651e+03
4.771378888191042051e+02,-2.848022354828378411e+03
-3.040654435973564773e+02,-1.396929766914903439e+03
1.025614433558011342e+03,1.020072603325199339e+03
1.059927782180495115e+03,1.031226008005125550e+03
5.184185420315147894e+02,-2.846597251890152620e+03
4.766699929325785661e+02,-2.845130528178527129e+03
5.193452153636408184e+02,-2.845389789538949117e+03
1.060156953496875076e+03,1.026392012922386130e+03
1.019818991488237771e+03,1.026127241394324983e+03
8.120744362536747758e+02,1.020545903902828059e+03
8.165034367760690657e+02,1.020294857442830448e+03
8.140260275624947326e+02,1.021973170099926392e+03
8.105701139619453670e+02,1.027286546399265944e+03
8.141241992839208024e+02,1.023158432602740731e+03
1.024207867042143334e+03,1.020812092689275005e+03
-3.139933638778384193e+02,-1.345532443754369524e+03
-4.788447694920922686e+02,-1.347963949440633996e+03
-4.806134539902383835e+02,-1.343693928304730434e+03
5.208950243021220103e+02,-2.851391030462738399e+03
4.776943816447590052e+02,-2.841226214733363577e+03
5.191416064576537792e+02,-2.845855134199757231e+03
-3.550900404911467376e+02,-1.374205579978102833e+03
-3.554028798596265233e+02,-1.376333623328730027e+03
-1.407098589119582073e+02,-1.320903586108724767e+03
-1.415077539731257730e+02,-1.320423418818814071e+03
-1.425766008570566896e+02,-1.322567903588999798e+03
6.085928317571782600e+02,1.049141530871430405e+03
6.030854618855245235e+02,1.060663640461086516e+03
5.599402936809218545e+02,1.061080640583544437e+03
6.061143687179711605e+02,1.052037395552601538e+03
6.860195725226600416e+02,1.026185920002784769e+03
6.862980628391690061e+02,1.030452892825169556e+03
6.921238137532075143e+02,1.021678672312778531e+03
6.888641247818979991e+02,1.023465388814788298e+03
-3.077190621975636304e+02,-1.412984212899091517e+03
-3.141406908192479364e+02,-1.369420308522072901e+03
-3.137536742384880313e+02,-1.435453844697533214e+03
4.368720005852677559e+02,-2.878353322243830007e+03
4.350809548023870548e+02,-2.870959321461436957e+03
4.415696334637455607e+02,-2.883420766036443183e+03
1.063664782851273685e+03,1.018032414201483903e+03
1.022757840473839224e+03,1.022752549002183969e+03
1.108747716170499189e+03,1.020490369044303520e+03
1.062463933560735995e+03,1.020691054570482493e+03
8.141268402081667546e+02,1.022682325181450210e+03
8.139641604926366654e+02,1.024591651786986858e+03
7.732354169056890214e+02,1.018588942409992910e+03
7.696001066290156132e+02,1.025694030617126600e+03
7.710893845964152433e+02,1.023643176388374513e+03
7.694561766042875206e+02,1.031060915218580021e+03
7.688895890027838504e+02,1.206941639374213764e+03
7.763461831377496765e+02,1.077909208343536193e+03
8.113403826186814740e+02,1.051949106459940140e+03
1.270768694562133533e+03,1.411445096544493026e+03
1.312423014337914310e+03,1.410997271688238015e+03
3.954942317940146381e+02,-2.878680565122872849e+03
4.366860015582547021e+02,-2.870228930652310737e+03
8.109693926388029013e+02,1.029617350198632039e+03
8.129580457556297688e+02,1.022027568177453418e+03
-3.150810105978920319e+02,-1.400500305692893562e+03
-3.140555312905287337e+02,-1.400933336998014738e+03
-1.054105058319148895e+02,-1.280062116846718482e+03
8.098620033584927569e+02,1.031158804868233346e+03
7.278954366931581035e+02,1.149577493383676483e+03
-2.661888698050529456e+02,-1.289891297035807611e+03
1.018495094774066729e+03,1.025647788445435708e+03
3.525705466204710774e+02,-2.900540950800448172e+03
3.957754432435920080e+02,-2.879831714523639221e+03
-3.143434098613763581e+02,-1.279228457432046298e+03
-3.070521770557581362e+02,-1.321514290547123665e+03
5.186528126216168175e+02,-2.845002891979489959e+03
5.646469587093092741e+02,-2.821836547924096521e+03
-2.735658277075367550e+02,-1.310309858613411734e+03
-1.065251229497857111e+02,-1.250835420974823364e+03
-1.042323206943731009e+02,-1.256616871445861761e+03
-3.141565499868775078e+02,-1.434376129625466774e+03
-3.150030126770049037e+02,-1.435323694260282764e+03
1.060781024865456175e+03,1.027036559905531249e+03
1.060184033285722535e+03,1.030465202197643976e+03
3.097996521229888458e+02,-2.904601498660659672e+03
3.547095653145739789e+02,-2.895968372325597102e+03
3.535340717156747701e+02,-2.901231916120928872e+03
5.236273548065009891e+02,-2.853469579525727113e+03
5.198638946579178537e+02,-2.840152172854215678e+03
5.223311127581904429e+02,-2.848646331923756406e+03
3.550170831147297008e+02,-2.909401257210420681e+03
3.548188435391028861e+02,-2.910079515776897551e+03
3.562621675164165254e+02,-2.909776557037686871e+03
3.563952103823615971e+02,-2.906701926927852583e+03
4.366384664111838561e+02,-2.870596847882500697e+03
6.455345404919668226e+02,1.052359172674596266e+03
6.084739638062570748e+02,1.049298339780491460e+03
5.622652535588180172e+02,-2.817531019383260173e+03
5.611172877589075370e+02,-2.810040415078401566e+03
5.245227337548109290e+02,-2.852161733919679591e+03
4.766838298112826351e+02,-2.840438695593511056e+03
5.609551749382031858e+02,-2.809893513127667120e+03
5.619023981591947177e+02,-2.819817831843280601e+03
4.398402786924758061e+02,-2.880796399811782521e+03
-3.479886131135434653e+02,-1.275326470149344459e+03
6.859835575594256625e+02,-2.754835597233890439e+03
6.869529577672783489e+02,-2.750228254301651759e+03
4.772951222853005220e+02,-2.839535269209616217e+03
5.191244710576536363e+02,-2.846160620682460831e+03
7.699546970752878678e+02,1.021626996462830448e+03
8.111829076463027377e+02,1.025414166539941561e+03
3.613181698367635022e+02,-2.910918921017736466e+03
3.112731477517079384e+02,-2.901650662923363143e+03
5.240710604607710366e+02,-2.852021613101722323e+03
4.764557664222035669e+02,-2.846385529929283166e+03
6.042675167493166555e+01,8.154007427632407143e+02
6.445328156942957776e+01,8.136723865006025562e+02
3.966649074336515923e+02,-2.879003744473081952e+03
5.177493980017356989e+02,-2.845796732000992506e+03
5.210929378857823622e+02,-2.849843094609136642e+03
7.709154719768276891e+02,1.025238518866194909e+03
7.725016864166191226e+02,1.025177733423009386e+03
8.095111148561759364e+02,1.026186979859280655e+03
8.138991719926442556e+02,1.019804025462470349e+03
-6.400423955909892015e+01,-1.271878007037897760e+03
-3.121040144621193804e+02,-1.407579491398540995e+03
8.087394222018388064e+02,1.025106303148500729e+03
8.147537849604865414e+02,1.018040188693323557e+03
6.873309536723256770e+02,-2.754882420671187447e+03
6.874984108660244146e+02,-2.757183758078733263e+03
1.062426394195543480e+03,1.023495360139190780e+03
1.107073866163454340e+03,1.019976757539594360e+03
8.161905633845814236e+02,1.019567809753537858e+03
3.543062484705696988e+02,-2.909237631321390381e+03
1.144323686636951152e+03,1.447051126523198718e+03
8.115368570379528137e+02,1.024859675165659610e+03
1.060754403028948445e+03,1.026671105722684160e+03
3.583297386962864834e+02,-2.913045024596524854e+03
5.251870605644777470e+02,-2.852211674888410926e+03
5.263710282424580100e+02,-2.850243180787545043e+03
5.200710127492471884e+02,-2.846129777435958658e+03
4.794908416108175970e+02,-2.847469494138074879e+03
5.279940944232157563e+02,-2.849298244288734168e+03
5.189070287697103367e+02,-2.845166595178390253e+03
-2.756966377073899821e+02,-1.384863845132228107e+03
-3.126537481281238229e+02,-1.346298535575958113e+03
-3.108284168048875244e+02,-1.380661765592952861e+03
-3.094855613263041505e+02,-1.410374104153132976e+03
-3.122713455549456967e+02,-1.437874016416781842e+03
1.102909735266003509e+03,1.025925918647469416e+03
1.061017971797404925e+03,1.031409727503245449e+03
1.060932122308556245e+03,1.030065241981122426e+03
1.102586994080869317e+03,1.030374696816840697e+03
5.214180653137905210e+02,-2.835953312325500065e+03
5.215077072592935110e+02,-2.846172868583878881e+03
5.201803015572027107e+02,-2.841546250024868641e+03
5.213154681943640298e+02,-2.849267196278749907e+03
6.924254288868474987e+02,1.020681319143109704e+03
6.877931650552789051e+02,1.021265638597539237e+03
6.902772474817928696e+02,1.017581573416900824e+03
-2.725757130141334414e+02,-1.280649115545105587e+03
-3.148868732727627844e+02,-1.284276258162985414e+03
1.042612611589100311e+02,8.117176116580503731e+02
1.062545015049276458e+02,8.115977440850346056e+02
1.060690745594247772e+02,8.117832994325668778e+02
5.217174840444752135e+02,-2.848621597463939452e+03
5.241017773821286028e+02,-2.853072832213091715e+03
5.223428548433630567e+02,-2.847510299225575181e+03
4.417594903732369858e+02,-2.882819981615476081e+03
4.373657314784677510e+02,-2.878133091356434761e+03
6.396195619859749115e+01,8.408379732384886438e+02
1.081509672634427375e+02,8.098709667461376966e+02
6.111156083442925535e+01,8.154978769440231190e+02
1.045871874421525263e+02,8.127820010114910474e+02
1.091706567494249356e+02,8.112454381861360844e+02
1.022556678692673557e+02,8.212017970657288970e+02
5.608455221620846487e+02,-2.810515571137927964e+03
5.208835942329807267e+02,-2.844428956700216077e+03
5.198770865051204737e+02,-2.846944253757375009e+03
5.590132932654776141e+02,-2.814690213566224884e+03
5.191335921329850862e+02,-2.839596730290322284e+03
5.214180653137905210e+02,-2.835953312325500065e+03
3.983482415049752490e+02,-2.882143674001270483e+03
4.003827752907424156e+02,-2.883186522753824192e+03
4.001593242208876973e+02,-2.881526767449032377e+03
7.339100271463086074e+02,1.019518366296671161e+03
7.320477397877357362e+02,1.049748471373622351e+03
7.723972241945004953e+02,1.021038897228641645e+03
9.443945984050767493e+02,1.050247243708380211e+03
9.362053885707489371e+02,1.055875516546526114e+03
9.406757667059596315e+02,1.047458878267119417e+03
1.067324089895606903e+03,1.018169202543050574e+03
1.065717191744487536e+03,1.018933366720071263e+03
1.067006429162721133e+03,1.018570838443250636e+03
5.645671348401441492e+02,-2.819978505276902979e+03
5.599565677785747084e+02,-2.809777543692371637e+03
5.659568083956080500e+02,-2.821736910052201893e+03
5.250605057907417859e+02,-2.849916889023883414e+03
5.208185682527171139e+02,-2.842923834913603514e+03
5.242622612364306178e+02,-2.853328508180708013e+03
9.825953472480830442e+02,1.020881416413345960e+03
9.807007023222336102e+02,1.021357456138453472e+03
-3.113778648352479195e+02,-1.406242096957028025e+03
1.188745072590294740e+03,1.053755553539448783e+03
1.226808224873144354e+03,1.059542661910190191e+03
1.104897815314207492e+03,1.035018057674441252e+03
1.065417660771991677e+03,1.038466860052545144e+03
-3.570415140145308897e+02,-1.139634442475214200e+03
8.116824973782183861e+02,1.022625387603524132e+03
8.099637554953073959e+02,1.029817347843935522e+03
-2.712309321526544181e+02,-1.434336225337453470e+03
1.023788365648183799e+03,1.017502070006343729e+03
1.109834317716764645e+03,1.020217214062785956e+03
1.026134786753636263e+03,1.017651948608590033e+03
1.026240138451086068e+03,1.017989132521086844e+03
8.117416562848779904e+02,1.022059441663124744e+03
8.164173336671919969e+02,1.020478431836975346e+03
7.311315404153700683e+02,1.020566678535914093e+03
7.357600637534717407e+02,1.020374253618211355e+03
-2.753258665395800335e+02,-1.333759778539750641e+03
5.638283729448978647e+02,-2.816258711925570424e+03
5.188286478775578416e+02,-2.844868995449080103e+03
8.104723940964512394e+02,1.027117831647787852e+03
7.714808153141948424e+02,1.035018057674441252e+03
8.095068311838562067e+02,1.026706277155546786e+03
8.101794937852340581e+02,1.024884449125775063e+03
-2.788696816134096821e+02,-1.219316297375414251e+03
5.222532211343277595e+02,-2.842349676409472977e+03
5.185652746142566230e+02,-2.841635474103490651e+03
-3.567022325840718509e+02,-1.340211812525571304e+03
-3.593571492760540309e+02,-1.397514674990112326e+03
1.139967458248630919e+03,1.434219636083092155e+03
4.768942882759034205e+02,-2.840488963274406160e+03
4.777795772228308806e+02,-2.841299700833356383e+03
3.937326968561886247e+02,-2.870688677132149678e+03
8.075239164416803987e+02,1.040355478869892750e+03
7.866329071643808675e+02,1.031663616643830892e+03
-2.510897938007121866e+02,-1.276960993933368172e+03
-2.710030046866132238e+02,-1.275561752325346106e+03
3.958309953134120178e+02,-2.865960842325548583e+03
4.380638153141822499e+02,-2.865960842325548583e+03
4.351885017293128612e+02,-2.841530548039524092e+03
6.241399531339939699e+01,8.249653476748914045e+02
2.547040479292583370e+01,8.069329660353661211e+02
4.936537657481636643e+01,8.262776124869791374e+02
5.328541542421635313e+02,-2.869901650742330730e+03
5.323363371015196890e+02,-2.840732719284684663e+03
5.085365100578557644e+02,-2.847308107720908083e+03
7.255535723490733062e+02,1.123777494385770979e+03
6.119174207152765632e+01,8.132103643337126186e+02
3.972960607619222628e+01,8.432680154616001573e+02
9.605744934041889849e+01,8.044460590619178220e+02
