-6.206168468662637849e+01,9.750029976751339973e+02
4.791852453145997401e+02,1.095033117674538289e+03
-3.543572546862215518e+02,2.548222776747592206e+02
-8.956041846858682902e+02,-4.053433823255185189e+02
-3.040775134986797070e+02,2.182118267384736043e+02
-5.210657546854381508e+02,3.448448676749047763e+02
-1.277244746371120755e+03,-4.384759933544058867e+02
-7.627555368323121456e+02,-3.845091264617292381e+02
-1.062312684686664397e+03,-4.053433823255185189e+02
4.791852453145997401e+02,1.095033117674538289e+03
-7.288956846866516344e+02,-1.352756123250818518e+02
4.791852453145997401e+02,1.095033117674538289e+03
4.731095417955871199e+02,1.092300988104434055e+03
-6.877742546862341442e+02,-7.526055232498481473e+01
4.735303373226122972e+02,1.091850573259733437e+03
-1.271254004686651115e+03,-4.353509123255670374e+02
-1.437962504685867771e+03,-2.853132623253244446e+02
-4.296579225357913288e+02,2.772550564047655257e+02
-6.806518026975671773e+02,5.166563469798962842e+02
-6.877742546862341442e+02,-1.352756123250818518e+02
-4.284401719852067458e+02,6.659550695010949539e+02
-6.778829403698921396e+02,-1.700885410879054405e+02
-5.210657546854381508e+02,-7.526055232498481473e+01
4.723512731747125599e+02,1.091711620541882667e+03
-7.194846338302589857e+02,-2.333311457036218997e+02
-1.430303923072935731e+03,-2.925253880508381030e+02
4.791852453145997401e+02,1.095033117674538289e+03
4.731439134958698105e+02,1.091791192523599420e+03
-1.278498726859114413e+03,-4.379213137693362228e+02
-1.278025125433251787e+03,-4.377928582834127837e+02
-5.694738849499012758e+02,3.726956620230589579e+02
-9.526743306940973355e+01,4.867210959571982016e+02
-8.020519918034480042e+02,9.832633820365168731e+01
-7.711285046858424721e+02,-1.524549232488777051e+01
-8.449179553189327407e+02,-1.425097994528871368e+02
-1.610695331131025796e+03,4.122694466384222522e+01
-3.473872818503511439e+02,6.369257198623831755e+02
-6.455414346854639689e+02,4.948825176751473691e+02
-1.145666934686272498e+03,-5.253735023249229243e+02
-3.975365039109225336e+02,3.072988105537949082e+02
-3.869914359502814705e+02,1.882238308062831607e+02
4.791852453145997401e+02,1.095033117674538289e+03
-1.471325722652184595e+03,8.188633182091408003e+00
-1.235099168247085345e+03,6.114490792745458521e+02
-1.145666934686272498e+03,7.949578176748428859e+02
-1.271254004686651115e+03,6.149126376745517746e+02
4.721940279326576615e+02,1.091277164508697069e+03
-2.119112109260142915e+02,1.540004644813882578e+03
-2.094025468620891672e+01,1.185055707674683845e+03
-1.236506808852033828e+03,5.826453456086962888e+02
4.726988240155336598e+02,1.092508836561175940e+03
-1.521316754685476099e+03,7.049352276746973303e+02
-1.376667626310313040e+02,1.566208692432381213e+03
-2.710030046866132238e+02,6.749276976746488117e+02
-1.303929535175748015e+03,7.563000638645983145e+02
-1.303263245351294017e+03,6.370265223400056129e+02
-2.113825154174174656e+02,9.106221900567486500e+02
-1.305813809436459678e+03,-8.121939755643649050e+01
-1.111715366583062178e+03,-1.218390613979044247e+03
-9.708284399284644905e+02,9.076332247146157215e+02
-6.206168468662637849e+01,1.005010527674392733e+03
-3.954786846866389851e+02,1.365100887674974956e+03
-3.954786846866389851e+02,9.149879376750369602e+02
-1.304402194303909482e+03,7.875537625771627290e+02
-5.197218625601402664e+02,7.546941439768257851e+02
-1.223461542373157499e+03,8.189264272632998427e+02
-8.544827546854508000e+02,8.249653476748914045e+02
-9.530392187165306268e+02,8.488083398501712509e+02
-6.782659755495878926e+02,-2.046121072026581658e+02
-4.205118045901061237e+02,-1.699718283347004899e+02
-1.306142425276222639e+03,7.277412760990525840e+02
-1.004066123340626632e+03,8.799928781663177233e+02
-3.543572546862215518e+02,2.548222776747592206e+02
-1.145666934686272498e+03,-5.253735023249229243e+02
-1.512523794160724719e+02,7.911531312654461772e+02
-9.416918412181355791e+01,9.373690956580903730e+02
-1.104545504685855121e+03,9.149879376750369602e+02
-1.305471113861440244e+03,8.471425816213887856e+02
-3.874744094671061134e+02,8.153416246638165603e+02
-1.042945046858172304e+02,9.449954676750854787e+02
-1.136147709072482257e+03,7.879470574144703505e+02
-1.180168760327997006e+03,8.191393628688623494e+02
-1.604671004686663764e+03,4.476956767441957652e+01
-3.604139679069171507e+02,2.813716660047302867e+02
-1.555687235964608590e+03,6.387560376276317129e+02
-1.187899754685463449e+03,7.649502876747943674e+02
-1.296195129055426605e+03,6.696372502734874388e+02
-1.260917931139948450e+03,7.261413922145985680e+02
6.241399531339939699e+01,1.185055707674683845e+03
-1.176570425762578679e+03,6.974896246517388363e+02
-1.062312684686664397e+03,7.049352276746973303e+02
-1.016464747959908777e+03,8.479843017739752895e+02
-2.287701846858429917e+02,7.349427576747458488e+02
-1.178742138109743109e+03,-4.744707873432636802e+02
-1.345344751803953386e+03,8.191232416481038854e+02
1.623283506692794163e+02,1.210093794051269924e+03
-1.138661150849903834e+03,8.475929529794353812e+02
-1.222625703137442315e+03,9.071353352131053498e+02
-1.368022844267169830e+03,6.687667113681391129e+02
-1.151624470564171816e+03,9.131379921586257069e+02
-1.439875419807433900e+03,6.943310466978672366e+02
5.625394953142080112e+02,1.065025587674489771e+03
-1.222512913895490101e+03,8.473411337381908197e+02
-1.379428840074078835e+03,7.895505370366697662e+02
-1.361197956652598123e+03,6.418857692677675004e+02
-1.243997848385899715e+03,6.385535873660021480e+02
-1.178384500721644145e+03,7.271552096163932219e+02
-1.221007362179480651e+03,5.198095779942805166e+02
-1.326180028849676773e+03,6.697945474795194514e+02
-1.278926265287650494e+03,7.025054951167096533e+02
4.791852453145997401e+02,1.095033117674538289e+03
-1.106241760604601041e+03,8.175149484517913834e+02
-1.129433935542907420e+03,5.492802212112562756e+02
-1.145578930403239383e+03,7.262515901698549214e+02
-1.312375434685489154e+03,7.049352276746973303e+02
-1.304154167501946176e+03,7.879772389219978095e+02
-5.485661524797734501e+01,9.689657237468504718e+02
4.791852453145997401e+02,1.095033117674538289e+03
-1.145666934686272498e+03,8.849804076749884416e+02
-4.724031449017599584e+02,9.385406444572713553e+02
1.046468153141696291e+02,1.185055707674683845e+03
3.392529552388680827e+02,1.179777577782173921e+03
-1.229021184685880826e+03,7.049352276746973303e+02
4.624179130824505819e+02,1.090874331525184743e+03
5.476092327994563220e+02,1.060050267865979094e+03
-8.702914384240447134e+02,7.891258105887296779e+02
-1.076342347886725975e+03,7.006184262943861540e+02
-1.021191254686246793e+03,1.155048177674635326e+03
-1.104545504685855121e+03,1.215063237674732363e+03
-9.290805778472724796e+02,1.149164809589592778e+03
4.731119955127412595e+02,1.092647460390477136e+03
-5.531144869729024549e+02,-5.225796328874506713e+01
-5.119935487346160130e+02,2.767151118911198751e+02
-4.718068247449704700e+02,3.395037633822415728e+02
-1.437962504685867771e+03,6.149126376745517746e+02
-1.354608254686259443e+03,7.349427576747458488e+02
3.619080761448475414e+02,1.326387375072997202e+03
-1.012069766114738854e+03,1.269445214152836115e+03
-1.187899754685463449e+03,1.095033117674538289e+03
-1.271254004686651115e+03,1.215063237674732363e+03
-8.608488271040771451e+02,1.182196534406069077e+03
-7.207894443098226702e+02,1.210408839908626987e+03
3.885002357753510296e+02,1.272827923752804509e+03
-7.711285046858424721e+02,1.185055707674683845e+03
4.431720228903453176e+02,1.206315370645572784e+03
-1.012994819778273609e+03,1.087749927146249092e+03
6.558754970620776703e+02,1.117941163980947067e+03
-6.891548073874798774e+02,1.204625729207355562e+03
-1.178975023776109907e+02,7.290313650780163925e+02
1.124068745186798139e+02,1.209808382178502143e+03
2.797760362289681098e+02,1.239564213159725568e+03
3.898814572619761520e+02,1.422285165801053154e+03
-1.444293590169296522e+03,6.427237682640281946e+02
-1.312375434685489154e+03,6.449201676746002931e+02
-7.284922750129977658e+02,1.354923127150573691e+03
-1.062312684686664397e+03,1.425115947675071993e+03
-9.284647546700805378e+02,1.237268688376651880e+03
-8.544827546854508000e+02,1.245070767674780882e+03
-7.288956846866516344e+02,1.365100887674974956e+03
-1.180982090441095806e+03,1.266311058686183287e+03
-8.858905385688201477e+02,1.387186609726159531e+03
-1.437962504685867771e+03,7.349427576747458488e+02
-1.354608254686259443e+03,7.649502876747943674e+02
-8.182207849538907567e+02,1.302204731077335509e+03
-8.065194435351273796e+02,1.388985879923650600e+03
-1.136296785565971049e+03,1.207676366648021713e+03
-1.063269501312424609e+03,1.295896696599494589e+03
-1.243707780086557250e+03,8.202384108509525049e+02
-1.021191254686246793e+03,1.215063237674732363e+03
-8.544827546854508000e+02,1.275078297674829400e+03
6.047723153133988490e+02,1.155048177674635326e+03
5.902749629029227663e+02,1.269432845863953389e+03
-7.288956846866516344e+02,1.185055707674683845e+03
-5.210657546854381508e+02,1.125040647674586808e+03
1.109772862181262667e+02,1.208435005102877312e+03
-1.304753760395070913e+03,6.398562350841978059e+02
-6.280389481530106650e+02,1.270537262760236899e+03
-1.229021184685880826e+03,8.249653476748914045e+02
3.485004207694518072e+02,1.182897903985893890e+03
7.208796977565857844e+01,1.358660137334748697e+03
-1.145966756634297099e+03,7.874568313522615881e+02
-1.104545504685855121e+03,7.349427576747458488e+02
-1.054169510539021076e+03,1.328869244184552599e+03
-1.096413981480513030e+03,1.236310431078194597e+03
1.457682453145870909e+02,1.215063237674732363e+03
-6.613546185646459890e+02,1.329864872583406850e+03
-1.092370888714489638e+03,1.297833829451115207e+03
-1.177398341767535840e+03,1.325957250771090912e+03
3.958309953134120178e+02,1.305085827674877919e+03
-9.708312933172500152e+02,1.356773970615690359e+03
6.389775920229843678e+02,1.391324865908949050e+03
-8.481873468033320478e+02,1.210383093293544107e+03
-8.886131133444735042e+02,1.296143511595163773e+03
5.895148990321827114e+02,1.329384657299291348e+03
1.117472699578361954e+02,1.360817151065742564e+03
4.037814121841147994e+02,1.296590709396422653e+03
-9.393239797850645800e+02,1.353668325125076990e+03
-8.544827546854508000e+02,1.365100887674974956e+03
-9.862838083191618352e+02,1.422540960879995055e+03
-6.379842403267224427e+02,1.418367337334334252e+03
-1.391555668617659478e+02,1.326894543330418173e+03
-1.013535842505551045e+03,1.326717664536926804e+03
4.893030816570990282e+02,1.477884640398986448e+03
-5.272841677884132423e+02,1.361242056524580903e+03
3.547095653145739789e+02,1.335093357674926438e+03
-1.054305123140229625e+03,1.419364649498555536e+03
-9.789584346854766181e+02,1.305085827674877919e+03
4.441110803035767276e+02,1.356698533783750008e+03
-6.387323379113761348e+02,1.268444308601777038e+03
2.394372889145990371e+02,1.328294419597362321e+03
-7.711285046858424721e+02,1.185055707674683845e+03
-8.122499346862599623e+02,1.245070767674780882e+03
-7.606962010698044878e+02,1.357995915740230885e+03
3.958309953134120178e+02,1.185055707674683845e+03
-1.430544106371252838e+03,6.671444466857083171e+02
-1.646033977291587007e+03,5.435879898193121562e+02
-8.048024256436068526e+02,1.480105544744370945e+03
7.648638429388765871e+02,1.421393088617296371e+03
1.538864440395376789e+02,1.388102531569049916e+03
3.650704904953094001e+02,1.325983206493741136e+03
1.970112036434671836e+02,1.327643995716078734e+03
-1.471034286472198346e+03,7.888920925550503398e+02
-8.981389190304159911e+02,1.264833013588884569e+03
5.985815331208270891e+02,1.063191805771770305e+03
5.282572206793533951e+02,1.268393825858261835e+03
5.292996790296582503e+02,1.237703126312509539e+03
-7.288956846866516344e+02,1.425115947675071993e+03
-1.013183186387783849e+03,1.448456431457816279e+03
-3.121244346854513196e+02,9.149879376750369602e+02
-4.377115046858298797e+02,4.048599276750018134e+02
4.380638153141822499e+02,1.515138537674427880e+03
4.067305511948607091e+02,1.478418618390196116e+03
-1.177794389866453230e+03,1.478601669631239247e+03
3.958309953134120178e+02,1.425115947675071993e+03
-9.284214595412612425e+02,1.388851479819714996e+03
3.633845577213102160e+02,1.417722748414696980e+03
3.629027648606645471e+02,1.448234007244888062e+03
-9.293214771591744920e+02,1.507487552038362537e+03
-8.956041846858682902e+02,1.485131007674379362e+03
-9.815655497668399221e+02,1.476429316456093602e+03
-1.137960039816194239e+03,1.357993002275771687e+03
-8.956041846858682902e+02,1.275078297674829400e+03
-8.040903796290615446e+02,1.236938287996800454e+03
3.958309953134120178e+02,1.455123477675120512e+03
1.046468153141696291e+02,1.245070767674780882e+03
-7.631126695089420764e+02,-2.323040554955964581e+02
-7.288956846866516344e+02,-1.652831423251303704e+02
5.567845778403320764e+02,1.062858968014242237e+03
-9.789584346854766181e+02,1.245070767674780882e+03
3.547095653145739789e+02,1.185055707674683845e+03
-1.220123221767297991e+03,5.784663146901449409e+02
-7.208838993295648834e+02,1.417029982511573280e+03
-7.288956846866516344e+02,1.395108417675023475e+03
-7.616061797374464959e+02,-1.719334629371031724e+02
-8.958749164693846296e+02,-2.348512073085568375e+02
-1.235606815404954887e+03,7.315298296239682259e+02
-1.138536281465927232e+03,7.858763131784763800e+02
-6.376633640989774676e+02,-5.434067452628470107e+01
-7.123919987247238623e+02,1.449763105299595054e+03
3.958309953134120178e+02,1.455123477675120512e+03
6.523244579822637661e+02,1.386630466576856406e+03
-7.288956846866516344e+02,1.425115947675071993e+03
-9.277709826891458533e+02,1.448229459561007843e+03
-6.596435528911149504e+02,1.449574922732888353e+03
5.710799835097950563e+02,1.360439484980289762e+03
-2.628969020443711315e+02,9.671774698358972273e+02
-2.224645397320385598e+02,1.000185317087643284e+03
2.291224953141954188e+02,1.215063237674732363e+03
-1.361517489052080009e+03,-3.791636441429947695e+02
-8.534291882305517447e+02,-4.138401601645496726e+02
4.376847337353008243e+02,1.445475222014269775e+03
-1.012521003973662573e+03,1.268550051980773787e+03
-1.437962504685867771e+03,6.149126376745517746e+02
-1.314159560958987868e+03,6.041794645463093048e+02
-8.068570725106419559e+02,1.449053352334227156e+03
-7.629691204986272624e+02,1.448257832986205813e+03
4.380638153141822499e+02,1.125040647674586808e+03
-6.877742546862341442e+02,1.455123477675120512e+03
-1.220573003022316698e+03,6.967015293729483574e+02
-8.544827546854508000e+02,8.249653476748914045e+02
-8.956041846858682902e+02,7.949578176748428859e+02
