date:2016-08-02, time:2000, wind_speed:2.1, wind_dir:180.0, temp:19.4
-64.957193 -29.442827
30.973575 121.490335
59.834843 108.915362
30.092462 122.220575
-82.310630 -33.828131
-68.777425 -40.534338
25.827719 123.609741
38.815643 120.650194
72.077750 105.777262
-111.483393 -249.995187
97.393790 105.765355
-36.591519 57.844783
55.838679 108.767751
55.031469 108.567198
-123.597962 51.831049
-127.819328 51.694337
-49.223320 139.175353
-69.508498 -47.347455
-123.594992 -19.678143
-11.103464 45.759667
-110.737881 -253.601615
-111.051826 -251.363038
-139.823399 73.456114
-120.199545 6.972825
-106.556844 -254.590710
-106.600921 -251.563710
-110.845793 -251.562591
-57.153344 105.940405
-107.561002 -251.061211
-106.231268 -253.587801
-106.616857 -254.382948
-111.111261 -251.396563
-107.376156 -255.616725
-106.616043 -254.663938
-106.231268 -250.587048
-106.471948 -256.614691
-106.231268 -256.588554
-48.975907 54.700769
-106.231268 -256.588554
-106.231268 -253.587801
-111.128089 -251.260868
-106.231268 -250.587048
43.806382 118.505571
-19.893402 89.245300
-89.799096 103.453373
51.951309 175.501180
-57.621726 54.964939
-77.112850 178.520631
-148.995615 56.513953
-111.168298 138.673607
-107.419973 125.147375
-106.457682 -256.579904
-106.468206 31.468213
-86.715901 131.422009
31.024201 175.511244
-156.899024 45.350922
-94.418251 39.655054
-103.146592 32.078029
-103.374663 32.447837
-107.313720 39.977781
-169.604842 45.641294
67.605630 107.157856
71.912313 105.644081
-86.249647 91.691181
-40.677983 107.113390
-106.474222 -253.566594
-106.231268 -256.588554
-107.476352 -254.509970
-106.961869 -254.344079
-140.432564 81.636739
-77.112850 91.498794
-93.783700 52.489005
-85.448275 127.507830
-90.244483 132.616389
-89.844049 133.539054
-169.937469 44.530925
-164.810581 46.454602
-47.883293 58.490511
-139.925084 120.444912
-102.294375 39.267297
-110.454550 40.485993
-106.744178 37.496119
-52.330493 31.455574
-69.989969 41.409314
-65.858876 53.101460
-136.263629 124.399360
-122.902118 169.518372
-115.125739 100.948299
-119.922113 98.162546
-111.014911 99.687520
-93.783700 55.489758
-94.680348 54.390039
-86.472013 52.601674
-131.959221 123.901129
-107.401240 -254.499324
-106.969037 -253.196578
18.800107 118.505571
18.250402 121.786039
-106.816701 -254.234580
-107.423617 -250.983712
-73.873432 181.475349
-73.211811 177.822800
-77.294609 181.477672
-78.177958 178.442736
-60.678056 52.508336
-52.876552 51.624486
-53.116310 54.517752
-140.649393 125.190127
-115.812276 98.040061
-111.588018 158.213910
-28.002161 177.693596
63.418197 174.755394
10.274043 184.549927
-106.486158 -253.615961
-110.729810 -250.586838
-106.231268 -250.587048
-106.552857 -252.121563
93.818932 -196.573494
42.633388 120.940733
-69.827634 -20.133898
64.082656 160.614331
31.059152 -256.575463
-93.976820 1.451914
-31.698298 160.553523
80.995606 208.626965
76.632224 196.520561
72.743440 187.575970
-35.872493 -217.504076
-40.031362 127.667884
77.148082 -169.566717
68.534478 -217.616794
89.595650 -196.573494
-52.106575 -22.529820
-119.062331 58.496561
-102.119125 13.479216
84.969714 109.485534
-94.884543 42.430868
34.348054 -260.198368
-14.762740 -259.606227
-102.119125 112.504065
-57.286638 -242.513102
0.984093 -266.407135
-15.584237 126.810466
-70.027629 99.700167
-39.767837 91.550864
-99.023738 54.446158
-94.852709 55.174527
-94.625777 55.312970
-93.783700 61.491264
-94.680027 58.187076
-48.872628 -146.544696
-70.022734 -245.226748
-32.407990 159.616062
52.141807 -250.587048
-110.454550 37.485240
-111.652674 37.170559
-111.726147 39.566284
-31.212443 163.516866
-31.456728 160.540505
-31.408249 163.485094
-31.993865 159.996833
1.886787 157.539046
-2.595163 163.584180
-107.187256 22.244831
-107.179628 -4.935248
-28.203188 105.913822
-119.896321 -1.875277
-57.863539 103.523327
-56.461908 106.516062
-57.121222 106.899105
-60.879669 105.603268
-121.091404 170.351268
-122.969215 168.026091
