date:2016-08-24, time:2100, wind_speed:3.3, wind_dir:194.0, temp:20.3
-104.546532 -1.708179
-75.750296 34.142827
-146.213370 37.275973
-4.675699 79.394858
-178.166716 25.369785
-102.457311 94.435464
-66.668419 31.382213
-133.542900 -22.537093
-118.744363 73.526728
-133.885893 -7.813622
-125.398979 52.305977
-125.201739 64.501429
-68.680512 109.514480
-41.760463 100.447480
42.675965 112.222442
-158.732811 88.361166
-75.228290 88.640936
-159.118099 85.285183
-104.829209 28.162780
-108.559961 121.330667
-108.798989 19.303050
-74.993181 67.431004
-70.894845 28.363248
-150.586805 49.448914
-92.156563 52.434996
75.672334 103.392795
71.764419 103.371890
-14.722853 97.564558
-150.296810 58.393109
-98.080008 22.285989
-124.702815 64.532950
-106.861524 40.345798
-123.157321 67.328752
-159.013298 28.209373
68.812657 103.501806
-79.951358 85.508169
-61.971537 -271.780886
-173.617527 76.370884
-146.013826 49.349462
-66.408450 112.294149
-37.614837 85.415145
-49.295217 -277.735963
-44.429330 73.322903
-104.799290 31.226315
-75.779612 -28.596404
-20.583608 115.367862
-91.784307 -10.574989
-135.773600 -37.588389
-89.550827 52.629248
-127.378234 -19.484116
-58.348864 106.399349
-81.643098 43.374223
-102.092716 97.267359
-23.181829 -283.630808
45.588245 130.284343
-91.933030 37.443772
87.252329 154.415688
-54.056315 16.483705
-108.756833 31.294733
-104.631220 58.301932
-79.352941 64.485391
-92.070774 28.239485
18.765232 121.422710
-50.336924 19.370795
-81.430162 13.297473
-67.109383 91.377807
-141.382046 25.433796
-58.326408 34.434982
-54.510695 -247.786726
-100.248413 40.445045
-63.047779 4.461777
-50.457653 139.299997
-71.311124 100.404133
-75.205780 73.438689
-60.582279 94.525799
-37.668106 85.355056
-4.959437 -298.877279
-71.566672 151.296367
1.062489 55.355202
82.798086 181.240265
43.071865 -277.658683
-121.339700 58.468094
-133.507789 58.513061
50.018729 148.398162
64.793649 136.638893
-52.736158 139.426702
16.141452 -289.924590
99.085970 103.180340
66.545998 112.478607
-72.834881 70.657009
-95.825922 -46.590599
-66.661310 -184.594482
-50.578716 151.293994
-167.266429 61.438034
-133.326258 64.509333
-110.559208 28.395548
-81.054053 -34.586055
-77.112850 -256.588554
-33.698695 -280.783723
-173.640741 76.415681
-173.077006 58.515938
-45.701565 112.385775
-146.459329 31.232654
-46.518354 112.149885
-93.912321 76.535770
-71.251623 -94.614149
-46.322082 -199.694011
-91.281534 34.426662
-96.018180 25.302260
12.769657 124.469683
-31.182156 112.569980
-81.988903 61.337808
46.570343 -55.749995
-0.754823 -295.759915
-45.981567 127.384299
3.881726 121.351309
-50.359916 67.495101
-116.716964 19.359532
-34.400097 -280.820186
78.432601 103.213809
-100.216473 61.354247
-96.032180 58.512174
-112.197111 70.391809
72.309972 103.401484
-79.287382 49.371845
74.356196 124.250892
-154.879935 91.297534
-83.723389 94.430727
-57.939166 133.530290
-62.887153 67.303527
-145.981303 58.320882
-99.705396 49.444710
-123.565601 -25.725449
-58.407429 -181.714359
91.316908 -217.732846
-66.901920 -247.605311
-16.728691 -262.607685
-58.384727 -265.704201
-62.595787 103.348547
-170.169761 19.328439
71.092054 -193.735396
78.403901 -220.831019
68.629787 103.291320
-27.122745 79.421889
-83.529892 70.362171
-83.557770 7.500224
-8.444258 -280.740331
-6.991852 136.341040
-4.248930 139.484075
-12.788754 145.333257
-67.056474 97.407989
-76.985352 46.534368
-64.889502 -154.627839
-64.848257 -166.495987
-139.601585 25.678435
-75.376626 163.418983
28.937566 148.472030
-27.114152 70.494428
-62.521962 67.577391
-95.948771 43.476684
-71.116450 -16.582734
-46.016970 -274.705064
-112.299362 16.350142
-112.646784 13.374566
45.646056 157.550172
-96.087685 70.437033
-42.114407 40.386482
-66.900123 -160.544455
-37.763409 106.433958
-158.486508 61.332239
-70.953197 -88.511078
-116.917338 70.374709
-100.838437 61.085963
33.018154 157.493301
99.914161 145.478765
-43.928937 121.531149
-58.786500 46.262574
-24.853530 -283.709764
-99.878957 148.502602
-4.284991 115.509709
-147.847138 94.588813
-87.968140 -31.612695
62.358006 -247.543542
-13.049432 -286.790457
108.532704 193.362128
82.830237 178.524577
41.890269 163.516011
-23.536964 79.332905
-75.408185 55.275976
55.160882 -52.734574
25.057071 157.453405
45.274413 142.409276
49.967154 145.466445
-121.367618 64.219228
-87.249451 52.311744
-98.955323 76.360483
66.049230 148.266955
-100.054749 7.532334
-112.710855 37.372017
-125.495898 19.344223
-58.778266 37.414990
-62.616131 37.372377
-108.551242 46.362415
-104.752719 76.282856
-117.050391 70.290288
-92.429722 25.241962
-146.593957 73.244071
-65.258995 -265.695049
-117.107715 64.349667
-108.202206 61.457535
-120.717960 46.474662
-54.879555 -227.014355
-75.588171 163.356577
-93.650649 157.713253
20.337229 139.467002
80.523111 112.390525
-108.704971 79.283217
-150.054638 73.626823
-156.093749 43.612186
-77.039945 -22.394956
-31.329876 112.537645
-81.145393 163.590317
33.229094 142.357606
4.359736 127.473688
-50.089640 85.470925
58.161653 -205.611352
-171.096519 31.378403
-178.984938 31.311434
-78.983321 28.293305
97.237597 103.333389
-50.403806 28.371414
-46.498993 40.204299
-58.140981 40.437345
-150.182318 49.308260
-64.883691 13.713539
-58.325455 -166.536932
-91.764958 55.409138
-100.144361 61.478263
-112.979814 67.209619
-88.260864 52.253282
-68.919891 -94.643853
-67.155039 -88.691063
29.333125 151.419854
29.355269 157.435606
41.220591 154.256168
-134.115371 -37.830955
-75.402537 163.322606
-150.183546 88.465221
-66.338546 13.324170
-62.999287 4.329427
-113.013648 -28.659046
68.762377 178.694994
-70.986448 154.535872
16.259400 142.344638
-85.297240 139.607858
61.755427 121.381335
-38.054485 91.222545
-50.292717 79.413844
-131.036712 34.587687
83.261204 193.476640
72.924800 157.515360
-58.416739 -94.668731
-71.410809 85.309063
-70.969656 85.414765
-79.574655 88.356995
-58.053897 160.377186
-64.554143 160.516113
-37.992899 103.222572
-62.891287 76.402405
-146.493351 70.362598
-77.860308 -16.752721
-29.412683 -250.786936
26.966699 -280.681040
-95.610219 88.390935
-117.208688 73.162824
-99.657914 61.399505
-83.445478 46.569259
3.267218 55.026391
-63.009932 37.369066
-52.106575 -157.563705
-65.609496 -220.706634
45.664826 145.444751
-108.673758 103.234677
-89.879803 61.401281
-41.805062 55.440253
-66.717945 -223.572655
-64.893556 -262.669146
91.151505 190.309493
87.076023 190.285674
-104.704093 28.319029
-62.233767 -22.606278
32.881416 154.447196
29.075384 154.504004
-87.645290 136.396616
-106.255015 34.551980
-121.370458 76.300809
-116.272905 79.479400
-100.341254 52.366070
-96.127508 46.317020
-64.763662 88.547004
-31.974644 151.294546
-29.552939 154.422704
-37.946472 115.464475
-37.341499 112.455855
-171.116971 82.425357
-106.520989 58.549513
74.582278 160.306601
7.934338 115.536997
-63.235364 37.298107
-58.488347 34.366214
-46.285888 136.477043
-54.968365 136.274910
116.117141 199.228449
95.106656 190.277029
91.516598 142.507667
-67.082839 94.356397
-130.025287 73.104188
-123.141565 70.269132
-52.714207 49.360477
-117.192760 -13.718365
51.139932 -55.668027
-54.727020 -160.735236
70.416892 -190.778185
49.868584 -208.729208
-58.506663 -223.593175
66.215877 -241.782736
16.154549 -286.902667
4.390583 151.447299
-41.695571 133.514405
-16.757805 106.290936
-58.900310 106.314103
-21.028801 76.433761
-100.094468 61.535223
-71.493094 -7.749964
-87.994592 -28.660310
74.402349 193.427076
-50.496357 133.306075
-58.791607 103.342881
-150.435028 97.392651
-91.873492 19.294719
-96.114129 -1.630027
-75.131710 -7.629337
-71.203458 -253.697878
-17.012734 -283.631934
-16.007697 -286.775865
-177.836005 79.307674
-65.266370 40.271579
-142.243247 85.394614
-84.120392 -7.760885
-79.481952 -10.544710
-23.263946 -283.643762
-57.314170 82.363407
-58.604884 85.423999
-96.030019 37.461787
-41.437520 -229.625003
-25.159712 94.491289
51.996118 145.385099
46.134315 148.520687
49.581047 145.392095
-154.430178 94.506552
-66.496082 -223.721709
-86.158470 -28.672410
-80.085487 73.215130
-79.240991 70.268733
-79.190683 73.472410
-42.153991 52.282827
-45.437862 58.257821
-58.805659 34.429735
-58.039565 34.414921
-80.803113 16.153375
-40.656105 163.316869
-37.408618 163.534343
-85.448275 88.498041
-79.555568 88.374553
-82.263322 85.345386
54.520172 160.360615
-12.578844 115.395251
79.140764 106.429842
104.101402 103.493414
-87.660062 88.365281
-66.369156 88.383531
-20.989289 88.481133
-133.376158 55.362218
-129.361141 49.437130
-79.265375 -13.670607
-62.275097 -88.706794
-66.647602 31.413682
-66.497721 34.365035
-64.861920 31.364748
69.481980 178.591776
70.059993 181.303944
68.812657 175.519878
68.812657 181.521384
-95.917427 91.283024
-91.975979 88.487971
-91.795637 88.359439
-64.897637 157.406297
-65.582497 160.350445
-60.442000 97.500300
-58.812486 92.020519
-64.554143 97.500300
