date:2016-09-09, time:1700, wind_speed:3.69, wind_dir:311.0, temp:29.8
45.127555 111.934862
40.116377 117.844277
-109.428642 -250.206970
-30.713059 -191.415995
-167.896037 22.961211
-126.154783 -22.527178
-59.253495 70.689573
-109.216101 21.945172
-113.662068 28.877247
-109.465317 -19.871680
52.874972 108.501223
47.918525 109.503312
-147.033347 -13.687443
-84.279585 77.318553
-125.918286 31.958773
-134.277794 52.920206
-122.508767 73.340741
-18.474304 88.137943
-117.756739 40.952605
-72.070724 121.634616
-22.033513 124.496335
-96.920880 -13.270150
-101.018642 82.972712
-101.126912 80.261036
-105.109461 100.738000
-109.342112 14.227884
-105.913166 34.228589
-122.023732 28.366549
-93.472605 -13.818910
-105.271062 -46.326398
3.163857 106.147942
-113.401454 -39.550124
124.060436 106.870172
-113.663719 67.858583
-126.550835 -26.103950
-142.649064 20.204566
-114.225603 31.427167
-138.764065 40.582841
-97.343709 46.318650
-100.972776 52.832326
41.190642 -287.105895
-84.289101 5.167495
-100.997747 1.198555
-126.073369 1.776221
-126.014213 19.989877
-121.251097 -44.051562
-109.381623 37.948840
-84.623825 124.001998
-63.389682 107.128912
-110.454550 43.486746
-54.943658 94.993159
-96.894338 91.851092
-71.904062 -252.929519
-96.788908 22.981679
-75.866513 122.152764
32.176175 124.882164
-92.942490 52.418261
-168.206504 25.043003
-93.152924 40.255116
-105.344770 37.516978
-80.412091 85.997889
-59.819237 37.566509
-121.856940 1.905358
47.918525 109.503312
-72.396154 75.872674
-1.306789 114.998597
-92.686432 118.907734
-126.140811 38.053991
-130.251635 46.776772
-101.036800 -13.332610
-5.235166 -286.170510
-55.318585 118.672871
-104.876270 40.093517
-101.045980 26.422669
-92.873187 76.579434
-126.689847 24.938049
-1.086555 99.939503
52.698029 108.903820
-25.785595 75.899257
-84.688044 34.521702
-84.290842 23.518669
-167.628375 64.685891
-113.984064 73.438974
-155.510436 37.425675
-109.609461 43.468698
40.773364 122.005301
-147.561139 -1.474438
-46.898961 61.872368
-171.874402 28.604949
-101.243938 10.749082
48.953701 110.081192
-109.459507 16.849486
49.159201 122.135263
-67.639124 121.961142
-51.403493 120.842299
-117.535687 53.326981
-71.919041 46.938307
15.597372 -289.464505
48.743650 108.154492
-34.502882 -274.555199
-71.840800 94.711708
-118.537421 28.179067
-30.271284 118.852783
44.461203 133.551143
-84.257577 72.889382
-113.495689 1.870034
28.323957 122.106223
-38.361573 110.451857
-113.554393 16.596383
-5.718597 34.278167
-51.150369 55.993511
-55.287370 73.771168
-55.209790 73.972613
-109.582003 58.464705
-109.611402 64.677523
44.951881 115.831504
-118.318975 46.509777
-34.417670 112.596819
7.370238 113.090144
-117.605187 94.851242
-46.797397 142.929616
-151.276673 31.686858
-38.963917 -274.795615
-59.289861 89.284419
-68.526323 85.214274
-104.973326 41.136258
-113.481946 28.954138
-109.081583 12.963030
-114.081631 9.913944
-76.463560 31.708999
-105.152626 38.124400
-54.997880 59.156343
-106.231268 61.491264
-121.815479 40.939145
52.639769 108.806564
-97.676273 49.142689
-88.411753 58.853054
-76.248295 34.784202
-117.624001 40.052448
-46.705274 90.949359
-134.493123 46.592783
-105.549932 37.444802
-75.904377 83.223202
48.327674 108.880550
-67.726047 40.641712
-5.379898 1.744904
-5.179272 -298.289508
3.114992 103.726117
52.683350 108.828254
-122.165370 58.649339
-100.919951 -15.824217
-159.880905 61.519860
44.035388 145.203709
-46.913498 133.706651
-13.477208 118.918753
-67.625388 67.959286
14.863498 -289.868217
43.806382 121.506324
-80.211170 127.751029
-126.178242 34.880011
82.420985 -235.241059
52.937295 142.708384
49.099348 133.983232
-59.404771 121.930302
-63.233655 97.883451
-80.144088 137.247638
-46.710893 125.098240
-42.746876 118.684949
-117.737102 49.690588
-76.176410 22.908555
-26.128947 125.031450
-101.749165 51.878210
-43.234579 118.605746
-80.135407 25.510165
-80.313085 -43.172049
-100.937447 -25.134973
-105.068278 -10.227989
-71.807682 148.243542
-55.280956 109.490935
-110.025607 51.992827
-68.016633 40.650607
57.354046 145.736842
-67.974489 136.895236
-84.323866 41.458781
-105.262834 19.606856
-17.947502 97.460051
-4.976437 79.869052
-130.329992 31.568999
-125.979185 28.866096
-71.723679 -72.913969
-63.597123 133.924918
-67.629461 73.772943
-130.895868 19.362861
-105.499009 13.573628
-30.159390 -277.121439
-34.260053 84.873354
-118.228371 64.549979
56.253950 145.512348
-76.024283 70.903792
-43.470809 142.249702
-47.145195 130.448537
-109.475257 37.378715
-93.061495 19.679197
-92.906742 106.916111
52.717724 108.822568
-85.149920 34.219916
-84.462649 37.727014
-84.401625 91.817141
-130.172558 14.084409
-101.150299 16.742661
-84.442907 19.829600
-88.262370 -39.765966
-59.262798 -270.769890
-96.835914 67.995253
-101.201866 22.645920
-105.501135 31.716382
-117.626219 -28.226941
-55.990042 145.241802
-47.883293 133.509336
-38.433010 113.136660
-134.696294 67.653480
48.895974 112.646753
-84.471729 139.772511
-33.869913 108.930855
-109.330231 71.042435
-126.184398 67.477192
-76.857301 -256.851211
-96.786024 -6.992337
-117.653523 37.887194
36.662611 -61.059649
52.713521 108.755812
-92.752289 56.271616
-51.190006 145.822722
44.642204 127.176349
48.438898 108.875642
2.914900 124.640158
-55.297175 118.738885
-21.995532 121.469479
-92.834362 148.865939
-46.685264 95.082959
-92.710010 -22.155854
-71.913606 133.533835
-113.326784 71.213349
-114.280600 46.152814
-113.432553 47.447887
-113.684267 58.666070
-51.531162 103.493948
-30.063088 95.094514
52.722258 108.880975
-130.328587 64.801263
19.864454 -286.114539
-38.318925 119.248530
-101.044794 -7.178215
-93.010004 -4.243321
-55.319677 149.055942
-121.766025 59.470294
-59.301798 62.205244
-113.622709 41.098021
-88.924316 10.680015
-50.963032 113.160660
-117.506114 64.065662
-9.735434 127.339218
-59.443586 43.839862
-63.552472 19.814179
-59.298112 128.276739
-134.559580 64.614864
52.893226 108.627901
-76.255496 37.716036
-76.674046 46.382143
-100.976282 107.308116
-71.929798 52.890761
45.110244 130.231131
-134.174088 15.924855
32.580484 -287.304195
48.681552 108.169269
52.694122 108.869071
-67.796797 40.870561
-80.029885 44.470111
-101.291900 39.810029
-71.912243 86.088072
-22.877018 109.503312
52.643609 108.850104
-76.138436 25.659867
-109.879049 73.521748
-147.695824 15.520099
-22.605553 118.161829
-122.533260 46.232349
-55.051269 32.137421
-50.899121 88.955843
-30.723241 91.341377
-106.005816 76.233475
-92.754347 79.942599
-101.181813 85.822154
-96.661319 89.284892
-125.954522 64.921621
-75.971102 104.104298
-67.619244 76.854184
-67.288740 42.990719
-101.350332 46.759340
-134.286499 64.967233
-113.409294 62.180191
49.169938 113.164267
-117.974484 49.659977
115.881527 107.055010
48.977231 113.145506
-22.026822 79.749975
-17.752289 76.954143
-51.737632 142.213852
-30.179757 130.793677
-121.852206 37.862729
49.117665 113.070832
52.639836 108.765600
52.430639 109.143821
-110.188316 31.220551
-117.830322 34.515822
-117.640345 29.011417
-113.469964 -0.916876
-117.506714 -0.912627
-76.076409 110.214868
-80.200594 110.108171
-71.764046 113.009635
-68.339575 21.975155
-105.367808 67.922769
19.640561 -97.008868
-142.646766 11.014922
48.408775 108.877235
10.745966 -289.947124
15.624614 -288.985278
16.047953 -287.134205
-71.356785 172.214124
65.124766 150.993295
-126.643704 75.827601
-163.570513 61.466973
-92.674238 52.936907
-80.118265 55.920760
78.144567 160.891918
2.710272 148.438689
-38.761661 136.560681
-63.474061 92.457300
-105.328878 34.738032
-56.218718 175.519878
40.558637 153.878838
-59.304865 148.979016
-34.450796 124.850916
-38.190100 133.168857
-67.533170 101.152793
-59.395757 67.986300
-59.270336 80.231391
-71.995707 76.856838
-104.923484 88.246710
94.884792 -211.438247
-97.487496 82.415784
-59.497291 175.714051
-109.376165 85.889350
-96.853275 76.805551
-71.999372 37.725366
48.836645 108.217266
-105.293701 38.022289
-34.583389 121.815558
-34.448049 91.825963
-110.454550 28.482981
-92.821353 -1.119634
-71.979100 13.577689
-67.919545 85.800121
-55.397120 66.863111
48.777712 127.722198
-131.237543 58.490511
-121.807733 -10.246139
-101.120098 35.085401
-109.236856 37.042265
16.105914 -290.096170
-117.510851 59.178861
-109.367666 53.498504
-47.586452 -268.871616
-47.574838 -262.879762
-96.314933 33.874133
-100.970064 41.104530
-50.876739 119.255174
-50.690649 120.979759
-117.471678 35.145339
-118.282642 34.252211
-84.661637 40.765087
11.091241 -287.070706
-92.536722 41.222593
-88.680279 115.889418
-21.520388 85.131281
-87.791695 124.201728
44.780255 136.626592
53.175166 136.867972
49.157179 122.167624
48.959066 119.027397
40.074805 117.860684
-101.661436 69.781416
-109.124335 73.135082
48.389758 108.927726
-151.033427 31.912372
-101.237222 82.815485
36.363007 148.863574
-88.737210 43.964726
-100.816988 44.323467
-67.700063 98.228332
-80.989184 103.175808
-71.767175 131.004481
-59.302658 124.990699
-71.701903 169.820825
-63.499401 164.075332
-80.104970 55.794157
-88.438329 20.157833
-88.421544 23.226240
-34.275643 113.218933
-84.398453 34.846709
-71.815359 -79.268539
48.367999 108.832255
52.646114 108.867300
48.740462 121.734125
49.141624 121.938437
49.197906 122.159767
49.057079 116.426677
-75.830330 32.344539
-62.955926 64.093936
49.000986 124.969877
-138.524754 61.862574
-130.365893 64.641688
-134.782519 60.936573
-122.902118 40.485993
-125.979036 35.207955
-117.654052 40.891421
-30.041481 104.122453
-105.161835 76.949432
-105.675246 76.122725
-84.973285 21.881007
-88.746548 22.590671
-84.293770 19.928937
-138.895899 61.589672
-134.571759 60.872098
-134.302992 59.439441
-93.783700 49.488252
-96.877781 46.782276
-92.561934 47.260057
73.947586 223.632222
111.393881 226.868332
127.483478 202.697796
-92.763635 187.720294
-22.420924 184.049053
-25.762462 170.251835
86.524733 167.041700
-84.539789 166.875693
10.966211 160.749895
78.300825 154.891813
48.779555 142.615645
-55.132029 122.223662
-138.797386 106.712963
-63.747368 103.925125
-71.905821 56.058706
-72.081249 85.696063
-71.966491 85.970283
-63.752594 91.642830
135.754987 226.290821
65.791698 218.405566
124.151461 185.307516
-105.098800 167.074281
-25.834228 164.207523
-105.911641 157.252863
-122.902118 154.514607
-5.643969 157.597969
10.950902 154.339339
-38.574269 151.470099
-17.609013 151.010571
7.591788 148.305397
-121.872793 142.897381
-46.695833 138.949127
-25.995367 129.729055
-92.489659 113.120132
-92.921528 103.575211
132.466636 233.107446
161.742630 206.375025
148.512034 196.145623
-84.416406 181.911081
102.855447 184.396170
-80.668187 175.238666
-71.909547 172.888582
-2.094025 172.519125
103.033123 169.539469
111.434840 169.658309
86.644934 158.189633
-55.009839 152.184911
-34.686869 148.627308
-14.246590 133.176961
144.871918 133.819705
-18.764875 127.507830
-42.521545 107.242876
-67.655915 104.019325
-121.885983 100.747457
-80.113591 92.561010
-46.850138 82.885347
-84.414154 61.069147
140.503341 208.822941
161.615342 170.051919
-14.541593 160.516113
-59.564278 148.796090
-1.337229 138.948616
-42.501680 122.137921
-114.313830 117.913156
-71.859548 115.834236
-84.271869 104.372097
-55.482004 103.391577
99.130308 218.355537
-30.583476 187.457748
-104.730182 162.923123
-13.679298 163.825458
-126.176171 145.753260
-13.308232 143.185250
-100.896356 139.991057
-38.507865 131.209746
-114.075993 112.295189
123.983962 107.110983
-46.479059 101.256267
-80.464954 91.635393
-88.526570 41.068585
-167.682935 19.983785
-172.449185 21.799740
-176.866124 25.200147
153.242018 226.967112
145.000520 209.332998
-55.255834 160.699053
-17.637954 158.507459
-118.158882 148.513832
-105.142861 148.982174
32.329059 143.022957
40.056973 145.723411
-88.729873 130.790992
-9.202079 121.033510
114.817519 106.180183
-55.331589 100.749437
-117.862680 82.702887
-55.828417 73.125983
-67.817016 151.942230
-67.572442 144.621198
-67.667581 149.216126
148.679618 232.509098
74.039007 229.809423
107.348646 212.021398
161.544287 193.798460
132.089858 187.573935
-9.630279 157.616763
19.642658 157.846979
57.167723 157.539896
-93.175942 154.506002
-63.547612 139.589580
-84.476854 139.903451
-80.981257 103.139619
-117.855423 94.974775
-67.883286 70.541007
-55.216450 124.766561
-59.378397 124.819075
-46.851422 125.239760
-54.783237 123.952371
119.003470 238.248945
153.312021 238.888492
161.169593 235.671379
-10.001399 178.017274
115.505189 169.963736
-71.887126 166.907859
-72.109509 160.752100
128.196767 160.749564
-88.689992 139.864835
-88.953279 127.502239
-55.076451 127.805349
-38.803790 109.667046
-50.887020 92.151970
-72.022445 43.460587
161.453874 227.044829
132.030029 214.775043
144.933223 209.110119
127.795725 190.509256
140.766075 190.958455
-39.547868 184.522137
157.280986 175.989446
-22.397746 165.893304
-13.717515 157.691804
114.967813 160.331317
-38.554964 157.708714
-84.389994 106.847468
-30.315912 109.650427
-118.017923 103.585429
-159.820030 103.514376
-92.819999 104.039610
-76.073182 46.974811
-76.454043 13.559683
-76.321619 13.172606
161.545833 215.192922
127.993343 214.880138
152.975088 205.742784
-84.347013 178.992197
-13.549748 163.959672
19.955467 158.154911
-42.358752 154.039546
-125.739416 148.180324
19.641598 130.522654
-96.976776 118.714264
-38.500746 117.942786
44.653479 118.599963
-38.424433 119.434804
-130.604708 106.225165
-130.328718 103.511872
-55.316607 102.837075
-155.086220 86.176950
-83.708718 121.198454
-75.975740 122.153920
-76.296595 124.638745
-92.744423 121.836538
-68.633276 132.837554
-67.790889 124.148381
-63.551491 127.817153
48.828944 118.828835
48.876913 118.781041
45.272838 117.917663
-150.945780 11.165447
-150.973753 11.034654
-38.578948 130.818113
-42.616082 134.416548
-46.940452 130.775638
-50.275350 139.222722
-59.059482 135.856652
-55.122542 133.937103
-71.853916 104.108552
-75.893606 105.934254
-55.069647 86.135567
-55.445623 85.668677
7.319711 113.041038
-122.091149 46.662607
-109.642813 16.399017
-109.617141 10.884782
-46.844057 131.072090
-50.965413 127.979761
-67.792892 19.621281
-113.439039 31.950673
-117.787638 32.017468
44.076845 112.175011
-43.030222 121.568192
-42.545676 118.911714
-100.885368 50.250152
-96.705004 50.006434
-84.546611 25.600059
-84.175523 26.345397
-84.261262 26.160407
132.431352 233.020087
95.165808 211.044023
110.717179 190.254393
89.790061 180.969292
-35.119004 154.221355
-46.839435 154.672159
-75.861882 146.059313
-55.033120 146.165692
-63.388641 146.566873
-38.410144 140.087754
-97.035552 136.852942
44.605717 133.591425
139.891548 127.240472
-97.034301 118.637012
-67.730567 115.716779
-160.037774 84.550292
65.711216 224.095489
102.360443 205.273493
140.409742 199.796366
-97.047361 175.826948
-71.929045 157.680683
-21.999878 151.799543
-42.882302 145.725389
-4.947041 142.951008
-17.864840 136.900517
-71.877314 122.561496
-105.280233 124.730031
-55.166490 100.635519
-151.665065 87.848764
-54.893432 62.151859
132.305746 244.829603
68.777425 223.580271
94.652514 205.866584
161.711046 209.049283
124.100713 203.176986
-51.875098 184.264275
-97.895843 181.521384
-96.853461 172.824202
3.053309 169.930615
-93.339870 160.181115
-71.687382 161.443009
-93.212277 159.927561
-117.549003 155.302554
136.692679 152.526839
-13.652853 148.726312
41.174463 142.095015
52.671620 144.942232
23.771822 139.650940
136.470728 133.982581
-109.323307 122.476665
-113.269362 107.116565
-75.876141 107.257422
-122.072989 85.638993
-79.977363 31.909733
48.176543 118.157705
48.988990 122.175192
44.916179 131.149550
44.798308 127.837853
95.058533 212.078636
119.780789 208.972240
148.966793 175.838696
94.870555 164.025445
-105.235107 148.741884
124.184351 149.143381
20.069417 131.103125
115.013528 106.330142
-67.751070 82.788624
-55.128094 59.229752
-26.918085 94.046739
-21.507612 89.201916
-26.063786 92.014542
-22.041256 94.791880
140.709792 241.999235
153.164099 223.909178
82.449818 215.206701
119.892046 208.982527
124.156522 194.434125
153.422180 188.344383
111.552106 175.958575
-75.983214 169.904695
-84.238554 161.220417
-96.884112 154.808883
53.368917 149.219794
3.014983 142.730112
-96.783843 139.912630
-109.508199 125.565077
-50.531742 96.927920
-113.494928 91.783484
-146.948159 86.021688
111.161093 229.801606
115.664262 212.178640
-26.200952 166.781933
-63.717142 160.693758
40.731205 139.906257
-92.550836 137.169578
-67.636873 131.161675
-18.017174 130.743057
-80.177771 116.078470
-126.908870 106.203264
-97.895843 103.501806
-84.512094 103.921962
-134.299307 101.107531
-56.218718 73.494276
136.654159 236.022702
153.267544 239.011467
132.500933 227.057738
-71.922461 184.650687
94.899316 182.068698
-18.505853 169.259941
-46.693754 164.124545
-38.404819 160.992912
53.341490 160.885566
-122.387940 154.406569
-84.412801 128.597264
-121.842971 121.894967
44.759560 124.550228
-121.717703 104.226994
-126.197811 101.010201
-92.773425 99.969080
-151.137451 91.835267
-84.439073 88.808074
-80.278022 40.759259
156.774037 226.008138
103.456901 218.129979
-51.188663 187.892585
-21.767828 184.844835
-18.498570 163.232960
15.732628 152.060133
48.169680 145.164079
-96.906963 136.930624
136.545347 133.989828
-109.349420 131.096266
-76.138249 124.800040
-14.317684 124.216191
-55.243550 109.802966
-55.232478 106.874788
-106.231268 91.498794
-84.330501 56.273762
-71.967086 46.628404
-88.444016 40.726946
-80.431274 37.674782
-80.576626 40.563791
-13.684343 145.770125
-21.926760 142.855579
-22.005519 142.644543
-46.738729 119.028246
-84.527752 163.884067
-88.645002 166.795624
-84.259900 26.013043
-84.557782 28.837513
-46.920380 187.724961
-51.243164 187.551790
52.579819 108.806106
164.897847 205.414030
-126.751808 45.790547
127.759430 193.317045
-71.901103 85.799392
-109.496091 31.568222
-68.161934 145.560866
-118.353235 21.728954
44.227460 121.249498
-55.795068 72.931121
-96.936857 55.992057
-117.619530 59.276080
-76.314340 133.533683
-72.889568 127.507830
-88.556860 184.873702
106.966457 178.001140
-63.410586 164.258551
-13.349667 148.914062
-92.859369 133.721089
144.125499 133.204352
140.758396 130.976769
-21.878732 121.936299
-121.992270 94.431254
-76.022351 44.011037
-117.767342 112.123890
-113.530770 119.141678
-113.581463 118.906855
-117.505633 114.987809
49.095828 110.294974
44.352357 111.860829
44.375198 111.851883
44.802861 113.012974
115.784023 107.105281
119.048789 106.168047
-30.248274 124.770677
-34.123236 124.058994
-93.208265 118.273784
-97.001799 121.735704
-155.193229 85.816224
-146.747956 86.109309
-51.468357 91.025959
94.316974 178.250184
115.348653 178.675866
-9.724330 175.351925
-5.688294 172.360871
152.873141 172.555772
102.858987 160.498289
115.552683 157.570915
-14.069233 154.207362
65.739812 152.442297
115.176278 144.859239
36.330224 136.728793
-68.102591 133.682059
-22.328548 121.397322
-13.531759 118.756851
-105.656383 88.139984
-88.802092 82.764703
-59.248003 55.140286
-84.968400 43.513270
140.335941 225.905965
73.922363 214.771055
123.852984 184.460185
-84.337806 175.981049
-39.106949 163.399564
-30.602030 154.681073
-67.749516 145.647036
136.246305 142.465137
31.911336 129.933935
-76.019406 113.476901
111.013656 105.895061
-76.522004 31.401618
-122.659793 34.154604
-121.772136 32.235855
-117.918114 35.039880
-34.765116 108.765787
-34.931341 109.029746
-34.470646 109.865335
-30.290744 106.602011
119.488714 235.467616
119.747181 230.060448
132.056015 229.178870
152.804603 223.585966
120.040181 206.184638
149.206389 195.977912
140.731667 186.991662
-34.565134 175.487829
-105.268342 154.801757
-68.036269 151.461505
-76.119111 148.815677
15.525779 148.904646
-67.882796 145.709479
48.902507 142.677073
-76.338359 136.395828
3.087527 136.698235
-42.986833 133.795303
-125.970097 124.761328
45.031098 117.933335
-88.814994 109.394114
-21.773521 107.005327
-71.448827 99.937415
-51.685259 94.412101
148.801655 238.695598
136.230041 235.638601
94.488063 223.703311
99.085054 203.118910
-21.821839 163.480997
-9.261166 163.954783
3.085094 160.643634
15.739741 152.000260
115.446656 148.887488
-30.442236 136.823450
-100.953342 131.025308
-101.618339 126.638016
140.224084 126.937546
-64.141460 103.472611
-84.706463 79.865078
-84.473351 49.858013
-151.041672 -0.579870
-151.183211 -1.254717
-151.264121 -1.313984
-55.167691 88.723622
-55.596327 87.923326
136.304376 238.658875
-84.463329 187.850637
157.265139 169.672739
102.154357 163.516866
73.923230 160.767465
94.671024 154.653662
-14.541593 151.513854
-105.254302 130.732786
-117.481312 120.750396
-101.175590 121.585464
-117.809190 109.620748
-134.317658 96.880926
-55.422033 88.389602
-59.461417 88.797054
-55.233601 89.544661
-54.916250 92.245232
-38.977333 93.872813
-47.408294 90.969909
-34.515024 91.897104
-38.778807 94.843742
98.927797 211.254589
124.026710 191.133228
-50.940871 176.207600
-26.316111 172.826402
-17.570944 173.225062
103.298779 168.962390
-84.227408 165.919322
-34.334101 161.011681
107.779247 156.943042
7.270370 154.843825
111.245246 154.963800
-43.191998 136.289541
-97.019206 121.597483
40.617212 118.184356
-84.701120 94.475693
-76.026058 49.969898
-121.826360 43.748780
-117.745108 44.105774
-121.865013 44.246509
157.573357 218.425663
132.312813 205.789820
144.959678 194.052306
-38.594068 176.018847
-85.215991 138.627217
-63.696674 139.492186
-34.083015 138.980101
-76.041654 134.545273
44.926579 116.307143
49.109567 109.988014
-138.376206 104.250362
-101.035613 103.877440
-142.930340 97.535302
-125.812171 91.886676
-138.353683 77.478322
-59.283015 68.359060
49.114673 122.195416
44.597940 121.857781
48.195686 121.167152
-101.048529 44.120896
-100.807748 50.179332
-101.803277 46.124698
-101.839568 49.156276
53.378484 146.150514
52.389703 142.194196
53.088314 145.819590
44.091423 145.164581
-43.165639 94.592261
-38.392169 98.474049
-42.847254 94.859978
-43.441945 94.526003
-92.860753 53.167195
-92.462416 52.967040
-93.365320 54.931626
-97.574892 121.182537
-96.850577 121.884346
-113.038898 58.208140
-113.962785 54.824647
-117.400536 57.977724
132.031772 220.332919
111.400625 211.037293
123.795270 193.114626
156.938421 192.721721
-59.937163 178.186876
-68.368013 162.898425
-59.863490 157.527548
-5.619703 148.535682
74.013647 149.338953
-76.217675 145.100599
-38.447030 145.882146
-101.495974 142.408301
-122.280757 139.596783
-113.445081 140.157895
11.393002 139.667797
-93.500408 136.215981
48.241036 136.227417
136.054811 133.632228
-13.442600 131.172780
-97.294512 105.799644
-163.669752 25.533416
-167.723102 25.797677
-167.640412 26.136315
-55.436887 85.460906
-50.942598 88.970636
-51.240062 88.695407
48.513247 124.685341
19.950506 152.217846
-67.883206 103.572423
-18.215255 144.941041
-80.410988 40.768273
-47.607756 94.174877
-51.777988 94.480128
-80.827340 85.355502
-80.171689 85.842043
7.111372 112.804718
78.242579 218.092510
86.582139 218.047663
111.533943 194.061921
-34.548833 184.763600
-17.495877 179.193596
-54.992553 175.969154
-88.752234 166.651958
32.295339 140.441217
-38.650807 121.898331
-88.516132 97.969908
-146.823013 95.025060
-76.072394 94.850731
-151.101341 86.233910
-125.855473 77.154924
-113.289636 76.936852
-51.530021 145.287564
-46.813482 143.293356
-46.954955 145.892035
136.215150 202.791208
119.972000 187.911984
-88.532853 176.551184
-59.225872 175.930385
-30.210528 175.936263
-26.164216 175.830030
-71.665103 158.217006
-101.712490 156.868742
-1.047637 149.072040
48.909029 136.969758
-105.520086 124.784838
-42.682167 113.029397
-146.958501 91.866629
-92.738743 80.384104
-63.713294 52.808107
-122.902118 1.476204
-122.434764 1.400458
-130.114918 2.519612
136.375872 227.069974
124.185407 206.088158
136.794574 200.119460
140.785328 185.416118
-30.308779 181.996820
-60.185998 163.185680
-75.962057 155.099996
52.828139 145.768002
127.522007 145.255094
-101.823315 133.225515
-21.849992 119.450266
-67.563439 110.256448
-55.359196 100.599542
-60.163355 94.199677
-72.508195 45.939327
149.162093 233.313576
136.643311 227.271008
153.228968 223.978656
94.894503 221.087546
161.587126 194.069876
-34.302447 182.528043
-80.310388 172.988846
-84.434652 160.864174
73.222992 151.155795
-109.221127 149.187471
-67.633738 136.997049
-26.065054 122.516819
-84.238987 112.949699
-38.390545 104.194801
-80.255245 100.932446
-134.323230 98.236415
-76.037081 56.047999
-17.648558 131.180004
-17.641250 134.179785
-14.230383 127.143078
-17.885050 130.389328
106.286838 229.581777
94.051546 214.311267
157.376022 206.530799
115.739071 203.130824
114.861583 190.162081
-80.087676 185.188088
128.238837 182.491650
-47.362902 181.244451
-85.448275 172.519125
-21.764187 167.524337
-80.855321 157.311685
-92.678301 155.263193
-26.672402 153.961729
19.912862 152.150013
27.442312 139.167084
136.155731 133.264745
-105.016522 131.131421
-71.674677 127.907399
-22.592336 126.801002
-42.566547 110.491419
-131.018642 106.147901
-85.448275 43.486746
-113.977005 54.832142
-113.935504 55.502703
-114.311863 55.192151
-109.583806 52.786315
132.509926 242.173333
153.207393 236.636960
161.018677 226.017869
90.281620 217.247320
127.376442 196.234401
111.559622 194.537181
-80.173639 182.575906
90.756479 175.940611
119.882134 173.117545
-0.932080 170.221562
102.476811 169.131433
81.486827 163.180191
81.475719 157.179665
-34.301576 152.235383
-76.837411 148.247223
139.879130 136.065395
-96.864747 125.500409
-105.953565 118.169537
135.941813 121.205405
139.892330 121.179833
-38.988713 111.894013
-109.280386 110.190837
-117.587071 101.316959
-105.032889 101.366417
-130.743255 91.342594
-155.190606 83.598853
-88.934326 81.954014
-76.296904 81.826747
-72.613523 55.284228
-160.165942 82.209364
-159.668767 82.238479
-159.982201 84.906169
156.843659 217.384786
148.554100 183.991211
-46.844330 178.857081
-47.452185 174.891007
73.815758 167.793427
11.295048 160.369812
-42.983878 153.852936
-42.886420 151.958556
-80.350790 145.457660
-63.971587 144.881020
23.284849 145.110341
-97.554999 142.476414
119.343731 144.875211
19.627944 139.833569
-59.213239 137.491893
-64.254368 133.230246
-80.673490 129.944775
-34.944223 127.468011
53.425889 128.340756
136.003605 118.336200
-122.577662 94.200597
-88.983437 87.927897
-89.043756 84.722035
161.571547 208.781690
161.714964 212.194941
160.775842 205.367948
160.961508 208.184599
119.330860 217.057802
123.186417 214.248917
161.047096 211.604253
148.416279 202.024723
-17.783872 163.604996
-0.861252 157.966423
-51.095005 155.484775
-35.084595 154.463256
73.275733 151.349233
119.142669 151.441324
-109.711721 148.040077
-105.481458 142.074774
-13.908887 141.789069
48.447996 139.331395
-121.881105 124.159014
136.188592 124.485327
44.869894 122.568043
-39.260517 118.222298
-59.642941 111.882699
-164.079743 94.231913
-130.605492 84.833179
-138.387230 74.416178
-134.809365 73.395215
-64.078984 70.116497
16.152724 130.145919
19.042961 127.151150
20.431761 133.038803
11.191496 133.455228
156.885859 223.014224
140.084307 214.277957
111.561360 209.482286
-59.594019 184.197556
123.539491 183.883054
-30.270543 172.619059
-18.195779 166.019285
86.163114 162.941298
-60.178131 160.252333
-97.560487 154.578137
-30.707380 151.312900
-34.580718 142.170649
136.220111 136.541011
40.211399 133.482276
-126.752485 124.333751
36.182523 123.968293
136.217147 124.571714
48.689213 112.542757
44.273309 111.875952
-76.649050 78.996756
-51.530482 75.978799
-122.278366 72.980009
-68.204949 49.419935
49.350491 111.852835
49.607191 112.119758
49.247532 113.109068
144.264056 235.045699
115.163090 214.590645
131.892839 205.581272
-89.002548 160.279975
-43.426754 160.419689
-47.280741 157.503217
90.619275 151.845252
60.848163 148.240976
-18.383733 145.102773
24.000950 137.162852
-59.777303 129.794431
-126.173166 106.568085
-68.224991 91.284489
-89.088383 88.529976
-76.705375 79.461960
-68.271237 76.246195
-72.357321 36.893490
-72.241054 39.876691
-77.112850 37.485240
-72.245580 37.603940
-42.718051 137.528092
-43.522502 142.187937
-38.680681 139.068667
-42.470768 139.197597
106.639443 223.656306
107.042402 217.496837
-43.048845 172.567158
-71.803544 162.970486
19.258591 157.382996
-30.351767 142.918283
31.741541 142.366468
-13.664876 136.620528
-67.937200 130.339409
-55.632488 123.950741
-96.856122 118.133269
-80.737449 91.456551
-67.948787 82.227383
-42.885674 81.878577
-97.580270 76.240119
-113.532133 73.714846
-67.648048 43.845926
-51.266248 62.048297
-46.684800 62.412794
-46.945820 61.668049
111.190706 193.493035
111.102513 190.500981
132.319459 184.595229
-47.186556 178.535107
148.828136 172.556497
-51.347251 160.706826
57.430712 148.197147
69.836191 148.494801
-17.945445 145.554647
136.157314 139.639491
140.729498 138.928724
-72.299628 121.396049
-130.608969 118.598180
-76.323455 115.346418
-59.676702 88.411960
152.948334 223.688728
148.590852 222.951007
147.963963 226.581024
153.297402 227.342091
127.657796 205.583001
144.318866 190.503641
-80.640911 178.304348
-26.179056 175.888143
-92.635847 160.937194
-42.753507 157.419612
-22.074725 154.648130
48.424373 136.385425
-126.355212 123.963370
-109.669605 124.556603
-51.648191 124.297347
-34.391604 106.293083
-130.418893 102.993084
-67.753885 91.295257
-84.767047 28.368350
-93.264423 118.284417
-88.410783 119.180683
-88.377267 115.764898
-110.454550 37.485240
-105.081679 37.897049
-105.005750 38.170382
-72.249529 127.758806
-71.771416 124.778285
-71.977951 127.774952
-84.336714 25.673430
-88.265134 24.983185
-71.176865 43.096434
-67.767005 40.904479
-55.216907 89.145554
-55.608420 88.656471
-88.829244 112.493609
-88.836797 -1.704377
-55.421610 157.178689
48.205753 118.243042
119.875892 157.864940
-109.142972 74.133332
-38.663654 78.805924
-96.841923 104.535735
-109.087970 -16.827308
110.489782 190.523643
107.917397 196.217750
-122.075617 97.363630
-122.597988 94.595210
-76.026410 11.382911
47.918525 109.503312
-72.017546 13.349677
-67.667202 146.070788
32.002963 136.546144
-72.257704 95.434149
-9.988451 140.021076
-72.889568 40.485993
-130.584074 148.208446
-76.015888 125.280393
-76.709057 122.774225
-38.713905 133.616028
-42.358507 136.432634
-97.883194 104.358901
-97.319990 105.437009
-42.392893 142.411080
-43.247423 140.907260
-43.227457 143.236936
-104.806203 156.881423
-105.547004 157.914645
-109.381571 158.034588
164.892426 205.220945
161.342684 203.684343
161.283616 207.233264
-55.015671 148.486364
-54.773507 147.780891
-55.283816 145.046790
44.052628 112.200629
43.806382 112.504065
44.098168 112.227756
-72.575937 55.224384
-67.987650 54.182121
-95.709744 119.941142
