3.221448421806281885e+02,1.204920216742746788e+03
6.536256749628535090e+02,1.055418651007759991e+03
5.664684169311598225e+02,1.059793932024635978e+03
5.214180653137905210e+02,1.095033117674538289e+03
-1.876487546854255584e+02,5.248900476744062189e+02
-6.044200046866258162e+02,-1.352756123250818518e+02
-2.668943123062855420e+02,1.603205751816266229e+02
5.625394953142080112e+02,1.065025587674489771e+03
-1.527665054796932509e+01,5.216538637433717440e+02
-1.396581793962617439e+02,6.107113679079762960e+02
-1.259976351679258642e+03,-4.449279234667610012e+02
4.791852453145997401e+02,1.095033117674538289e+03
-1.265319655286464695e+03,-4.392769084337063532e+02
4.058150587356914798e+02,1.175869332815930647e+03
-1.224740752181843391e+03,-4.402015788227348025e+02
-6.044200046866258162e+02,-7.526055232498481473e+01
-6.834001312002524173e+02,-2.000726996632424175e+02
-4.695549170994856922e+02,-5.417250976236736904e+01
5.671968469871712841e+02,1.061852865420299850e+03
-3.503897202688601169e+02,1.009168309308731892e+02
6.047723153133988490e+02,1.065025587674489771e+03
5.264683440772314498e+02,1.090101072558457190e+03
-1.428761577489188085e+03,1.247815232133825845e+02
-3.954786846866389851e+02,2.248147476747107021e+02
5.727541087980675911e+02,1.056030055121055739e+03
6.504960741293534738e+02,1.061505821554199883e+03
-1.012225974307337310e+03,-9.227915410450335685e+02
-1.266620226280027964e+03,-4.386537580530392688e+02
2.129256531456131540e+01,1.875228897675010103e+03
5.304836133258588688e+02,1.087662228240322293e+03
-1.350593594933079430e+03,-4.856697856318852757e+01
-2.094025468620891672e+01,5.849051076745032560e+02
-3.954786846866389851e+02,7.649502876747943674e+02
-4.288577728825642339e+02,1.256552699306953400e+02
7.292479953134246671e+02,1.035018057674441252e+03
6.241399531339939699e+01,5.548975776744547375e+02
-6.206168468662637849e+01,9.149879376750369602e+02
-3.954786846866389851e+02,1.647996876746136650e+02
-2.661566731323944168e+02,1.911418950831427139e+02
5.625394953142080112e+02,1.065025587674489771e+03
-4.788329346862473130e+02,4.476956767441957652e+01
-1.182279116751167749e+03,1.000886221143580030e+02
5.317334953128035977e+02,1.086958142178703611e+03
-1.828562331494239004e+02,5.811228247271889131e+02
4.847000707467456664e+02,1.090926899940521253e+03
6.506871437011632224e+02,1.061086809062903512e+03
-2.671958054407033956e+02,4.914358054148200381e+02
-1.778096732308858066e+02,7.568259868794727936e+02
-5.728165705077229575e+01,5.201903122318464057e+02
-1.229021184685880826e+03,-4.353509123255670374e+02
-1.261396883534297103e+03,-4.444337947987652342e+02
-2.607816317130128709e+02,5.461297572883244129e+02
1.046468153141696291e+02,5.849051076745032560e+02
-5.151440441488093711e+02,3.713843261842314405e+02
-5.572042443632277582e+02,1.015422444377806244e+02
-5.526548376510044136e+02,2.473109752443594402e+02
-1.473618559841907427e+03,6.988735966960749124e+01
-5.398517639758674136e+01,4.567562853434555450e+02
6.698564544437311952e+01,9.702448584891754990e+02
-3.487302717073386020e+02,8.504823945211970795e+02
5.712103620861437321e+02,1.055468595252125624e+03
4.832183595329412356e+02,1.090170783615251821e+03
-1.104545504685855121e+03,-5.253735023249229243e+02
-9.913228998794900804e+01,6.111793655223794985e+02
-1.003030511810310514e+02,4.610832158645591221e+02
5.671633798942611975e+02,1.061342205215681588e+03
-1.183205341123944891e+03,2.215018102369666053e+02
-1.187899754685463449e+03,8.549728776749399231e+02
-1.015740290233001815e+03,8.799114357301789369e+02
-8.122499346862599623e+02,1.065025587674489771e+03
-1.016350660224222338e+03,8.811684721427243403e+02
4.890617090017976807e+02,1.088186619131649195e+03
6.666340743397117308e+01,1.841545482843436730e+03
1.971946652951372414e+02,1.294919600374465517e+03
-1.011749132359756914e+03,8.755622880988503312e+02
5.252896701499520304e+02,1.090786131178685537e+03
6.142136128196442542e+02,1.057077018557777592e+03
-1.187899754685463449e+03,9.750029976751339973e+02
-9.283689307699468145e+02,1.027476517933853529e+03
6.241399531339939699e+01,1.845221367674961584e+03
2.129256531456131540e+01,9.750029976751339973e+02
-1.043992156252524182e+03,1.031154934702915398e+03
-1.062312684686664397e+03,9.750029976751339973e+02
2.668120921683409108e+01,1.181855770345099018e+03
-1.099090007236176007e+03,1.899501107983606403e+02
-1.100251370365388993e+03,7.001398168545469503e+01
-1.104545504685855121e+03,9.750029976751339973e+02
-1.098596710190815202e+03,-8.887282489531089595e+02
-6.414590863492020389e+02,1.181086960684239102e+03
2.803795118419038772e+02,1.266712545233875971e+03
-1.876487546854255584e+02,1.605161127674573436e+03
-9.444140806897968332e+01,1.176809318953670072e+03
-1.012624841573030494e+03,1.085238364785442172e+03
-4.377115046858298797e+02,1.065025587674489771e+03
-1.015204878438609057e+03,1.090010594102137475e+03
-5.621871846858556410e+02,1.035018057674441252e+03
6.241399531339939699e+01,1.845221367674961584e+03
-7.658660544478208294e+02,1.151124512318637017e+03
-2.235640519626672642e+02,1.009214701374657750e+02
-2.287701846858429917e+02,1.347921576745651464e+02
-9.702462740947401016e+02,1.087026018259483180e+03
-7.711285046858424721e+02,1.155048177674635326e+03
-2.667033686379257915e+02,4.903450556778358305e+02
-1.876487546854255584e+02,4.648749876750988506e+02
-1.099538451061000842e+03,-5.293007451555038188e+02
7.297469350893314299e+01,1.027914645559255860e+03
-1.265293192537763844e+03,-4.393657578170153215e+02
-3.543572546862215518e+02,5.849051076745032560e+02
-8.386762190207788308e+02,1.034847821725567428e+03
1.046468153141696291e+02,1.125040647674586808e+03
-8.122499346862599623e+02,1.125040647674586808e+03
-1.100091628391760651e+03,1.241511828418421601e+03
-1.021191254686246793e+03,1.095033117674538289e+03
-1.042945046858172304e+02,1.125040647674586808e+03
1.928529887330245742e+02,1.180882609261878088e+03
-1.011314616220099765e+03,9.960584374432728509e+02
-1.183370152735805732e+03,1.061350811271719067e+03
-8.451600565565265697e+02,1.087794309281899359e+03
-1.599157645739025156e+03,7.135593973178970373e+01
-1.016421183444108692e+03,1.211240139242068381e+03
-1.662474851846975810e+01,5.500153526816197882e+02
-1.229021184685880826e+03,-4.353509123255670374e+02
-1.271254004686651115e+03,9.750029976751339973e+02
-9.326013695333456326e+02,1.030097356173809658e+03
-1.104545504685855121e+03,8.849804076749884416e+02
-1.016676323744404499e+03,1.000977484900893273e+03
4.000155209414192541e+02,1.211236475466204183e+03
-8.871381236663247591e+02,1.027663663924917728e+03
-8.956041846858682902e+02,1.035018057674441252e+03
-6.828290856591992224e+02,1.121816986900138545e+03
-1.095314895496166628e+03,1.056253927813557311e+03
7.198727796046739513e+01,1.055943558216631118e+03
-8.544827546854508000e+02,-1.952906723251788890e+02
-9.338535873525077022e+02,1.211863545948242063e+03
-1.145666934686272498e+03,1.095033117674538289e+03
4.000324111537017870e+02,1.181490854716679451e+03
-1.021191254686246793e+03,8.249653476748914045e+02
-9.330566873877208991e+02,1.120426097892381222e+03
-1.012568260950819422e+03,1.238584741017020406e+03
-1.229021184685880826e+03,1.035018057674441252e+03
-1.012195499854004538e+03,1.025196285012154931e+03
-1.017075376374052780e+03,9.697629684397909386e+02
-8.544827546854508000e+02,1.185055707674683845e+03
-1.098655587018594815e+03,1.000818852227836828e+03
4.791852453145997401e+02,1.095033117674538289e+03
-1.021191254686246793e+03,1.035018057674441252e+03
-9.789584346854766181e+02,1.035018057674441252e+03
1.930617865062332612e+02,1.181887365933299407e+03
-1.130375749690015937e+03,9.125393247704424766e+02
1.090227582919232674e+02,1.090586523498932365e+03
2.713553153133862565e+02,1.245070767674780882e+03
-1.094150880118551868e+03,9.377498929058183421e+02
-7.616402345208812221e+02,9.953407664377797346e+02
-7.711285046858424721e+02,8.249653476748914045e+02
-1.062312684686664397e+03,1.005010527674392733e+03
-9.743412461388273869e+02,9.718450886622107419e+02
4.837631536337269154e+02,1.090555179538372386e+03
-8.493412138277841450e+02,1.181432762614998865e+03
-8.760488288329729585e+02,1.126370610935709692e+03
-8.544827546854508000e+02,8.549728776749399231e+02
-1.057095313654792108e+03,1.120431319147952308e+03
-9.378370046866384655e+02,1.065025587674489771e+03
-1.099403386345197987e+03,9.705196009404605775e+02
-1.052724129651188832e+03,9.957002227230141216e+02
1.930403772529199102e+02,1.180754267672166861e+03
5.714989021693249924e+02,1.057102561905051743e+03
-9.335469601032409628e+02,1.151201467839917314e+03
-2.196981546400680259e+02,1.206183648854550256e+03
4.477235097252375908e+02,1.117155973458703102e+03
-1.141835401171793137e+03,-1.098623420658980194e+02
4.833056730693136842e+02,1.090807521890075350e+03
2.291224953141954188e+02,1.215063237674732363e+03
4.015059528339882036e+02,1.181038736375415510e+03
3.170300989350074872e+01,5.461920913027229290e+02
-9.266541397223553531e+02,9.060488084299595357e+02
5.625394953142080112e+02,1.065025587674489771e+03
5.666798168990536624e+02,1.241153016020427685e+03
-6.877742546862341442e+02,1.065025587674489771e+03
-6.822127643644503223e+02,1.030759685392108622e+03
-6.353443977856646825e+02,1.507582231702824402e+03
-7.711285046858424721e+02,1.485131007674379362e+03
-6.783916624270642615e+02,1.538385847655903717e+03
4.890196186431338674e+02,1.087551153237087874e+03
-2.198491539468009250e+02,2.149603533664639485e+02
-2.710030046866132238e+02,5.849051076745032560e+02
-1.876487546854255584e+02,6.749276976746488117e+02
-1.095461764068280218e+03,9.348164942593555224e+02
-1.099870130364486840e+03,9.710547194952833934e+02
5.214180653137905210e+02,1.575153597674524917e+03
-8.499862786699488879e+02,1.481361301005313862e+03
-8.503475363970087528e+02,1.390670035774122198e+03
-8.956041846858682902e+02,1.455123477675120512e+03
-6.835660036375588788e+02,1.451515275473203928e+03
7.808233829823835777e+02,1.535561226056363921e+03
-5.158011975321421687e+02,1.541636499156371656e+03
6.512127478668180629e+02,1.511796892155829482e+03
-7.623283737987547966e+02,1.535604824572270900e+03
5.683227173483576280e+02,1.481317658950633358e+03
-6.416184074780283026e+02,1.481324160773184076e+03
7.292479953134246671e+02,1.485131007674379362e+03
-6.044200046866258162e+02,1.395108417675023475e+03
9.063384508707575833e+02,1.417083393447267781e+03
-3.912489972745895557e+02,1.481623027200936576e+03
1.102065098032966972e+02,9.112749714756713502e+02
3.958309953134120178e+02,1.185055707674683845e+03
3.163741976068935173e+02,1.210876905253169980e+03
-1.409073624490387715e+02,5.796306750644080239e+02
-9.976829491627979962e+01,5.811405718385068440e+02
5.728189758974228880e+02,1.537667814543547138e+03
6.881265653145866281e+02,1.485131007674379362e+03
6.881265653145866281e+02,1.605161127674573436e+03
-1.056976080901795058e+03,9.711220846931656752e+02
-1.016722022160768802e+03,1.031155413225892062e+03
-1.141177315458227667e+03,1.151080082367251634e+03
-5.957961012866505826e+02,1.536856961208922485e+03
-6.798133563173893208e+02,1.654638188940755981e+03
-6.044200046866258162e+02,1.575153597674524917e+03
-5.968818361638349188e+02,1.534824357602628425e+03
-5.985646383851997143e+02,1.510162033438178469e+03
-4.377115046858298797e+02,1.635168657674621954e+03
-8.454397756308172802e+02,1.566789912768580280e+03
-5.994457639485608524e+02,1.661286238723851284e+03
-1.145666934686272498e+03,1.035018057674441252e+03
-1.182587084401442553e+03,1.089839890081835392e+03
-6.455414346854639689e+02,1.605161127674573436e+03
-5.157175985463377401e+02,1.630285665403100893e+03
-8.122499346862599623e+02,1.545146067674476399e+03
-7.244896572345405730e+02,1.541817333045560645e+03
-1.021191254686246793e+03,1.125040647674586808e+03
-6.877742546862341442e+02,1.485131007674379362e+03
-4.740094347940864736e+02,1.601001133249630129e+03
-6.694078782099894624e+02,1.542061847835091157e+03
-4.317278007478810196e+02,1.540973012050238594e+03
8.548350653138031703e+02,1.515138537674427880e+03
7.292479953134246671e+02,1.545146067674476399e+03
-4.377115046858298797e+02,1.515138537674427880e+03
-1.783964692418863365e+02,1.476430073175833741e+03
4.966081611019908451e+02,1.510761393596208563e+03
-1.062312684686664397e+03,1.005010527674392733e+03
-3.900240939796544808e+02,1.540970408994791114e+03
-9.319978193720859281e+02,1.060212605178992817e+03
4.003489951536245144e+02,1.479985104920851427e+03
3.958309953134120178e+02,1.545146067674476399e+03
-8.067968247413796234e+02,1.030639669527928845e+03
-6.415582740653674136e+02,1.420791376805608024e+03
-9.378370046866384655e+02,1.065025587674489771e+03
2.346195095264024530e+02,1.361482928756430283e+03
-1.021191254686246793e+03,1.476203767437105796e+01
-6.839683536703021218e+02,1.570512654573171176e+03
4.006373954711359602e+02,1.180408895284645496e+03
-6.877742546862341442e+02,1.515138537674427880e+03
4.875986046380720609e+02,1.446992316659559265e+03
1.935386164947468615e+02,1.240574713570162658e+03
-5.578857688431171482e+02,1.660549699257376915e+03
-8.487061907495724427e+02,1.600036322369174741e+03
-7.657713829692863783e+02,1.630631201867691061e+03
6.153561493564549210e+02,1.626627915275425494e+03
6.458937453138163391e+02,1.605161127674573436e+03
-7.672594754033812023e+02,1.630024471994009446e+03
-5.458162031271205024e+02,1.634382082069914986e+03
8.548350653138031703e+02,1.665176187674670473e+03
-6.455414346854639689e+02,1.575153597674524917e+03
-6.409082255522130254e+02,1.600955758923658550e+03
-3.484740645910080730e+02,1.541021396460831284e+03
-5.621871846858556410e+02,1.635168657674621954e+03
7.336694754370321334e+02,1.662041838594959927e+03
-3.910277814399108820e+02,1.630457381908759544e+03
3.958309953134120178e+02,1.605161127674573436e+03
-5.538221218338771905e+02,1.654845408714160840e+03
6.507177000074532316e+02,1.631194496102995572e+03
-6.342449978805544788e+02,1.595557795444025260e+03
-6.877742546862341442e+02,1.605161127674573436e+03
-8.070279713332752181e+02,1.630869890759638565e+03
-3.865453778044919773e+02,1.597016434789419236e+03
3.124767453138036899e+02,1.605161127674573436e+03
-6.877742546862341442e+02,1.575153597674524917e+03
7.345575893059967711e+02,1.661211004762505581e+03
-3.323314454327668273e+02,1.605079051911719716e+03
6.936230069051354121e+02,1.601690835515298886e+03
-7.230763523815704730e+02,1.571754675241061022e+03
-6.400119499724005436e+02,1.690144205669961593e+03
6.881265653145866281e+02,1.665176187674670473e+03
-6.408654544838494758e+02,1.570572276520143532e+03
5.663421939078104970e+02,1.631119464162538179e+03
-3.543572546862215518e+02,1.575153597674524917e+03
6.149555191787054582e+02,1.596780674958310328e+03
-5.317042331348410471e+02,1.565165434041517301e+03
-4.739638656136643817e+02,1.509885280896310860e+03
-6.877742546862341442e+02,1.545146067674476399e+03
-6.354860127991444188e+02,1.568031506801660271e+03
-6.826395268893047614e+02,1.540308879093695168e+03
6.096373430363839816e+02,1.450003992388673851e+03
-1.099582373391698638e+03,9.100922872620436692e+02
-1.312375434685489154e+03,8.549728776749399231e+02
-5.164803216242286226e+02,1.750902404742459112e+03
-7.671582992854715712e+02,1.691290281382175181e+03
8.548350653138031703e+02,1.695183717674718991e+03
-1.145666934686272498e+03,1.125040647674586808e+03
-1.095865705951991686e+03,1.114920314032726992e+03
4.791852453145997401e+02,1.575153597674524917e+03
5.267928719140853673e+02,1.570198084281401179e+03
4.848089151992456891e+02,1.601990950919268471e+03
-1.062312684686664397e+03,1.065025587674489771e+03
-8.753778749645936159e+02,1.006234805064910120e+03
1.932202481726901055e+02,1.180663110421146030e+03
-6.723675401397021005e+02,1.595483473076440532e+03
