date:2016-09-14, time:2200, wind_speed:4.11, wind_dir:342.0, temp:16.5
44.187918 112.309338
35.867673 118.413406
-109.991383 -253.736899
-171.982967 22.139862
-113.584523 4.082974
-127.125400 13.479216
47.918525 109.503312
47.918525 109.503312
-88.592441 64.131388
-126.246021 19.123689
-142.903910 37.115227
-126.227625 58.133451
-21.964450 73.166379
-117.830194 25.134947
-80.218154 106.180514
-22.421704 109.369589
-105.325167 64.128250
-105.813732 82.379056
-126.288373 13.157812
-97.061560 -25.802071
-114.566693 -52.537350
-5.269208 94.092042
-118.789975 -46.535844
111.410212 106.196653
-109.584316 55.187435
-146.998939 1.056051
-151.191041 25.110150
-96.942294 31.184486
-107.642339 40.141651
35.917704 -289.721649
-138.655102 4.187518
-115.928033 25.070443
-92.929182 112.206586
-68.310433 94.394642
-55.734340 76.402805
-105.260362 76.148177
-75.729240 -257.166559
-101.218121 10.232470
-84.508017 100.109007
19.722987 118.240300
-96.922889 37.209396
-172.076734 22.194045
-109.586251 19.183113
-80.807433 70.298059
-68.346460 22.289954
-130.301337 -13.775766
49.254528 108.941426
-80.370535 64.166202
-5.237969 103.192196
-96.978079 103.132954
-138.650666 34.176008
-97.508827 -28.675728
-9.971599 -286.758337
-109.453998 31.207022
-114.180313 10.384029
-101.287876 61.208558
-30.335981 61.146278
-92.868013 22.176235
-89.079563 4.382743
-172.047984 46.181261
-117.971718 55.179514
-159.556830 22.189953
-113.616362 28.110098
-47.474915 46.379112
-176.750997 25.374378
-105.330661 -4.851702
-117.825957 1.130791
44.190363 112.372795
-55.303238 106.168961
7.533807 -290.171187
48.383490 109.312413
-43.771150 -280.594578
-72.023519 82.079914
-126.227524 13.133850
44.731015 118.216660
-117.944113 -13.765638
24.267273 120.956896
-113.596954 43.098875
-113.655451 49.185287
43.806382 112.504065
2.954976 100.131488
-113.706903 76.135605
-59.511979 124.107320
-159.480138 19.072416
-38.212461 -281.256689
-63.698417 73.230694
-72.019516 73.226451
-117.862315 -7.824909
-117.913337 -4.851682
-76.246882 22.107971
-109.547870 25.088190
-60.050754 43.326750
-126.206701 28.102453
48.354169 109.398048
-101.261401 37.126827
-88.644408 40.220769
-84.548119 19.113993
-122.042713 28.129203
-55.336148 79.214000
-138.632356 34.207190
47.918525 109.503312
-14.541593 -298.599096
-126.234716 43.118662
-163.702615 46.224691
44.703166 130.179124
-51.199985 118.236885
-63.707834 55.194092
36.866245 117.919322
48.774125 130.153108
53.097210 118.247318
-59.967982 103.362675
-63.617812 82.210932
-84.527667 121.113723
-126.187837 31.167788
-80.326185 10.222457
-34.475802 112.251724
-105.326956 34.177120
-92.781412 10.161860
-92.876783 -58.813886
-80.353793 133.166767
-59.570021 100.217378
-74.126137 22.283127
53.036431 133.271322
-76.176265 124.181230
-88.670155 22.086142
-111.413153 3.968349
-21.973109 85.139239
-138.682930 22.189545
-134.550115 16.125699
-72.477526 -94.700066
-71.965625 124.188627
-71.997843 61.105318
-138.635111 7.104053
-113.620577 1.107284
-35.435725 -280.594578
-42.880588 70.195935
48.852607 133.173002
-51.184452 127.164826
-101.265835 4.091054
-97.511995 94.388373
47.918525 109.503312
-132.366429 -7.768803
-92.873743 -52.779511
-64.554143 -271.592319
-109.482943 55.229677
-105.335620 10.161314
-109.480333 19.143628
-127.125400 -43.535091
-55.327566 127.177167
-51.201353 121.171307
44.777798 112.105426
-88.677489 127.141323
-42.850201 94.167326
-113.712423 55.123204
-130.373644 55.180193
-118.300701 22.307091
28.016348 -70.846888
-1.686717 109.327949
-51.693617 100.408795
-101.172779 133.169535
-76.213386 118.095037
-28.384233 79.167746
48.810096 109.150866
-134.613848 52.194381
-92.839043 -19.861373
-59.496750 136.235403
-130.332176 43.125360
-113.664833 25.210547
-55.336179 97.099050
-126.167189 49.125638
-17.886787 112.178695
-67.874539 1.156135
-59.559001 112.131130
-138.728563 52.058295
-78.281519 24.934883
-71.889400 37.143662
35.470957 118.505571
28.439193 -290.264832
47.918525 109.503312
49.266848 108.942218
-76.220950 25.203178
-84.606381 31.169367
-107.500672 28.012527
-71.978484 67.163134
-21.957406 91.115918
49.334505 108.963278
-145.030952 -5.003160
-22.467433 106.324595
-130.261248 31.158711
-59.471405 13.210225
-55.303684 79.128558
-30.321784 73.149834
-101.193987 64.176759
-105.346138 70.135255
-76.208503 85.149404
-76.261821 58.078526
-72.046960 31.195541
-101.235471 31.127122
43.806382 112.504065
-121.948040 37.193938
114.601925 106.502559
48.859536 109.177340
-26.198052 58.234175
-53.159731 124.012418
48.402560 109.365591
48.360757 109.354864
-117.801206 10.119308
-117.847394 13.058002
-117.926545 -13.866224
-126.217134 -16.951958
-84.490952 91.191429
-80.795056 94.374676
-71.909411 100.118194
-76.252111 7.149067
-109.604136 49.122418
48.772708 109.175313
-71.966195 154.280092
57.146502 139.185933
-138.721924 61.162268
-171.958684 49.109019
-76.182093 40.143139
-5.813701 136.360979
-59.500332 160.236960
36.432386 139.170835
-59.500964 136.237577
-44.792159 106.055685
-67.889367 52.154596
-63.671303 61.151829
-80.310889 64.181740
-109.501445 76.168781
86.874132 -224.145973
-101.181946 70.139494
-63.662959 160.179228
-109.538833 67.109269
-96.989776 64.210854
-71.963980 22.098823
49.316916 108.887596
-109.470355 22.145975
-36.686311 70.150531
-122.474400 13.337732
-71.957188 73.153422
39.583100 118.505571
-111.658900 22.024349
7.632746 -290.180135
-117.877643 34.169103
-54.847080 -275.203738
-46.518263 -278.208766
-101.194125 22.158959
-105.381586 31.100890
-51.661048 100.361192
-59.453397 103.097651
-121.977748 19.177970
-130.241269 22.140762
-84.556549 28.128023
7.194512 -289.948306
-97.000698 28.184418
-99.304118 100.052327
-23.996726 70.199374
-88.695588 109.157857
36.408428 124.114075
45.254337 111.886288
-103.184940 49.077763
-113.554121 61.120965
48.386264 109.356906
-159.580172 16.119423
36.374388 130.183489
-92.943526 31.178209
-76.224301 82.125449
-84.581247 88.192834
-76.189146 115.159207
-63.686928 109.248466
-72.009986 154.193992
-71.356038 141.951577
-84.526213 43.228409
-95.106175 3.909408
-88.638995 7.235180
-38.615690 97.234825
-92.932968 22.200962
-80.371200 -97.861433
48.782405 109.076663
48.826476 109.113938
45.221898 111.835979
53.047877 109.170918
-142.884557 52.107320
-130.373876 25.148721
-126.276081 28.202863
-105.313125 67.080144
-105.372208 58.149982
-93.400836 7.289267
-92.876828 7.139939
-84.979400 1.387624
-147.009458 46.147857
-142.877063 43.100834
-135.056445 43.371429
-96.925996 40.150765
-109.548820 28.152283
-97.002063 31.119309
69.614958 208.286629
103.035732 214.236348
119.293795 190.363101
-26.258769 169.168372
-30.326541 154.132357
82.107986 154.120603
-88.575989 154.187219
7.057624 145.207322
68.812657 145.512348
44.296276 130.320668
-63.680968 109.102226
-143.332230 91.405701
-68.301835 88.322554
-80.349333 67.215373
-76.180030 67.135385
-68.306066 79.377896
136.338252 214.282346
115.551381 169.234798
-110.041346 157.387290
-126.225027 142.184962
-9.514707 145.137453
7.164350 139.098622
-40.868229 139.055053
-26.250494 136.120448
-55.277159 124.225856
-30.384365 115.217780
-97.017441 100.144634
-101.193328 91.151787
140.522153 184.261870
-88.592961 166.250391
86.333582 172.214767
-84.571960 157.244392
-76.279495 154.104253
102.977463 157.167274
86.801208 147.826439
-63.621771 130.214562
-47.005810 94.120449
-126.199785 85.103691
-88.593766 76.222696
-51.259012 67.175336
-89.078874 43.351758
136.473163 196.248913
161.332208 154.207275
-17.869648 139.142618
-68.311028 133.350203
-51.210721 109.209896
-109.977952 97.402329
-80.283461 97.159854
-85.045146 85.323652
-55.244447 91.122260
100.841281 205.230133
-34.516246 175.144307
-113.628020 145.160098
-13.715212 142.248628
-5.757732 130.312111
-101.647279 127.392946
-39.117180 115.349139
-122.426497 100.359335
119.734343 106.128834
-46.970535 85.238113
-88.653090 76.130974
-172.460702 22.384030
148.862278 211.185893
144.746155 193.195791
-21.939273 142.103586
-126.231796 136.192316
-101.218358 133.234886
-97.482319 109.361621
-13.580679 106.218358
111.421817 106.137881
-63.662491 88.132704
-122.024998 64.067801
-59.449076 58.187524
-67.924243 133.141556
-76.187212 136.128766
136.416806 223.243322
69.675707 214.256729
128.080104 169.233232
-13.566042 145.117409
-96.937397 136.131174
-71.915979 124.224268
-96.968113 124.167844
-88.666876 85.215601
-130.354136 76.119584
-55.304158 109.204893
-49.251918 108.987564
-59.538476 112.201412
115.509574 223.277508
157.278148 223.341231
-26.134200 160.208727
117.379032 151.133537
-80.339355 142.133849
119.713602 145.152290
-97.012173 121.223030
-96.978962 109.135331
-51.275496 118.126858
-38.685569 100.114218
-55.371286 76.190850
161.343931 211.219326
132.103244 199.187167
136.423987 196.192930
119.700554 175.265190
144.830724 169.223511
-42.910483 169.178689
157.159249 163.158884
-30.246396 154.229360
-44.896489 142.072392
-92.929083 94.141948
-126.304408 88.102076
-163.594480 91.115892
-92.825118 91.259151
-76.190081 31.179262
-84.493211 1.195437
-85.044299 -1.686819
153.029048 202.188679
119.702767 199.130436
144.710354 193.109964
-86.676505 159.871633
-14.140475 151.322522
-47.002320 139.206677
-128.197068 133.144818
-101.215804 103.130055
-47.496310 106.409065
44.189799 112.364384
-38.660956 106.143743
-135.055819 88.352357
-132.548313 88.010578
-63.700857 88.167804
-153.157608 70.363926
-88.698098 103.138579
-80.272839 112.142398
-80.839080 109.368941
-96.906991 106.131304
-72.009814 115.176206
-71.971322 112.131092
43.806382 112.504065
41.020776 117.860795
-151.327255 -4.842864
-43.375856 115.340413
-55.338415 118.239656
-55.330566 121.176984
-47.478284 127.390205
-63.627176 121.173882
-55.330353 118.106350
-76.237925 88.179972
-88.681872 91.127931
-63.554156 76.145873
7.083269 97.101833
-130.415334 31.177413
-113.645586 -1.928667
-117.826239 -4.881976
-55.310156 118.095866
-76.234175 4.094404
44.696931 112.123162
-51.171357 106.186364
-46.971308 106.138139
-101.268201 34.097414
-101.241980 40.116047
-88.667583 7.104950
-92.905226 16.169311
86.379084 199.252377
-42.809564 145.125544
-59.528698 139.188216
-55.790463 136.377912
-72.082080 133.120496
-101.272451 121.113344
36.374430 121.109930
140.529621 118.251859
-101.221710 106.164955
136.341666 184.236069
-93.348816 160.325098
-80.332629 145.121449
-24.114381 133.122900
-51.702153 130.406184
-9.547601 127.154637
-80.235605 109.171861
-109.558533 109.164201
-55.379643 85.179522
126.025871 232.008543
65.505599 211.150018
94.702386 187.211154
161.487364 193.151851
119.703591 190.140497
-51.122356 172.126542
-96.965352 166.237246
-101.188829 157.235509
-1.193722 157.120356
-96.931555 145.258324
-80.399054 151.186845
-126.299931 139.171130
122.937350 145.512348
-15.638290 130.343184
38.450828 133.100019
44.765338 130.183723
19.680307 118.187300
136.395022 121.213255
-117.904473 91.185759
-80.281784 13.144171
47.918525 109.503312
48.349564 115.397461
90.529133 196.167258
144.781761 163.231727
-109.527292 130.206992
-68.343041 67.330944
-59.572758 46.174847
-34.576775 82.099301
-17.838260 76.145230
-26.185692 76.195830
-21.972364 76.254869
144.666062 208.274605
86.430964 199.170133
119.777074 196.231198
153.060676 172.228334
107.149933 157.191129
-76.707862 154.408245
-88.603544 145.195250
-96.935659 136.210659
44.810543 130.198643
-1.160505 130.184186
-92.912415 124.175608
-113.716621 112.210995
-55.250508 82.120033
-113.634007 79.205135
107.298021 214.208441
111.391214 196.284204
-38.709202 154.213921
-71.965043 148.139129
44.758554 124.120924
-92.920291 124.245917
-134.617997 91.074827
-84.533125 91.086641
-126.155514 82.192413
140.633961 220.256030
144.667136 223.331607
127.966419 214.233541
-80.321157 169.252003
90.593262 166.113867
-21.954078 151.165961
-59.596115 148.184873
48.855290 148.208848
-122.521007 139.325381
-97.007117 109.164815
35.470957 118.505571
-130.287501 88.200860
-126.203602 88.083514
-101.208677 85.163380
-163.625571 73.143382
-88.662427 70.116207
-80.411799 25.168105
152.573619 214.411775
-55.294128 169.157307
-21.957699 151.238033
10.901601 139.372181
40.460426 130.147300
-96.983467 118.177657
136.373374 118.191639
-105.360788 112.122820
-76.223090 109.125670
-17.851171 109.074554
-59.501010 97.187332
-64.122779 91.317490
-113.111933 72.832345
-88.632152 43.106438
-92.892137 25.178543
-84.460469 25.194092
-22.002419 133.171386
-30.311044 127.211318
-30.260035 133.122276
-42.863000 103.127128
-84.513520 151.269900
-97.019637 151.195610
-88.680559 10.154800
-92.884879 16.106344
-51.119443 172.176607
161.475349 187.266511
123.849179 181.191347
-76.209088 73.196530
-122.062640 4.202638
-64.068241 58.312045
-119.893900 39.952096
-76.675036 115.383271
98.790202 166.131356
-71.954539 151.144559
-17.848258 136.215162
-96.883150 115.202839
136.449654 121.137939
136.396016 118.135551
-26.151175 106.154864
-130.323446 82.152824
-126.222481 100.160222
-117.866045 103.168082
-118.327008 97.346140
49.270051 108.905074
44.214518 112.343709
45.093887 111.889260
110.979174 106.377651
-36.666137 106.210939
-42.856046 109.130233
-92.918164 106.170031
-155.319804 67.147669
-146.959721 73.166591
-63.650921 79.213780
86.341930 166.144377
107.265315 160.200159
-13.634468 163.199376
106.737323 148.401275
-17.798941 136.152922
60.862921 142.367372
28.095781 127.191658
-72.007991 121.198131
-30.231305 109.167445
-22.027739 103.132219
-113.142743 69.916486
-96.947059 67.132858
-63.690954 40.210544
-88.651633 31.087092
123.874390 166.201207
-88.663525 163.172160
-30.369183 139.238916
-76.294396 133.192836
136.426841 130.237031
19.280705 118.332275
110.871990 106.406275
-88.672937 16.080433
-126.153484 16.148413
-117.792430 19.196005
-38.691226 97.230571
-38.612477 97.188045
-38.611018 94.171325
115.541110 217.225546
121.609195 193.086740
148.806068 181.197287
136.351718 172.205296
-39.137830 166.391966
-105.258672 142.203328
-76.267788 139.186974
-80.267093 133.144321
-80.307172 130.142624
36.368406 127.132748
-80.335865 118.185536
-1.217016 118.156216
-55.339730 121.224972
35.470957 118.505571
-93.342830 94.409830
-30.362993 91.209372
-72.419495 88.324935
144.669392 220.242919
132.186177 220.250523
86.389182 208.309474
90.543190 187.102999
-26.712799 148.332226
-9.593823 145.161529
107.590194 144.916126
-42.849955 124.165521
-97.036985 115.087994
-105.312032 115.107365
-68.292106 85.345303
-92.821739 70.180052
-84.588592 34.176026
-151.191365 -13.814508
-151.266942 -13.940109
-63.589000 73.121283
140.581830 220.216139
-84.512242 172.225126
153.122003 154.220361
103.558196 147.936329
69.746116 148.172501
90.986025 148.004606
-21.936569 133.214345
-130.418498 97.081459
-138.707135 82.138238
-59.508104 70.139240
-60.054406 76.368208
-55.327471 73.160016
-51.165887 79.179014
-34.528326 76.109862
-42.823690 79.163255
98.399537 196.437051
119.685965 175.275315
-42.896909 157.129063
-21.980445 157.198426
98.861574 154.134213
-34.574969 145.175878
98.873130 148.123480
107.709986 144.843792
-39.148866 115.362224
-105.235041 106.154524
36.372614 118.203200
-92.924648 79.149052
-80.323466 37.165047
-126.185882 28.152680
156.773922 205.443892
141.111849 177.979651
-88.667437 124.107924
-63.643290 124.223380
-80.401384 115.187144
43.806382 112.504065
53.515277 108.968134
-146.975938 91.123790
-109.543420 91.099769
-151.171221 82.134224
-122.032582 73.244108
-142.896036 61.144574
-63.582098 58.233501
44.237612 112.371149
45.142400 111.819901
-103.383042 30.918805
48.790411 136.168963
40.426011 133.248286
36.371104 130.173665
-51.204521 79.183054
-45.215055 85.112317
-47.000250 82.204168
-46.878732 79.156341
-92.832073 37.186821
-92.889847 37.093612
-101.190995 40.087923
-105.347116 106.117232
-101.233328 106.126073
-117.968733 43.222243
-118.310779 40.384749
119.700425 205.211039
110.978559 196.422125
148.855574 181.086417
-59.961760 166.348623
-76.143242 145.159438
-71.950130 142.238399
-11.768452 126.934030
65.460345 145.170096
-80.292996 127.173244
-130.360263 124.172724
-117.806745 127.257329
11.353010 124.104595
-101.163635 121.192315
-172.429338 22.338241
-171.488737 21.892711
-63.675192 73.081034
44.682017 112.235791
11.381469 139.231819
-71.990793 85.076837
-84.618507 28.211642
-51.158348 82.213715
-84.577130 70.253200
7.085793 97.216587
78.049515 205.175960
109.216099 178.246670
-39.168581 172.336414
-26.125881 166.180525
-92.789344 154.221407
27.955516 124.152959
-38.725615 103.185073
-86.630637 79.160577
-146.893179 82.200231
-88.643960 79.127439
-151.160988 73.170552
-113.748220 58.115771
-51.656989 130.411297
-43.340896 130.412091
131.762728 187.415958
-88.570084 160.212590
-67.915524 163.173200
-34.473714 160.173720
-76.171711 142.143649
-109.543767 142.204504
44.630042 124.258976
-105.279859 109.135304
-45.088054 96.962707
-147.082073 79.187773
-72.002256 37.142081
-126.133097 -13.872828
-126.285347 -10.912786
-138.660272 -13.869744
140.965196 207.963414
115.574101 190.152480
136.380843 181.195189
-30.282474 166.224941
-67.863184 148.166017
-76.253844 139.169620
48.773688 130.177275
119.282675 145.383870
-105.331594 118.212021
-26.141077 106.146573
-67.849557 97.135855
-59.469477 85.060916
-59.504710 76.167992
-80.357533 34.105892
140.524408 217.223370
136.337349 214.233389
153.059294 208.195525
160.502332 187.522890
-34.568748 106.113687
-76.659628 94.381839
-38.689613 88.218202
-80.315686 91.127029
-138.740499 85.232273
-80.237923 43.093794
-17.907567 115.183055
-17.848663 118.102106
-9.974094 112.393127
-19.813963 118.025157
98.841096 196.192199
111.447644 190.208494
-88.683397 166.138658
-30.346545 154.240305
-84.985095 142.409908
-92.892984 136.189912
-34.514543 145.184015
19.642864 130.250250
-109.507211 121.150535
-30.370971 115.101901
-46.907690 94.153475
-92.895455 31.142959
-117.907198 34.153556
132.133330 229.294800
153.116703 208.264957
86.382130 199.189843
123.817549 184.178204
98.810775 181.105852
-85.039472 166.341974
86.450518 163.176837
111.376595 160.129271
-5.269994 157.150977
102.554373 157.384666
81.672282 151.342115
-38.637682 136.181554
-84.603338 136.158080
136.471165 121.222253
-101.650372 112.403068
-117.899162 106.153556
-44.875492 93.977846
-122.009767 97.163177
-109.563835 88.153167
-130.351478 76.237580
-163.638127 70.125465
-92.828431 70.174375
-82.609771 70.417833
-80.255621 40.192999
-163.667494 67.099340
-159.547273 73.178006
156.756430 202.355615
144.769578 166.181877
-51.199425 166.164027
69.782478 154.248337
-84.551703 130.180922
-68.368522 130.365829
19.717394 130.187017
-96.976290 127.231698
120.202201 144.968763
15.423465 124.272348
-61.500336 124.094839
-67.918192 118.129641
-88.649497 118.187037
-38.651644 118.211433
45.085625 111.911347
135.496057 112.504065
-126.217856 79.104740
-93.341264 73.385737
-96.952798 70.211428
155.234999 193.062855
165.029883 193.377481
152.569042 187.413556
110.935866 202.404226
160.898955 199.378258
140.595330 190.231828
-21.959550 148.193815
-5.355595 142.247386
-53.277102 136.074036
-38.678431 142.158497
64.589375 145.512348
120.138067 144.921134
-113.641864 136.210420
-107.539621 130.057741
44.219836 124.375182
135.945455 112.388369
-46.898154 103.091690
-61.741275 96.935796
-142.890857 70.175306
-147.036345 58.199224
-134.446642 55.145093
-63.622296 52.202158
3.098668 118.198956
15.504283 118.094080
148.794774 211.303172
136.430934 196.188668
107.168702 202.248061
-67.865779 169.148246
-34.470604 154.107586
82.163202 151.111157
-59.545019 142.145242
-96.925702 133.093773
-30.376415 136.213426
136.439891 118.149077
-130.237506 109.173840
45.181283 111.850736
44.218302 112.321457
-85.448275 58.490511
-60.058021 58.356631
-130.312235 58.103948
-76.114305 37.101832
44.719170 112.188354
44.642925 112.080639
48.890388 109.243105
132.270917 223.250521
111.389012 199.243797
-46.446943 141.883285
-51.245800 142.197545
85.972231 148.327929
53.072072 133.168225
19.707462 124.275644
-67.852079 112.121328
-134.491736 91.211802
-96.939267 76.199371
-84.510131 64.197374
-76.241858 25.105101
-80.354604 19.219335
-51.141640 130.087149
-51.270565 124.187519
103.089341 208.212948
-80.310438 148.282527
11.346128 145.167598
-20.070296 120.946416
-68.387842 118.352288
-57.416345 112.100719
-84.604378 82.246829
-71.901725 67.146155
-46.913047 70.203260
-105.277556 64.162882
-122.090451 61.237601
-67.918411 31.102118
107.210400 178.221152
107.242316 178.186907
123.808542 172.238265
-51.207857 151.254500
60.477232 142.511595
-21.970237 130.169814
136.374531 124.192116
-80.383510 106.214081
-136.528752 103.007790
-84.531227 103.178276
-63.717743 73.227567
148.933248 211.280987
140.499398 211.225074
140.568368 211.196003
152.578343 208.438413
140.433519 175.209362
-28.328433 163.129808
-97.008572 145.158314
-46.908888 142.202679
-21.997647 139.187007
40.576450 124.166618
-138.660112 109.202028
-113.649874 112.082815
-55.311320 112.214345
-38.606067 88.167089
-142.895967 85.242673
-71.882363 79.147201
-92.860203 103.089455
-92.808484 103.167155
-88.650065 97.109482
-117.842980 25.105866
-109.471437 22.215867
-80.323002 112.180550
-76.278522 112.198067
-92.871134 7.153988
-76.232426 28.170401
-55.277188 70.135570
-63.714368 76.130519
-96.912329 97.217064
-92.974759 -13.766110
45.103589 111.971708
-44.981171 60.963031
-105.813754 88.347774
107.238283 178.107551
-126.275067 82.119814
-126.242122 82.085002
-84.605460 -1.863968
48.836119 109.109400
28.066416 121.172182
-80.418839 82.171601
-17.898933 124.142151
-72.007358 25.210224
-80.257470 109.228809
-51.143287 118.151697
-105.351588 91.118662
-101.712573 94.354687
-51.117509 127.210465
-51.254507 127.108431
-42.872292 127.236693
-110.002916 142.372052
-109.550147 142.166389
-113.618946 145.119034
157.243273 190.204792
-63.674563 130.108451
44.796159 112.210019
43.806382 112.504065
45.180569 111.819909
-71.944123 40.167058
-72.000016 37.198071
-101.193216 106.195053
90.534399 193.106437
-138.704315 49.138313
-17.839724 133.114718
-80.259309 79.192915
36.308848 130.189403
36.339726 130.128747
-134.584917 94.168107
-134.565802 91.104808
-139.173178 94.391346
-76.189119 154.264559
-76.233357 151.214056
-76.230341 157.254499
-101.179766 109.216714
-109.531079 109.195607
-105.761862 109.357216
-80.250631 22.101105
-84.487981 25.077179
115.470604 220.171037
-97.473985 166.389451
-55.327486 145.134010
-30.287626 139.267228
-121.991725 139.181012
52.961946 142.247453
97.931075 148.513101
-72.033869 118.174698
-126.172902 91.162229
-155.305913 79.146201
-42.821697 73.210822
-76.168903 58.179029
-63.618207 37.065398
-38.605500 97.194278
-24.122296 94.059901
-34.473313 91.135563
94.705185 187.192889
-67.778101 28.173850
-63.724713 28.187712
-71.908686 25.124416
128.004188 226.231015
82.242127 208.256855
153.107305 187.241703
111.321841 169.188928
-84.536662 166.186065
-44.897498 157.083891
3.021479 154.186031
15.448039 139.130767
48.824214 130.149477
123.813468 145.261084
-59.979766 130.387843
-42.796986 133.134707
-51.193417 121.188819
-93.371717 109.348710
-101.213839 100.179750
-126.159999 97.189983
-78.195257 82.092525
-63.678278 88.168193
-42.859604 70.119384
86.347550 193.120676
103.126448 178.265155
145.214082 165.902634
-80.327673 166.192414
11.429416 148.186179
144.795360 127.151103
-68.350016 112.340348
-46.932686 97.192170
-88.685070 76.081049
-142.807068 58.212247
-72.024216 55.147855
36.426467 118.150845
40.972811 117.910250
36.306588 118.259194
86.414854 205.271705
86.379657 199.102490
94.794063 199.226769
103.101369 199.170899
98.763403 187.099630
141.020505 177.959376
-26.155580 139.161827
27.565954 130.378936
-88.680950 106.079257
-113.658668 100.135740
-92.855703 100.165562
-51.251961 91.219579
-117.890775 82.143608
-88.694256 79.173438
-55.811431 70.354891
-130.289203 61.134046
-76.727892 25.386945
-71.974267 127.083357
-67.771047 130.126782
-71.967487 133.187948
144.693544 211.218686
144.226922 211.477293
144.732856 211.247573
-80.279581 37.249186
-76.170531 40.157984
-76.204600 37.152187
-113.711807 31.175036
-113.610718 34.112939
125.779577 226.011121
121.577364 202.055897
111.473461 202.142109
-13.565789 163.217875
148.843621 160.268990
-46.997533 154.140486
153.126654 154.156790
11.407813 139.205700
131.660762 145.386224
-105.285140 127.210575
-49.165430 121.017309
28.110113 127.217483
48.765905 121.134316
145.210589 117.781588
-96.929861 109.114817
-117.839807 112.162795
-55.266468 88.176036
-155.768275 79.374079
-53.301960 63.966622
-59.453238 64.154737
-59.505494 64.152006
115.003618 208.469792
153.122439 193.111464
-67.786179 172.255806
-69.762394 160.102923
78.069811 151.179759
48.407167 139.385401
-26.155608 133.265808
136.382993 115.108176
-122.478477 109.372184
-97.493929 97.387894
-55.305861 97.176652
-101.739318 88.403118
-80.288598 94.216958
-76.193346 97.236121
-80.410301 97.231210
94.693812 205.207584
86.370452 205.222878
98.843910 211.192782
90.507462 211.224656
-163.586157 67.231507
-163.673276 67.075174
-161.743437 69.926851
-30.327735 154.259423
-30.328401 160.233914
-30.226008 160.123581
-26.171379 160.184146
98.765252 184.186796
115.495597 229.272956
117.573896 226.127180
119.693090 232.218588
24.231511 120.885762
23.357914 121.399424
-109.491507 142.151090
-97.044543 145.194778
-42.372592 144.939858
-50.764374 135.907876
48.763950 109.107825
43.806382 112.504065
-117.812360 76.126778
-113.619560 73.136052
36.417460 118.214091
40.499316 118.216526
-88.733690 70.110910
128.114786 175.205904
123.776219 175.245691
128.105113 178.241777
-134.577043 31.122689
111.296774 205.208429
119.774600 202.237760
-109.512018 16.203959
-109.595540 16.143950
-130.387613 82.103031
148.912036 214.291231
152.131675 211.577259
-86.469346 106.444274
-76.222192 31.134276
116.007028 144.930074
-34.518242 163.198586
144.761958 154.215227
22.912250 121.506324
-80.235543 40.182715
-47.485922 118.327644
-113.730268 109.163638
-36.613886 168.997172
53.074631 121.252787
-88.604574 55.259783
-113.685321 58.207201
-38.567407 88.269196
-17.933704 157.185136
-80.757971 112.411057
144.773953 199.145076
-109.452285 130.223829
23.860708 124.090829
-30.292119 106.146893
116.034312 201.971581
-51.113620 58.145499
-76.231805 34.139719
-93.311797 22.337279
153.009069 163.159616
-55.342408 172.232098
-130.302427 94.189225
-69.993669 103.018755
-55.257223 67.165433
-142.800826 136.187747
44.219313 112.318895
-30.322233 79.223933
-22.443379 82.323161
-101.108565 7.175100
-101.181765 10.126727
-101.683318 4.342678
-130.347413 28.111836
-109.600464 55.069343
-113.722435 49.214091
-126.212103 37.073637
-109.583317 31.127350
-42.793787 109.193852
47.918525 109.503312
45.159805 111.867833
95.278610 147.964605
103.618081 147.878854
-30.725209 -208.755676
-10.010787 118.325175
-15.889474 115.025416
-96.982591 73.162886
-93.329077 67.323739
132.178261 220.292356
136.369084 220.309699
-101.139236 13.152169
-67.854321 73.139594
-67.922772 73.216190
-68.291588 73.373333
-47.043986 142.140048
-46.975344 142.179877
140.415863 163.224563
144.785196 163.115833
48.369843 109.345828
48.835687 109.230491
49.167486 108.871822
94.730851 169.207144
94.759484 169.143270
90.451242 169.143331
-113.658248 112.181690
-109.556449 106.159740
-71.988685 67.229362
-71.995076 73.119401
-121.445715 15.940439
-126.213845 19.146900
132.164427 196.265081
132.238250 196.241916
136.503880 193.161001
123.872763 196.216064
115.611865 196.168089
128.064009 202.197411
136.389870 115.126925
136.403659 115.209114
136.339889 115.152117
129.926453 217.608713
134.526761 223.178156
135.916446 217.453154
-42.847380 124.188086
-46.887871 121.125342
-46.996315 115.213353
-44.712159 142.348284
-46.970601 139.203077
-93.370670 91.402423
-92.799592 88.188656
-92.870520 91.166239
136.366177 181.172306
138.326174 180.992429
132.205650 181.254204
-92.956562 1.105856
-101.273749 4.089598
119.725330 199.191043
115.471868 202.162292
-101.147392 73.220317
-101.220552 76.148617
-99.215669 76.013543
140.540988 178.140381
152.647987 178.329856
140.496711 178.192012
-59.457846 112.195705
-59.558037 118.173863
-51.203941 142.252498
-46.977772 142.196080
-51.273703 142.202770
127.976975 220.254435
127.931685 220.221737
-113.688174 16.159391
-113.737658 22.131877
-122.083877 19.170959
-92.342302 33.835936
-88.651476 37.149106
-88.593097 37.175101
-89.130896 4.296432
-96.993997 4.219588
103.042067 148.121764
3.040267 109.166976
3.073295 112.134527
3.070288 118.179803
-97.037841 145.261614
-92.946165 145.173414
-96.971315 145.195060
-124.205400 73.076106
-130.269163 73.165005
36.866014 117.935668
35.930021 118.399419
-53.054656 148.021860
-55.343975 148.215215
-76.304533 88.188377
-57.363995 67.089345
-54.809572 123.944567
-91.019111 64.008503
-142.850675 49.159543
-142.874083 52.116191
-97.005655 70.147081
-92.837546 67.163517
-63.702770 28.131214
-113.650478 49.051730
-67.869363 112.181882
-105.300983 25.159047
-26.220064 112.174808
-51.115733 46.126821
115.488686 175.152169
-51.714468 112.317937
136.819138 171.924708
-171.978188 88.173966
-88.668154 154.179008
44.681611 112.129543
-70.020107 90.946219
77.148082 148.513101
161.360478 187.179497
-64.554143 49.488252
-89.181033 1.322378
-126.641792 106.407881
128.512968 192.928204
-39.160796 85.319014
-54.734857 144.955464
107.232325 175.118688
44.686869 112.146005
-104.198104 103.390254
-43.771150 160.516113
105.104262 181.051194
-64.554143 115.504818
61.832894 141.871178
-129.785971 96.886643
-57.593003 136.134569
-59.522388 136.168507
-55.372181 121.094849
-80.319976 115.194582
139.608200 115.504818
-68.777425 112.504065
40.828518 109.810651
33.756830 133.206521
-84.998519 74.385420
