date:2016-06-13, time:0800, wind_speed:5.6, wind_dir:325.0, temp:14.0
7.292479953134246671e+02 1.035018057674441252e+03
5.625394953142080112e+02 1.065025587674489771e+03
7.383765964308987577e+02 1.028322990206080476e+03
7.292479953134246671e+02 1.035018057674441252e+03
9.902946690154578846e+02 1.027259623242289535e+03
7.714808153141948424e+02 1.035018057674441252e+03
6.881265653145866281e+02 1.035018057674441252e+03
4.897032200474473598e+02 1.087640816627415006e+03
5.625394953142080112e+02 1.065025587674489771e+03
6.974285968400291722e+02 1.027158587481527547e+03
6.978636336144664938e+02 1.027676391983971143e+03
3.547095653145739789e+02 1.185055707674683845e+03
8.126022453146123325e+02 1.035018057674441252e+03
7.389015420108115677e+02 1.028259011696023890e+03
1.062664995313437203e+03 1.035018057674441252e+03
7.714808153141948424e+02 1.035018057674441252e+03
9.057270502929043232e+02 1.057031352065424926e+03
6.047723153133988490e+02 1.065025587674489771e+03
6.554302926186580862e+02 1.146917703540201956e+03
7.292479953134246671e+02 1.665176187674670473e+03
7.292479953134246671e+02 1.515138537674427880e+03
8.126022453146123325e+02 1.575153597674524917e+03
6.047723153133988490e+02 1.605161127674573436e+03
1.033477146256344213e+03 1.641404163355862238e+03
9.381893153134114982e+02 1.725191247674767510e+03
8.548350653138031703e+02 1.065025587674489771e+03
6.881265653145866281e+02 1.545146067674476399e+03
1.062664995313437203e+03 1.665176187674670473e+03
5.625394953142080112e+02 1.065025587674489771e+03
6.458937453138163391e+02 1.095033117674538289e+03
4.885692321601530352e+02 1.088474316894263893e+03
8.217878339310614138e+02 1.357700856007245193e+03
1.271606315313424147e+03 1.485131007674379362e+03
7.714808153141948424e+02 1.455123477675120512e+03
8.126022453146123325e+02 1.545146067674476399e+03
8.642562371511206720e+02 1.597526065670909020e+03
1.062664995313437203e+03 1.425115947675071993e+03
8.548350653138031703e+02 1.545146067674476399e+03
7.805695932685187017e+02 1.598355397943980734e+03
7.400735357063857691e+02 1.026787182060696296e+03
7.714808153141948424e+02 1.755198777674816029e+03
1.104897815314207492e+03 1.455123477675120512e+03
9.887018280539431316e+02 1.508933859099214033e+03
9.065301591186428141e+02 1.508865894534449353e+03
8.126022453146123325e+02 1.575153597674524917e+03
9.072456798785663068e+02 1.537654775283422623e+03
6.986009406889279489e+02 1.027351311751001504e+03
6.988661604514022656e+02 1.027031818738102629e+03
1.021543565314599164e+03 1.515138537674427880e+03
7.402749289125501946e+02 1.027606209415858075e+03
7.292479953134246671e+02 1.035018057674441252e+03
8.959564953142206605e+02 1.515138537674427880e+03
1.548762685407850768e+02 1.298676443235961187e+03
3.658487813041223262e+02 1.177985638398621177e+03
5.733007993648770935e+02 1.057392192296758367e+03
7.171367882328593168e+01 8.180593333533347504e+02
7.292479953134246671e+02 1.035018057674441252e+03
8.649999657500752619e+02 1.057489243500854400e+03
3.958309953134120178e+02 1.485131007674379362e+03
6.985574667174142860e+02 1.027488149940175845e+03
5.735055383363370538e+02 1.056936128355820301e+03
9.884463405300731438e+02 1.028909296203323947e+03
9.793107453138289884e+02 1.035018057674441252e+03
3.642449127058541762e+02 1.178370077532003961e+03
1.552632928178646239e+02 1.178693038791131585e+03
3.638077437429008683e+02 1.177558049421232909e+03
2.383447909277345502e+02 1.387597979946586975e+03
3.658366002412837474e+02 1.929093004202734846e+03
7.714808153141948424e+02 1.455123477675120512e+03
8.224961162036635187e+02 1.627629357038691751e+03
2.821582065132405432e+02 1.208309646153687481e+03
4.556916061776998390e+02 1.275825498759858647e+03
1.046468153141696291e+02 9.449954676750854787e+02
4.484681356616777634e+02 1.267358574624049652e+03
1.605023315313436797e+03 1.485131007674379362e+03
1.148917162227400723e+02 9.967679981680644232e+02
7.405542249467002875e+02 1.028613901046313231e+03
7.292479953134246671e+02 1.035018057674441252e+03
7.826997234920858091e+02 1.028364201878948961e+03
8.126022453146123325e+02 1.575153597674524917e+03
8.642105174494496396e+02 1.567944656923927823e+03
3.656890471610609552e+02 1.927807688753489401e+03
3.547095653145739789e+02 1.755198777674816029e+03
1.521669065313828469e+03 1.395108417675023475e+03
5.733414505354612629e+02 1.057801596924060505e+03
3.645690523421150715e+02 1.927172601411087726e+03
3.655693663410651197e+02 1.177699376905391546e+03
3.653114581691031617e+02 1.178975598547304571e+03
3.547095653145739789e+02 1.185055707674683845e+03
1.457682453145870909e+02 1.185055707674683845e+03
7.400695738122461762e+02 1.028421842110483112e+03
4.791852453145997401e+02 1.845221367674961584e+03
3.235725415851271123e+02 1.478528418389817716e+03
2.291224953141954188e+02 1.365100887674974956e+03
1.152253224269059615e+02 9.985344262791853680e+02
1.880010653137779286e+02 1.185055707674683845e+03
7.400238706893289873e+02 1.028426016787407434e+03
6.881265653145866281e+02 1.065025587674489771e+03
