3.900990062180982250e+02,-2.793707044526333448e+03
8.937329083781718282e+02,1.205476297613140787e+03
1.178982681577813764e+03,1.210068800243802343e+03
8.909092316491435213e+02,1.198069557943463906e+03
1.186238931268755096e+03,1.376657569674126762e+03
1.185039123023505908e+03,1.238899579478858641e+03
1.226966567334302681e+03,1.225898533114916745e+03
1.019326147418589471e+03,1.263562507471150184e+03
1.018585998887559754e+03,1.171891350137693507e+03
8.933758677999385327e+02,1.145469260959132043e+03
8.089519531038646392e+02,1.167884909520045312e+03
9.775598468666191820e+02,1.084468129728440090e+03
1.012753710276139486e+03,1.120149948049098157e+03
1.058356885596307620e+03,1.083295706860781820e+03
9.774906543550846436e+02,1.199090355772913654e+03
1.182508002562992033e+03,1.178780535909128503e+03
1.021543565314599164e+03,1.095033117674538289e+03
6.764125906074776822e+02,1.071106550152826912e+03
9.756828083056227570e+02,1.085463192571783111e+03
7.661125666478801577e+02,1.094773002927622883e+03
9.731375744169350810e+02,1.453639558411221515e+03
8.524857048523224421e+02,1.465722624271801351e+03
1.053377294466230296e+03,1.096341570474086438e+03
1.014172965545026273e+03,1.359931513786516007e+03
1.061164452491118936e+03,1.338669758980274764e+03
1.014889834975592294e+03,1.357598730555495649e+03
1.013238790027525511e+03,1.329051619648300402e+03
8.448853829828010475e+02,1.331323619014725637e+03
8.496560652681789634e+02,1.116626050603500744e+03
9.738962676336396953e+02,1.056872590218812093e+03
8.047897135963097526e+02,1.123403140683044285e+03
9.767059039334460522e+02,1.379407202601119025e+03
1.095837776342890947e+03,1.305089825489650821e+03
8.870129294970281535e+02,1.482363625854528436e+03
8.057480351976519160e+02,1.483003436004853711e+03
1.103596509234464293e+03,2.075659505275756146e+03
1.143591076095844755e+03,2.079020125249909142e+03
1.058565167406542741e+03,2.018203848982710952e+03
9.681367404702073145e+02,2.023785846822538360e+03
9.290472241175336876e+02,2.052000681035170146e+03
9.314915688711671464e+02,1.236553035200704244e+03
1.018468184972328913e+03,1.260439314526564431e+03
9.781113769433335392e+02,1.055543439894677022e+03
9.732426765407284392e+02,1.060909810710332522e+03
1.019939625666334223e+03,2.103730670840024231e+03
1.180735731897354981e+03,1.171431312139808824e+03
9.772683498868134393e+02,1.044943276763898666e+03
9.319528838626836205e+02,1.111295353268552617e+03
9.293135016272417488e+02,2.144087022411563339e+03
1.223081723424312258e+03,2.227720349880426511e+03
1.093569505462694451e+03,2.214062326487532573e+03
1.227143563829522691e+03,2.197500277066666513e+03
