7.109337472056099614e+02,1.274555450861379086e+03
1.821044626877277040e+02,1.182063855178196491e+03
9.671823296921672863e+02,1.029507062035497256e+03
9.316865955042130736e+02,1.062843537810218777e+03
7.292479953134246671e+02,1.365100887674974956e+03
-2.094025468620891672e+01,4.948825176751473691e+02
3.547095653145739789e+02,-6.754111523251655171e+02
1.339458168430950536e+03,1.875167425992714698e+03
9.653570363324923846e+02,1.602294700286721991e+03
1.130934514722557424e+03,1.542199037118110937e+03
1.041103444275429410e+03,1.396526759564660324e+03
1.146019245314625095e+03,1.065025587674489771e+03
5.568698390084834671e+01,8.236378864370551582e+02
1.396747352727122689e+02,-1.068340290246478162e+03
8.495097521293290299e+01,-1.126890377305520815e+03
6.731029927249061302e+02,1.364367892689041582e+03
1.253536755894374437e+03,1.516568828128715722e+03
9.626554045155268113e+02,1.516123327238794673e+03
7.163437252363983134e+02,-2.661796280410690542e+03
1.422536505349789877e+03,1.543160172019621086e+03
-3.121244346854513196e+02,-7.354262123252625543e+02
3.828963993000684809e+02,-6.499036190933417174e+02
6.759691118390677502e+02,-2.750781063707901467e+03
6.760371528403052253e+02,-2.752154223212850411e+03
1.132726426466957037e+03,1.601008846241195215e+03
9.605665408980399889e+02,1.394537345703043002e+03
7.568891243980112904e+02,1.244691332795659946e+03
1.746834817564243849e+02,1.180025856490538217e+03
1.880010653137779286e+02,1.185055707674683845e+03
4.252455790349337690e+02,-6.194300029600811968e+02
4.380638153141822499e+02,-6.153960923250684800e+02
9.612757976513732956e+02,1.302794925478579216e+03
2.129256531456131540e+01,-1.035501512324957957e+03
1.276280179096633702e+02,-1.066068362362010021e+03
-2.360017302663368923e+02,-8.275487836848670895e+02
1.383483954327105266e+03,1.718512502587291237e+03
4.265986966357519350e+02,-6.206932831157689634e+02
7.213876193522938820e+02,-2.657090503403814637e+03
1.229373495314233423e+03,1.065025587674489771e+03
4.380638153141822499e+02,-6.153960923250684800e+02
9.195089277612762544e+02,1.213867930406353025e+03
8.548350653138031703e+02,1.395108417675023475e+03
8.548350653138031703e+02,1.605161127674573436e+03
9.650283730907920017e+02,1.545913156700918307e+03
9.036039795102240646e+01,-1.070361356651903861e+03
4.322548709100148017e+02,-6.165992067429211829e+02
8.126022453146123325e+02,1.605161127674573436e+03
1.757353278240785812e+02,1.179458251900075538e+03
1.738187594650624703e+02,1.178242802384014340e+03
1.880010653137779286e+02,1.185055707674683845e+03
1.431455991120185217e+03,1.722337426306473162e+03
9.793107453138289884e+02,1.305085827674877919e+03
4.380638153141822499e+02,-6.153960923250684800e+02
4.380638153141822499e+02,-6.153960923250684800e+02
1.146019245314625095e+03,1.605161127674573436e+03
1.135824325378116782e+03,1.602286327501188907e+03
1.126024030220479062e+03,1.603608040902307494e+03
