date:2016-05-14, time:0400, wind_speed:2.82, wind_dir:287.0, temp:11.6
88.931419 -230.461815
94.069948 204.479825
-14.676723 -41.534435
117.767786 187.018916
-35.754279 -44.500601
-44.552213 -121.537112
-47.665116 -14.687906
118.743430 186.231686
109.285392 225.688060
13.767813 186.504705
101.683636 177.759010
-98.392579 -23.294674
-53.055436 -44.052860
80.643811 153.742655
59.742308 141.830904
-56.935105 76.433950
-55.870499 -128.831923
117.639873 186.826225
121.962907 190.090111
114.114112 180.647671
73.157069 171.358870
0.914845 82.046204
-99.052248 -26.193045
-40.634134 -38.221886
38.796072 -287.617966
63.740910 174.901964
-94.896874 -26.069609
117.641413 219.893019
97.807072 192.531455
59.705059 156.639306
-85.814488 81.687573
-52.551216 -56.440867
68.032418 102.756110
-11.353667 45.951634
26.682683 192.564159
-107.127241 -35.249335
126.537090 195.494434
-32.020355 -43.439907
88.630165 198.930180
72.194852 147.627334
121.736449 105.933138
-49.022374 -116.199364
59.943122 171.644095
18.389138 177.535593
60.648909 132.273446
-73.389535 -38.520533
-56.202509 -44.596239
-11.365323 -62.327246
101.115907 183.933867
114.251844 178.630821
-31.673235 -41.510906
68.600929 -263.698451
72.161195 208.595832
97.537492 204.679070
-19.550627 -74.379697
-52.395411 -35.452965
-60.854031 -65.507145
76.709860 204.547697
-93.754683 -47.794056
118.431578 192.630969
114.368745 207.494035
68.941187 204.411307
101.361110 162.714864
-35.932880 -17.251276
-2.430085 -38.675403
113.551538 213.942594
109.578094 189.603464
101.415867 153.797013
-51.777585 90.276670
-7.559336 81.893859
-65.657046 -35.196244
-57.265022 -116.257592
109.449562 186.789949
-2.774341 -35.524484
39.616156 -59.750048
56.466429 -278.809038
59.182978 -278.242845
98.092725 204.400657
93.883523 165.454909
-56.009429 -5.638690
-76.856537 -8.640869
-14.319395 -11.752501
-43.457609 -14.601087
-26.736428 -38.612807
85.700709 201.234192
77.473594 129.447676
23.155871 120.390340
14.862089 117.426359
-105.981359 -14.585467
-1.791472 -20.848883
-26.878758 -29.788988
-1.735705 -50.524783
102.529011 234.474473
94.187975 153.493569
106.670418 144.472086
-1.735347 -26.677326
-60.175585 -101.659598
115.013878 219.564086
102.554148 198.328767
114.952347 198.503566
-51.813383 -23.486340
114.862271 174.621380
56.628262 -50.453661
106.487890 225.878161
73.245142 189.782736
94.025276 165.896569
48.117807 156.834082
123.177799 108.742856
-55.988738 -8.280791
-97.769738 -14.249449
18.992661 -77.230753
-47.598229 -119.307343
