date:2016-06-04, time:1600, wind_speed:2.06, wind_dir:157.0, temp:21.8
1269.961760 1633.609736
596.168773 1089.433939
967.536775 1120.062880
715.104091 1752.033704
507.752386 -2720.191327
384.609105 1420.682018
-704.523841 -648.312262
596.127583 1088.733062
-113.335751 610.713649
633.342292 1839.830893
-530.171406 -678.458404
886.387809 1599.520330
637.931798 2198.659823
1339.767202 2228.895962
1053.706328 2080.508288
1018.943458 1816.534984
775.344688 1747.041345
-1202.128224 -79.513452
607.991031 1388.441474
-892.545377 -1072.519315
-148.359917 -229.169409
-575.318430 -382.167902
-1079.795270 -138.691331
-535.995963 -351.066393
559.243418 1906.646026
-1102.923688 -112.072061
139.873632 -2781.937554
-1030.473768 -82.052153
-367.161643 -376.389933
-453.074421 -382.055486
924.600376 1992.765856
630.097053 -2721.085899
777.288637 1959.062712
884.037908 2262.742297
855.217577 2378.607910
725.677281 2206.451547
878.690407 1155.064858
-730.810096 -975.021276
882.225967 2323.022700
1044.770034 1661.716647
18.872322 1210.557620
440.392241 1120.505965
769.459110 1394.317151
773.133537 1748.584314
-821.823642 -140.943396
814.967747 2321.801823
735.465303 2319.991656
-106.462285 -373.979780
1107.664013 2169.891453
1089.759161 1540.300152
-156.822838 -352.516210
-605.973841 -1036.173091
675.246541 2142.140735
-658.011815 -202.183221
-312.124435 -345.328322
-437.711505 -705.418682
60.416357 1516.265364
-492.748363 -411.627950
841.614936 -1912.185920
1048.675702 2078.384618
-1077.112589 -262.568366
-189.312259 -1640.155348
-114.426762 -198.018541
430.149405 1119.494246
-523.446268 -224.573062
726.102734 1392.965227
-659.708565 -441.264467
673.344596 1569.052309
424.302873 1539.616284
-647.148464 -1035.116049
631.330412 1633.622319
1020.019962 2352.802240
1006.426950 2109.853104
948.254590 2021.395110
-200.937771 -261.628546
-367.402693 -562.909199
-645.541435 -1065.509042
-313.691049 -254.649172
424.672866 1508.163593
-606.429934 -493.668454
274.597164 -653.655340
266.271086 1966.658253
1218.895290 1691.770174
-322.714509 -471.344856
979.514130 2265.810242
-153.935489 609.958004
884.105076 1598.252246
845.623139 1602.788366
-153.631558 607.842320
-145.394542 608.105488
310.058214 1906.381557
1018.630838 1846.094523
642.590665 -2716.247010
643.604632 2205.765093
644.147860 2205.332987
642.016661 2205.609448
-565.112105 -492.811084
-566.000413 -493.768207
