date:2016-09-19, time:0300, wind_speed:1.2, wind_dir:222.0, temp:19.1
-98.006682 -34.650234
-94.395290 -73.850379
-144.437717 31.164704
1.636411 130.126144
-102.420005 67.297848
-60.973447 127.224600
-94.096113 130.339968
-98.675583 33.985599
-60.676675 82.374341
-123.217195 106.322692
-110.867641 1.108655
50.996250 142.002015
-115.052616 7.248782
-102.509510 121.246862
34.783042 142.106421
-164.579243 85.497288
-173.030730 67.455424
-99.075597 81.912308
-106.683429 103.106864
-90.852051 -17.000749
-15.461569 -287.015148
-14.751011 -286.814852
-90.079747 82.273712
-98.510248 67.144529
109.946654 106.019944
109.765079 106.073439
-89.777516 136.297803
106.030341 190.270994
-127.696039 147.933070
-94.423165 121.194804
-43.993063 82.271806
43.232925 136.070311
-27.586304 157.064658
-35.575341 139.436676
-52.858932 91.151031
-65.305098 58.090482
88.858842 193.002056
-81.613029 37.183561
114.031716 169.275408
110.104611 106.264201
-140.923624 51.878747
-94.290443 73.137918
-69.255555 67.135141
139.120302 214.226574
138.596711 213.968987
105.561241 144.964929
101.613334 214.162574
-36.119416 163.024955
-98.369911 139.127071
-56.907758 55.103389
55.629610 205.050687
-27.925256 111.958980
-102.726104 97.164399
-90.000101 49.223498
-110.662236 46.221801
138.975333 208.267958
-111.100364 177.990945
-36.422290 154.086973
-148.261738 142.261307
-35.972669 88.096425
-106.675674 7.227860
93.010008 154.016939
-98.600533 139.097811
-69.731637 88.055844
39.117457 130.181880
118.825207 166.517619
-23.633412 100.167946
-81.955494 49.108467
139.160792 172.229970
-143.796250 121.506324
-60.660058 64.274126
-69.767361 154.032044
93.724479 148.403189
105.637542 148.056103
-131.544253 22.140189
109.581072 147.976528
-14.764752 151.330255
106.161484 145.441344
-86.242906 45.977111
143.351431 223.297976
-111.053789 163.020409
110.369257 145.378069
56.151703 145.375051
-182.120754 81.879264
-94.491347 1.057987
1.415100 148.043738
-69.096698 91.259998
-85.743044 25.316610
-114.752087 -1.687279
-48.417172 58.119527
-48.123706 103.252005
-89.947355 19.242204
-123.045988 37.384010
-57.138952 124.072426
-119.761758 67.014364
-173.640275 76.096351
-178.594949 60.862062
-86.149483 106.136314
-85.856202 106.152551
-47.883293 166.517619
89.353956 148.287790
-18.764875 118.505571
27.002985 121.376499
-135.993177 76.193058
-89.695793 19.357405
-98.343636 10.189813
118.466039 178.292769
-98.107387 22.245130
-110.830506 -4.763453
135.343126 112.457715
43.668422 112.396690
113.864284 210.956056
138.603378 180.924332
-106.837376 133.050815
-31.481061 88.315514
-85.733661 31.268400
-6.455150 133.370833
133.844683 126.984718
-94.602721 111.989866
-39.825240 109.259970
-156.966419 64.092596
-156.786410 58.022644
-140.232993 79.017318
-149.110940 82.009182
134.517187 112.021277
-69.477562 64.020659
-69.137105 61.223745
-48.206433 49.367654
-64.884282 40.305018
-56.929244 85.075499
-52.565712 85.162810
-56.914976 91.084217
-110.687340 46.257749
105.637926 211.201749
-39.842479 169.369211
122.573186 145.222338
-106.685877 91.097029
-94.892922 75.940112
-140.079064 55.037020
-27.145122 163.444999
-32.435935 169.054518
-24.150381 165.933322
93.421745 199.278248
-52.812073 163.030077
-81.947537 97.122970
43.151365 112.059113
-56.285062 163.385319
93.644219 160.325075
6.024299 148.262035
10.118014 121.217438
-65.069341 58.244123
-39.822534 58.198633
-39.993281 58.074270
-60.563535 166.456126
-47.951936 166.416995
-60.507131 172.479518
117.824525 160.059522
-181.786468 85.223034
-27.384952 79.313263
101.527409 193.129823
88.947713 151.224909
-86.062586 139.159081
-57.549842 138.867778
-10.987647 133.086648
43.806382 115.504818
43.151503 112.133303
-152.467364 67.196235
-98.147362 16.349770
105.160050 219.815794
-77.302485 178.295092
5.419431 139.145192
88.617927 198.958079
147.570519 187.322753
-27.223053 163.408829
-148.509769 130.191009
-132.030938 139.052751
-111.161300 49.110403
-140.366545 34.011043
97.223880 205.322043
101.352511 192.957873
22.289184 142.128112
-94.018485 97.268233
121.482982 144.874431
-48.615154 42.981737
-86.042522 28.079462
-28.130889 148.115593
-120.382735 39.885743
-77.663976 34.123979
-114.566693 157.515360
-114.889232 157.216657
131.088031 214.437001
142.790120 214.046923
-2.537971 136.136801
26.630949 133.199970
18.068878 121.098478
-86.057460 94.050245
88.968687 193.256663
97.931075 190.523643
-81.665227 100.156938
-102.661873 -1.758109
8.977148 126.800026
-123.366648 73.169437
-127.569755 34.256349
118.220860 199.300511
117.721434 192.988694
-157.053902 118.126763
-185.973125 40.228388
-44.897188 123.982911
-40.259296 130.063044
-81.810105 31.161126
-111.413834 133.046722
-111.180959 133.037021
-56.341801 145.420693
126.749012 208.357598
114.219835 172.237259
-60.686085 127.260150
-131.428954 112.313003
-131.670808 64.164404
109.700126 106.098917
110.035566 106.122155
-11.234202 160.024181
-81.910525 151.160560
-115.524898 138.989875
-140.016193 142.108169
-123.492496 100.078559
-107.470203 96.802888
147.339412 223.378057
97.743563 217.337947
68.812657 148.513101
34.751794 130.084269
42.367740 111.998277
-36.097964 64.118163
-52.741979 -31.957742
-168.860519 70.365811
-144.975729 69.884090
-156.802126 66.999625
89.325018 208.348954
117.511155 162.755461
59.989901 145.215074
-27.383793 91.155291
-114.864220 79.322261
-115.060191 19.067794
-27.354604 139.383149
126.582623 211.200739
52.056134 196.482348
-69.433211 85.132985
-119.415978 76.072814
104.918970 144.988499
118.160389 187.079571
118.322565 184.181625
135.130057 187.207223
-114.926986 94.230977
-94.414314 100.057030
-110.949449 94.284170
-60.863735 133.184058
-56.407114 133.316116
134.696514 111.976734
-139.721311 148.421067
117.903005 193.143378
-23.416617 121.170366
-57.276976 144.978954
39.445703 118.304663
-40.453037 172.001108
22.278663 139.226091
130.681692 232.269481
-11.181759 115.059066
9.852541 136.273671
-18.764875 106.502559
-86.008705 172.179979
-77.357195 172.350404
-27.229380 118.461744
89.549806 148.377805
-3.424173 141.978787
118.439932 217.318835
114.244528 208.255772
-94.512435 61.083916
89.362093 154.302924
130.747455 172.177852
110.403769 169.426978
122.380971 235.192883
-127.239703 148.462035
-140.083815 148.139274
1.311420 139.004106
-127.379168 151.277791
-136.054560 145.259527
113.251619 108.787910
-106.231268 79.495782
-111.385472 75.948301
29.909715 135.851487
39.537695 139.429865
-90.056109 25.133297
-93.883063 19.409866
-178.089414 39.912940
-111.246587 160.116399
-120.022070 156.948542
114.419028 211.363827
109.115072 213.812523
139.344657 187.300152
-94.276911 19.033791
-94.075208 22.223266
-69.005287 61.250934
118.010570 190.134547
109.892563 193.135857
-123.244672 40.229043
-123.166092 40.210107
109.664805 145.118983
-139.572968 55.489758
-115.144328 154.124416
-89.821422 4.272342
-19.005244 118.335373
-23.117741 97.390702
67.640348 156.938897
-48.332217 100.214882
-115.277875 88.090426
-114.675925 91.397060
-131.941868 70.087898
-44.047639 175.160418
-123.374766 130.201277
-94.265275 19.141678
118.335753 220.397745
114.229919 217.236226
122.600014 214.354188
85.054458 151.124460
-136.002074 88.112732
-139.663996 88.448238
-132.835527 87.913000
-56.462397 127.265082
-61.027483 127.150086
-61.099671 127.238141
-40.963254 123.884374
-43.924018 121.469732
-40.493541 121.016966
-7.066170 145.012374
-2.272956 148.338758
-65.562769 85.074627
-69.222249 85.333299
97.498336 190.334113
97.384341 190.049000
-69.043778 43.261737
-78.362112 45.988877
34.921131 136.088163
34.973466 136.250485
39.282001 136.174713
35.400717 136.454450
113.560635 217.015436
114.622263 214.578012
-102.292142 -28.670129
-94.524784 -25.889092
-16.233785 160.016494
-19.813446 159.860739
130.730324 232.273950
126.373743 229.041929
-61.041353 85.061136
-64.711981 88.263430
-52.685057 130.275886
-47.955316 133.470295
64.073646 163.237918
72.314781 163.031045
-39.979282 148.170027
-89.813795 133.255933
22.223975 133.011270
-89.560418 130.508583
134.895710 124.071196
109.395895 105.971770
-36.261427 67.176207
-98.419281 55.144641
152.040596 235.456959
130.936399 157.269003
-115.006285 130.287966
14.276888 130.291202
-27.618959 79.033368
-93.973413 22.273130
-57.394303 54.805204
-43.978476 55.325568
-52.949150 55.146451
-98.838640 186.930695
-94.207831 157.275181
-15.687717 129.984134
-111.845979 126.812309
-77.112850 124.507077
-127.190772 121.448335
-118.789975 31.483734
-98.977955 120.919535
-98.349431 121.102711
-107.083380 120.998450
-102.844141 118.176535
105.139068 231.908603
67.894423 223.037719
-15.601380 153.710962
-82.707336 135.776644
-57.158379 132.805051
-49.150075 127.015024
-123.706336 124.145053
-89.896969 106.243034
-123.745784 100.169948
-82.720380 90.959326
-127.479001 52.190213
-81.359011 28.419614
-94.403500 9.990200
126.228092 199.046576
-35.435725 166.517619
-119.346841 139.113952
-157.397009 135.923216
-44.673601 75.977090
-98.817895 72.912439
126.202394 172.097773
126.249575 171.977193
-94.036273 1.315390
-89.794915 4.249632
109.486627 105.934481
110.388265 106.424805
109.754525 106.199891
97.219974 190.039787
97.326282 193.104968
96.822843 192.922781
-32.588370 90.927201
-23.823773 94.122050
-136.361573 63.891853
-136.339889 60.830863
118.825207 157.515360
-73.643228 178.132164
-73.318719 178.252592
-57.242716 81.868936
-61.623691 84.883117
-123.005346 115.404525
-119.724859 117.979540
-57.118330 82.024242
-89.718850 13.261251
118.141865 169.079116
117.547372 168.633777
117.596197 210.952720
118.273897 214.157765
-69.503163 46.072184
-69.753292 45.905466
93.159599 157.209328
96.766031 159.950702
92.874718 160.077770
114.403041 205.354263
134.417496 123.845602
-52.939613 100.027799
-56.927392 85.073880
109.919244 106.187623
110.170820 106.391374
-48.800517 129.994803
117.600085 214.008183
-7.567274 114.738833
-6.437480 115.340843
113.824003 157.122415
113.260379 156.794422
122.908510 232.452602
118.591529 232.474236
43.806382 130.508583
42.810287 130.010630
110.489782 106.502559
109.664043 106.033460
-73.289043 85.233823
-69.206443 82.197186
121.926610 193.080836
117.730173 196.039576
-47.976732 169.480190
-48.440394 172.112576
-148.561250 106.249318
-40.384411 136.076913
-40.177605 136.211526
42.980673 112.030417
42.900966 112.079020
114.521038 157.397419
118.068362 157.164790
105.878166 145.268565
101.887843 148.322467
155.967091 220.403007
-23.092349 187.268988
-2.370211 181.309600
-48.096741 178.281414
-94.052433 151.402175
-131.452312 148.311164
-44.002950 145.410904
-2.348370 142.329648
39.287740 139.301382
-18.979490 133.293656
-31.409417 118.359770
-31.428209 115.302059
-118.968330 112.330332
-110.707001 109.322412
-68.965454 106.269652
-35.605925 85.334340
152.080432 202.462107
-56.274119 193.424303
-93.880009 190.484045
-22.966893 190.395508
-68.880214 187.410571
2.060510 172.453738
93.747842 157.389564
110.355201 157.475658
47.792387 142.373856
-85.559231 133.445965
147.851239 133.404661
-56.372246 130.442246
-135.561005 112.390946
-77.242773 100.392559
-60.593182 58.435012
-89.623244 40.393678
139.628538 244.585542
127.160632 196.525149
2.129257 184.522137
2.129257 178.520631
-77.112850 175.519878
-72.889568 160.516113
35.470957 154.514607
114.601925 151.513854
-18.764875 148.513101
60.477232 148.513101
-22.877018 145.512348
31.247675 133.509336
-147.908393 76.495029
-68.777425 73.494276
-68.777425 67.492770
-81.224993 7.477710
54.842592 144.192644
54.123008 148.940207
56.057014 144.597570
54.125818 144.762196
58.087991 147.588416
