-2.748698889228244298e+02,1.307186845254618959e+02
-3.293777619766598832e+02,3.731330411249145982e+02
-2.741009085554474041e+02,6.426897199797430176e+02
-3.191259444237029470e+02,3.677050627102435101e+02
4.791852453145997401e+02,1.095033117674538289e+03
3.530905531468842469e+02,1.183275093010086493e+03
-2.876026328821555467e+01,8.175907886203148109e+02
3.482830316560804249e+02,1.177150965512269522e+03
-3.581696216435555584e+02,4.306830815014207019e+02
-3.154027133389770370e+02,2.502856333541556353e+02
3.452969481789576776e+02,1.173341283366208245e+03
4.685320859909934370e+02,1.086960516433292469e+03
4.706097440766607178e+02,1.087154686923826148e+03
-1.529141250560860499e+03,-1.398702530550897336e+02
4.688630310343151564e+02,1.084532966468949553e+03
4.791852453145997401e+02,1.095033117674538289e+03
-1.278847237184451842e+03,-4.418848249778606032e+02
-1.148940017087394835e+03,-5.304315945395640028e+02
-9.817423125501186405e+02,-6.209607440147733541e+02
-1.281776003084776676e+03,-4.445253186752562442e+02
4.767212597743892957e+02,1.092923602794089675e+03
3.547095653145739789e+02,1.185055707674683845e+03
-7.375916484919746381e+02,-5.934979312565673126e+02
4.698196229742919741e+02,1.084055602940540439e+03
-1.148602471285199499e+03,-5.288219981619167811e+02
-1.274883440371871075e+03,-4.391295534124965343e+02
-1.690608534845380518e+03,1.939131832669157802e+02
-5.708672362216285592e+02,-2.344040846534173284e+01
-9.789584346854766181e+02,-4.953659723248744058e+02
-1.154516042192294663e+03,-8.011981482448759380e+02
-2.897708805272206973e+02,4.342723141288574311e+02
-7.341733195579795392e+02,-5.602322668446423677e+02
-8.544827546854508000e+02,-5.253735023249229243e+02
-4.012224353408830666e+02,-5.053293199759878007e+02
-5.238400466284148251e+02,7.027204875167061573e+02
-2.748485280901487613e+02,4.917627304546567757e+02
-1.489597702310426257e+03,-8.520910122090648997e+01
-3.210952982143688246e+02,5.752492210258754994e+02
-3.707150546795190280e+02,4.033463110365103717e+02
-1.483108604279406791e+03,1.593398944237646901e+02
-1.405702887112606049e+03,2.441736168981465198e+02
-3.324910369372658465e+02,4.955995743988814297e+02
-2.763352773214149920e+02,7.898150440098636409e+02
-1.150313113013605061e+03,2.779147689502012781e+02
-2.730394810215592543e+02,4.333199215325646492e+02
-1.537682513129709605e+03,-1.085758878314215536e+02
-1.523604786494120390e+03,-4.860312079524714335e+01
-5.706741050595969682e+02,2.748965954417492981e+02
-1.696884570547689236e+03,2.429090018463803062e+02
3.547095653145739789e+02,1.185055707674683845e+03
-7.377952892019403635e+02,-8.615588666140226337e+01
-2.710030046866132238e+02,1.647996876746136650e+02
-1.737500643172466653e+03,2.487617276144571576e+02
-1.483816513609807771e+03,1.885298088465879687e+02
-9.873558762968548308e+02,1.858979694837232728e+02
-4.457128039914214810e+02,6.050341157090921342e+02
-1.527820477322121178e+03,2.509812484607073486e+02
-4.844293358455328189e+02,3.101201090947881767e+02
-1.690823359727628258e+03,1.926356738347279816e+02
-1.487109304985666995e+03,-2.090477773717516641e+02
-1.521316754685476099e+03,-1.052680823250333333e+02
-1.406018223571178396e+03,2.472031005131284189e+02
-1.443376985545349271e+03,3.695763990991414403e+02
-1.195104395808842128e+03,4.289875633230031440e+02
-4.377115046858298797e+02,2.548222776747592206e+02
-1.113177946502542454e+03,2.158904837588584940e+02
-6.186876052937504937e+02,3.789622186148149012e+02
-6.472127564507214856e+02,3.432234471719710882e+02
-1.369770022105309408e+03,3.723738532313328164e+02
-1.177082586056176439e+02,7.956915203170710811e+02
-2.099495574429112423e+02,2.242830121846154441e+02
4.720098149903668627e+02,1.086926992087850749e+03
-2.907487053195382600e+02,1.065949398011250423e+03
-2.448925993309181877e+02,7.643438234726015708e+02
-1.522930071342892916e+03,3.138209301479998317e+02
-3.606502684948993647e+02,5.753494897077426913e+02
-1.530964595369711787e+03,6.836974010941744950e+00
-1.271254004686651115e+03,-4.353509123255670374e+02
-1.271254004686651115e+03,1.476203767437105796e+01
-1.360067717874289428e+03,1.273251084826505917e+02
-1.402110687782173272e+03,3.081613333766243841e+02
-6.544233229284121478e+01,8.211632882209125910e+02
4.772902584876872538e+02,1.092908777866988885e+03
-1.271254004686651115e+03,-4.353509123255670374e+02
4.757555924837167254e+02,1.094560918055985212e+03
-2.360663263061478290e+02,7.302163367845619177e+02
-7.288956846866516344e+02,1.095033117674538289e+03
-5.696757000606319252e+02,4.882122393115784575e+02
-4.394560354369818924e+02,6.144463457252010130e+02
-6.484648996173204694e+01,1.363140373658605313e+03
-4.413405425994126858e+02,1.211884014097865702e+03
-1.271254004686651115e+03,1.155048177674635326e+03
-1.119761209316925772e+02,1.325179642235564188e+03
4.594365545280416541e+01,1.600532476446161581e+03
1.369980092609402789e+01,1.569561285344164389e+03
-1.240461853688852443e+03,1.086233687869575306e+03
-4.014715123169522712e+02,1.238262322801708706e+03
-6.996720393883680345e+01,1.956877393173141400e+03
-1.454159346862346922e+02,1.575153597674524917e+03
-1.078334755258159248e+03,1.244308636937109895e+03
-1.273935331237050832e+03,1.239620176410120393e+03
-2.326078778730575891e+01,1.813498375782430458e+03
-1.094860665054523139e+02,1.601846702726823423e+03
-1.542535125763618282e+02,1.264479525761616515e+03
-6.605677587986463095e+01,1.961722849344838551e+03
-9.378370046866384655e+02,1.245070767674780882e+03
-7.947966883886665812e+01,1.752438260193438737e+03
-2.479586859968732426e+01,1.571706591372302455e+03
-3.990794947646581363e+02,-4.388451351293807647e+02
-1.072101623639613024e+02,1.270751125117661331e+03
-6.110594127812873921e+02,9.391202779665105709e+02
-7.462195535943669711e+02,1.019251616962137774e+01
-2.710030046866132238e+02,1.215063237674732363e+03
-1.400266300927480188e+03,1.180448686783592166e+03
-7.062665806529744827e+01,1.956500118951654031e+03
-1.188827608212589411e+02,1.851168647339876998e+03
-6.102479130292550735e-01,1.513556111904726777e+03
-1.029696815358180629e+03,1.390426093220091389e+03
-1.025925325250644164e+03,1.178679653201362044e+03
-1.354608254686259443e+03,1.155048177674635326e+03
-7.743123845424016736e+02,1.060497163041411568e+03
-7.356058262672420369e+02,1.180215021111104079e+03
-6.627411994457504818e+01,1.960612941141873762e+03
-4.856630654197501826e+02,1.420837219553630121e+03
2.105564597912263025e+00,1.543181178916356657e+03
-3.921843767441268369e+01,1.577662206749959978e+03
-9.815694557667147819e+02,1.303425690516231953e+03
-1.454159346862346922e+02,1.215063237674732363e+03
-1.271254004686651115e+03,1.245070767674780882e+03
-1.025354964236652677e+03,1.388051309178894371e+03
1.380670336387748307e+02,1.477364956555738218e+03
-9.789584346854766181e+02,1.335093357674926438e+03
1.360390823653021357e+02,1.504023857870887923e+03
-1.274797581324613475e+03,1.334612204283994970e+03
-1.165383341128778284e+03,1.243229247522258675e+03
-1.774790285714603215e+03,2.539723196180763694e+02
4.791852453145997401e+02,1.095033117674538289e+03
-1.276790653534555076e+03,-4.390794845013354006e+02
-1.150829661774556371e+03,-5.294167544590931129e+02
-3.027167226040174342e+01,1.538235721462912807e+03
6.241399531339939699e+01,1.575153597674524917e+03
-6.619119425170103455e+01,1.959139530434847757e+03
-1.068065119727095635e+03,1.272092733741924803e+03
5.318424778931562003e+01,1.325102739122066851e+03
-4.788329346862473130e+02,1.305085827674877919e+03
9.864921432786988476e+01,1.207421282852421200e+03
5.036066643273895238e+01,1.605398402890959005e+03
-1.608642817986084992e+03,2.232972564494264134e+02
6.090725705012290803e+01,1.543831224043319935e+03
-3.586812847703833995e+02,9.424157000298630464e+02
2.129256531456131540e+01,1.185055707674683845e+03
-4.085116339648430994e+01,1.516003680691348791e+03
-1.153517024975030608e+03,-5.366107985889951806e+02
3.547095653145739789e+02,1.305085827674877919e+03
-1.247535160249693263e+03,1.305057900681230876e+03
-1.024884580649449390e+03,1.392588369939408722e+03
-1.107724572486875104e+03,1.299487956835209388e+03
-1.315507279535519046e+03,-4.058202281970689000e+02
-1.358385207105425934e+03,-3.795848475536385536e+02
-8.998175504088018215e+02,1.299805001274205551e+03
-1.152081098850816034e+03,1.356134929625882933e+03
-1.113730623079760107e+03,1.298171266991537323e+03
-5.366029160880830204e+02,5.554415256294149685e+02
-9.930408909203242729e+02,1.331219172294223426e+03
-1.203539830389718645e+03,1.302566110251624195e+03
-1.065874126041331010e+03,1.362899830354000642e+03
-1.202289467331467449e+03,1.302014756470853399e+03
-1.204441807734149506e+03,1.247628330156210041e+03
-1.033625278457374634e+03,1.277018702411499362e+03
3.466810591242529540e+02,1.295344328884286142e+03
-9.393022756677887628e+02,1.333198668587238217e+03
-7.377449088772814321e+02,1.323651280844837856e+03
-1.110312869877222738e+03,1.326508198872267940e+03
-9.826886332121937357e+02,1.273431955531836593e+03
4.721636210404710141e+02,1.085674241792505427e+03
4.791852453145997401e+02,1.095033117674538289e+03
-1.358925234295675637e+03,-3.829183061679061666e+02
-1.373521358377251545e+03,1.933122316393378242e+02
-1.523242291412712575e+03,-1.062707362744345829e+02
1.422658985336870217e+02,1.600914332351635949e+03
-1.237159213473488307e+03,1.265598203647564333e+03
-9.436010708607847164e+02,1.299749106467040747e+03
-9.011297362653052687e+02,1.270982207221094995e+03
-1.194019453347759054e+03,1.265458806332612994e+03
3.451947419261180130e+02,1.382988770362284185e+03
2.259365510292681734e+02,1.452805005810464536e+03
-9.464750478383173231e+02,1.265484984585192478e+03
8.835531838953035333e+01,1.248362297831857632e+03
3.043262880992542705e+02,1.324572527442451701e+03
-8.188773137650130138e+02,1.233858270591156497e+03
-1.037386119469261530e+03,1.332301927499331214e+03
3.737497553291785835e+02,1.304153796853005133e+03
-2.860930558393602041e+01,1.262228377388150193e+03
-9.789584346854766181e+02,1.335093357674926438e+03
-1.147161819911339308e+03,1.304419369678811790e+03
-8.995261527767476082e+02,1.302235793454151235e+03
-9.814674358902129825e+02,1.362809922901264372e+03
1.457682453145870909e+02,1.305085827674877919e+03
-1.030092631018137126e+03,1.266049492033229171e+03
-2.736042822019325627e+01,1.239748906718461512e+03
-1.456725157494101268e+03,7.359798547076758268e+01
-1.489493286125660461e+03,1.564438090921264859e+02
-1.196097919597527380e+03,1.416964615487060428e+03
-8.721712710965296083e+02,1.367166824454585139e+03
-1.201921720689341328e+03,1.364019610193244034e+03
-4.999201802107073718e+02,2.246179551256273612e+02
-4.845172264921620240e+02,1.598285199744742044e+02
-5.249933674668742469e+02,1.899103035735253684e+02
-1.988979446148937313e+02,7.248169356196291346e+02
5.698688310347172603e+01,1.689164850236344591e+03
-2.710030046866132238e+02,7.049352276746973303e+02
-1.108104458181906296e+02,7.882892549666958075e+02
-8.583023319697574607e+02,1.062471876759597762e+03
-8.589457099833473421e+02,1.241243117710866500e+03
-9.965594957065725339e+02,1.393043735588986920e+03
-9.013302050902572091e+02,1.360275243821598224e+03
-8.977139561903265985e+02,1.333349160808693568e+03
-1.029983007836444585e+03,1.206610890861065172e+03
-9.016371346834310998e+02,1.269977264873791000e+03
2.531293070436827577e+02,1.271760367396214406e+03
-1.489013208958341693e+03,6.626097717029405487e+01
-1.406146182510238532e+03,1.254108457509955343e+02
-1.235010637111251981e+03,1.299286793911362111e+03
-1.274218714013764384e+03,1.303863094008455846e+03
-1.246881550548524501e+03,1.306258325925562758e+03
4.629488599027342843e+02,1.242722948753902301e+03
-1.089872700835671679e+02,1.210268373194564447e+03
-1.023805775440220486e+03,1.364102590364468142e+03
-1.108723522094032205e+03,1.362863118801188421e+03
-1.112934812896775156e+03,1.298248814172324501e+03
-9.400916494153522081e+02,1.362442278920429544e+03
-1.150820324662127405e+03,1.238743203627946514e+03
-1.610677588686776289e+03,3.901868782122474499e+01
-1.526492432035811134e+03,-7.996646605090614912e+01
-9.789584346854766181e+02,1.065025587674489771e+03
-1.081852132954451235e+03,1.124484090006689030e+03
1.004688915695548701e+02,1.238781463536386354e+03
3.124767453138036899e+02,1.275078297674829400e+03
2.134795995129094877e+02,1.299888473062258072e+03
-1.610968212572582388e+03,2.488714422746396622e+02
-1.690316990523653658e+03,1.915735622223221526e+02
-1.145666934686272498e+03,1.335093357674926438e+03
4.297340442825311584e+02,1.262813624279892792e+03
3.547095653145739789e+02,1.185055707674683845e+03
5.026167858697769475e+02,1.184058714830337522e+03
-9.546813163131890860e+02,1.216371482860807191e+03
-9.814459001553964299e+02,1.364554955091409738e+03
2.208827886838171821e+02,1.204310092358569364e+03
3.876611327631243853e+02,1.266730535343890551e+03
-1.692260123934142712e+03,1.899122521172416498e+02
-6.471045063632066103e+02,3.426106868978221200e+02
-9.378370046866384655e+02,1.365100887674974956e+03
4.725641811111136121e+02,1.085885416760319231e+03
-2.857428342982386766e+02,1.364871546926637620e+03
-9.411916268524136058e+02,1.241416179565731454e+03
-1.443340905243156840e+03,1.879137878409725602e+02
1.434971217168417752e+02,1.212651542665022589e+03
-6.063433653233154246e+02,1.211795666567347553e+03
-1.488276306396311838e+03,3.356094945826097842e+02
-8.323486810716225364e+02,1.154307064079928750e+03
1.020564611996704372e+02,1.363728680638145761e+03
-1.022958484632102795e+03,1.723454479236854695e+03
-8.985123898548825991e+02,1.661602944797227110e+03
-7.356762552012903598e+02,1.685515627670301456e+03
-1.452739998695897157e+03,1.149434827659891425e+03
-1.371103341117358923e+03,1.152204023277059150e+03
-6.229188132209033029e+02,3.113858624342805115e+02
-6.911721138248915395e+02,3.414054172482964873e+02
4.702898269022613249e+02,1.086288399352988336e+03
-9.422011528721441209e+02,1.302550574553690922e+03
-1.151374130016043637e+03,1.330259387862269932e+03
-1.111134616012966262e+03,1.388688727564042892e+03
-9.467939164037766204e+02,1.778059239136587394e+03
5.136993973932117115e+02,1.780588309248907308e+03
7.616102668543232994e+02,1.743690886773495322e+03
-2.046300024432536873e+02,7.050464811131458873e+02
-2.740792600828941090e+02,7.025917472282616245e+02
-2.466511702838614042e+02,7.022230592779161498e+02
-7.340797884898582879e+02,1.779527673243508843e+03
-6.561753944018151969e+02,1.806163345590091012e+03
-6.511777056912192165e+02,1.779474673065904881e+03
5.709668380749684502e+01,1.211113116084186686e+03
1.425826341367341001e+02,1.211902299648316557e+03
6.060013340640293222e+01,1.244310341911183514e+03
-6.901946502478772345e+02,1.753361565864532167e+03
6.015398746302703330e+02,1.751762752749301399e+03
2.243708696500463589e+02,1.572409159463988999e+03
-8.724331243753993022e+02,1.724841413381872826e+03
-7.041858424790284516e+02,1.693440418108856193e+03
5.004358023271946081e+02,1.725114969139008508e+03
-1.278269760069309314e+03,1.330145153277393547e+03
-1.190960070177779244e+03,1.302652431452372412e+03
-1.111286899780640624e+03,1.355843628131490050e+03
-1.689698421541895414e+03,1.923929995340391486e+02
-1.471398199975995453e+02,1.573581191158660658e+03
-2.358608151883519213e+02,4.000224528110306323e+02
-6.044200046866258162e+02,1.785206307674864547e+03
7.292479953134246671e+02,1.785206307674864547e+03
-8.652565608332506599e+02,1.745405451602514631e+03
-6.104943415727049114e+02,1.805776411661454631e+03
-8.178328743649788066e+02,1.775524776914506901e+03
-7.799192892558734229e+02,1.745528260247555181e+03
-3.184012431468956095e+01,1.505958101143805379e+03
-5.566148510157155727e+01,1.520250998009702471e+03
-2.596551843663408476e+01,1.512062013845112006e+03
-6.078504984126848285e+02,1.752297791452241654e+03
-3.580851481233566460e+02,1.751666395325065878e+03
-6.072312887979990137e+02,1.721696977825166641e+03
3.516853549570453197e+02,1.720166863141599151e+03
4.652009843765861206e+02,1.073890706277407617e+03
4.881670152881117133e+02,1.086615113115979284e+03
-3.190442191703240269e+02,1.569460688373122252e+02
-3.153815840276421909e+02,1.709278405947690374e+02
