-7.009060999999999808e+01,4.412178000000000111e+01
-7.008579787811289918e+01,4.416444583146716241e+01
-7.009005361519888311e+01,4.416092077079685652e+01
-7.009701661601138767e+01,4.415417589770021323e+01
-7.008804056605569599e+01,4.416333279736969075e+01
-7.008802790601635024e+01,4.416119948882501944e+01
-7.009932838107317821e+01,4.414256030729169566e+01
-7.008559565852650053e+01,4.416605594299467441e+01
-7.009030117159146300e+01,4.416201070928231331e+01
-7.008916384186501602e+01,4.412662862808902986e+01
-7.009049348279070557e+01,4.412340067192035775e+01
-7.008960467316234144e+01,4.416172004012712904e+01
-7.009005564193547855e+01,4.416119346069027785e+01
-7.008994989136495235e+01,4.416065410206506670e+01
-7.008485386316402810e+01,4.416578726272040001e+01
-7.008545967920161956e+01,4.416496640020451991e+01
-7.008841465738686338e+01,4.416255648334937689e+01
-7.008931391169518577e+01,4.415986329167125035e+01
-7.009754797697759443e+01,4.414338812297728509e+01
-7.009288151286176571e+01,4.414094682962896599e+01
-7.009312297979644768e+01,4.414038425761746964e+01
-7.008712975453133254e+01,4.416497860859054470e+01
-7.009033977681175998e+01,4.416172718707962730e+01
-7.008635867822886212e+01,4.416173198043832571e+01
-7.008835999999999444e+01,4.415552999999999884e+01
-7.009904886826991799e+01,4.414392948690288421e+01
-7.009046107626475930e+01,4.416066411269948588e+01
-7.009938163806421585e+01,4.414364058027096149e+01
-7.009905959717620760e+01,4.414230643959657385e+01
-7.009029731500140770e+01,4.416172090764697344e+01
-7.009866802375788097e+01,4.414392698623738909e+01
-7.008518909133979946e+01,4.416470800372420769e+01
-7.009824065004457339e+01,4.414364498359337574e+01
-7.009868673464821143e+01,4.414365285261990834e+01
-7.009835858309270407e+01,4.414364403198776898e+01
-7.008548219143393965e+01,4.416201189800985816e+01
-7.009911849401268569e+01,4.414364666264813764e+01
-7.009941528868229454e+01,4.414390479041305326e+01
-7.008938057617618256e+01,4.416040598398938499e+01
-7.008994525805908893e+01,4.416119147293260738e+01
-7.008579220528119436e+01,4.416441790752102037e+01
-7.008585686337620757e+01,4.416452096977588582e+01
-7.008593868763333035e+01,4.416436969427897452e+01
-7.008569407241111549e+01,4.416437145400179531e+01
-7.008597433505997287e+01,4.416447968071249619e+01
-7.008606080644013048e+01,4.416445246012458625e+01
