date:2016-05-03, time:1500, wind_speed:1.22, wind_dir:351.0, temp:10.7
94.516872 237.261740
119.971089 214.279185
74.239975 198.959925
103.318292 178.072609
77.252612 172.482986
99.248127 216.882484
118.789975 205.575753
-167.894014 25.229739
-26.738189 -13.583788
-26.973211 -49.612162
-34.250965 -68.012059
-47.849443 -107.655201
-52.091776 -110.619543
95.236713 219.894200
73.837566 169.309592
-68.777425 -7.526055
68.812657 -265.590813
106.286838 232.582530
81.418036 226.592024
111.649831 168.802079
56.412017 168.599460
70.006394 163.046385
119.679022 163.372198
82.572500 156.951930
-54.736814 -19.996863
-50.655037 -23.209227
-1.966691 -25.557298
53.462148 -44.012412
-27.021859 -61.568926
106.128879 213.723125
102.141858 219.867704
99.205017 214.242463
98.928731 217.340914
95.128331 241.075614
94.990150 234.945866
116.055373 219.941494
86.664463 217.120910
97.931075 196.525149
119.863106 178.240993
-4.606438 -56.037952
23.551934 -73.822902
-47.883293 -112.552410
90.982546 -182.176670
115.928360 171.782205
66.211774 168.977557
81.425989 160.444858
111.929044 108.736984
-29.772280 -32.198679
18.800107 -73.542621
24.214712 -77.189421
81.569890 163.557248
90.984858 160.018241
24.211012 -77.339504
86.522329 229.075831
32.562043 196.074013
57.476486 181.095717
90.847046 181.198702
99.192295 172.166058
-79.946444 -10.900481
-75.935660 -10.960479
36.849948 -58.910018
32.290295 -65.055718
28.378608 -290.082715
115.863338 223.264329
53.134968 166.094704
61.660994 163.117707
70.079217 151.239168
-80.004767 91.122758
7.311243 85.172586
-59.146690 -7.831413
-50.927115 -10.783997
-46.656029 -19.934222
53.049068 -283.817588
106.005154 232.321970
107.164195 232.358143
107.156630 232.413697
107.932971 232.983474
103.133988 202.190085
-51.262168 -7.833468
40.710041 -58.763382
-13.481019 -64.832073
28.169949 -289.714765
52.141807 -283.595331
53.982125 -283.259422
52.323821 -283.581788
55.680276 -283.794939
54.014072 -285.006656
56.040015 -284.221899
53.805197 -286.916554
