date:2016-06-30, time:0000, wind_speed:1.0, wind_dir:307.0, temp:18.3
55.067165 121.304706
46.474099 118.147342
-86.813538 -121.999657
67.166634 103.192101
67.799558 103.266935
68.221697 103.072709
67.401226 103.228166
56.121875 106.398259
-7.385597 118.067125
54.950237 106.066370
67.431549 103.136284
50.731433 112.147597
42.585939 112.033908
46.911502 109.300851
-71.446205 -1.906752
71.459278 130.221445
71.421991 127.238500
56.172276 106.413863
67.348554 103.149136
-41.746653 40.504522
-18.747943 82.408794
-7.486707 -83.035628
67.645947 103.168903
68.045393 103.175858
66.789464 154.338484
-78.705576 -97.762235
-66.356300 19.328377
97.421250 103.190522
37.224659 133.496834
70.594709 175.209756
67.799641 103.306521
68.263720 103.112016
64.613661 115.384894
50.392582 127.208645
55.105243 106.201327
97.968660 103.416316
55.532040 106.138185
37.672857 148.266088
8.745413 127.341898
-32.190166 67.167921
47.370213 109.273595
75.784726 163.196468
25.339207 142.216039
55.121619 106.225057
-48.382245 34.246651
-41.932823 43.404056
-7.723246 -82.829311
-20.474628 -121.936340
87.752804 127.416340
-11.509179 -82.874856
-25.880573 -82.603488
70.602087 109.440008
-14.441593 -118.622410
3.893191 -286.602759
41.607824 136.557340
70.813736 109.333571
66.997031 103.334595
67.798888 103.176865
-20.465968 -130.840408
55.224484 106.011905
66.707161 103.400166
-79.007921 -88.825167
-70.612957 -97.698345
41.751283 124.356465
97.455562 103.161971
-106.746942 -256.967635
68.080555 103.152212
18.808814 -283.728821
-31.769727 106.145898
66.977190 103.190160
-32.970182 52.164918
67.917302 103.225441
-28.552808 73.164154
47.808195 109.466862
47.710521 109.479392
68.816885 103.415935
55.620707 106.272027
67.329373 136.276212
-4.059868 178.348196
67.474677 103.312818
55.307547 106.298438
67.780566 103.231048
29.072086 136.299202
97.279037 103.265634
47.893139 109.427008
46.734986 109.198826
47.336854 109.193416
38.976584 139.178200
68.517501 103.203313
66.950188 103.349773
97.762008 103.340178
-28.372677 49.207371
67.715109 103.149445
-32.762144 46.157681
68.112477 103.277002
22.433151 139.149875
68.112454 130.193059
8.487140 -67.740527
8.513162 -67.759551
-36.510316 52.198400
62.690225 -223.684370
68.090215 103.161624
67.091272 103.280496
-78.475563 -10.947247
67.891457 103.143406
67.822482 103.032871
-178.421552 25.141999
54.910514 106.155662
-15.589712 118.346492
25.426886 -274.663052
4.760673 -70.874272
-12.828413 -76.691507
96.646485 103.021380
68.123380 103.167975
68.846511 103.358985
68.460673 103.359058
26.644053 151.135358
27.178022 148.454580
25.349389 142.340625
-12.708053 118.522505
-2.677375 121.195675
56.262025 106.364121
67.147641 -220.800110
55.850536 112.242604
96.177954 103.213115
97.972987 103.468460
67.771642 103.263732
-20.192446 58.114775
83.760538 106.194965
67.371932 -211.617154
35.499439 118.358192
-20.679160 55.405315
-106.295936 -256.724178
137.812927 166.150416
55.542111 106.167365
97.194954 103.250849
0.616348 -290.005865
35.534153 118.419759
34.736011 118.174506
46.880212 109.325023
55.344665 106.135472
-3.361767 -289.989122
47.395200 109.064314
46.769662 109.082491
33.592301 118.244235
7.451693 121.331425
34.779146 118.308308
97.300716 103.167195
97.174752 103.117611
97.222726 103.123568
67.291670 106.125449
34.304328 118.152169
35.493065 118.417420
34.293889 118.309015
1.994517 190.449981
79.289799 106.283623
68.563620 103.439484
97.402423 103.210861
-20.543284 88.227192
-6.206168 -286.596084
4.486044 -289.853039
4.470508 -289.774020
80.198715 106.063553
58.725595 130.262482
68.062716 133.270872
68.184134 103.219333
67.933981 103.222559
-49.220959 34.141124
47.945338 109.334905
96.232680 103.225292
96.429881 103.215883
67.686423 103.215974
55.089255 106.305259
68.232060 103.243150
56.366278 106.407031
50.269403 -265.717941
5.610849 196.102390
54.930378 105.997499
16.438929 121.265014
68.342863 103.381587
-8.176743 -82.751974
-7.082573 -82.375176
35.506009 -64.644400
