date:2016-06-28, time:0200, wind_speed:4.24, wind_dir:199.0, temp:18.6
73.755802 108.895289
79.817380 121.097055
56.253950 106.502559
-23.679498 102.850175
-107.186451 -61.854420
-34.540132 -68.121902
34.556614 118.198729
67.361343 105.920324
-7.136193 -77.416894
34.973600 118.403399
-44.280961 33.773919
-165.521079 7.133813
-107.613384 -257.058338
68.402518 103.399125
18.339639 -67.698220
1.654003 -76.665264
34.603056 -283.947739
9.571767 181.236095
17.660554 -287.521332
-106.231268 -256.588554
-19.678111 103.217613
-11.375444 103.244972
-24.379731 109.038104
68.408984 103.389359
56.253950 106.502559
-24.225942 63.984028
5.359601 -68.319864
117.727019 159.955477
67.842381 103.272060
-28.494685 73.123453
54.819444 106.029247
-15.418618 112.115606
1.217316 -73.836142
34.097289 118.017205
34.122617 118.036258
122.467485 157.342914
6.241400 121.506324
67.435016 103.058421
8.988645 121.029212
4.791515 121.081294
-2.991812 121.123899
71.971822 -211.916650
0.687440 121.067475
63.602610 106.176923
139.004358 147.823429
-106.703077 -256.751148
35.042950 -277.738032
34.758148 -278.217420
-69.248664 -119.614054
22.034857 -55.873965
19.699295 121.015858
-65.938672 -125.087304
1.204156 121.255845
40.854002 -272.125145
84.007469 -212.025862
63.207521 108.948183
94.710882 105.818178
39.171420 -277.701575
142.449426 151.036136
43.312438 112.301369
10.464682 190.523643
22.496620 121.388336
34.052519 117.992764
35.470957 118.505571
