3.144666880593039195e+02,1.278658497350821108e+03
-1.148412004450669201e+03,-4.651879545390438579e+02
3.124767453138036899e+02,1.305085827674877919e+03
-1.605707656673159363e+03,2.264722037517902322e+02
-4.394160410011063504e+02,1.371982915476680205e+02
-4.479835890806123189e+02,-1.200540421263463031e+01
-1.479083934686285147e+03,1.476203767437105796e+01
-6.057502806926640915e+02,1.644423415558077863e+02
-1.479797146076506124e+03,-1.330698588719149313e+02
-1.524226763111813398e+03,4.633161936198600870e+02
3.119294326891568403e+02,1.271922978660617673e+03
-1.145666934686272498e+03,4.348674576750503320e+02
-2.661166058949894477e+02,8.628285211741855392e+02
-4.326742829363261080e+02,8.574097745833532827e+02
-1.526265049449615162e+03,4.078107566691343777e+02
-1.748290270827575569e+03,6.472566960487829419e+02
-1.103876855412711848e+03,-1.095006229198381561e+03
3.539038141178772889e+02,1.306483065177378421e+03
-1.103350469997173604e+03,-1.065204694119763190e+03
-1.104545504685855121e+03,-7.954412723253595914e+02
-3.443896192169154347e+02,8.292810258442395934e+02
-8.668918497203642346e+02,-7.086196467510015395e+01
-9.381111805771367926e+02,1.004350341506797122e+03
-1.482812067529026990e+03,1.790380006378497058e+01
-1.312375434685489154e+03,3.148373376748562578e+02
-1.689962960559923658e+03,2.257587689377104994e+02
-7.711285046858424721e+02,4.476956767441957652e+01
-1.165053689138225991e+03,7.674107677040904036e+02
-1.533819952991633272e+03,2.890625338514431064e+02
-8.122499346862599623e+02,2.248147476747107021e+02
-1.689799216304245647e+03,2.857135501913720077e+02
-1.113886382851578446e+03,6.761943412444159094e+02
-1.071189862238693422e+03,7.359260466976405723e+02
9.768820387662200346e+02,1.574483109585103648e+03
5.811532236885179827e+02,1.818771026155963227e+03
5.578721023210977137e+02,1.637271651389061390e+03
5.266799268599606876e+02,1.815237830664695366e+03
4.434824511549276167e+02,1.755805370823924477e+03
5.560054851975737620e+02,1.636822131331147375e+03
4.734440962390824552e+02,1.785435036160680738e+03
6.458937453138163391e+02,1.665176187674670473e+03
7.693082188063135618e+02,1.576177844277235408e+03
4.380638153141822499e+02,1.605161127674573436e+03
6.086354252179228297e+02,1.791133019961647960e+03
4.725732881346995669e+02,1.610635731186398743e+03
6.087081978100172819e+02,1.788408545633072436e+03
8.666422916192896082e+02,1.636931453655129644e+03
4.851417603601182122e+02,1.642092332490338777e+03
6.047723153133988490e+02,1.635168657674621954e+03
-1.607092621434539979e+03,2.877550674537877740e+02
7.947290997061194275e+02,1.608323372116894689e+03
7.269522528649123387e+02,1.608215887768170433e+03
6.280083909654265426e+02,1.637831784491772169e+03
4.714781140271018103e+02,1.580069279577216321e+03
5.214180653137905210e+02,1.665176187674670473e+03
6.818220986352557702e+02,1.697819260538018398e+03
-1.602391708158153733e+03,3.177674010115203487e+02
4.906531215071210568e+02,1.636431262911407430e+03
8.952344349632386411e+02,1.696881368110355652e+03
3.910512995132311289e+02,1.668000410029801287e+03
5.202632595341870001e+02,1.635745515440564304e+03
-7.787675689454969188e+02,3.442739715455857663e+02
-1.520693838968326872e+03,2.270165067861618411e+02
-1.437962504685867771e+03,2.848298076748077392e+02
6.456012206360641130e+02,1.635875908493511588e+03
1.131524257809596520e+03,1.666513017608590872e+03
1.145406051668030386e+03,1.668249150702920588e+03
5.121370345981523542e+02,1.697629843195301646e+03
9.902188390528892796e+02,1.757088632072867995e+03
7.281940343941106448e+02,1.637827847493402487e+03
8.600354801595240133e+02,1.546185395595338605e+03
7.633757009280379862e+02,1.608047203075456082e+03
7.977984045550388146e+02,1.668472570722160754e+03
8.077556629248123272e+02,1.697011249571264216e+03
-1.272341685315997211e+03,4.043514130338805899e+02
5.449416420884930403e+02,1.849839269037740678e+03
-1.096495859001935287e+03,8.600303792361391970e+02
7.292479953134246671e+02,1.695183717674718991e+03
-1.262705248314198116e+03,9.171746820897512862e+02
-1.087594515089981769e+03,1.128922877204184260e+03
-1.569899065759337418e+03,4.065032399761171291e+02
6.570505107220858463e+02,1.667403098832479373e+03
7.645496914513496449e+02,1.846826185654451137e+03
-1.794389388138452432e+03,4.381678689838148557e+02
3.519306746997970663e+02,1.274725971292159784e+03
-9.778564150292912700e+02,7.655425790996542901e+02
9.300710912315121277e+02,1.633376411355904111e+03
7.877927735007807541e+02,1.727467270490885539e+03
8.115169978467872625e+02,1.604449964430100636e+03
2.720873274889374329e+02,1.574398633458927407e+03
1.043293518417623090e+03,1.637838083779346562e+03
2.932228458005061498e+02,1.606970004246703184e+03
5.430684580727445336e+02,1.726522984978628529e+03
9.728374350182320995e+02,1.729296468845949448e+03
-1.235090180978422268e+03,9.483587863574773564e+02
7.618010980565995851e+02,1.638169186510354621e+03
3.529339509178828962e+02,1.576778151176552910e+03
6.625701669159498124e+02,1.789544640511451234e+03
7.124475791854820272e+02,1.635933612640192678e+03
7.277636835411730090e+02,1.876684840897610457e+03
8.606146936183893104e+02,1.905127404461202332e+03
6.749241837788050589e+02,1.638789827815802482e+03
7.253684946661245476e+02,1.933753711640839356e+03
8.534420210577894750e+02,1.546842222776647304e+03
-7.317520469696801229e+02,4.957357746037486663e+02
7.054567212957394986e+02,1.879046900062205168e+03
-2.343108336046641966e+02,7.072434954751341820e+02
6.056444995775365214e+02,2.208096706704580811e+03
7.514269337815034078e+02,1.576936155153636946e+03
-1.397458980583391622e+03,-2.836227091733135239e+02
-1.569479953982674942e+03,1.349618797657791731e+02
1.179856542221346899e+03,2.058780311097613321e+03
1.062257515982954601e+03,2.180860743026631553e+03
8.073293913329143834e+02,1.996067403582075485e+03
9.167816475619367793e+02,2.087176172670347569e+03
9.015060992697141273e+02,2.236544878048614464e+03
8.134621089287115865e+02,2.055752692388690775e+03
1.121083663061981042e+03,2.117900007104551605e+03
8.899377205601927017e+02,1.697027439994934412e+03
1.020089070414423873e+03,1.605493890531575744e+03
8.881991255209279643e+02,1.639435241569109166e+03
5.623528484522936424e+02,1.785496220839588659e+03
-1.189195416895927792e+03,7.943325788229032014e+02
3.123767459367895185e+02,1.397896339077494531e+03
-1.610656225546626047e+03,5.255424880072259839e+02
-1.229778982678310513e+03,1.945076589374522769e+02
-1.234697242764370003e+03,8.257450375207810112e+02
-7.616799519982273523e+02,2.882357276161337722e+02
1.435023015549049660e+03,2.086062673372225618e+03
1.138601853038336685e+03,1.906204473239842628e+03
-1.147614258953646186e+03,-1.155541306910851745e+03
-1.014959767403051501e+03,-1.243982101870720498e+03
1.193945205456636359e+03,2.117116769669900805e+03
1.127204853946363528e+03,1.938279121173974545e+03
-1.522056084366318373e+03,6.148093066882266839e+02
9.959305698429274116e+02,2.117103756645650265e+03
1.235034304751875652e+03,2.025948541673282762e+03
1.188604337590079240e+03,2.265655933098162222e+03
1.275782830557316174e+03,2.206577818670725264e+03
1.329743764280907726e+03,2.149768324536079945e+03
-7.302124933099793225e+02,3.149652927333792718e+02
-1.029244699896126576e+03,-7.918085461405155456e+02
-1.444130575929988254e+03,-1.902661911134113382e+02
1.308301136325244897e+03,2.028545225990143763e+03
9.365442863902936779e+02,1.786385323492151429e+03
9.382707605332078629e+02,1.787153452553867965e+03
-2.954344227695509062e+02,7.070879359631950365e+02
-1.152552668149794215e+02,1.156183034766705759e+03
-1.018422082299392599e+02,1.186754104370615323e+03
1.086758873745865458e+03,1.638106152027420649e+03
1.226727973794274931e+03,2.148276533177804595e+03
1.312147978016886555e+03,2.236008304472426062e+03
1.242612870934199464e+03,1.940554312204781127e+03
1.268743575587982832e+03,1.966066578847697656e+03
6.159295589627257641e+02,1.611530461883640783e+03
1.185732197660708835e+03,2.085713973388598333e+03
1.060662732966607109e+03,2.237403929922896168e+03
1.490652781990009771e+03,2.059215623610508828e+03
1.070224819428627370e+03,2.270110462331714643e+03
7.275244033845636977e+02,1.725996112917361415e+03
8.074334435116120403e+02,1.754569838069773596e+03
6.523591050032584917e+02,1.788772352751399694e+03
1.097175867136284978e+03,2.149002095324998663e+03
9.793107453138289884e+02,1.965251487675155659e+03
1.261565405839879531e+03,1.997240800753574376e+03
-1.484609162499102467e+03,4.981896536933319908e+02
1.312058508065885462e+03,2.118935646857601569e+03
-1.479399114247651141e+03,5.257759459809542477e+02
8.919766737470538374e+02,2.147492548459420505e+03
1.137538799297223250e+03,2.057738983353719050e+03
1.560589001950093916e+03,2.025970949599483220e+03
1.305895580651381351e+03,1.848343870672842513e+03
1.210053481055991142e+03,2.085858991261966821e+03
-1.408255076699013898e+03,1.009690471101564299e+03
-1.478877622288906423e+03,-1.413198873479998241e+01
-1.482489069563524708e+03,1.706908377843495828e+01
1.180468894009343785e+03,1.817767712645552592e+03
9.789948024601324050e+02,2.116282196964423747e+03
1.022511393350560866e+03,2.056509915562544393e+03
-1.311298868078675014e+03,4.534947253065040229e+01
9.392204098922168214e+02,1.637059934707269804e+03
6.413472689346222069e+02,1.608008019000599461e+03
6.463871121203998200e+02,1.697750998026341222e+03
1.338640277837043868e+03,2.088237545406850586e+03
6.453783122665100791e+02,1.605832726581561474e+03
-6.471759481869328283e+02,4.976317683431747128e+02
1.279627091713892469e+03,2.090770691818082469e+03
1.311238137244928112e+03,2.024388759363538156e+03
1.044823658398123143e+03,2.028395229298430877e+03
1.021472798025196312e+03,1.607260799471568362e+03
1.010472341548710801e+03,1.729117247970633343e+03
8.030182959554883837e+02,1.638054847259953476e+03
9.250097201857076925e+02,1.697555565212248439e+03
8.000613939942234083e+02,1.697679758171383583e+03
7.292479953134246671e+02,1.605161127674573436e+03
-1.355744112990860231e+03,6.759637824354385884e+02
1.308354532263145302e+03,1.905960919144633635e+03
7.634156864151452737e+02,1.729742427909323169e+03
3.470302497676037774e+02,1.309480975657418412e+03
6.376417318292855043e+02,1.697094564060157609e+03
9.268004351926792879e+02,1.608291646952395695e+03
4.481292906629238360e+02,1.306048849149174430e+03
2.276860098619656014e+02,1.277480504568360857e+03
1.270154503282673659e+03,2.146248693754456781e+03
1.140824406900228951e+03,2.148255514475202290e+03
1.223898957841031461e+03,2.176775700035610043e+03
9.537216938901062804e+02,1.698592458266648464e+03
3.952485374507125471e+02,1.334606449496425057e+03
1.062875250342834988e+03,1.996568303591481026e+03
6.346003709997316946e+02,1.697449476442548075e+03
1.310497542283137363e+03,2.055595294605359868e+03
-1.521316754685476099e+03,7.949578176748428859e+02
1.025602250083459239e+03,2.056673924408625680e+03
3.131481094372410325e+02,1.695608547119568584e+03
9.692639615694449731e+02,2.178195876937587855e+03
1.178018595622596195e+03,1.969427177967714670e+03
1.336162283055631860e+03,2.178581393378038229e+03
1.268063038005911494e+03,1.966468783262377883e+03
8.714565264614009266e+02,1.638830124594005611e+03
8.772404182680425038e+02,1.757026598885381645e+03
9.373012878491779247e+02,2.147586339092357321e+03
7.380891322909903920e+02,1.611250058202529772e+03
9.733285980951154670e+02,1.547646974699502607e+03
1.269949547113271592e+03,2.148742523508183695e+03
9.360341887087766963e+02,1.696760524133713261e+03
1.347678875428874790e+03,2.149825351904138188e+03
1.389592474221758039e+03,2.029314608564057608e+03
7.377170254255665895e+02,2.178887236469782692e+03
9.823353623175319171e+02,1.878445944659908719e+03
8.126022453146123325e+02,1.815213837674913066e+03
2.707751425974353197e+02,1.307569570983196627e+03
1.439127980115174523e+02,1.333996324160671065e+03
1.287013777453247940e+03,2.539793560331006120e+03
1.101188602822193161e+03,2.476232208728147725e+03
1.235147652999649381e+03,2.391225275503623834e+03
1.102398733531476410e+03,2.414605541076864938e+03
9.609487827882371676e+02,1.578174953571658534e+03
8.940822159588313980e+02,1.697095973174469691e+03
9.358581648622068769e+02,1.667211558281602493e+03
8.143370759991344130e+02,1.666744060738449434e+03
1.062868379683681951e+03,2.445855422324869323e+03
1.346532671564963493e+03,2.327134754408330537e+03
1.287289279937812807e+03,2.419689891914004875e+03
-1.354953850178604625e+03,9.484345562151537479e+02
-1.400045461828673979e+03,1.034322500675655647e+03
-1.401177539871014915e+03,9.476952020452321221e+02
7.156531005811154955e+02,1.847753649084937933e+03
6.442415622359615099e+02,1.815361739509129620e+03
1.246565800129668332e+03,2.119266741427952638e+03
1.146222629683290279e+03,2.085765062325076997e+03
-3.550865122032011527e+02,6.139187822649889767e+02
-1.593820699642454201e+03,1.349620288600580693e+02
1.220575314449951520e+03,2.146742265440606843e+03
-1.314213007277536690e+03,6.773004158968334423e+02
1.145371922470518939e+03,2.056447412282812820e+03
4.559364690752576053e+02,2.118876815863434786e+03
6.459112208491325191e+02,1.966490119729165826e+03
1.228634579497332652e+03,2.177862086764059313e+03
1.062678490805956244e+03,2.117038911171168365e+03
1.003047380045517798e+03,2.148754443133062068e+03
1.112921572478893722e+03,2.121083955630191667e+03
7.266481359362060175e+02,2.025943872059673140e+03
4.787714338967649041e+02,1.906479905622038586e+03
5.550859575246986424e+02,1.877384172104102163e+03
6.458937453138163391e+02,1.875228897675010103e+03
6.268659771843610997e+02,1.846833136895950247e+03
6.881265653145866281e+02,1.905236427675058621e+03
8.500016622546179406e+02,1.698371324072500556e+03
8.044803305070950046e+02,1.669105737490089723e+03
1.097976607319762252e+03,2.180514715355852331e+03
1.210746304339576227e+03,2.088465696691595440e+03
-1.021191254686246793e+03,-5.253735023249229243e+02
-8.130172572903958326e+02,5.592076583767136526e+02
-6.046968504040273729e+02,4.945887744842628990e+02
-9.514555650363851100e+02,9.157094903366285052e+02
-9.414665619778148766e+02,9.151906349643620615e+02
1.140126779293750133e+03,1.788434902725977281e+03
1.309468890844377256e+03,1.818739301574255705e+03
1.206509019161222341e+03,1.818115338108138758e+03
1.142693668441587761e+03,2.056043766126985247e+03
5.211157724570587106e+02,1.996795187369141104e+03
6.828737776992494446e+02,1.996552844846478138e+03
8.518877853661996369e+02,1.994684635460557502e+03
1.098956721709521617e+03,2.087459327247157034e+03
5.974951185731752048e+02,2.058175482462052969e+03
3.892224837187936259e+02,2.030967797673921496e+03
8.102403215597569215e+02,2.027754952415202069e+03
6.828688256632448201e+02,1.666812963669048258e+03
6.396950968682060648e+02,1.605822244675149705e+03
7.581552151025867943e+02,1.758626589709667769e+03
6.925177650922651083e+02,1.666092198100257065e+03
-1.314216897331989230e+03,3.176321259120113041e+02
-1.527008483465737072e+03,2.553266018775315445e+02
-1.483697855065746126e+03,-4.090137894835718413e+01
1.137920149666791986e+03,2.089074647972190178e+03
7.265652807579189130e+02,2.057482822202090119e+03
7.278514632505588224e+02,2.085074284593107677e+03
8.126708456280713335e+02,2.088348543472948677e+03
6.402669189620660291e+02,2.085422049156444700e+03
8.474242897133819952e+02,2.058455123725809699e+03
7.294513796836693018e+02,2.055757532325028478e+03
-1.487562927756047202e+03,4.672949727700469111e+02
-1.562438184685893475e+03,4.948825176751473691e+02
-1.523380950519839189e+03,5.242077220768203460e+02
1.268921947979201150e+03,2.475228759267060013e+03
7.285473918498622652e+02,1.667215816690156998e+03
-5.622832798161068695e+02,6.179886364831488663e+02
8.936342028815224694e+02,1.573979304102902688e+03
4.323670051608941662e+02,1.729101308669991568e+03
5.446123271929500333e+02,1.876511167404869184e+03
-6.056094136546860227e+02,5.593636632762331828e+02
-6.781483684305011366e+02,5.872674511283204311e+02
-1.737304236322238239e+03,2.584559003671244568e+02
5.560006630182076606e+02,1.877915605514836670e+03
4.378752917269169416e+02,1.846120645204008042e+03
5.222036978208402616e+02,1.877048506912532957e+03
6.933138993151026170e+02,1.667051449477184633e+03
6.793329737374278920e+02,1.666361024922263596e+03
7.027260204748015440e+02,1.698322131114017338e+03
6.851563439980188832e+02,1.663271591957956389e+03
1.224973921138474452e+03,2.085597768999968594e+03
1.306216900599670907e+03,2.117025835530811037e+03
1.201501348510435946e+03,2.146960343797858513e+03
-1.022087973978707168e+03,-5.518983210239309756e+02
1.099530825852965791e+03,1.995997195635691924e+03
6.896739511095552189e+02,1.966053461803888922e+03
5.146339555218789883e+02,1.908269171898315335e+03
6.759905684880009176e+02,1.969064839717179439e+03
1.224629177516418167e+03,1.939941024218649545e+03
6.009289359832152968e+02,1.876229279299071095e+03
1.146651336625730210e+03,1.905331228894147216e+03
5.178663425629390531e+02,1.936278136033992496e+03
6.802128242482153837e+02,1.907110461541858513e+03
7.397904519300311676e+02,1.910668615577772698e+03
6.458937453138163391e+02,2.025266547674463027e+03
7.611888989457056596e+02,1.939040542589104689e+03
1.062808891556802791e+03,1.966763195830119457e+03
7.644518136683692546e+02,1.878625854346355027e+03
1.185062241510481272e+03,1.938487920636330273e+03
-1.441212761991994739e+03,1.004042811441174763e+03
-1.349220283058216864e+03,9.464060898118304976e+02
-1.389871860095790908e+03,9.781609980978439580e+02
5.596813697511277041e+02,1.992976155182634329e+03
1.142086639842359091e+03,1.994226237422351005e+03
7.678732391730545714e+02,1.966181403508752510e+03
8.121242496298089009e+02,1.965454128045988227e+03
5.608434797186887408e+02,1.907722393880435447e+03
6.148546311255266801e+02,1.938120537156883302e+03
4.788483907044503098e+02,1.875261700101564429e+03
6.848792343614506990e+02,1.906507222348711139e+03
3.087263054301395755e+02,1.758132578382512520e+03
4.884588928227311726e+02,1.849002448007974408e+03
7.582091618414287950e+02,1.819135437982636631e+03
-1.353350176772774603e+03,7.043328169959647767e+02
-1.258230958652861091e+03,6.816828174623949508e+02
6.428747363495737090e+02,2.027789820627601557e+03
6.212331697009083200e+02,2.000473069023665403e+03
1.051458120690593432e+03,1.938539631818592397e+03
1.058843864590267913e+03,1.876874711854109137e+03
5.142216643617085765e+02,1.878335072633877189e+03
5.314177566634882623e+02,1.909000511071542178e+03
1.218497515189807245e+03,1.910608097190402759e+03
1.188247657958654599e+03,1.965109280975319507e+03
-8.541013344867460546e+02,4.832945836756363889e+01
-8.427986963166232499e+02,4.629496882971161398e+01
1.457682453145870909e+02,1.305085827674877919e+03
2.613540281168885713e+02,1.336786796848086624e+03
-1.645792434685501803e+03,3.148373376748562578e+02
6.856927006818756354e+02,2.025041357128184927e+03
6.976121975719181592e+02,2.087870645262751623e+03
5.573163754632436167e+02,1.636207401021076521e+03
4.791852453145997401e+02,1.635168657674621954e+03
-1.413717147375811464e+03,1.981650800391716416e+02
1.223110280383753434e+03,2.058103664428387674e+03
1.265250520706595353e+03,2.025979319606096851e+03
-1.607221960086960280e+03,4.646608483457202396e+02
-1.645792434685501803e+03,4.948825176751473691e+02
-1.608241060509936460e+03,2.246119485532688600e+02
6.453225927034217193e+02,1.725770302799190176e+03
7.228417727415130685e+02,1.638990821741232139e+03
5.910189528024316132e+02,1.667732847356327738e+03
1.062868379683681951e+03,2.055757532325028478e+03
9.786008814451741955e+02,2.115335331931063592e+03
8.831074549397253577e+02,1.969520259708491722e+03
7.259102739401999997e+02,1.996611446464102301e+03
5.568325752482915050e+02,1.904671359890572376e+03
8.145520254139300960e+02,1.908779415954418482e+03
3.547095653145739789e+02,1.875228897675010103e+03
-1.704554287975440957e+03,2.567484276595266124e+02
-1.736509294003925334e+03,3.166309782696093862e+02
-1.186764032812460982e+03,7.649871941633953156e+02
-1.070587121724572853e+03,7.354247590941239423e+02
-9.025764771400390600e+02,1.034278955952647948e+03
-8.585620162273856977e+02,1.036172564513702127e+03
4.377115046842504853e+02,2.025750002324979732e+03
6.460971296840609739e+02,2.055757532325028478e+03
6.441378110744915375e+02,2.029097953406030001e+03
6.566866517432308683e+02,1.671733064984678776e+03
6.467045874103614551e+02,1.696325367850736484e+03
7.184851507605959569e+02,1.668386074900401354e+03
6.925376953855470674e+02,1.665312078304438501e+03
-1.471361575514154765e+03,5.312075395629057084e+02
8.059505483122952683e+02,2.027528340394382667e+03
8.919374011021360502e+02,1.998566516539402301e+03
1.180296569944557859e+03,2.028231707901193658e+03
1.235510824512216232e+03,1.967025338062911032e+03
5.086215259972257172e+02,1.907655527919890574e+03
6.447027655210764578e+02,1.846914968457409032e+03
5.974670842764384133e+02,1.816864538521840132e+03
5.872969497126467786e+02,1.817389672572348900e+03
6.040319455885952493e+02,1.698716735410695946e+03
6.203905523577186614e+02,1.698856817428810018e+03
6.945634192670456741e+02,1.636441052059028152e+03
-1.354608254686259443e+03,9.449954676750854787e+02
-1.273442057114813906e+03,9.737173093792397367e+02
-1.348759329823731150e+03,9.497959869783237536e+02
-1.023383930841496976e+03,1.125411859133317421e+03
-1.020132522209860326e+03,1.125190183624774818e+03
5.629632571951863156e+02,1.878475193265467624e+03
1.312836600375038415e+03,2.084909857153631037e+03
1.354785844289277975e+03,2.025919111724080949e+03
-6.394011506061456203e+02,3.462316420774629933e+02
-7.198559163381967210e+02,3.196734968748614278e+02
-7.713956107289178590e+02,4.734904687743929941e+01
6.449258780381539964e+02,2.085800292690931656e+03
8.122775324328381430e+02,1.817819753842462660e+03
1.128263537226636572e+03,2.028786635505019831e+03
7.653367306459937254e+02,1.609335704158219642e+03
-8.624199836637188810e+02,7.722299915523377933e+01
8.946494656191341619e+02,2.056410726496008920e+03
1.311152345270788146e+03,2.058551711242047077e+03
1.312931129684086272e+03,2.055757532325028478e+03
7.119639034651728480e+02,2.027246105283754559e+03
8.913726558223448819e+02,1.997916931355587167e+03
6.636305915607954375e+02,2.028420408346662043e+03
6.827366048899547195e+02,2.029544913447396311e+03
6.616634357477271351e+02,2.030103544272106774e+03
-6.074713818726437466e+02,3.184916120337150005e+02
1.287779591409743034e+03,1.997860863968759986e+03
1.032440828119231355e+03,1.997921678673122415e+03
