date:2016-05-28, time:1900, wind_speed:3.01, wind_dir:96.0, temp:22.0
1311.007798 1633.512739
730.844728 1908.795524
685.734695 1119.602375
-564.068145 -1461.793740
-601.646842 -765.077463
226.698290 1474.949158
982.389995 1124.440241
-436.990413 -698.530271
-726.044007 -917.066919
524.210089 1668.878650
810.054660 1785.226022
601.193482 -2692.348611
560.628204 -2632.538006
563.758486 1305.442979
607.815742 1117.024536
971.508556 1747.789894
478.286083 1461.067031
561.955375 1125.577637
-644.540987 -643.905404
433.890188 -2779.355108
972.839640 1324.946038
356.888521 -616.756796
598.527152 1300.115483
1103.614305 1446.222002
730.083764 1087.463387
64.215306 916.204344
935.273777 1959.835564
1190.468546 1845.874162
606.485514 1368.621051
-69.109261 639.462514
680.494473 1747.496182
768.628692 1865.001166
934.745030 1272.413231
-893.243614 -434.574244
-271.608338 -460.493941
-393.191188 -672.304579
-568.229820 -1427.996188
355.485284 -583.893281
979.914373 1603.192521
268.047747 -622.121723
-1647.941508 250.055050
-935.625229 -162.868697
23.408127 918.092658
-567.568045 -404.730492
-21.705989 -548.961135
938.595273 -2083.403868
720.971390 1838.258025
-445.861172 -473.381558
-311.410530 -437.471063
-519.515795 -767.722349
815.345166 2326.465550
768.194916 2204.721390
1349.390533 2262.757942
1145.538346 2082.554103
1017.157110 2056.738782
1016.624219 1841.025123
855.973271 1757.155114
939.010716 1516.690909
-19.648639 648.320166
-1111.734153 -42.410638
931.573222 -2064.797619
308.120049 -2777.964894
1145.245706 1930.602933
773.839921 1633.849368
730.892996 1397.625967
-438.290248 -293.084517
62.572042 -311.551362
-603.384650 -346.826672
-105.651239 -500.486886
847.246099 2014.176635
643.353452 1992.924468
765.366757 1426.791782
-527.812478 -473.628433
-816.691966 -1040.688900
772.620868 1999.092176
-68.902520 -204.038365
-484.356367 -348.037389
-560.023645 -1095.109337
846.973975 -2124.347666
889.537356 -2125.413522
932.772230 1091.221864
-938.756114 -109.764065
-395.378574 -343.459051
-520.943330 -533.311370
-601.944298 -1092.208295
637.541461 1936.197174
856.363687 1605.460961
-1069.477154 -106.927536
-18.850652 -314.983180
58.569973 2115.761986
766.779703 1994.390985
935.395845 1904.515618
894.227820 1614.026569
-605.628192 -908.792984
227.714027 -2769.285773
-1063.044374 -52.258968
-360.994473 -353.720399
-318.452576 -355.396740
979.005763 1971.652788
639.892661 -2692.310852
599.149619 -2716.406674
978.945943 1967.192357
933.681029 1996.153552
1185.112734 1925.166015
1272.903638 2355.368814
1106.369319 1844.922883
1060.624328 1840.630602
855.972479 1540.759570
934.879064 2292.221141
680.887585 1721.996929
-480.539945 -288.393028
-356.864945 -646.689757
725.250006 1417.817711
-21.585375 -129.402296
982.066977 2388.116965
769.524437 2202.451660
1139.390721 1713.485255
935.409223 1184.047241
-59.881390 -72.709899
-442.154505 -625.314478
-568.926947 -982.834026
-643.941388 -975.424421
934.077112 2347.090108
1140.791310 1715.865357
100.903986 1241.244954
557.692163 1123.834990
-21.392316 -197.234889
348.567353 -2843.704064
1015.760047 2294.946667
854.160760 2056.401663
893.756062 1809.131680
932.490129 1594.158524
772.255115 1397.655313
803.962370 -2514.114936
808.545627 1783.783673
847.997423 1780.934745
-150.559422 -470.181476
-104.528025 -461.214416
1018.744967 1716.200216
104.266624 650.716556
-733.194236 -167.200393
-312.090040 -758.219307
356.613520 -2803.676134
814.865593 1878.614608
1065.989292 1519.022533
767.359619 1475.624236
-229.547383 -202.964008
106.578920 -374.921035
-358.159537 -497.482121
1099.690394 2438.095468
979.653558 2323.606820
1184.893466 1125.317340
897.922266 2325.050264
516.079311 1633.071263
850.874409 1453.992729
-67.960469 487.074092
-568.650939 -103.308035
-608.672741 -1096.138079
513.815832 1718.435509
19.268526 -345.647936
1226.343819 2203.783986
1186.989852 1574.611612
-151.528577 -324.391818
-560.448411 -1003.197102
810.349172 2198.536480
766.713983 2177.002053
190.469272 1183.931956
103.752807 1222.341252
938.265393 1609.016379
1064.355407 2140.251923
-646.011769 -203.529580
-144.290865 -405.077114
1389.736623 2197.451165
311.477507 2019.146614
1187.993136 1693.328995
-270.759574 -341.201004
-402.593969 -713.948444
563.887866 -2773.194728
1190.368172 1636.747547
842.364630 2021.579800
186.670554 1506.292932
935.766495 2285.594998
981.193401 2295.310915
1062.045688 2228.782991
727.249356 1808.813631
478.387455 1600.209592
103.139111 1206.281595
-478.178326 -380.109601
-313.961094 -473.529829
935.926938 -1854.171543
1148.552629 2078.583747
1104.713500 2050.897473
-812.507347 940.793164
-1021.131238 -230.531677
-309.860863 -413.459692
-104.197467 -1614.308729
1189.071668 1899.833623
773.291544 1598.162935
1232.632127 1061.493471
-19.178227 -200.404508
-308.092494 -470.404216
-59.428423 -560.652900
857.216836 1872.944808
523.183577 1119.780850
-476.843370 -198.886236
-477.794606 -230.750802
981.188441 -2091.041899
1398.147312 2082.546560
1234.736223 2022.019368
816.028817 1389.564959
-519.439387 -436.752717
858.062704 1574.564890
563.126450 1542.778605
941.262729 1093.973125
-603.712585 -105.905598
-894.262268 -138.410325
-141.919138 -585.801176
-561.693805 -1038.756045
440.743587 -2805.363833
1024.042800 2146.273452
857.024704 1993.756250
732.813777 1636.339367
565.783352 1093.391784
564.742006 1062.651795
647.531153 1064.537578
-476.964228 -1036.147950
1106.715287 2356.792033
812.865910 2265.065568
1148.024618 2113.580255
1106.777481 2026.461529
-603.282401 -1185.377228
-686.366865 -1217.053537
1022.407842 1365.874880
-1058.691977 -105.095313
-1021.221225 -105.129142
-102.372987 -254.657878
-268.879576 -525.399829
-601.538071 -1075.131848
-617.299755 -1089.502645
