date:2016-10-21, time:1300, wind_speed:2.64, wind_dir:143.0, temp:17.3
-1034.712298 278.123687
-1271.254005 1215.063238
-413.427421 1332.115427
-562.187185 734.942758
256.160789 1331.496112
1389.627978 1608.273449
-523.047701 1877.146902
-687.774255 134.792158
1016.876123 1697.109991
1188.252065 1515.138538
1178.527148 2098.317055
469.915624 1368.878084
-1077.262204 1391.190428
-573.301155 1250.018744
-578.550020 1871.876186
96.770257 1227.921087
521.418065 1425.115948
-1328.829247 1364.956031
1004.999997 1720.743573
-113.076926 1397.573467
557.740760 1187.722078
-412.217698 883.637373
-314.938707 1397.287429
255.458168 1873.066268
-1119.397771 519.378770
-1237.907293 1309.562481
-37.482900 1272.302756
1263.660729 1798.225562
1312.727745 1635.168658
1130.935773 1119.301416
895.956495 1605.161128
-865.979657 1100.655332
-445.316728 1608.238422
554.447443 1617.217819
1217.939193 1524.435170
1087.410469 1692.500320
1051.032618 1732.411840
-244.786125 970.573198
-577.806620 -1454.687229
1217.082728 1780.301640
1146.019245 1815.213838
-619.643858 1363.048717
1253.607251 2237.261632
296.725219 1453.404655
1268.974063 1306.804717
1303.432740 2008.043499
-779.843536 679.247601
1229.373495 1755.198778
-704.923348 1481.547678
-829.785596 11.539070
-1245.536794 1213.263192
261.652870 -1744.500412
677.135137 1909.991790
-238.020462 537.655827
-660.527816 42.518537
-895.604185 1515.138538
-456.038046 671.571176
924.509233 1899.532871
587.979824 1423.480810
474.182624 1428.371760
-195.649927 1407.364955
-108.871374 678.121738
428.424149 1675.837699
-1037.096003 1270.749332
-1030.519792 1045.278475
-107.061162 647.236359
-370.804730 970.248510
516.745287 1367.833571
1506.134306 1870.712890
925.910076 1596.215506
-70.009306 -1414.002074
-450.724059 100.431600
-366.499264 560.012844
-354.357255 584.905108
-236.287034 537.311357
676.569416 2000.130351
922.248190 1780.507364
-400.807284 827.116233
-662.244072 584.580312
761.765657 1577.559792
465.404502 1569.578660
604.772315 1155.048178
-327.970389 699.956468
-955.228221 315.625562
-480.631234 -1483.500969
-115.247064 1369.056462
-904.535137 1497.360327
-814.766636 1486.353774
1172.124095 1991.332424
1090.671779 1959.619284
1352.170804 2057.954916
1094.560227 1938.988279
882.227436 1539.846356
-237.224884 -1594.088018
1021.543565 1725.191248
1004.466613 1721.924754
-812.249935 554.897578
-330.943580 1516.386173
1339.875547 1513.000817
-944.338338 1187.694373
-329.027298 340.634262
-534.768799 -1761.512125
338.748147 -1789.013764
51.498777 605.228480
-145.415935 1335.093358
-20.940255 734.942758
422.324174 1689.250067
754.522531 1632.442548
214.621814 1511.615718
505.257902 1395.295840
-738.064302 347.697164
886.718028 1497.402365
337.243434 1815.694157
-365.800004 -1631.362242
-447.183877 1551.468759
-540.234481 1577.414205
-495.872591 1572.430058
-1284.090337 907.518681
-354.357255 1305.085828
-988.016330 1188.756288
337.738881 1870.141375
294.444370 1782.264930
376.154504 1694.859374
-771.128505 1335.093358
1271.606315 1455.123478
511.338654 1339.992305
-571.546656 1377.378313
-120.988105 1122.966064
-287.047907 671.104754
-23.418705 166.887483
-114.870232 714.595484
-79.559962 700.644680
-909.637642 1027.490700
-854.482755 524.890048
-576.674452 -1732.711199
-119.086640 734.880999
-29.813904 777.591290
-114.663494 738.712650
-704.042950 1694.884258
1421.605305 1543.811975
129.887642 1482.444565
297.582153 1332.339005
-825.168028 1176.264450
670.259997 1154.922609
-437.711505 794.957818
1220.804097 1915.908857
269.384113 1546.509470
303.893914 1524.625538
-163.015463 -1605.808804
1214.877183 1328.894636
1173.817195 1333.376015
1269.443293 1817.425892
-613.266644 477.298216
260.674453 1550.512199
883.468769 1567.695549
837.932118 1630.672149
-781.776266 1128.506095
-812.249935 584.905108
214.009893 1482.850018
229.122495 1485.131008
-327.683134 581.680324
-323.476616 620.696943
-370.273903 578.866943
-578.462264 909.909506
219.798114 1819.074031
213.332901 1841.838081
-413.825809 975.258648
-354.357255 554.897578
-329.979095 554.327394
212.278184 1843.685890
215.034307 1838.500525
1427.624489 2065.708487
548.043921 1808.184068
-320.497833 1676.305578
-30.141937 1646.658522
519.363465 1546.764041
-287.984886 1452.220644
635.011383 1253.986761
-271.003005 1035.018058
-228.770185 644.920168
-661.943568 581.139715
-329.191303 432.391616
-702.422134 341.073381
-780.285785 56.876568
-123.113475 -1488.454214
-187.648755 -1545.629522
-354.357255 -1725.674702
-451.046208 -1851.610957
604.772315 -1845.704822
803.848791 2037.627128
551.258123 1849.355362
928.343446 1707.040913
-77.435446 1452.588878
295.032460 1427.661867
1215.188496 1418.336437
1252.649723 1367.592988
755.944977 1331.684519
-113.897230 1286.366716
-1071.938971 1283.804549
-580.740219 1218.145490
-288.219201 552.752365
-739.711870 83.374065
-615.124200 34.167751
-571.432213 -1563.408233
-120.374978 -1545.472364
427.654893 -1655.592199
426.487048 -1902.431469
595.070168 -1957.045696
-567.190108 1277.558140
-539.735810 1216.206708
-562.187185 1305.085828
-738.331077 1578.275988
-437.711505 584.905108
-206.048213 -913.431752
-238.499165 -1025.052812
-70.242396 -1564.110989
-364.927509 -1629.642400
384.899472 -1930.427978
-62.061685 -2055.757532
754.263690 1577.267471
261.393299 1461.938949
-240.270976 1400.674978
-531.408227 774.981114
-687.774255 524.890048
-788.678863 497.367694
-237.454387 353.850538
-312.124435 284.829808
346.616962 -1652.762246
435.867800 -1693.899490
-406.695968 832.319421
-404.751108 828.001871
-273.627395 1486.860723
-280.566964 1413.521685
88.512412 -1368.088561
-354.357255 524.890048
-372.340773 552.349449
-234.207212 197.118267
-231.415542 226.210546
260.753408 1571.446219
221.409626 1547.841182
1224.561400 1818.042557
1263.852111 1345.755139
1271.606315 1335.093358
1394.162693 1937.495747
1392.075252 1907.892654
550.424490 1401.945444
527.972309 1429.741807
516.347859 1419.726996
1389.024806 2059.078735
1347.055963 2059.265887
1347.659949 2060.080618
1349.883331 2056.578934
-416.841406 1754.499040
1489.715722 2146.258918
