date:2016-05-30, time:1700, wind_speed:3.79, wind_dir:192.0, temp:21.4
-77.275708 -47.550911
92.347877 171.891838
81.260225 178.520631
56.253950 118.505571
76.319836 130.330006
-81.224993 -49.536597
81.273104 192.477289
75.971278 202.225925
50.695617 154.083399
63.714026 121.298709
104.937588 196.066844
-40.699532 -94.942521
104.793761 165.964885
-114.566693 -70.541868
59.025639 118.075337
108.973463 180.926083
110.087212 175.487604
102.154357 193.524396
-23.054547 -47.409319
-18.963822 60.567730
-32.361312 -67.878296
2.129257 67.492770
117.332615 175.021511
67.960492 154.330957
68.812657 115.504818
64.165753 118.401384
83.960412 186.953816
52.141807 148.513101
113.473235 175.208667
60.477232 169.518372
85.188113 144.371107
-111.641213 -238.986272
75.572994 220.061563
114.269721 222.761758
-78.268896 97.146338
-48.703691 -13.696991
-31.212443 -55.538103
81.136617 195.408646
68.812657 142.511595
-98.340262 -10.621319
0.649025 -41.033328
113.121298 220.193449
-11.958930 -14.198036
83.977556 195.955778
84.633506 190.331531
88.479006 190.153029
83.996592 195.912430
84.362395 190.046294
85.483507 199.525902
84.728175 196.351582
71.473689 114.945970
64.589375 115.504818
81.104313 186.605670
72.800429 189.561516
-40.805938 -37.848403
-7.718064 61.008994
-39.951906 1.376387
114.622263 247.586295
113.380048 232.254970
75.647476 193.031770
-77.232036 102.519319
-2.865093 -7.654885
-69.156957 -10.609248
6.241400 -31.532079
117.945708 217.406003
118.518812 222.660129
-70.193322 9.972756
-39.987041 -43.616711
101.297891 235.443121
67.614823 199.184012
-53.588787 -32.153027
-72.922021 9.572002
-72.936698 12.712716
54.826620 117.960627
59.038350 117.950481
-74.361573 12.905690
83.945995 238.025564
68.381218 160.466832
-102.294324 -11.408678
-49.325780 -41.017781
-57.446529 -97.979649
-73.252775 -101.474573
110.489782 184.522137
54.855242 -272.024885
52.141807 -271.592319
80.461602 235.415930
85.005961 232.505251
4.811001 129.966677
-41.081891 -17.103111
96.878085 220.289042
110.019785 208.492407
31.026599 204.835732
59.270630 169.176064
76.013558 154.264801
92.265593 -206.047869
117.655357 172.042672
104.738760 177.971943
113.019209 177.939685
109.987900 171.582681
64.390776 111.517775
121.846046 214.283197
-2.094025 64.492017
-14.541593 -43.535091
14.175111 -70.641481
126.972844 213.497759
101.657605 211.521696
60.477232 178.520631
60.061043 178.442686
97.535542 139.368549
18.397718 -76.636546
72.924800 181.521384
31.247675 127.507830
12.999017 124.015764
104.788989 232.134533
110.454550 235.583283
97.159198 241.368174
100.935611 235.230161
67.208740 154.028890
31.054648 126.364123
-86.984384 -23.077048
-19.662449 -55.704302
106.186649 231.754918
110.454550 232.582530
92.631712 226.258444
92.627506 223.342881
-69.038404 -146.556178
85.437499 186.539739
88.764759 190.348094
110.087650 228.544527
80.854819 187.485052
-90.076631 -5.587953
-31.450028 -59.581093
117.304442 241.079170
118.789975 247.586295
114.622263 241.584789
84.629193 193.357570
89.462804 195.503191
88.040902 189.974742
64.285816 159.749026
67.292938 159.987954
114.601925 175.519878
110.489782 175.519878
101.899470 240.676301
93.011791 151.322700
84.333571 154.140155
-86.669696 -7.890857
75.710810 189.954392
76.729469 190.392568
80.093935 190.108182
114.177080 220.452235
118.789975 217.578765
-65.696213 -100.947054
-73.037308 -98.386996
-57.795505 -131.130281
123.209796 234.646104
-15.387401 -31.795668
4.736401 196.094570
51.693221 187.420110
118.545945 183.717638
101.777000 151.455719
6.009128 90.578697
-14.873563 -50.356544
-73.692793 -106.714150
60.112233 -262.711955
47.525327 -277.700685
51.404121 196.353359
77.161022 189.577514
46.833862 178.246810
93.392244 163.406061
72.544813 157.419133
-18.771718 -53.531945
-57.400574 -100.925433
51.785093 -271.643781
42.963469 202.356249
89.176112 178.421494
114.147859 178.413423
42.976567 166.263960
-56.598245 -103.599722
35.033441 -280.710205
88.456908 175.146671
89.595650 175.519878
85.458993 171.445711
-35.594505 -35.426800
-60.665078 -38.606138
63.779569 -268.851517
131.290347 225.722679
39.257034 204.785555
89.615988 205.575753
64.174801 199.384047
105.089558 148.169927
-10.884703 -40.589282
88.838500 -199.796084
105.042272 226.315408
60.202936 210.397111
67.940976 184.346162
-103.716123 1.019172
-28.208227 -25.842147
-44.542838 -37.777998
5.820046 196.473536
-23.632888 -7.778639
-60.442000 -19.529067
-14.906738 -28.671226
80.890728 184.383828
83.909725 186.952575
76.719414 187.403014
79.748402 186.960093
42.167831 205.180189
80.061381 196.214282
85.483507 193.524396
85.076306 196.399244
88.437190 145.239801
85.588966 144.640832
133.876703 222.988811
92.348873 177.957980
71.748698 172.114457
-65.705807 -4.799408
-20.147691 -11.030218
-53.307413 -16.825464
-45.322371 -119.072899
29.800815 -290.079038
105.158192 205.216986
126.119795 202.205617
113.165997 199.036617
109.263745 190.261841
100.947880 145.180581
-86.561500 -16.895387
-57.037121 -106.688163
-56.218718 -103.550151
-57.360242 -104.109518
123.739792 216.613412
123.533381 214.786120
