date:2016-09-15, time:1400, wind_speed:1.75, wind_dir:336.0, temp:19.5
-7.555297475619106251e+01 -5.897249339101973931e+01
1.917044469521141181e+01 1.182901417706426344e+02
-9.011129097873305227e+01 -8.337387194062611684e+01
4.791852453130203315e+01 1.185055707674683845e+02
4.310563726200617651e+01 1.178181254052029772e+02
4.871108523906301713e+01 1.181482823670322944e+02
-9.071614821276233442e+01 -1.458367450802813892e+02
-1.016995004570520962e+02 -5.329508419392756480e+01
-1.368097894646101338e+02 -2.007304871069122143e+01
-1.347051844202331097e+02 -2.884624610897098052e+01
-1.411061162801712783e+02 -1.688030528513091966e+01
-1.149644066845380621e+02 -4.411707831471706953e+01
-8.220409810614640378e+01 -6.509859196083198185e+01
-1.187899754687042844e+02 -4.353509123247773260e+01
-1.008009028488049950e+02 -1.220538764929700477e+02
-4.875145031361368808e+01 2.191673382528966130e+01
-8.266302340842337060e+01 1.319980343967409553e+01
-7.374348795751888019e+01 1.595442320612955633e+01
-9.378370046866385223e+01 1.347921576745651251e+01
-2.821167634145836445e+01 7.587114280399619304e+01
4.523408656214315471e+01 1.178504179082544994e+02
-7.249267147816982515e+01 -1.058368949778695267e+01
-6.789149461057596113e+01 3.429894524909001774e+01
-1.069622980397865177e+02 -5.313114687536891978e+01
-1.147113187769437133e+02 -4.435252671582367157e+01
-1.179357580004027142e+02 4.288245178261816726e+00
-1.659326873960054627e+02 2.517015293903720874e+01
-1.426925605388897509e+02 2.205432875821066929e+01
-1.058885517586971758e+02 -5.259496292271579421e+01
-1.374247944405819908e+02 2.237223950539981487e+01
4.454039573939638075e+01 1.180378258904569861e+02
-1.716334915046929055e+01 5.791807432383899368e+01
-4.425708329595679658e+01 3.361868422596494810e+01
-1.432021957778893864e+02 -7.771276730537731936e+00
-1.479083934686285318e+02 2.248147476747106666e+01
-1.410028297077542163e+02 -1.633819376434858084e+00
-7.632584127363501558e+00 3.707847781928852271e+01
-1.604671004686663593e+02 1.948072176746621764e+01
-8.437686345545495215e+01 7.241232631372768402e+00
-1.264427517226288558e+02 7.112067300291598393e+00
-1.155542168486431933e+02 2.168826407811526735e+01
-1.337252831458758067e+02 7.092763896723774941e+00
-5.491853328775053456e+01 1.322918519195742881e+01
-1.156210677401637668e+02 5.182511541331214033e+01
-9.762931432709288515e+01 3.728856012530041397e+01
-3.245304364869047475e+01 3.995556519372141224e+01
-6.569055171885450761e+01 1.310550031429382578e+01
-1.437962504685867771e+02 5.849051076745031708e+01
-1.257670174728640973e+02 3.693447827008684925e+01
-9.299118093107988159e+01 6.710546632490905949e+01
-1.356522300282358060e+02 4.279206040005506395e+01
-1.066210874411313654e+02 -5.350418683102335393e+01
-9.024861833890730622e+01 -2.892719424088733859e+01
-1.397961453372749361e+02 6.672055131661726080e+01
-9.916836924727687119e+01 4.902276427790786073e+01
-1.190465828754673510e+02 6.079575367049610435e+01
-2.002598610864304263e+01 5.203990340526621594e+01
-1.070853816394388929e+02 8.207447291838809633e+01
-9.350145722549135030e+01 7.625062468254955661e+01
-8.688879977289879264e+01 8.499803067128657119e+01
-1.160136087141983410e+02 7.898248903752696037e+01
-1.111078903166981888e+02 6.687908864320274915e+01
-1.590921063643842785e+02 1.895701188900122602e+01
-1.104545504685855093e+02 7.649502876747942537e+01
-1.225899440744433093e+02 6.733800788058084663e+01
-1.521316754687055379e+02 5.849051076745031708e+01
-1.089415423115793402e+02 6.409535055078495702e+01
-1.300484768856318567e+02 6.417269696455392136e+01
-1.062312684685084889e+02 6.449201676753899903e+01
-8.700459246323262619e+01 7.905740327649260735e+01
-1.071872358615448064e+02 8.496589606882196222e+01
-8.163432625371405038e+01 5.789024026779201648e+01
-2.064167810962426231e+01 1.620518387728319709e+01
-3.131787888609543913e+01 -2.397786634123270311e+00
-1.022282418998683369e+02 8.447530731948540961e+01
-1.176512585892651259e+02 1.002186677910051031e+02
-1.194844478872187210e+02 6.681511020990402017e+01
-1.444658845563457135e+02 -8.015955275496500221e+00
-1.604671004686663593e+02 1.948072176746621764e+01
-1.033185379319401420e+02 7.601598873782556609e+01
-1.110801762274480069e+02 7.310780160019990603e+01
-9.269891193713215216e+01 7.924769742822704188e+01
-9.711474168709919752e+01 9.739037240548940133e+01
-4.025620031737823012e+01 6.999787708309249012e+01
-6.723235622179805659e+01 7.901285757209679161e+01
-9.441182253235122346e+01 5.192008313421308685e+01
-3.686274294619299496e+01 1.302656980470828785e+01
-5.653228449377749598e+01 2.165072345707860180e+01
-1.368282774192647366e+02 6.996153549361243229e+00
-1.200313812456682285e+02 9.097635977165559495e+01
-9.669661711512854652e+01 8.221404047283421335e+01
-9.380357396696058458e+01 1.179993519853207857e+02
-8.576124229569050783e+01 -7.428982873189228542e+01
-6.164847248421122572e+01 6.728968103539493484e+01
-1.645792434685501746e+02 2.248147476747106666e+01
-1.271254004686651058e+02 2.848298076748077179e+01
-1.476269910171826041e+02 2.235259476302825732e+01
5.090848791741291279e+01 1.180889668009417051e+02
4.791852453130203315e+01 1.185055707674683845e+02
-6.877742546862342010e+01 1.275078297674829457e+02
-4.940770918576176740e+01 1.180841114549076707e+02
5.214180653137905352e+01 1.335093357674926438e+02
-8.122499346862599623e+01 1.185055707674683845e+02
4.333193551462993298e+01 1.298018956205406198e+02
-1.006368649806654076e+02 1.210709416880137326e+02
-8.019026476097563716e+01 1.269647692245513753e+02
-1.095641551539919192e+02 1.181715524986696693e+02
-1.014974987842485916e+02 2.222869385663776498e+01
-1.046112317603692503e+02 1.180249868067415377e+02
-8.122499346862599623e+01 7.349427576747457636e+01
-9.049655145472323170e+01 5.499681281307174174e+01
-7.711285046858424153e+01 1.215063237674732335e+02
-7.975969230078233352e+01 1.268448468841587129e+02
-1.065320189592542164e+02 7.588629906436925410e+01
-1.267474415024773862e+02 7.325609075600547726e+01
-8.653452508168250290e+01 6.713886179198030391e+01
-8.167302330615949302e+01 6.099394878696568156e+01
-7.688076038276496149e+01 8.176807416602807166e+01
-6.044200046866258447e+01 7.949578176748428859e+01
-7.572577585191316984e+01 8.201485373675251367e+01
-1.395729684685097425e+02 5.849051076745031708e+01
-1.471496624758349299e+02 4.600040394551854206e+01
-1.194154121181115897e+02 9.106212939014291408e+01
-3.252548392940246913e+01 4.296563386583240884e+01
-1.141017712338966703e+02 7.038184238141498383e+01
-8.122499346862599623e+01 1.647996876746136508e+01
-1.449766379895650630e+02 3.698577811628424428e+01
-1.611679240746092887e+02 2.817129078740074632e+01
-1.366194738100883228e+02 2.780352285838865711e+01
1.143839567132921928e+02 2.139612512350091151e+02
1.092465159254729770e+02 2.229585932388318668e+02
9.378370046834797336e+01 2.145780122324383967e+02
1.259561753782212605e+02 2.172363181975337341e+02
1.406366931481714744e+02 2.052414597851361862e+02
-5.515306982857595841e+01 2.197135680663359381e+01
-6.815091858666613689e+01 2.206889284759450121e+01
-6.156922116010432688e+01 2.799847146160391276e+01
1.137654082585802513e+02 2.079300839709607089e+02
1.072842038493625978e+02 2.049619261686947596e+02
1.153666320879173242e+02 2.113169756338248249e+02
1.229576879684477859e+02 2.145780122324383967e+02
1.257437065469421782e+02 2.142943931604702641e+02
1.021191254684667342e+02 2.175787652324432599e+02
1.053647679476295593e+02 2.047622367123474589e+02
9.656066747181998267e+01 2.112364547376724886e+02
-8.382163889514539790e+01 1.290910198126790398e+01
-7.437817492878163250e+01 1.606417509443509672e+01
-8.689424330332956004e+01 1.610930434656227561e+01
1.262679763697755249e+02 2.202136851119935841e+02
8.925591811912353535e+01 2.105559932495856117e+02
1.154470267187047057e+02 2.143400519212041218e+02
1.216288108500769738e+02 2.202849474639583036e+02
1.178971667828550380e+02 2.111223876884706669e+02
-1.101367169559301544e+02 6.742776706631761385e+01
-1.187899754687042844e+02 7.649502876747942537e+01
-1.033921514190526665e+02 8.202011494424576199e+01
-8.076503193690675175e+01 7.038847897895206529e+01
-1.215112959262028482e+02 4.912513389733233993e+01
1.362564599431964893e+02 2.022339856880695663e+02
1.257364000287672354e+02 2.052519601665846096e+02
8.126022453130329382e+01 1.905236427674268782e+02
-1.601685757571895863e+02 1.942752754271175775e+01
-1.684588408707334679e+02 2.525168125444720957e+01
1.162201863206235117e+02 1.961511964238300720e+02
1.021191254684667342e+02 2.145780122324383967e+02
1.153421900754532032e+02 2.083354807761422762e+02
-1.159909339682995864e+02 -2.859634567305643671e+01
1.194453354323573393e+02 2.053984849015520524e+02
1.131112674856134959e+02 2.054089325215153679e+02
1.411276639881109816e+02 1.961404618871873708e+02
1.275718217709741253e+02 2.203354228470090561e+02
1.065838883165995412e+02 2.144155530384190911e+02
1.277750937484185840e+02 2.051509563840070598e+02
1.271254004683492411e+02 2.055757532325028194e+02
1.291972328548034739e+02 2.084421021362938973e+02
1.296920846807104795e+02 2.020283479151176493e+02
1.188252065313815820e+02 2.025266547674463027e+02
1.278037432705940120e+02 2.232027944976265701e+02
5.214180653137905352e+01 1.185055707674683845e+02
-1.436460293235751919e+02 3.365778025503552584e+01
-8.916377198847825980e+01 7.327239662360142347e+01
-6.056436006243450976e+01 7.860503291929771308e+01
-1.160870343597820948e+02 8.526083893754538678e+01
-8.544827546870301660e+01 1.275078297674829457e+02
-1.187899754687042844e+02 -2.252982023252273791e+01
-8.857584708627398129e+01 7.902214589233899744e+01
-1.022493286247959219e+02 8.495223158025446253e+01
1.264203502055531771e+02 1.961710705475613565e+02
7.141799759061578357e+01 1.963787587521772764e+02
1.310332648271853770e+02 2.049202704755942079e+02
-9.535364210478864777e+01 7.913754666579814057e+01
-9.049948073904404566e+01 8.798142534738533982e+01
1.229373495314233224e+02 1.995259017675204234e+02
9.793107453138289031e+01 1.905236427674268782e+02
1.142146033438596078e+02 2.016910530218655708e+02
1.248174701655055827e+02 1.901822362691663102e+02
1.078689886397339990e+02 1.840913377263421182e+02
1.104897815314207463e+02 1.905236427674268782e+02
1.438314815314220141e+02 1.995259017675204234e+02
5.625394953142080112e+01 1.095033117675327929e+02
5.792340806097143968e+01 1.090331815058036113e+02
1.173899503150119017e+02 1.992329148641786958e+02
1.188252065313815820e+02 2.025266547674463027e+02
1.398732280585183787e+02 1.993174129108883506e+02
1.179712993601139033e+02 1.987299755935914334e+02
1.271606315315003570e+02 1.935243957675107254e+02
1.171468525548570909e+02 1.932804168558322715e+02
1.065636520631038024e+02 1.902751973766480376e+02
1.216186886517659644e+02 1.963202910350366892e+02
1.399072383238059274e+02 2.023230947348262703e+02
9.943460695960516205e+01 1.990193298766331225e+02
1.233314906018961210e+02 1.813152994277147343e+02
1.103051408683382988e+02 1.959789645299342737e+02
-1.354608254686259272e+02 6.749276976746487833e+01
-1.145666934686272498e+02 7.349427576747457636e+01
1.226519888537903569e+02 2.049660119845570421e+02
1.349415716966030345e+02 1.989608622183244506e+02
9.687908456813759983e+01 1.930504222802671848e+02
-1.071904113724995256e+02 8.167805725308471665e+01
-1.001238125214203478e+02 7.927454190032500492e+01
1.235687274906729982e+02 1.992243362681136887e+02
-1.422915813132239009e+02 3.102321429365724370e+01
-2.683847782960932449e+01 9.408588490623716893e+01
-1.518423624649760484e+02 3.434528699620017989e+01
1.007397354104110292e+02 1.870847729940199429e+02
1.013706286431945500e+02 1.930222742000860023e+02
1.274048704551167503e+02 1.843731222318283471e+02
1.396081995313449795e+02 1.935243957675107254e+02
1.394428286500640013e+02 2.017381085527128164e+02
1.108225077648076251e+02 1.963338031640357428e+02
-9.522093677797451505e+01 1.150688138130589238e+02
-1.010121894949072043e+02 1.122216603852591845e+02
-1.089458098309462315e+02 1.180394483352037582e+02
-8.544827546870301660e+01 1.185055707674683845e+02
1.396081995313449795e+02 1.935243957675107254e+02
1.403258548174250393e+02 1.991462600424258369e+02
1.429036128101848817e+02 1.989692002499914167e+02
1.304767613873060554e+02 2.050621468628324351e+02
1.313223468451417659e+02 1.988819390740994208e+02
1.146019245313045616e+02 1.935243957675107254e+02
1.153301803712579812e+02 2.082048049496245312e+02
1.312931129684086216e+02 2.085765062325076826e+02
-7.845371987327182239e+01 8.214248936618645303e+01
-9.002674200127685822e+01 7.881477290484211551e+01
-8.180331698813846231e+01 7.004027273089147343e+01
-8.122499346862599623e+01 8.849804076749883563e+01
1.180318880853382097e+02 1.962577648992259469e+02
1.321432776394489395e+02 1.902571877266207991e+02
1.120431829830268100e+02 2.051260157728278841e+02
1.146019245313045616e+02 1.995259017675204234e+02
1.223948591985943892e+02 1.896589529825520231e+02
1.342329723719579420e+02 2.082671566936712111e+02
1.396081995313449795e+02 1.965251487675155602e+02
1.133538389506475141e+02 1.990367088803115507e+02
-1.680695700338481799e+02 2.527237585331119973e+01
1.141015340838027328e+02 2.017415355541386646e+02
1.293990288196557685e+02 1.902812711272318609e+02
1.057784410831484223e+02 1.986942533932700030e+02
1.225403943581414552e+02 1.958665388908344198e+02
1.442969413565266450e+02 2.023011623776087617e+02
1.090014617572361999e+02 1.962092026739574635e+02
1.238478091700812911e+02 1.901864189354642463e+02
1.388169992029616822e+02 1.929896816331996376e+02
1.429319103235799275e+02 1.990331633214487965e+02
1.219816476156121468e+02 2.111575979969867944e+02
1.393566597108835765e+02 1.933197166142855394e+02
1.138071186122126193e+02 2.081334535098777678e+02
1.200899406249805565e+02 1.961695750439173480e+02
1.113254491671632849e+02 2.051563877874829700e+02
1.026109932766327120e+02 1.963923540136684949e+02
1.109163067381352050e+02 2.022736821369161930e+02
-1.018201953157248312e+02 7.039716090422817274e+01
-1.142265904524943068e+02 7.025264039939524707e+01
-1.395729684685097425e+02 -1.652831423251303633e+01
4.669358356356938344e+01 1.182160220547504110e+02
-1.180163715405485050e+02 -2.896016912312244784e+01
-1.630006740025788758e+02 2.195900038774037810e+01
-9.511306698972965989e+01 1.931818963877565665e+01
1.271606315315003570e+02 1.905236427674268782e+02
1.190956996716579681e+02 1.994013680418698584e+02
1.263524793866366736e+02 2.049414886189304639e+02
1.426386567280748920e+02 1.989619711011503682e+02
1.304934736184461883e+02 1.930715792465489926e+02
1.289201818751518545e+02 1.961873294690290095e+02
1.097146929524108572e+02 1.988584031704455981e+02
1.312727745313841581e+02 1.995259017675204234e+02
1.485216723219943162e+02 1.992426400724879443e+02
1.053724069367044081e+02 2.230260308145749093e+02
1.229576879684477859e+02 2.085765062325076826e+02
1.529022351584594901e+02 2.143475055481401625e+02
1.525075893037081300e+02 2.022756740594937241e+02
1.271254004683492411e+02 2.085765062325076826e+02
1.426286746635872476e+02 2.142665393146316717e+02
1.223080685776270684e+02 2.080339887326022961e+02
1.288416084748760113e+02 2.051070463367805985e+02
1.342245216106879866e+02 2.080826950064248138e+02
1.257691533542868711e+02 1.990072530401725430e+02
1.325812185093042785e+02 2.082356592914303803e+02
1.111263933898116676e+02 2.022688111082686930e+02
1.138946762291571986e+02 1.928946345320979390e+02
1.513612838191592687e+02 2.050082429088467393e+02
1.062664995313437259e+02 1.995259017675204234e+02
-1.035944454258095533e+02 1.332085485132775204e+02
-1.063912987894187552e+02 1.271579544925154437e+02
-8.609579621720070008e+01 1.210457864002939914e+02
-1.062312684685084889e+02 1.365100887674975070e+02
1.179007687531504729e+02 1.959316726142028244e+02
1.201040468628683300e+02 1.961502154213643223e+02
-8.924397444454940853e+01 8.231565624004123549e+01
-8.261778897842059166e+01 8.826537609929978601e+01
1.214371220569967562e+02 1.991116563468302729e+02
-8.471602815566207312e+01 7.333639549099990518e+01
1.482812436450126370e+02 2.046969267292030850e+02
-7.711285046858424153e+01 3.148373376748562436e+01
1.152256272690765684e+02 1.932955528255132833e+02
-2.632675570250779984e+01 5.203607432310140268e+01
1.280252098121343636e+02 2.023386804623116859e+02
1.270350370051213673e+02 2.020692599801183746e+02
-1.007393352093714043e+02 7.283278170883247071e+01
1.312727745313841581e+02 1.935243957675107254e+02
-1.456274789761521902e+02 -1.678802462951512453e+01
-1.200235951232729263e+02 2.819816842979923521e+01
-1.688025254686272092e+02 2.548222776747591922e+01
-8.894940796873596867e+01 1.330843672672205571e+02
-5.083150483500084960e+01 1.212075846682455733e+02
-5.621871846858556410e+01 1.125040647674586864e+02
-6.293091873586531193e+01 1.121443643868850160e+02
1.370378606551955443e+02 1.960945311511055422e+02
1.309917717174550091e+02 1.958790221254276105e+02
1.307349705739686954e+02 2.020781159800189926e+02
1.271254004683492411e+02 2.145780122324383967e+02
1.335415311218425529e+02 2.053998542593112120e+02
1.278238569256507446e+02 2.143377883825876040e+02
-1.111237533741831669e+02 6.668791969979280054e+01
1.186413743185838996e+02 1.961722469311220323e+02
1.057056396504662530e+02 2.018547306332276605e+02
-8.693995813971987729e+01 6.398930800551509890e+01
1.408193107143175951e+02 2.083859909591770077e+02
1.271606315315003570e+02 1.965251487675155602e+02
-1.608014612630940690e+02 2.172010907366329135e+01
1.388744282840004587e+02 1.992513940203432128e+02
1.323656973067630815e+02 2.051400007130541496e+02
-9.951114728552623490e+01 7.310139200523907732e+01
-9.436353277496043290e+01 1.241705458194725082e+02
1.468277401342547250e+02 2.140009920796009055e+02
1.403909989741789275e+02 2.021119753149192206e+02
-1.188028526722608262e+02 6.801177497916171433e+01
-1.177146182120901301e+02 6.697938801858646229e+01
-1.178708577364326402e+02 6.710446811762322739e+01
-5.210657546870175594e+01 1.185055707674683845e+02
-5.174659224917144940e+01 1.213712767119048124e+02
-5.054690747717981480e+01 1.161666535498832928e+02
1.400554838782155969e+02 1.994726175436815367e+02
1.402595700697348775e+02 1.972692265863020395e+02
1.400587260990304515e+02 1.993958984601157738e+02
