-1.099344148758556003e+03,-8.731970243947669132e+02
-5.994715780379240186e+02,-1.655025448560486723e+02
-1.102318707512703668e+03,-5.315512460202108969e+02
3.550582649080942019e+02,1.178633090672143453e+03
-6.855839500050740298e+02,-8.136451148218012008e+01
-7.700006284897134492e+02,3.971564493185540812e+01
-8.529099537478148250e+02,-5.903830473545202722e+02
-7.665905460966553164e+02,-5.862659217378831045e+02
4.823964130354483473e+02,1.084199818487986931e+03
-9.371573175771046635e+02,-6.203853214576624850e+02
-1.308602326779347777e+03,-4.147297575405812609e+02
-7.697554208750577800e+02,-8.566781317434886489e+01
-1.603014372347953213e+03,3.944090921109901160e+01
-1.519457331891382864e+03,-1.700046352782820804e+02
-1.429914326012388983e+03,3.684334764504679924e+02
-1.271254004686651115e+03,2.548222776747592206e+02
3.558960414099615264e+02,1.179793496847007191e+03
-1.679579994828663530e+03,2.550503002423884027e+02
-1.833191291778923642e+02,5.437467265561492695e+02
-5.132003856560056647e+02,4.602882030577189880e+02
-1.345020912572120778e+03,4.917660734915729677e+02
-8.901677319599473321e+02,3.772220774073641678e+02
-7.634801463992504296e+02,-6.496664937585561574e+02
-1.098753725702546490e+03,4.360447241621606622e+02
-5.550707366193471444e+02,-1.697962084935812754e+02
-5.500536247070645004e+02,3.062095029978158891e+02
-1.454159346862346922e+02,5.248900476744062189e+02
-1.307466194270656615e+03,4.307567423242945779e+02
-1.558770843075555376e+03,3.282941636344458658e+01
-1.728066515415758204e+03,2.124429648364206287e+02
-1.431610105473197791e+03,2.566535847740198051e+02
-1.789348521283727109e+02,6.997901237898282716e+02
-1.180094110930003353e+03,4.059016730820366661e+02
-1.857380704352079874e+02,9.097508019944865509e+02
-1.521316754685476099e+03,2.548222776747592206e+02
2.739185002950805483e+02,1.197291255016856667e+03
-1.394626301226227952e+03,4.248472319333653786e+02
-1.471302607665115829e+03,1.961591333189905413e+02
-1.477104514423842829e+03,1.595026962806611266e+02
4.797978797247832290e+02,1.090563543070316882e+03
4.791852453145997401e+02,1.095033117674538289e+03
4.802705946871928973e+02,1.088437837083905833e+03
-1.145666934686272498e+03,7.949578176748428859e+02
-7.221401222831372024e+02,-4.634185823219087297e+02
-1.643417070751180290e+03,1.882877047353119337e+02
-1.395729684686676819e+03,4.048599276750018134e+02
-1.017024186072164412e+03,8.682869400768287278e+02
1.903179737578885806e+02,1.179254262537196382e+03
-8.506759231160885975e+02,6.258870104520007089e+02
-1.060815176872376242e+03,7.003198483925435767e+02
-8.122499346862599623e+02,6.149126376745517746e+02
-2.633213682230921791e+02,1.909595645669756436e+02
-1.876487546854255584e+02,8.249653476748914045e+02
-2.710030046866132238e+02,9.449954676750854787e+02
-1.260980647417260343e+03,9.954375320946770671e+02
-1.143938608296820803e+03,8.792278598999789665e+02
-8.523558620238428603e+02,9.089608023077589678e+02
-1.229021184685880826e+03,7.349427576747458488e+02
-1.009889275397210440e+03,9.642555825634881330e+02
-1.634018903195857092e+03,2.780538583507718613e+02
-1.059418416893894346e+03,1.018639875473492907e+03
-1.100349107621438407e+03,8.398324395372878826e+02
-1.513346558301758705e+03,4.007112912986737570e+02
-1.312375434685489154e+03,8.549728776749399231e+02
-1.101263874450176672e+03,8.426821997647714397e+02
3.547095653145739789e+02,1.185055707674683845e+03
-6.455414346854639689e+02,7.049352276746973303e+02
-1.437962504685867771e+03,4.048599276750018134e+02
-1.876487546854255584e+02,9.449954676750854787e+02
-1.472547423038341094e+03,3.161471713359739510e+02
-2.710030046866132238e+02,8.849804076749884416e+02
-7.655875188031006928e+02,8.883806218345425805e+02
-1.268969571491013767e+03,8.134484384290230992e+02
1.457682453145870909e+02,1.185055707674683845e+03
4.803405572744960637e+02,1.090432712300048934e+03
-9.263681453267950019e+02,7.847761643952486565e+02
1.457682453145870909e+02,1.185055707674683845e+03
-1.020042859538151220e+03,1.029100840449950510e+03
-1.136873459398876776e+03,8.217309661025126388e+02
-6.763834344485685506e+02,9.710940479689215863e+02
1.891242021943015743e+02,1.179455224653909227e+03
-1.185919046452696875e+03,9.622197095699345937e+02
-1.102195975251226855e+03,7.602737909353119221e+02
-7.265588548380108023e+02,8.789723955345605191e+02
-8.076160059321197195e+02,7.176526324007238600e+02
-8.526731570196596977e+02,9.096883740077569200e+02
2.314837001999464690e+02,1.208466716917665281e+03
-8.904126668140661423e+02,1.096290049183072597e+03
3.547095653145739789e+02,1.185055707674683845e+03
-1.826932316099116633e+02,9.874744611478267871e+02
-9.782662006133591603e+02,1.030016398259133439e+03
-5.200465351077034484e+02,1.018843508123881492e+01
1.885113603625393921e+02,1.178513655761641985e+03
-1.268641154695797013e+03,1.101121330281808014e+03
1.468398931755722003e+02,1.179683571811015327e+03
1.457682453145870909e+02,1.185055707674683845e+03
-1.143632336483905192e+03,1.030203834000916913e+03
-9.298350310441461488e+02,1.089760461948486181e+03
-1.060426618232187820e+03,1.000476316430023758e+03
-1.349394075630696079e+03,9.168462160202418545e+02
2.713553153133862565e+02,1.215063237674732363e+03
-9.378370046866384655e+02,-7.054186823252140357e+02
-8.544827546854508000e+02,-5.853885623250199615e+02
-1.102441295229306206e+03,9.097288696022858403e+02
3.556986720159574134e+02,1.178772030180058437e+03
-9.359775642619242717e+02,1.028857383463721590e+03
-1.103189675737808102e+03,-5.370230187457603961e+02
-9.789584346854766181e+02,-7.354262123252625543e+02
-1.181185112362541076e+03,3.404438793876751106e+02
-9.738093802077228247e+02,-5.196421023960643879e+02
1.901452276685035940e+02,1.179980558089320539e+03
4.810239126856080247e+02,1.090444303086917444e+03
-7.711285046858424721e+02,9.149879376750369602e+02
1.495178055750938029e+02,1.174908772392640230e+03
-3.897592928303180884e+02,5.826724577558848068e+02
-1.270153221320311559e+03,-4.418362835571355163e+02
-9.783505369912387550e+02,-7.115250080880598489e+02
-1.354608254686259443e+03,2.248147476747107021e+02
-8.527264735384276264e+02,1.089611704092580112e+03
-8.122499346862599623e+02,1.035018057674441252e+03
3.557040254672291439e+02,1.180262348909247748e+03
2.713553153133862565e+02,1.215063237674732363e+03
-5.210657546854381508e+02,1.335093357674926438e+03
-1.103578432918720409e+03,1.299902225303557543e+03
-1.476787741620074939e+03,9.876308286138093706e+01
-1.515160135326475483e+03,3.111830970610344593e+02
-1.518621760469585752e+03,8.730693893099821707e+02
-1.473668157694242609e+03,1.350477752390715693e+02
-1.431444582979158213e+03,1.681770361277803261e+02
-8.900071826608686933e+02,1.426238586797347807e+03
6.894763783229711862e+02,1.448684981106465784e+03
-5.500897031503266135e+02,1.506337320311970643e+03
-9.743688938080337039e+02,1.365327724579790129e+03
6.079258479088496188e+02,1.427871515846454940e+03
-9.789584346854766181e+02,1.395108417675023475e+03
-8.043855924087250742e+02,1.457579951019055216e+03
-6.378628243712296353e+02,1.307017923785965650e+03
-1.145444652264569186e+03,1.179739894773143533e+03
-1.054799470326529217e+03,1.125661165571215633e+03
-1.099276080778346113e+03,1.068189106774539596e+03
-7.646680879825565853e+02,1.457833034152183245e+03
-6.766553898631985930e+02,1.475720142099024315e+03
-8.122499346862599623e+02,1.605161127674573436e+03
6.065549909562083712e+02,1.419531330411100953e+03
2.757545305971099765e+02,1.200531084631165641e+03
-8.544827546854508000e+02,1.455123477675120512e+03
-8.083197713985140354e+02,1.406880295710765722e+03
-7.697347350173523637e+02,1.480382784228891069e+03
-5.621871846858556410e+02,1.425115947675071993e+03
-1.141873865006643427e+03,3.457997856116635944e+02
-1.353087251393264069e+03,3.692324076197814406e+02
-6.813928026266510187e+02,1.276205248553173533e+03
-5.168015980132128107e+02,1.526575270610074313e+03
-9.347474734264468452e+02,9.648637809914549734e+02
-1.476917577439265187e+03,2.787206911827159956e+02
-1.310876948669450258e+03,7.601025513590352602e+02
-1.427675640293402239e+03,1.619881098861822579e+02
-1.516544194071676202e+03,3.155770435356291159e+02
-1.055558774922881867e+03,7.938273058832966171e+02
-1.015048261451879284e+03,7.967625812780113392e+02
-1.100019229811107834e+03,8.260753542882456486e+02
-1.269971608750101268e+03,9.394238602995056908e+02
-1.095410955715798309e+03,8.729136995054956287e+02
-3.543572546862215518e+02,4.648749876750988506e+02
-1.222551424879576871e+03,8.525460424354079123e+02
-1.010743484823939752e+03,8.737842280256295453e+02
-9.360985957631138490e+02,8.194104250350220582e+02
-7.208927203100266752e+02,1.330242598325997733e+03
-5.569161037842635551e+02,1.304744964802355980e+03
-1.183242672584268576e+03,8.344052968508505046e+02
-1.182962315819435389e+03,8.580288090139790711e+02
-1.305908480329044096e+03,8.333542641395097235e+02
-1.306842357580597309e+03,8.558190873681044195e+02
-1.223858380596495635e+03,8.567830811198967922e+02
-1.005312042409993438e+02,1.095751837893084257e+03
-2.251030995605288467e+02,8.840953376372614230e+02
-1.876487546854255584e+02,9.149879376750369602e+02
-1.099253539823321944e+03,9.094848719073547727e+02
-1.267146311444337925e+03,3.736228229880265417e+02
-1.478908869408191322e+03,7.585552326806172232e+02
-1.183580952630834418e+03,8.387746839012265809e+02
-1.307823891155586580e+03,8.868453696925782879e+02
1.234849668406186765e+03,2.357781529070316992e+03
1.279422388297439284e+03,2.291303177813664206e+03
1.189625855649269397e+03,2.290264622890424107e+03
1.069802781153670821e+03,2.290729773949230093e+03
1.356751312910514116e+03,2.409661704976421333e+03
9.456958687450260186e+02,2.410383334594102053e+03
1.155545859175724217e+03,2.321218108496981586e+03
1.321349212968429811e+03,2.176334076218426162e+03
-6.023629893052592479e+02,1.293860276188821445e+03
-6.777166802784580568e+02,1.329254235305781322e+03
-5.202639836436748055e+02,1.298633695776962213e+03
1.152064287582272527e+03,2.357210541022650887e+03
1.021191254684667456e+03,2.265810242324578212e+03
1.363123253615708336e+03,2.234311161167079263e+03
9.800179552457244654e+02,2.380445660803783994e+03
1.068062508839502016e+03,2.273207261897136050e+03
1.104545504684275784e+03,2.235802712324529693e+03
7.727109105719368927e+02,2.229771088149506340e+03
1.064229735320474674e+03,2.290809044323820672e+03
9.915784576336586724e+02,2.196654974312039940e+03
9.855765408804545586e+02,2.168248774553331714e+03
1.152805279750282352e+03,2.235070481839942659e+03
1.189297264381503282e+03,2.435886096864279807e+03
1.271254004683492440e+03,2.325825302324675249e+03
1.229576879684477944e+03,2.205795182324481175e+03
1.271254004683492440e+03,2.265810242324578212e+03
1.157845278576079863e+03,2.167945813045467730e+03
-1.686660639586255229e+03,1.841801979348808231e+02
-6.346291273969846998e+02,1.361420453846315468e+03
-5.570854652287511044e+02,1.301171458259236488e+03
-1.018418381432574506e+03,8.849514494408450673e+02
-1.102276026423208350e+03,9.385969655154567590e+02
1.110015724755914562e+03,2.322974165088519840e+03
1.153682794915301429e+03,2.320188315353505914e+03
1.236527874092652837e+03,2.206881822327864484e+03
1.022881791220809077e+03,2.320320980017124384e+03
1.187899754683884112e+03,2.325825302324675249e+03
1.188869387930862104e+03,2.260074328290252197e+03
9.801386390195174272e+02,2.170988555730811186e+03
-5.966604775373939447e+02,-1.931572987156881140e+02
-5.585469565430678358e+02,-6.193339718515850478e+01
1.065771722814512486e+03,2.314036614108582398e+03
1.150349816964070669e+03,2.224617805195611254e+03
9.380634202704683275e+02,2.169766361378498459e+03
1.150464493462681048e+03,2.374552889561371103e+03
1.109655556423708504e+03,2.208212483882716242e+03
-1.307468964865174257e+03,-4.211888888826791231e+02
-1.348499216181592146e+03,2.828501982515803093e+02
-1.433517806127368885e+03,2.965873320436461427e+02
-1.271254004686651115e+03,2.848298076748077392e+02
1.025163008068721865e+03,2.369556180639013746e+03
1.068617280177084012e+03,2.187268945389506825e+03
1.114527390883592716e+03,2.199786891938329063e+03
7.791203435767943120e+02,2.116916481871136057e+03
1.104545504684275784e+03,2.355832832324723768e+03
1.235165581493305126e+03,2.178288615937861323e+03
9.024917854221504285e+02,2.177203971140192152e+03
1.194227019964107512e+03,2.236282349614725263e+03
1.235330173260182619e+03,2.231114947477395162e+03
1.067927221565340915e+03,2.272905822469540908e+03
9.902374518240643511e+02,2.225961663529280486e+03
9.840266594436848209e+02,2.237543757933243796e+03
1.197446686435534957e+03,2.226037972235149482e+03
-9.725253709027292643e+02,7.290591284834127919e+02
-8.544827546854508000e+02,7.949578176748428859e+02
-1.345574951009384904e+03,2.528053556821746497e+02
-1.393831103487393193e+03,2.194406610727770612e+02
-1.270032365676788004e+03,3.095838672555612447e+02
1.107084863401877328e+03,2.253022563562214600e+03
-1.271254004686651115e+03,2.248147476747107021e+02
-6.797907534095982101e+02,4.302650636129487793e+02
3.547095653145739789e+02,1.185055707674683845e+03
-1.227691925219468203e+03,7.583042556778116250e+02
1.187899754683884112e+03,2.145780122324384138e+03
9.438384256739828970e+02,2.124028586871943389e+03
1.239877692791558047e+03,2.104435234142952595e+03
-1.185589657492120296e+03,7.898737355455500619e+02
1.241391038480272073e+03,2.195762724776051982e+03
1.274281324139354865e+03,2.129120197621486568e+03
1.069711830121530738e+03,2.267491287201991781e+03
1.072560590362872517e+03,2.112065806884799713e+03
6.122934992275125978e+02,2.086466663849516408e+03
1.275451121627816747e+03,2.152082716550587520e+03
9.062422250515344331e+02,2.083509028722598032e+03
1.194100689377070921e+03,2.057861486458977197e+03
1.026117461932253491e+03,2.184727411947522342e+03
1.273222175256224546e+03,2.254381342355743527e+03
1.281390869859605800e+03,2.195934689475778214e+03
1.367319668339174996e+03,2.258321357520931997e+03
1.187899754683884112e+03,2.205795182324481175e+03
1.111086741823510465e+03,2.155326129200476771e+03
1.153179196759126626e+03,2.200406150112637988e+03
1.112744629084014832e+03,2.208318485378236801e+03
-5.579914210871393152e+02,-1.039537342354646512e+02
-4.765743329894808085e+02,-7.991636648871386228e+01
1.064719047423800930e+03,2.139956743295074375e+03
1.444663840637571866e+03,2.177563885410932926e+03
6.877742546846548066e+02,2.115772592325125515e+03
-1.639347357623790231e+03,3.436980641977279447e+02
-1.604671004686663764e+03,3.448448676749047763e+02
-1.678418425459248056e+03,3.407074033775447219e+02
-5.134397636457409817e+02,3.400081898869961492e+02
-1.470191010230549182e+03,4.040931191812265979e+02
-1.307300439135495708e+03,4.424784157895943508e+02
1.229576879684477944e+03,2.205795182324481175e+03
9.382864143435085680e+02,2.141210062243095308e+03
1.402387252688936996e+03,2.050921675760325797e+03
9.381893153134114982e+02,1.995259017674414508e+03
1.187899754683884112e+03,2.235802712324529693e+03
1.107598920651106937e+03,2.174693949892764977e+03
1.070692007746514037e+03,2.205638018035926507e+03
-3.060966721147154885e+02,8.962535729517725258e+02
-6.105187828111148463e+01,8.796534048087892188e+02
1.400917166460320459e+03,2.093554076110624010e+03
-1.017083355353772504e+03,8.324866543700204602e+02
-1.104545504685855121e+03,7.949578176748428859e+02
-2.641344228291118270e+02,6.094825992087647819e+02
-2.659109718082319205e+02,4.955314597385109892e+02
-1.016591724232310298e+03,7.639701443681631190e+02
-8.937380354789934245e+02,1.150592187572851572e+03
1.064157873812790967e+03,2.254706602933397789e+03
1.355690646088249650e+03,2.139583691531499881e+03
1.104545504684275784e+03,2.145780122324384138e+03
1.322018824982771321e+03,2.199588542380983654e+03
1.354608254684680105e+03,2.205795182324481175e+03
1.439197699956481756e+03,2.230305789058561459e+03
1.437962504684288433e+03,2.235802712324529693e+03
1.147478046499106313e+03,2.170936779525466591e+03
1.355079629249240497e+03,2.170271794858941576e+03
1.361056147688073224e+03,2.171368469759132950e+03
1.114016932482697712e+03,2.200702184004951050e+03
1.238039997132627605e+03,2.107386434492799253e+03
1.147445873833026326e+03,2.140915234599237920e+03
1.028184192120605076e+03,2.082485757920980632e+03
9.086438036913199312e+02,2.076401421800498156e+03
1.366802382906345656e+03,2.108656619072419289e+03
1.146222629683290279e+03,2.265810242324578212e+03
1.354608254684680105e+03,2.175787652324432656e+03
1.439584228421899525e+03,2.229178013102533896e+03
1.230423577026277826e+03,2.079725372505794439e+03
1.110660447581721428e+03,2.236242219656974612e+03
1.314854341078824746e+03,2.229604165949522212e+03
1.115639670787288424e+03,2.197511056630175062e+03
1.154391980514398938e+03,2.144165736699816534e+03
1.151444092023714120e+03,2.145647439619506258e+03
1.191760330188617218e+03,2.235799381016880488e+03
1.074564429739767320e+03,2.105782419263295651e+03
1.314144102167393157e+03,2.111230232739361782e+03
1.151346351247226494e+03,2.236764606842363264e+03
1.401740170144367085e+03,2.188200976808385349e+03
1.398532398302547108e+03,2.199248121753075793e+03
1.277764584267111786e+03,2.267695138900566235e+03
1.030666629036709310e+03,2.173224615999528851e+03
1.197511782334959207e+03,2.229959167727990007e+03
1.028058113869560884e+03,2.117728429508538738e+03
1.229576879684477944e+03,2.145780122324384138e+03
-1.140102097228291314e+03,8.096772431238533727e+02
-1.103146653151571172e+03,8.485441935805613412e+02
-1.018211340171773600e+03,8.145247713025745497e+02
-1.187899754685463449e+03,9.149879376750369602e+02
1.104728896675803526e+03,2.139995863051252400e+03
1.062664995313437203e+03,2.025266547674463027e+03
1.193756886222214234e+03,2.235776499640672228e+03
1.272075850048533994e+03,2.170412173879499278e+03
1.271254004683492440e+03,2.235802712324529693e+03
1.106083964548969561e+03,2.110173872972929985e+03
-8.435511588911441549e+02,9.984730119323390909e+02
-8.909080776055205888e+02,1.005335547721132116e+03
-9.736985770663579842e+02,9.164342906200413381e+02
-1.018309874638922338e+03,9.167379548999667804e+02
1.237383815974671052e+03,2.208693523115258813e+03
1.063217956954563306e+03,2.259441579491863649e+03
1.106395215176280772e+03,2.230021751424232207e+03
1.230409786189664828e+03,2.199936083975323527e+03
1.313208908496140566e+03,2.109739334570329902e+03
-8.122499346862599623e+02,1.335093357674926438e+03
-6.869458730705230209e+02,1.329326318361020185e+03
-8.891182890361144473e+02,1.275427328341182374e+03
1.150217962212137763e+03,2.177213637446780922e+03
1.154209949552163835e+03,2.205800526372123386e+03
1.064842233352758740e+03,2.200397698579998632e+03
1.154456968763269742e+03,2.175026446869800111e+03
1.230101598083186445e+03,2.201058607625955574e+03
1.273371296288234589e+03,2.200255885304555704e+03
1.322194860169290905e+03,2.166915760660949672e+03
1.396285379683694600e+03,2.205795182324481175e+03
1.233331481258612712e+03,2.116586028106655249e+03
-5.152841013927659333e+02,-7.373064767608047987e+01
-5.196831165042659677e+02,-8.071922232775540351e+01
-5.598442701739825225e+02,-8.177859075341757489e+01
1.195136073445053171e+03,2.290791421539731346e+03
1.198352309997070961e+03,2.254287468250195161e+03
8.556631955537852718e+02,2.049945758935868071e+03
1.317315390960336117e+03,2.085455193208460514e+03
3.584470519495789631e+02,1.168580452471823719e+03
2.715550782470008926e+02,1.208783799796406129e+03
1.893245758694944811e+02,1.174071227885927783e+03
1.463801688141629711e+02,1.180477258871916092e+03
-7.607563027906226125e+02,1.535080063745882626e+03
-6.809139408176525876e+02,1.455165712953761386e+03
-7.596224026868582087e+02,1.504485517956974036e+03
-7.699001546163523244e+02,1.508828819396473818e+03
-1.222181403566731206e+03,8.548068115290230935e+02
-1.222612076624281599e+03,8.853404718636548978e+02
-5.565720212338937927e+02,1.519847269501833125e+03
-5.621871846858556410e+02,1.575153597674524917e+03
-6.016738256366613768e+02,1.551390735670244112e+03
1.317358752086714958e+03,2.152220143058879785e+03
1.399341919369182051e+03,2.220657544074320413e+03
-1.144355356126719244e+03,8.197176960017460488e+02
1.231830970150248504e+03,2.260839065781488898e+03
-1.267351968067271400e+03,4.764723538854680669e+02
-1.050692183948344791e+03,1.117517072768402841e+03
-1.051269918794642535e+03,8.449838394577873260e+02
1.146222629683290279e+03,2.175787652324432656e+03
-1.269395053009031244e+03,9.021703994628763894e+02
-1.266976267799215748e+03,7.949923722926206437e+02
-1.594665273288065237e+03,3.636925066630371930e+02
-1.596121317141663440e+03,1.081636029176997909e+02
-5.210657546854381508e+02,1.485131007674379362e+03
-5.544840027853856554e+02,1.457291074531843378e+03
-9.789584346854766181e+02,1.065025587674489771e+03
-8.847914326495372279e+02,1.026459963269570380e+03
-7.277346566418968905e+02,-2.015235124051476134e+02
-6.455414346854639689e+02,-1.952906723251788890e+02
4.793768147412845337e+02,1.089063090774911871e+03
4.805846394465246476e+02,1.089383124131676368e+03
4.816502960282895174e+02,1.085019881374031229e+03
-5.965713017080465761e+02,1.332035118900136013e+03
-5.199356949061825617e+02,1.329844140074759480e+03
-6.029422822006303022e+02,1.329526413714678711e+03
1.356343632875556750e+03,2.139481397506975554e+03
1.196771301824532657e+03,2.171590133070122192e+03
1.187899754683884112e+03,2.175787652324432656e+03
3.553954205781145674e+02,1.173927341005128255e+03
2.307947824060965445e+02,1.209100626287254954e+03
-1.387737529329000608e+03,3.111304163667711578e+02
1.438375759177924692e+03,2.141211861858367683e+03
-8.454809113268124747e+02,7.468570897001967523e+01
1.314084130908116322e+03,2.080162748060362446e+03
1.483342244420424549e+03,2.315312533435017031e+03
1.064387800504068764e+03,2.230745959721996314e+03
1.314530444355974169e+03,2.205396085623018735e+03
1.396285379683694600e+03,2.115772592325125515e+03
6.983045208537456574e+02,2.104324845139552053e+03
1.188697773622156774e+03,2.290606758688884383e+03
1.156659560054087478e+03,2.224456923823952366e+03
1.278222203785393503e+03,2.202404630532541887e+03
9.795141296840736231e+02,2.145780122324384138e+03
1.231038411513055053e+03,2.169769314144254167e+03
1.232565911840710214e+03,2.207632854672549911e+03
1.274514585903524448e+03,2.207348078906206410e+03
1.114535712230292575e+03,2.164210789786316582e+03
1.403854023695891556e+03,2.110244041911782006e+03
1.271254004683492440e+03,2.235802712324529693e+03
1.484049979090329998e+03,2.237171440623307717e+03
1.067742739844130710e+03,2.181320174796017000e+03
1.271254004683492440e+03,2.175787652324432656e+03
6.934728090675109797e+02,2.110651990088378625e+03
-7.214942136981741214e+02,1.480758488241657005e+03
-8.063908345610893775e+02,1.423488117691998468e+03
-7.218802414416370539e+02,1.397969310256904691e+03
-8.540620614043398291e+02,1.478929091168978630e+03
1.111145755081309062e+03,2.207892226174997177e+03
1.275715058312886640e+03,2.159931329119917336e+03
1.396285379683694600e+03,2.175787652324432656e+03
1.151923857339257211e+03,2.116773101333305021e+03
6.877742546846548066e+02,2.085765062325076997e+03
6.954286605458942176e+02,2.027227438354053447e+03
9.449179361917579172e+02,2.177672938963102752e+03
9.439311415592375170e+02,2.177694974030019694e+03
1.229576879684477944e+03,2.205795182324481175e+03
1.316544450064116063e+03,2.219702590629936367e+03
1.278265393700643244e+03,2.176663448032461929e+03
1.282483518489331345e+03,2.225406233132142461e+03
1.107923477313228659e+03,2.267281397245533299e+03
1.315248719344877600e+03,2.284777354923554412e+03
1.229576879684477944e+03,2.235802712324529693e+03
1.194402055917849793e+03,2.290265174292319898e+03
1.437962504684288433e+03,2.265810242324578212e+03
1.070161793722309085e+03,2.145005084977940442e+03
1.151170023066730664e+03,2.219624839196596895e+03
1.146222629683290279e+03,2.265810242324578212e+03
1.072103946045519479e+03,2.202729847954422439e+03
1.151532846823472028e+03,2.234112845624055353e+03
1.363199118503111094e+03,2.142839581067663858e+03
-2.656445757139215971e+02,1.186369387782777721e+03
1.400765984529856951e+03,2.058055482645955180e+03
-8.910216174084199565e+02,6.748140985628648423e+02
-1.304585769977352584e+03,7.960297823539647197e+02
-1.061080632257841671e+03,1.099851601234127429e+03
