date:2016-09-19, time:0000, wind_speed:1.66, wind_dir:205.0, temp:19.7
42.287973 111.969703
35.028652 118.318264
-110.454550 -253.587801
-173.033611 22.391794
-127.303729 4.447874
47.221789 109.250106
-94.275705 64.226427
-148.026417 16.381230
-35.435725 73.494276
-94.169066 106.333324
-31.999265 109.222529
-110.454550 64.492017
-115.036090 82.263978
-140.433754 13.178466
-115.303181 -52.781841
-119.069813 -46.685891
110.312346 106.422589
-119.144567 55.356288
-152.456657 1.317252
-102.321044 31.394045
22.554800 -289.841750
-99.467899 112.078352
-85.801283 94.339726
-69.601162 76.173668
-77.879285 -256.896890
-110.760391 10.383110
-93.901461 100.376074
5.968475 118.325192
-127.125400 19.480722
-95.140227 70.053625
-77.112850 19.480722
-140.815710 -14.033066
47.349773 109.317008
-85.448275 64.492017
-10.750285 103.349284
-102.687227 103.251670
-144.114704 34.357619
-116.196768 -29.093555
-15.674642 -286.999132
-124.547556 31.080406
-114.849992 61.398025
-41.259839 61.041257
-110.454550 22.481475
-182.049471 46.035280
-135.879090 55.223731
-123.680080 28.250416
-65.645956 46.149125
-177.481389 25.411566
-115.358974 -4.881646
-7.785802 -290.210741
46.242703 109.003998
-82.820493 82.114170
-141.094716 12.815454
35.329584 118.455142
-124.518121 -14.121556
12.975035 120.950990
-120.415839 48.974929
-128.546358 76.051719
-73.085943 124.443782
-73.595262 73.274110
-85.669395 73.431840
-85.623198 22.436702
-120.506470 25.005191
-70.435652 43.045047
-131.619100 28.286866
-148.679364 34.189949
47.357598 109.176332
-15.327656 -298.928995
-141.178382 43.060064
-169.377330 46.325228
33.871078 129.951475
-60.749536 118.337708
-74.239410 55.096730
35.324555 118.385948
34.949725 130.304261
43.600521 118.454041
-77.768857 103.183239
-78.732466 82.083045
-93.783700 121.506324
-135.847705 31.266242
-47.883293 112.504065
-110.640145 34.438079
-110.454550 10.478463
-107.677994 -59.017206
-94.127726 133.329185
-73.663931 100.257311
-81.375479 22.428236
38.037175 132.890517
-82.752298 124.023755
-103.737863 21.906761
-122.902118 4.476957
-35.595517 85.427685
-148.474971 22.220772
-81.916214 -94.918126
-77.406538 61.352944
-147.908393 7.477710
-127.335226 1.379422
-44.312681 -280.860354
37.990217 133.000738
-61.973318 126.864338
-112.117508 3.930891
-114.914680 91.337887
47.173377 109.241904
-145.313041 -7.867157
-107.074360 -52.882103
-116.250626 54.976074
-116.154351 9.976443
-122.902118 19.480722
-128.190489 -43.865170
-60.762808 127.395656
-61.222463 121.128724
42.529765 111.907343
-99.598409 127.002521
-47.883293 94.499547
-128.488548 54.907389
-135.891071 55.359296
-61.005026 100.173130
-110.837521 133.302647
-77.703922 118.284874
-41.098918 78.924843
47.145883 109.223527
-107.562139 -19.973707
-77.415860 136.334449
-148.955292 43.072216
-127.531667 25.334208
-70.360587 96.930137
-132.880317 48.977926
-31.212443 112.504065
-148.028403 52.459440
-94.740244 25.014938
-86.827564 37.102994
18.210526 -289.758623
47.507109 109.442860
46.627530 108.891731
-81.349114 25.373910
-114.887419 28.238779
-85.662544 67.381575
-31.566789 91.285338
47.918525 109.503312
-36.877032 106.180187
-139.983076 31.279056
-68.777425 13.479216
-64.941116 79.375902
-44.110193 73.309866
-114.735872 64.406847
-124.263007 70.039471
-137.031413 37.095084
110.489782 106.502559
47.353536 109.258696
-35.607976 58.432614
-62.183933 124.069140
46.681382 109.126480
-127.125400 10.478463
-127.511639 13.230736
-131.497769 -16.641926
-99.545594 91.046370
-82.814131 99.909559
-123.091563 49.437342
47.723386 109.410815
-89.874445 154.331617
39.260519 139.295735
-149.052434 61.063232
-186.210731 49.202787
-89.560418 40.485993
-19.472016 136.153942
-66.211814 160.014134
22.912250 139.510842
-69.075970 136.428766
-61.702129 106.157606
-81.389375 52.390294
-119.187109 67.354471
-106.389514 64.404290
-124.480813 21.907652
-52.106575 70.493523
-135.802627 13.337317
-86.833493 73.045879
35.125661 118.288918
-124.591177 22.012313
-131.531156 34.301917
-57.485595 -275.103444
-49.031336 -278.050779
-112.041811 22.063710
-114.566693 31.483734
-135.460825 19.480722
-103.397799 27.998516
-2.094025 -289.596837
-106.231268 100.501053
-31.632977 70.332678
-103.702333 108.914977
43.525738 112.291061
-110.755146 49.238150
-161.540519 16.094283
22.773389 130.453958
-103.395282 30.962595
-103.737277 87.913551
-89.746562 115.460595
-87.043008 141.995244
-90.125186 7.251946
-52.272269 97.403287
-106.813463 22.246946
-94.201242 -97.621145
46.357900 109.061823
47.704871 109.413189
42.467732 112.159182
47.743818 109.375563
-152.786213 52.185794
-140.081973 25.188488
-140.926897 27.997958
-119.195774 58.393305
-107.032882 7.147399
-98.019769 7.394035
-94.161061 1.276895
-144.660502 43.255992
-106.414868 40.404919
-106.571522 31.284275
56.079721 208.492990
93.664835 214.515003
-37.105396 169.134995
-44.097727 154.372007
72.763924 154.403091
-98.033811 154.449232
-6.341830 145.399757
56.253950 145.512348
38.566038 130.092365
-152.514984 91.317459
-81.414767 88.469368
-81.357851 67.420868
121.490243 214.151913
105.943811 169.381557
-119.869203 157.088703
-14.670239 145.435362
-47.883293 139.510842
-37.060129 114.945392
-116.055821 99.974840
-110.837026 91.295362
126.606030 184.320235
-94.116286 166.403681
-102.119125 157.515360
-91.136190 153.887416
-78.699047 129.928718
-56.565674 94.418554
-135.781262 85.366032
-98.067381 76.377888
-98.673034 43.168309
122.795507 196.418159
151.829219 154.341808
-90.367473 97.099842
-103.589975 85.152177
93.649380 205.504738
-44.880110 175.034512
-132.072122 145.197889
-115.375323 127.253100
-49.124567 114.989073
-127.719354 100.210876
110.157498 106.285130
-61.436965 85.110361
-102.119125 76.495029
-173.117256 22.457440
139.428597 211.451727
135.190085 193.334133
-35.813109 139.362558
-135.999233 136.250338
-110.653643 133.475681
-107.493143 109.188813
-24.462344 106.026828
109.781274 106.008751
-68.992427 88.412431
-131.393483 64.461179
122.646625 223.399907
54.645619 214.160545
122.648761 169.349671
-24.465245 145.180490
-102.621826 136.339169
-81.224993 124.507077
-110.726469 124.433048
-135.797342 76.304815
-61.294059 109.080034
92.178672 223.056107
151.851837 223.374330
-44.200158 160.354705
106.082437 151.444311
108.944480 144.997823
-106.833321 121.269480
-110.454550 109.503312
-66.055055 118.031923
-56.373471 100.406095
-72.889568 76.495029
118.825207 199.525902
126.036444 196.119151
104.720968 174.856908
139.482257 169.469124
-53.695337 168.916093
-39.726930 154.435003
-56.218718 142.511595
-102.318437 94.447136
-139.906864 88.356584
-164.701957 91.455773
-102.273789 91.462974
-85.827954 31.270655
-98.080041 1.434473
-94.122792 -1.717570
138.989617 202.315449
109.148383 199.146785
135.104849 193.370723
-103.419281 160.015931
-23.536806 151.268284
-116.079846 102.997341
-53.457597 106.038970
-145.180365 87.960217
-139.739040 88.377331
-70.392784 87.951536
-156.463132 70.371358
-91.221205 112.095800
-94.566079 109.210274
-110.454550 106.502559
-81.362293 115.439043
43.023980 112.158196
34.957600 118.223744
-152.611248 -4.783314
-52.800470 115.259157
-64.709033 118.442974
-65.585585 121.041615
-61.858888 127.131309
-69.066069 121.257999
-64.739763 118.378491
-69.036564 76.326432
-2.450415 97.312323
-140.118016 31.246710
-119.141859 -1.746042
-127.370923 -4.652636
-64.711418 118.428058
-89.688120 4.454342
42.789205 111.981766
-62.164197 106.108313
-62.039649 105.971331
-102.462475 40.323989
-98.229258 7.315093
-52.256338 145.453014
-77.227920 139.478753
-70.070242 136.152020
-87.007620 132.924468
-110.616936 121.420732
22.780917 121.379666
-110.636590 106.456391
126.343001 184.230699
-114.927766 160.333914
-91.148261 145.007885
-35.585462 133.377157
-70.258996 130.017712
-89.942954 109.313085
-120.218506 108.997848
-69.165889 85.332656
117.230375 232.098619
156.107400 193.403714
109.084451 190.195223
-60.847498 172.313843
-111.959903 156.952231
-102.310140 145.486852
-94.370822 151.204566
-28.644759 129.949265
39.196362 130.304745
134.938630 121.197317
-91.132561 13.017810
47.565136 109.330526
79.588834 196.092291
129.680328 163.031280
-89.679070 67.391799
-44.479228 82.271169
-27.457840 76.297939
-27.473797 76.373663
-37.001337 75.920373
126.747493 208.354378
76.834391 199.353736
114.317889 196.334809
143.831482 172.519125
97.931075 157.515360
-89.705391 154.448491
-106.231268 136.510089
-11.746980 129.995781
-102.729938 124.253042
-124.388324 111.897671
-61.069175 82.293717
-123.067590 79.375077
97.791475 214.454247
-48.167759 154.328290
-85.701675 148.375719
39.017518 124.292634
-106.829374 124.206794
-143.933363 91.458719
-98.022831 91.438645
-141.244450 82.056822
135.335540 223.452265
122.806145 214.456949
-94.033781 169.385470
80.842261 166.274130
-35.579668 151.475372
-69.081306 148.354565
43.406389 148.329239
-110.819410 109.322028
34.688616 118.239694
-139.853615 88.244924
-136.957468 87.909942
-110.645312 85.371585
-170.208476 72.955373
-90.128545 70.255107
-93.783700 25.482228
135.283134 214.472118
-64.971003 169.251653
-31.557769 151.349440
4.788397 139.003984
27.135532 130.508583
-112.056085 118.101733
134.012490 117.995237
-110.995614 112.269228
-23.003470 109.467424
-68.777425 97.500300
-118.966268 73.400894
-110.454550 25.482228
-97.895843 25.482228
-31.328218 133.460371
-35.814769 127.395247
-48.025685 133.417181
-53.723778 102.941655
-98.181174 151.365444
-98.548007 10.132332
-107.816372 15.985887
-56.218718 172.519125
147.734713 187.459171
109.220125 181.152208
-85.448275 73.494276
-82.888981 57.985862
-85.448275 115.504818
89.450325 166.409575
-90.079295 151.317108
-31.961564 136.175124
-106.231268 115.504818
135.275423 121.373540
134.102677 117.913109
-35.700017 106.354215
-141.220268 99.961754
-128.629930 97.060730
47.313579 109.369956
43.028425 112.087257
42.277892 112.062873
110.489782 106.502559
-49.371912 105.964173
-156.408352 73.414485
-73.195020 79.413704
76.858814 166.369261
-27.263227 163.488732
18.611756 127.479297
-81.395733 121.419700
-35.867318 109.391143
-27.314321 103.441432
-122.902118 70.493523
-102.518963 67.391192
-78.406156 40.081806
-94.085731 31.265282
-98.209389 163.382221
-39.849393 139.285370
-85.752011 133.371911
133.851091 129.931021
-94.169776 16.360627
-135.870976 16.370241
-124.553036 19.024498
-44.114331 97.272417
-43.990793 94.459809
101.847550 217.465187
-52.305484 163.464505
-89.941521 130.301687
31.074078 127.475909
-10.791171 118.233340
-64.685120 121.454271
-107.199985 94.124337
-45.027003 91.091865
-90.316341 88.120836
135.099216 220.454577
126.280666 220.187532
68.401418 208.411181
-36.202062 148.097534
-20.006333 145.161343
105.676134 145.278261
-53.884538 124.072506
-111.739510 115.039047
-124.365898 114.964746
-102.430349 70.395683
-98.525418 34.304361
-152.283300 -13.562248
-69.146210 73.374008
131.112275 220.522939
-94.491705 172.173554
96.325128 147.961414
63.982142 148.294516
72.723191 148.454242
-36.815655 133.066604
-139.887622 97.289987
-152.339683 82.421869
-72.889568 70.493523
-77.509737 76.273654
-69.784910 73.038781
-44.101866 76.339573
-61.704708 79.024680
81.094722 196.444629
-56.560515 157.402685
104.550544 145.044248
-114.762131 106.421082
34.691050 118.130962
-106.386046 79.436340
-94.181489 37.318920
-141.190157 28.139188
143.400414 205.478166
129.637977 178.075065
-102.313832 124.401290
-86.312430 115.189503
42.991855 112.251003
46.680203 109.056097
-152.450013 91.278421
-119.140757 91.387611
-135.786887 73.420086
-152.270038 61.397360
42.468509 112.057403
42.661082 112.012917
-114.984504 31.231509
35.152565 136.317005
31.048685 133.461356
27.135532 130.508583
-60.859397 79.411722
-56.440271 85.455646
-102.414740 37.317560
-118.983987 40.448825
-119.106867 106.380693
-110.695245 106.337052
-136.584041 42.930202
-132.361611 40.014244
110.122339 205.360386
101.982272 196.428552
129.536891 181.042437
-73.667291 166.130540
-89.913778 145.382365
-78.643957 141.967857
-19.338586 127.286092
43.591017 145.437856
-93.783700 127.507830
-139.696809 124.455967
5.862938 124.275929
-110.823923 121.326191
-173.269033 22.319825
-173.253594 22.331066
-73.101223 73.453639
43.806382 112.504065
-81.429442 85.365498
-98.215350 28.291179
-99.306335 70.107077
64.213261 205.358220
-57.538337 172.059042
-31.747019 166.384486
-110.454550 154.514607
22.332325 124.315845
-53.835789 103.019141
-156.369166 82.382683
-156.456522 73.471514
-65.083130 130.193131
-52.106575 130.508583
121.282380 187.059611
-94.106112 160.422581
-73.294124 163.284515
-48.406430 160.208130
-119.144359 142.396663
34.773981 124.143561
-123.280037 106.343518
-57.825840 96.972180
-156.590938 79.282839
-137.062686 -14.048435
-135.867514 -10.698731
129.654076 208.016709
101.966739 190.405370
-73.099622 148.436966
-89.915632 139.300698
39.583100 130.508583
108.755913 145.063292
-114.679078 118.424043
-40.374132 103.207622
-82.780703 97.097063
-74.452377 84.882493
-74.360763 76.091005
-85.448275 34.484487
126.980504 217.549038
130.730489 214.431472
142.313848 208.117464
147.791460 184.456070
-48.530807 88.333016
-93.783700 91.498794
-144.565920 85.162184
-93.906430 43.427928
-24.444048 114.953997
-22.877018 112.504065
-27.246202 118.404325
85.483507 196.525149
105.921779 190.342303
-40.037207 154.235148
-107.938343 136.126291
-39.727541 145.425734
14.218401 130.263493
-123.415141 121.206868
-45.563007 115.094911
-60.754952 94.400105
-102.287561 31.368051
-123.277496 34.329298
117.223316 229.101305
143.288363 208.281971
76.755879 199.266605
114.026043 184.334001
93.405101 181.348844
-94.330849 166.257353
76.755403 163.374772
96.315692 159.967766
60.188480 151.330452
-48.051535 136.429677
-98.083121 136.420668
135.303909 121.414555
-111.447789 112.041252
-57.710661 93.866610
-131.633721 97.354286
-119.198857 88.341638
-169.164405 70.398913
-94.157118 70.372686
-86.311980 40.165144
-174.518438 66.973837
-165.539269 73.074048
147.772711 202.469240
133.927818 165.904182
-66.102771 166.004830
60.477232 154.514607
-93.783700 130.508583
-81.603795 130.423295
13.287121 130.072228
-98.049756 127.450760
110.162696 145.298570
2.129257 124.507077
-78.593916 117.907483
-98.033736 118.480953
-53.333804 118.017092
43.551973 112.324964
-131.709478 79.329961
-103.647114 72.999792
-102.300398 70.436745
154.882919 193.029523
146.795352 187.255322
89.595650 202.526655
127.160632 190.523643
-31.212443 148.513101
-19.112229 142.336912
-48.527929 142.110868
56.042811 145.395231
110.300711 145.462749
-123.420291 136.310873
30.831803 124.415612
-60.442000 103.501806
-78.631564 96.885782
-152.281010 70.427378
-158.019389 58.076819
-140.279298 55.153705
-77.112850 52.489005
1.796162 118.416157
10.272849 118.445190
121.530219 196.183308
-78.728213 168.983520
72.591451 151.396031
-70.515114 142.027055
-114.566693 133.509336
-36.749033 135.998938
135.293535 118.375609
-143.933491 109.457942
43.610254 112.451372
43.629619 112.397300
-95.317661 57.927562
-147.908393 58.490511
-85.448275 37.485240
42.399175 112.066017
42.196031 112.038922
47.096671 109.158351
118.789975 223.580271
101.385096 199.252238
-62.056813 142.147685
-60.705464 142.324942
43.414800 133.353516
1.981350 124.439903
-81.405195 112.430423
-152.131675 91.498794
-102.506062 76.305256
-99.242282 63.930726
-81.559278 25.306122
-85.657584 19.396232
-60.739799 130.317468
-60.609877 124.431837
88.117680 208.052465
-89.884541 148.347688
1.784703 145.416578
-32.863035 121.079136
-78.343327 117.868539
-86.166147 67.199620
-52.495340 70.328419
-132.781929 61.026106
-78.761591 30.912111
97.931075 178.520631
102.033333 178.447208
-64.761384 151.485417
52.003027 142.395476
-28.014609 130.191496
134.290567 124.219516
-98.465907 103.331650
-73.616462 73.115925
131.139582 211.478564
131.293113 211.577259
-41.175548 163.045820
-112.066014 144.974756
-52.430955 142.331864
-27.471008 139.310512
25.837289 124.013723
-152.131675 109.503312
-127.309068 112.401154
-61.049638 112.261145
-152.131675 85.497288
-106.588694 103.292842
-107.778461 102.829969
-107.844140 96.984402
-123.073685 22.403144
-89.960649 112.351033
-107.772130 7.083805
-110.584915 97.438560
-106.387499 -13.649090
-52.486653 61.338331
-114.730172 85.370043
105.948546 178.381412
-136.322078 82.298208
-143.933051 82.473250
47.371490 109.262730
18.800107 121.506324
-93.946885 82.369031
-89.762194 109.369848
-114.779197 91.436828
-114.905448 94.270559
-57.046405 127.177791
-56.424623 127.377385
-119.377704 142.244927
-119.124289 142.372173
-124.551683 144.962891
139.608200 190.523643
-73.246626 130.365675
42.665605 112.180441
-81.573842 40.253665
-81.926088 37.207032
-157.364582 49.051162
-31.212443 133.509336
-85.448275 79.495782
22.177061 130.090133
18.452075 130.362083
-149.537729 94.035574
-87.085593 154.008309
-86.859052 156.852365
-115.950198 109.147613
-110.951566 109.374389
-89.866853 22.402528
-95.543578 25.049449
110.090555 220.390980
-98.646619 166.196227
-66.182123 145.123900
-35.844126 139.311921
47.486352 142.284186
84.016320 147.821455
-77.383629 118.267730
-141.202345 90.979808
-169.177842 79.368809
-57.842061 72.979020
-85.448275 58.490511
-78.607296 37.044430
-52.106575 97.500300
-31.212443 94.499547
-44.130092 91.352814
85.109100 187.277135
-73.140105 28.295220
-73.206459 28.362699
-85.448275 25.482228
118.626451 226.508210
147.808499 187.461034
97.582096 169.393582
-89.824857 166.446628
-52.373322 157.310785
-7.500458 153.927870
39.583100 130.508583
109.598928 145.245592
-68.982388 130.449599
-52.106575 133.509336
-56.218718 121.506324
-110.807363 100.351472
-136.016723 97.293393
-93.971372 82.469534
-70.334324 88.030821
-48.682575 70.182713
72.526154 193.294339
133.941343 165.992774
-2.497891 148.365768
135.066989 127.322254
-81.544634 112.360200
-94.000042 76.375963
-152.697923 58.225755
-85.738005 55.300192
34.380634 118.055141
35.339114 118.454694
76.755354 205.470376
75.343879 199.109028
89.255292 199.391841
85.313617 187.450348
129.665528 177.986642
-36.878695 139.133701
18.038689 130.052825
-103.709454 105.998259
-123.663458 100.278863
-103.219387 100.033810
-60.741815 91.384099
-127.125400 82.496535
-98.252034 79.370340
-74.618970 70.061126
-140.123083 61.242636
-90.395249 25.089170
-82.067460 127.091308
-85.877682 130.361680
-81.425552 133.475894
135.305972 211.496274
126.104723 211.185031
135.246502 211.449917
-86.330475 37.200308
-85.448275 40.485993
-128.785373 31.001825
-123.042148 34.419621
118.646967 226.539378
114.601925 202.526655
96.369740 202.009464
-18.971572 163.450589
139.048187 160.247271
-56.218718 154.514607
143.831482 154.514607
1.951757 139.385600
-62.065353 121.128345
17.234437 126.955367
133.859350 118.066010
-131.451458 112.395985
-64.894740 88.339648
-157.794776 79.092253
-60.764906 64.352379
-69.138564 64.285090
-70.479634 64.070260
101.973763 208.518394
-81.353926 172.409774
-81.445948 160.470705
34.145566 138.964336
-36.990938 132.919027
134.923350 115.226425
-140.757315 109.100029
-114.724346 97.410333
-66.146844 96.964726
-118.789975 88.498041
-85.652878 94.397537
-85.942400 97.352208
89.431207 205.450060
77.112850 205.575753
-173.274870 67.378438
-173.031344 67.467489
-168.995656 70.398479
-39.670639 154.410492
-44.205331 160.308204
-35.768301 160.355989
-39.736326 160.471445
88.022891 184.112675
106.157087 229.482529
105.946186 226.478185
10.288531 121.421301
14.576825 121.506324
-123.036070 142.455932
-106.662227 145.382067
-53.760451 144.982498
46.679885 109.145327
43.447082 112.304274
-132.535381 76.132805
-123.214185 73.306938
35.188185 118.349025
-107.917576 70.098385
114.473803 175.484900
105.895767 175.253138
113.508317 178.021782
-140.309395 31.176272
101.329315 205.163172
110.344964 202.463960
-118.789975 13.479216
129.713891 213.941230
146.356820 211.020468
-99.255320 105.965983
105.714250 145.153987
-48.647429 163.228423
131.272775 154.514607
-61.291231 118.248432
-131.407937 109.403922
-49.224512 169.076542
34.967961 121.239733
-94.104399 55.257433
-44.087292 88.379516
-31.520229 157.250377
-90.469418 112.252834
131.109819 199.441563
10.464682 124.507077
-70.160503 58.069316
-89.938441 34.310943
-114.763881 22.436981
139.608200 163.516866
-60.799480 172.295630
-66.216264 67.040088
-152.718507 136.178572
43.412182 112.319805
-110.755754 7.382542
-115.911160 4.015625
-139.931955 28.272549
-124.288671 55.039452
-127.125400 49.488252
-131.420397 37.352019
-52.106575 109.503312
46.860749 108.945406
43.162465 112.310890
85.320497 148.455191
84.658323 148.226380
-20.379513 118.018514
-28.337245 115.041611
-107.712432 73.016704
121.410569 220.073934
-81.224993 73.494276
-77.761017 73.272510
-82.540870 73.055076
-57.805455 142.003210
-60.645672 142.436887
126.607775 163.232111
46.771162 109.073088
46.645497 109.009806
80.842282 169.417976
76.745948 169.312456
77.027288 169.464313
-118.974707 112.463373
-123.215007 106.386007
-77.392355 67.313875
-127.125400 16.479969
112.918134 196.042269
122.937350 193.524396
101.960653 196.490709
106.017678 196.332104
114.601925 202.526655
135.171467 115.374072
135.325892 115.422237
134.453988 115.045710
122.707553 223.415505
127.125400 217.578765
-52.106575 124.507077
-62.060351 114.948333
-52.244428 142.416438
-56.627761 139.404061
-111.113596 91.065386
-103.356368 87.985161
-106.574333 91.368039
121.481959 180.858035
122.732162 181.471897
-103.632382 1.019460
-107.054832 4.166739
101.479237 196.293089
110.311882 202.479764
-107.465888 73.028540
-114.698627 76.397436
131.050226 178.437396
143.293181 178.318911
126.563478 175.284663
-73.011280 112.448298
-78.582579 117.898031
-70.449293 142.123460
-60.759674 142.255303
-64.896531 142.366498
-119.010975 16.364345
-132.581593 22.018755
-106.231268 34.484487
-98.210296 37.311053
-103.084037 4.029868
-98.251964 4.372007
88.390799 148.070431
-6.370510 109.374437
-2.387562 112.277241
-10.571215 118.451221
-106.359073 145.380593
-114.785618 145.390859
-141.182558 73.127248
35.470957 118.505571
34.415407 118.131112
-65.886270 145.019767
-65.224992 148.286086
-89.774919 88.383104
-64.691758 67.418649
-106.231268 64.492017
-160.601640 49.385923
-156.546603 52.311302
-110.454550 70.493523
-77.429478 28.394560
-82.934669 112.077492
-39.823224 112.296337
-64.718209 46.394883
-69.565194 112.172586
-181.569676 88.340593
-98.069265 154.457109
42.271897 112.006169
-77.446352 91.332675
63.052058 148.046827
146.582796 187.060824
-78.365150 48.957055
-102.653029 1.303596
-136.207415 106.266129
117.142415 193.060825
-49.469931 84.880354
-66.147384 141.987040
93.634625 175.409744
42.795385 111.998330
-119.889072 103.115671
-52.237818 160.471282
93.818932 181.521384
-70.363646 115.087920
42.143996 142.034953
-60.791011 121.285965
134.316703 114.849554
-73.311639 112.283633
-98.070400 73.402676
-77.326786 79.437315
-70.361999 136.055326
-31.332708 157.458256
-123.170965 127.287916
134.653997 118.260080
-115.829006 46.073610
-157.011767 52.083215
-157.651529 48.996497
-61.314520 127.142067
-74.004562 112.057429
-77.112850 115.504818
-81.224993 115.504818
155.792915 193.204344
147.815895 190.468398
-115.997680 69.995153
-106.364066 70.454067
-123.284119 19.283275
-123.244832 28.268034
-123.438587 25.260526
26.577846 121.291263
22.345862 121.324513
-89.941361 97.359618
-89.755901 94.455849
-102.427752 160.315971
-102.265750 160.413917
-107.054083 163.188299
-60.776976 130.368819
-65.418400 133.171161
-60.639376 130.421416
-156.568709 67.342637
-157.712421 70.054602
-157.726983 70.035183
-49.317575 145.031299
-49.535372 147.948517
75.713821 163.116527
68.530654 163.393372
-90.796671 88.096026
-81.581995 88.343745
-89.715969 85.442948
-106.445346 16.362912
-107.546667 15.937135
96.870444 157.257128
-131.538319 76.376886
-139.942665 76.316443
117.257148 202.088801
118.052701 202.305918
-85.859972 115.253166
118.825207 202.526655
-62.068993 187.048829
-35.570978 187.400233
-11.365291 169.058423
-39.690028 154.481154
-6.206168 154.514607
43.494262 151.399036
-48.039011 145.409632
-73.229521 136.309180
134.819052 133.070634
-144.110058 100.319339
-143.796250 82.496535
-119.009783 79.382200
-82.828917 60.992235
-73.433423 49.237119
-66.139466 72.906187
-66.049089 76.228652
-61.507030 76.036084
135.460825 232.582530
93.783700 205.575753
-36.147835 178.160459
-87.174352 175.046093
-49.518667 174.978457
-49.089373 172.050932
-115.880771 160.049557
-128.214582 156.974062
0.588689 150.997142
-98.263581 139.329755
-64.678050 133.443880
135.496057 121.506324
-132.417497 97.054958
-161.251352 88.179582
-99.524290 27.997891
-102.742102 25.233367
-99.180446 22.192738
-98.788395 31.147361
42.239460 132.926887
43.322163 133.273319
39.284971 133.346033
42.671389 115.026861
42.436852 111.963943
43.242205 112.216739
147.182526 187.255699
156.128159 190.454648
-160.599450 19.439750
138.804270 154.155126
142.194147 229.033165
96.676002 226.132386
76.684418 214.352949
-3.132429 160.014405
-137.028193 147.994540
-82.274016 145.091034
21.611636 145.030870
-86.059546 136.227430
-73.535601 127.301995
-132.768580 123.958796
43.002317 124.152382
-19.799369 121.181992
-60.442000 112.504065
109.552312 106.060926
-70.089368 88.089928
-140.126620 85.239411
-95.032014 85.027626
-70.468653 85.095587
-82.021795 61.148670
-78.155312 58.107146
-86.041874 58.283926
-35.777529 184.355454
-36.536306 187.159074
-35.804724 187.353053
139.094653 235.331688
59.109049 216.994857
146.600877 175.083569
-61.251512 172.141128
139.399135 166.478795
-52.767593 157.178586
-118.789975 151.513854
-31.656440 148.187187
-77.886142 133.175613
35.282536 124.442304
-127.125400 115.504818
-40.278046 109.142639
-65.178557 97.141869
-149.315767 93.960359
-115.961264 94.059417
-49.271786 88.024581
-85.849393 97.309061
-81.580869 94.261302
-118.789975 34.484487
-119.291667 34.177151
-119.569609 34.199143
46.293438 108.908410
43.443825 112.358555
47.718280 109.434103
43.806382 112.504065
46.238950 108.999946
42.242341 111.953128
46.415194 109.051364
134.191270 235.031027
-35.955352 181.366531
-111.086094 169.318123
-73.499355 157.257363
-53.552399 156.920540
75.697560 157.159446
-81.997882 115.142685
-49.567538 87.997891
-140.269788 82.124641
-123.427185 55.328759
-119.128985 55.302016
-123.177123 55.293968
-120.529018 52.027429
14.191413 124.353016
13.778000 121.086293
42.297767 111.969092
43.264821 112.352598
43.806382 112.504065
-132.248156 46.007848
110.489782 106.502559
109.124956 106.096315
151.146547 187.027580
150.796357 187.021150
-95.335911 81.993878
-107.336485 4.122831
-114.873644 130.333831
-65.925257 126.968762
93.818932 160.516113
97.575849 160.358775
-77.463458 148.405524
92.186849 195.990257
-57.599940 78.883278
5.122927 139.075227
-144.436744 82.241824
-70.455211 180.987407
-91.227928 84.977891
-40.218774 151.246861
43.267550 112.218494
-77.292007 115.473573
-135.616789 106.446917
-131.237543 109.503312
-52.943442 160.089105
-52.447567 157.326904
-57.854068 156.984547
-111.308384 73.086487
-93.927360 118.478987
-119.108936 100.411416
-65.102975 136.298072
-68.777425 109.503312
-78.363648 43.049394
-106.737362 106.235122
-127.858637 103.221024
80.225741 205.153875
-144.132490 136.278729
-85.891546 70.309611
-44.321781 145.176359
43.527242 112.391577
-36.202825 166.197461
-39.547868 184.522137
-60.442000 79.495782
-3.453494 136.081454
-94.519762 28.004579
-68.889299 115.407870
-127.125400 61.491264
-61.492928 127.040394
47.229614 109.279580
-64.773066 106.442015
-98.047552 16.404604
-111.176941 97.267858
-111.702525 103.509039
-103.610315 40.032905
-107.799964 33.994941
-89.638731 54.394333
-127.611568 43.181710
-86.009998 55.262903
-96.715991 103.074771
-128.073852 100.306021
-132.188755 99.852430
-39.880047 138.528409
-35.835116 140.430793
-81.594664 79.379363
-77.532612 79.291921
-81.830685 119.541055
-81.224993 121.506324
-82.680075 121.262105
