date:2016-06-03, time:0800, wind_speed:2.81, wind_dir:176.0, temp:12.9
1.588367713364621636e+02 -2.715768545152594925e+03
8.513978689730631686e+02 1.514225127151056085e+03
7.559445298784423812e+02 1.331863251338608279e+03
8.769767557775866180e+02 1.302847571446220627e+03
9.326371567736485986e+02 1.393357778851066314e+03
7.129643905863022155e+02 1.185264895488463708e+03
1.116494639381007573e+03 1.245709933711224721e+03
6.943884740550125798e+02 1.213601734774082615e+03
7.627910209990343446e+02 1.365148321937557284e+03
1.039673903686371659e+03 1.276227156330734260e+03
8.406500028275527256e+02 1.182739191907919576e+03
5.255994800477085391e+02 1.156373461954844970e+03
6.630013706878847870e+02 1.243472398806818319e+03
8.057753892363916748e+02 1.215526715326536532e+03
8.404594904500156645e+02 1.180938044071406239e+03
7.601727790263495308e+02 1.188411258087994156e+03
8.301612332001853929e+02 1.214556131295057867e+03
5.887848470364313016e+02 1.151580255819919785e+03
7.946357204353862471e+02 1.514745479076859510e+03
8.596418892492382611e+02 1.514186677339522475e+03
9.297327801438080996e+02 1.184166877309633719e+03
1.033358571433646830e+03 1.427412692214250228e+03
6.966805263291106485e+02 1.515702635994294496e+03
8.238109940615679534e+02 1.545731039044135969e+03
1.003270330961994546e+03 1.481759456348016784e+03
1.021543565314599164e+03 1.275078297674829400e+03
7.578384945905173709e+02 1.185003595051094862e+03
5.929936399183275171e+02 1.212134335848210867e+03
8.635468942710272131e+02 1.604583744019253118e+03
8.548350653138031703e+02 1.635168657674621954e+03
7.976267950113236793e+02 2.263490214043927608e+03
6.753158628872853342e+02 2.055693840876006561e+03
8.393021771658864054e+02 2.144273521962319137e+03
7.148398781375226463e+02 2.203581636140002502e+03
3.547095653145739789e+02 1.185055707674683845e+03
9.930245843253447902e+02 2.236259397418320532e+03
7.984595279868510715e+02 2.145400204751932961e+03
1.066979500030949339e+03 2.205973357875967849e+03
9.129209834555547332e+02 1.363377898158830931e+03
7.145269889917176442e+02 2.264160115298058827e+03
8.900446039642338292e+02 2.382591576607709612e+03
9.913601328923086839e+02 2.266737121572343767e+03
1.120705740574421498e+03 2.358478116688902446e+03
5.532945020663925106e+02 1.213432171315024561e+03
5.945260782334005398e+02 1.243291433834602003e+03
1.081275165162568101e+03 2.207997910639954171e+03
6.299495315361128860e+02 1.606762933928465600e+03
8.475749231266875086e+02 1.543246440013420170e+03
6.563856389093821235e+02 1.575365595127469533e+03
1.081205802161680822e+03 1.996614165532131210e+03
9.548235415486310558e+02 2.176724664497185586e+03
1.141047599367110706e+03 2.144770314723278261e+03
9.236281611729025371e+02 2.233985951414668762e+03
8.430599258319249429e+02 2.236414052990175151e+03
8.787146756665698604e+02 2.115186761838980601e+03
1.048244245341956230e+03 2.089518790370092574e+03
9.856092706965843036e+02 2.176332415305111226e+03
9.135068241452851225e+02 2.173875321611439176e+03
6.989298282942182823e+02 2.173415743684632616e+03
9.897000920063610465e+02 2.264715225501925033e+03
8.372628670991206263e+02 2.203756524515670662e+03
8.668531746781610536e+02 1.155315225472538714e+03
7.760120528241673128e+02 2.262025370997417212e+03
6.404443640581155250e+02 1.544337597387639562e+03
1.115043615514666726e+03 2.087388748719745308e+03
1.009203811985789798e+03 2.141002942718478607e+03
1.081723321461230626e+03 2.117877461878093527e+03
9.039585004858795401e+02 2.115549195150829746e+03
1.055776074935520228e+03 2.116120207909478268e+03
1.009521934493115054e+03 2.084951745230809138e+03
9.656804375579779389e+02 2.144596949730078450e+03
7.939688059787051770e+02 1.578489697608673168e+03
8.082485044263885356e+02 1.572707785089962499e+03
1.041824203840996461e+03 2.024669788639508624e+03
1.130748442104324795e+03 2.057265914781511583e+03
7.820211361302428941e+02 1.544632142605943500e+03
8.241688617738377616e+02 1.570825629400351090e+03
1.046834973295716736e+03 2.056943791901607256e+03
1.039397463098939625e+03 2.057327822252704209e+03
1.000288060539802473e+03 2.326425123650662954e+03
2.954190269178359927e+02 1.964990683757800753e+03
5.893751803678527494e+02 1.212700640977569037e+03
5.622868634044701821e+02 1.214763869789823730e+03
