date:2016-08-12, time:1500, wind_speed:3.94, wind_dir:300.0, temp:32.0
80.908761 103.084856
-102.123361 -48.430853
-110.227556 -255.203306
10.308194 98.471364
1.991466 119.081424
-2.338482 -142.280500
-164.684227 46.386686
-89.287283 -3.191932
-139.768547 43.440730
-64.269775 5.740461
-110.760267 -16.493913
-126.824695 38.981444
-102.166607 92.316274
27.494398 -71.210623
-6.471131 67.406385
-81.138571 -15.572919
-81.269819 5.326392
-168.547735 19.131216
-118.964130 -9.900257
68.812657 103.501806
-27.144541 104.242232
-85.713718 113.125054
-80.913833 101.603838
-114.696368 13.480550
-102.394269 7.659645
68.983138 101.690911
-135.816611 71.058304
-73.173660 52.615737
35.488394 125.290258
-123.143096 85.817407
-68.442143 66.007790
-55.607751 57.291623
-139.557448 29.374613
-176.834069 23.939234
-152.458006 28.305758
-85.102336 -2.929137
-81.013021 125.150521
-118.388231 68.158618
-89.388395 50.342615
-97.876751 65.315383
-94.046712 61.679101
-81.615180 145.361250
-68.815730 47.135858
-76.755504 -35.881669
-114.803633 106.731219
-123.259147 127.489970
-93.789333 146.031872
-156.111991 83.737536
-98.071067 74.227207
51.745834 154.850504
-177.137950 79.495782
-106.557645 19.400126
30.920503 154.638914
89.935460 104.935193
-122.868609 92.283627
-127.129425 74.183448
-89.793546 22.550940
-115.526209 -23.610777
-176.949093 77.825006
-56.578592 133.822463
-98.731848 6.723158
-85.577268 17.131940
68.812657 103.501806
76.789651 -238.863825
-123.010024 7.776960
-80.902748 99.050083
64.719455 104.730598
-1.634380 150.197837
-147.581314 15.192311
-35.987586 112.315075
-114.637548 89.106581
-122.521868 50.989678
-72.989266 43.413654
-114.176814 3.367626
-176.872917 78.106484
-114.575022 53.149672
-114.290697 56.774612
-55.956342 146.799313
-114.898918 112.118325
-139.387021 74.534958
-102.332887 47.000197
-89.808435 10.525937
-139.040434 98.874695
-31.015195 123.825633
-30.893403 149.786601
-27.060286 134.182779
-81.561238 139.241745
-152.077465 92.550549
-164.568028 71.763066
-143.815550 2.773491
-168.375248 18.283515
-94.405982 69.997035
-98.337466 79.478982
-73.043767 88.922120
-172.377796 21.060990
14.416845 -108.803520
64.677608 137.612452
-10.275392 143.440721
68.859604 101.658097
-139.171633 123.261816
56.511404 104.987535
-169.056760 52.461533
-147.569687 48.167993
-105.895585 -38.460822
-82.134496 -8.817871
-97.582356 95.846442
-97.799825 95.798384
-118.675749 125.636709
48.195374 129.088119
-72.706203 119.537517
-27.724258 103.184447
-176.740037 60.180487
-72.884057 -3.706266
-106.616782 -25.810739
-6.286462 -286.724338
47.528594 169.604118
-98.485925 158.169721
-85.185125 125.895147
-102.472297 107.351259
-68.532839 95.880729
73.251043 102.849372
-177.422770 43.422275
48.172357 -210.735240
-93.887496 136.994259
-31.493730 130.165968
-73.497202 91.049363
-39.376869 65.455192
-147.893907 62.080106
-160.454922 50.161984
-106.564445 145.176410
-23.341232 127.287341
-68.431181 48.033177
-64.349590 -162.872582
-47.499683 -278.845485
-73.244362 67.598639
-156.181012 86.798761
-122.666845 53.218212
-114.498357 22.763089
-105.906954 6.022703
-14.324099 -287.260355
-43.248666 -281.785633
-39.336700 -282.438378
-2.407868 133.504923
44.089262 134.887705
-176.962290 79.116246
-85.411932 -111.891463
19.240215 -215.789764
-135.701030 77.067092
-139.692581 73.861242
85.008476 172.112710
-106.075086 149.968067
51.810160 115.555100
77.432481 113.694084
-114.340766 65.935452
-114.351685 47.428623
-73.374562 13.055311
-122.784800 -18.226323
-89.801301 134.208075
73.381570 128.934595
-114.639967 55.950211
52.560449 -257.747346
43.806382 -286.596084
-123.070870 89.002296
-172.467416 75.203899
-123.340008 19.185316
-64.980841 -196.428001
-160.563952 76.592929
-139.618064 43.588864
-72.606276 50.899021
-85.784488 1.650573
-89.792057 10.940864
-148.259828 97.432063
-48.050302 -253.691390
-102.455712 124.581579
89.045230 127.128156
-69.212490 40.921624
18.800107 -289.596837
56.673424 105.309214
69.116983 102.152696
-114.307648 59.921051
-131.493411 58.524756
47.717823 145.981868
-126.787977 66.294860
-64.803827 -264.648500
-55.871892 -275.744056
-93.529395 71.923584
-143.660497 47.285671
-172.888668 41.075993
-5.753476 45.616598
-64.254868 39.235864
10.151910 130.996617
-131.582056 70.603404
-148.692099 61.004115
-94.238402 43.275494
-81.703847 -235.746152
-93.258646 96.297292
68.799028 158.243234
-72.853738 70.521729
-135.698978 16.547186
-102.496083 97.467429
-147.841410 19.875948
-147.895170 68.265534
80.763714 187.376622
-155.871790 81.214033
-72.567619 -87.298221
51.125872 -245.633661
-64.136784 27.054994
18.217451 -211.969296
35.889938 -213.035876
-81.607709 -91.422528
-2.361550 -277.376313
-39.277863 122.135792
81.507947 101.938260
-139.940681 79.756920
-26.778376 137.922861
-110.169213 51.204824
-93.550350 56.797960
-18.725348 107.369163
-14.821427 107.177187
-81.778955 100.322312
-89.542679 104.316506
-106.066711 -27.800665
-73.149171 155.207755
-76.975363 149.848140
-89.919813 49.605189
-39.925724 124.616528
-31.632577 127.355560
-30.909388 125.937064
64.328154 178.724634
-93.647247 158.255252
5.940141 112.743745
-60.606385 55.776998
-39.604285 140.316051
-181.250093 82.496535
-106.193415 29.652505
-73.272125 -166.254695
-164.520829 5.387991
-105.941294 51.007500
-114.088396 -11.866117
93.711583 190.990031
-102.249962 149.144458
10.268478 148.743983
-81.464536 85.751694
-80.996882 5.106988
-64.244690 -18.081974
69.090957 -228.329620
-160.122892 3.030237
-115.078469 91.310200
-106.196035 85.721605
60.840730 132.247103
-85.748036 25.732117
-77.374553 -115.423466
-85.133615 -246.047208
-43.351410 -282.161936
69.218611 138.048190
-69.280198 109.268983
-39.157274 111.228906
-86.142063 78.237178
-105.998283 71.412280
-122.902118 -43.535091
52.358459 -198.162768
39.755192 167.365423
-130.934401 69.015461
-114.352354 47.356385
-102.553864 -22.698641
-135.028447 -33.020698
-76.732561 -257.783096
-114.403097 107.724773
-130.908356 137.887760
-127.387010 151.350595
-31.158261 125.021888
-35.426514 125.157349
-64.654006 64.767795
-102.562724 22.078662
69.132452 138.269932
-56.771392 130.235462
27.450875 147.046474
27.492430 134.879873
-52.483139 115.334721
60.562161 164.382523
72.938412 158.265347
-47.786384 118.651372
-22.570337 101.847990
-47.526902 -269.888989
-55.856382 -275.815766
-85.149446 -48.209648
55.569097 144.826870
47.616852 149.105704
52.623583 -221.843981
-147.985338 67.900448
-123.103789 13.786692
-114.191967 62.806958
-152.367643 85.602203
-93.566848 -0.125526
-60.838395 -25.580602
-130.957525 39.090514
-14.149820 -288.169766
-77.034593 95.350524
69.260668 101.940777
-139.794075 40.517849
-131.067225 38.108001
-94.069644 35.000237
-102.373202 70.665431
-64.893416 64.995757
-110.659186 58.750255
-140.076030 106.617621
-15.459322 138.277015
-65.046433 28.599721
-89.577006 -24.211882
-97.822305 71.224491
-89.791728 70.617643
106.041754 202.632169
73.231714 189.201359
-60.587279 176.388141
26.756131 169.619696
77.503829 161.590674
-6.690076 153.978305
-39.700548 128.255640
-139.394444 101.869809
-144.126574 68.169661
60.069258 -232.625126
-94.214875 97.782825
-89.063967 93.172851
-90.010389 100.324531
-89.757931 94.733772
-114.706737 149.201267
2.561962 110.968908
2.485010 111.062624
-156.069413 92.557605
-81.749254 -0.775874
-89.302496 134.692213
-81.558430 136.846817
-30.957619 125.792547
-31.760262 124.332525
-30.987534 122.214744
-159.984696 41.236005
-164.259835 41.761898
-85.900690 -4.082844
68.938716 146.388934
-147.399593 78.293386
106.245605 206.398305
39.899946 176.974439
-77.492342 163.203685
-43.504442 158.578997
-39.185729 158.493626
-73.242526 145.217003
-89.786000 142.364392
14.245503 142.216571
-39.424364 92.513237
-81.137584 65.780918
-85.318430 -0.765228
-64.378563 -12.519410
-64.270574 -212.957160
-69.258582 -260.061092
76.772081 172.527880
106.426095 143.440576
60.842157 126.018333
-89.335787 92.569670
-90.125898 73.344018
-97.605329 56.846335
-10.476544 38.159667
-81.364712 19.747788
-80.847625 -18.085135
-72.467540 -14.974957
76.534758 -233.241013
-64.145420 -236.827797
-5.964770 -279.208936
-30.905276 104.801402
-31.343685 104.430332
-31.215914 104.206257
-31.238970 104.556876
-77.226663 175.662398
47.784345 175.462463
-68.799693 163.676864
-30.995347 155.883916
93.469845 151.562964
-73.144901 136.301952
-35.542875 134.400976
-97.776986 116.803287
-31.139421 107.448752
77.484584 102.304452
-47.865051 98.343575
-85.406434 80.531841
-77.227876 -18.171893
-52.046947 -168.754897
60.790742 -246.718463
-118.902096 124.492573
-122.834644 122.438639
-119.258903 127.491087
-52.316393 115.663652
-56.043066 116.414012
-52.426217 112.198856
77.435986 200.787046
14.928618 165.042475
-35.021820 161.992679
10.702222 158.985592
93.530342 145.884744
-98.358233 97.679653
-156.557044 70.032654
-72.351795 30.182218
-61.000387 -256.775631
-68.731519 -261.697369
-97.962726 92.261766
-93.854366 98.121442
-94.322265 91.111983
-97.872907 2.106303
-98.040292 5.380036
-51.961242 164.492649
-56.169194 137.003862
-43.353620 119.795203
-43.616768 107.471890
-43.683988 98.836453
-85.253438 95.366800
-65.068035 79.066144
-97.511619 74.240681
-126.760222 65.308806
-126.881901 59.430068
-47.876870 32.211020
-47.597937 -210.974714
-43.940283 -231.761399
-35.589772 -246.647044
-80.991369 -3.250448
-81.421333 4.490778
-81.281710 -0.411736
76.718743 196.297721
110.789902 194.862272
-22.770473 131.826283
-147.967392 101.566278
-94.155998 97.268928
-139.052539 89.919331
-135.273016 80.705398
-35.976989 73.150400
-51.688078 54.037881
-126.972566 44.979273
-69.055490 -13.817321
-60.940444 -235.879169
-5.893187 -279.317000
26.682458 -280.737636
55.968075 184.200103
-48.285530 130.501673
-122.417559 99.288439
-69.073756 97.663048
-39.682523 76.440462
-93.334123 75.035779
-35.584992 76.496450
-130.887435 60.018471
-51.835334 50.971574
-119.233403 34.356184
-80.798249 15.253601
-69.045942 13.447805
48.358776 -51.015692
-52.401137 -160.618577
69.207168 -221.885581
-94.033807 38.206613
-93.733315 35.485863
-93.783700 37.485240
-84.979449 27.073409
-89.768686 26.730312
-80.907899 143.968181
-81.033145 140.187077
-139.068100 96.358360
-139.392138 96.481248
-140.139443 98.932741
-31.361261 149.080355
-30.855477 147.146277
-30.958420 149.904098
-31.373103 146.501328
-147.971752 49.310660
-147.950505 47.379453
-68.590761 107.835531
-69.183561 105.865042
-68.930236 107.376411
-73.032807 68.745264
-72.575006 71.969301
-72.714422 71.805585
-72.551791 69.354839
-131.454586 60.393194
-127.267912 59.557847
-131.583202 59.593772
-131.302360 60.040361
109.841604 197.881939
14.309493 155.605399
-85.936280 152.753184
59.953928 149.652627
97.435528 140.699424
-85.949259 134.785638
-23.195263 119.737452
-48.279829 116.846651
-156.869937 107.917018
85.018770 107.700054
-144.306400 95.734120
-85.849068 65.707775
-60.804650 47.641785
-119.279646 35.750544
-102.489834 17.843286
-31.565325 -150.422909
77.376373 -169.934065
118.380499 206.734216
47.480395 164.974027
-39.927005 128.803436
-98.308013 77.783222
-152.520394 74.540067
-98.390963 62.767069
-94.306327 38.828937
-64.956690 38.480308
-60.738543 20.685173
-73.415374 -12.212178
-48.172206 -201.304305
-60.211984 -241.924381
-52.706782 -240.211238
26.592999 -267.366164
106.073449 215.792267
-48.112557 170.779080
47.618493 170.663952
60.214932 164.769302
-2.425474 155.655535
-27.363870 146.564437
97.578992 146.915665
-81.540524 131.738250
-14.821283 125.705432
-31.601186 122.681092
-110.569288 113.856072
-77.389094 104.515019
-89.863237 101.458889
51.649264 -51.161127
-44.238037 -96.397502
-56.551248 -216.420439
72.591828 -225.348289
-69.028237 -252.353156
-93.735656 134.664505
-64.598798 119.778324
-160.692690 80.499137
-139.588605 80.828234
-26.971965 65.711151
-77.162199 62.613975
-73.006127 56.606156
-77.154672 38.693619
-64.673770 17.581505
-64.576384 -0.376097
-118.865231 -15.307902
-56.252453 -156.383192
27.039426 -270.363648
-77.885225 39.439696
-77.536411 35.858054
-73.530594 36.564526
-77.136027 38.604221
89.534575 158.507158
-47.882540 107.841797
-152.210820 101.746050
-143.706591 77.687609
-156.354678 68.701354
-85.413287 -9.358204
-47.864570 -21.262459
-64.620861 -30.245560
-43.647539 -201.305272
22.697990 -279.402956
-56.156761 113.716173
-51.345012 112.834048
-47.718567 116.839981
-51.745405 114.131360
-26.847388 164.838802
-81.127600 119.812640
-47.672332 101.765808
-102.041168 92.730884
-97.969254 86.892411
-56.087586 80.772890
-168.673737 74.761710
-114.419466 71.742848
-56.122328 62.723500
-47.770400 -15.291266
-60.313137 -27.108421
-39.416120 -210.437666
-43.644479 -240.399138
-22.690701 -249.312621
2.199933 -276.503646
