date:2016-07-14, time:2300, wind_speed:2.78, wind_dir:210.0, temp:21.8
436.006004 1149.022033
-987.144109 -1192.007551
888.850387 1088.069667
757.172349 1090.617580
435.521413 1153.869192
361.052767 1239.396592
860.760964 1087.720294
-160.653266 970.473813
478.323911 1117.888478
769.518701 1089.884928
-1123.133935 -2418.136953
591.175433 1121.570573
858.854298 1118.494056
-26.180669 1058.783513
845.338490 1118.667537
818.331302 1146.851192
-105.250126 907.276494
431.929115 1122.052287
387.689830 1178.457360
484.702639 1210.232000
-805.801544 1510.393982
519.982624 1450.846427
-230.058913 1448.570874
896.203356 1119.555037
-889.403711 758.910148
-939.164732 277.226148
-868.419214 1181.406257
-1070.862705 100.283365
-653.917078 -80.542683
-962.599795 1751.474281
640.263323 1572.579644
382.579250 1421.664206
-946.686295 1539.038118
-923.965788 -200.047753
-1776.616231 612.117053
-736.457910 846.448725
601.986856 1088.547876
-800.554119 1660.040413
-841.478786 1210.346583
-1139.534778 429.372028
-930.465665 459.245598
-603.304202 38.046510
354.709565 1785.206308
-312.124435 1665.176188
-679.734870 490.139382
-1057.596391 1718.530538
-478.832935 1605.161128
-1564.246109 1269.755508
17.977735 1779.684348
-1572.602415 1328.592903
-1651.998314 582.450458
-814.133240 1119.213951
-688.567861 1479.833525
-49.197399 940.581898
-1508.026900 761.561444
-1194.358119 578.318314
-863.688925 611.146213
-1098.094904 369.168649
-785.815533 69.155860
-1738.046527 460.078135
-723.366096 1688.993542
721.310864 1688.615147
103.313725 1689.640691
-930.683960 1449.734369
-1133.289690 1300.004238
-1217.504724 909.791459
-840.169887 459.686065
-1103.531789 188.217195
-1069.994329 8.801301
-1140.457552 1689.538958
-1430.769610 1539.526281
-950.946556 1721.024158
-991.701763 1210.544340
-675.738328 1030.756144
-1395.729685 614.912638
-695.304700 1717.947756
-1035.771190 1451.346238
-229.867413 1299.840462
-854.416225 787.948485
-930.833243 -51.915765
554.895890 1809.552350
-313.312835 1747.089884
-771.406352 1329.129049
-1325.876531 670.741229
-1354.876181 248.733093
895.717528 -2122.852727
-981.124223 -1190.244092
-1064.377133 -1221.654540
-388.922525 1867.126383
-1222.797303 1538.755396
-1139.085770 -50.535290
-728.895685 -45.253022
-1405.886391 1572.351541
312.376649 1208.409104
695.008729 1058.509365
-1229.021185 194.807218
-1063.300096 -20.849782
860.836097 -2121.692155
-765.018250 1718.649953
271.355315 1755.198778
-438.618983 1538.507504
-1690.163254 399.525620
-889.804354 100.830282
-314.606206 1663.306770
-270.874234 1690.281267
-312.412891 1658.403009
859.070158 1089.386297
-647.702110 1693.969875
-1277.192588 1688.835264
-1035.007579 1631.097091
-1742.472251 341.074951
-1231.478716 313.666218
-951.722351 70.428308
-868.745476 40.166694
-1148.537140 -17.001608
-974.221474 1719.708277
-689.304067 1598.075600
-1321.595143 1116.923115
-895.699342 847.178020
-812.249935 194.807218
-1117.503460 -2540.465345
-1065.367942 1453.384810
-1062.623348 1448.755322
-1056.336635 1478.281945
-104.660470 1748.840836
-1111.012245 1718.395474
-472.929379 1779.409795
55.312768 1566.941824
111.769789 1569.200373
-812.923465 1568.070817
-1091.423685 1300.931974
-1702.543854 611.871817
-884.417146 429.607696
-21.076833 1658.767579
1473.285293 1662.617052
-1223.023061 1208.631391
-725.387360 1089.912980
-1785.381703 791.035700
-1354.486605 697.398295
-1732.229571 582.846754
-1660.601118 428.609226
-1146.857391 428.452233
-889.741838 38.138142
-1173.839675 -20.402368
-972.149507 -110.596938
234.761412 1809.775056
-739.773656 518.928318
-773.448158 519.931494
-1105.646248 668.997363
-1116.798550 671.138901
-1062.312685 704.935228
-1071.432982 667.204254
-1006.594768 1329.825191
-908.987172 1361.547780
-1063.578066 1328.895918
48.779678 1690.580465
99.283637 1692.349484
200.004001 1691.160187
645.458201 1688.142910
-660.650934 1570.662367
-228.770185 1425.115948
-1649.895036 1150.274727
-647.002217 1719.575926
-603.875122 1717.460467
-681.429122 1720.519512
-605.691062 1720.084330
-973.366196 999.707441
-1826.809456 940.823836
-1314.903190 937.088061
-1098.310501 729.120436
-828.037626 638.738860
-847.854462 309.559899
-1188.707486 129.584263
521.418065 -2775.938252
775.952068 1089.774769
769.726361 1089.608024
799.249543 1090.476980
812.602245 1095.033118
-694.414680 1748.413862
-814.887088 1718.739616
-771.396492 1748.910142
-772.021117 1748.662136
-771.533810 1779.155586
-814.399011 788.308619
-659.453779 760.115553
-771.993867 729.211190
-806.520828 759.687398
185.591244 1904.207767
-1181.742893 1780.012060
-722.875381 1569.235921
-1689.204811 967.749775
-937.837005 674.927698
-814.883170 462.829398
392.795962 -496.445214
193.547079 1989.718544
-181.663445 1867.691009
104.646815 1815.213838
561.039087 1780.242192
-978.958435 914.987938
-1021.191255 884.980408
-1201.542546 730.757071
-1325.887263 491.476689
-723.683889 159.189911
-604.368384 38.322799
103.283336 -891.900215
-232.095392 1449.814872
682.047540 1032.257636
-729.974787 578.391725
-849.419791 548.274795
-988.937160 1872.014758
-187.231231 1808.055660
70.217366 1751.949683
-1576.955034 1361.060940
-806.215114 1179.933676
-1228.939160 999.317516
-1229.021185 464.874988
-1395.729685 314.837338
-647.821221 -16.526011
131.462809 -679.995371
-20.711171 1900.284432
-1140.413451 1779.404767
-562.187185 1635.168658
861.105729 1088.911027
-1145.666935 1065.025588
-1641.853121 609.497994
-1145.666935 344.844868
-1021.981473 159.400403
-398.155921 1660.366174
-480.890064 1658.751792
-440.272641 1663.250711
152.868833 1900.233230
-857.525837 1213.783132
-888.709676 1209.407013
-1160.481162 1180.841393
-1690.348477 1088.820290
-806.853613 1028.682983
487.019003 1688.824258
-1140.315219 1238.943874
-56.960146 1240.964939
-1659.950805 1181.025893
-1528.464156 637.739945
-867.983510 430.828131
-896.844574 428.986457
-652.576175 6.555910
-807.043402 518.578163
-1355.065154 1569.848982
-780.792509 -142.755608
-1104.502806 1118.506291
262.422141 1988.632538
262.629382 1959.443228
721.661063 1749.478680
-1026.498630 1451.873191
-718.129004 87.506033
