-7.214601088862927725e+01,8.857378738341139979e+02
-1.721095122031652863e+03,2.248733798407063489e+02
-1.529293907675057426e+03,1.344463523433998091e+02
-7.711285046858424721e+02,3.448448676749047763e+02
-1.201761093237793375e+03,-7.141354254385883848e+01
-1.150743599007787225e+03,4.939734842926041551e+02
-1.315988220554304689e+03,-4.469887778412189050e+01
-1.530723188209691671e+03,-1.647446645873877458e+02
-1.525893155366186420e+03,3.141212955244192813e+02
-1.399417571424049356e+03,-1.055039240880685156e+02
5.919379629977074728e+02,1.065639544528918350e+03
-1.451093084540886821e+03,-2.818345051794606206e+02
-1.076661251617085099e+03,4.391674074289161354e+02
-1.113314412730310778e+03,5.254699476614079003e+02
-1.195821555276784920e+03,4.673770794318945150e+02
-1.551123538166052185e+03,4.934056508886479264e+02
-1.366527351381895642e+03,-3.734693215735100580e+02
-1.176760934867639889e+03,4.053260743956066108e+02
-9.265255051402471054e+02,-4.981294094989967220e+02
-4.474999067379619646e+02,-2.806141273675322282e+03
-1.532848409226885906e+03,3.179787179229691105e+02
-1.608087882124469388e+03,4.411876828523178773e+01
-1.734166191659525794e+03,2.552850555261055661e+02
-1.315819648542469167e+03,4.344097990039339265e+02
-6.197703825446366181e+02,5.204533582712646194e+02
-1.232458844612609482e+03,-4.348263693012339104e+02
-1.694760527767063422e+03,1.959539894884250657e+02
-1.876487546854255584e+02,-2.835953312325500065e+03
-1.575692397410771264e+03,4.587016790688880974e+01
-1.404211574143849703e+03,5.558487843110099220e+02
-1.116784866646544742e+03,5.869522780961123090e+02
-9.548996724241883385e+02,5.578824003679139878e+02
1.714851873296925078e+02,1.189483686841922690e+03
-1.119079769883500376e+03,3.755945572228720835e+02
-4.377115046858298797e+02,-2.775938252325403027e+03
-1.283385036562640380e+03,-1.051205113022619599e+02
-1.487423529153111076e+03,-1.040861342447147422e+02
-2.445738937290647641e+02,4.373125674701780667e+02
-8.583706171715999744e+02,3.741044077369043634e+02
-1.614257992079910537e+03,4.654010523437922302e+02
-1.426351597034861697e+03,-1.347014781394576630e+02
-1.118703874429324287e+03,6.170360193811219460e+02
-9.054676031144557555e+02,4.040682263490618311e+02
-1.565567833911602293e+03,2.841054335610772910e+02
-1.312375434685489154e+03,-2.252982023252274075e+02
-1.191671260154051424e+03,3.749242678787043701e+02
-1.821204331677034133e+03,2.844775029383330889e+02
-1.431137446845699742e+03,5.565521700620311094e+02
-1.572903063548860928e+03,3.458493550872750006e+02
-1.285378890016147807e+03,-3.728090124551156350e+02
-1.526097038921649073e+03,-1.049576320889035941e+02
-6.374423657370530236e+02,4.343277038762998359e+02
-1.442695587651202231e+03,5.546012296536893018e+02
-1.446660500614916600e+03,-1.951577938529685525e+02
-4.788329346862473130e+02,3.448448676749047763e+02
-1.778580582376945586e+03,2.872674062718278378e+02
-1.187899754685463449e+03,4.048599276750018134e+02
-2.337020367361216699e+02,-2.836717879883326532e+03
-3.624838983112043138e+02,-2.804265328940130985e+03
-1.533648422770708294e+03,4.059783267490177536e+02
-6.095043610587038074e+02,2.842915304828122203e+02
-1.529194299859557304e+03,-1.639075288669098143e+02
-1.092245552873211409e+03,6.142063139407733843e+02
-8.122499346862599623e+02,4.348674576750503320e+02
-1.154051845534769882e+03,-7.399160064665039727e+01
-1.530384435631527822e+03,4.354739757870165136e+02
-3.849917442215884194e+02,-2.776848423713753164e+03
6.361967285349292069e+02,1.065867600263531358e+03
-1.528643129764650439e+03,4.366868312666808549e+01
-1.275541333915932455e+03,-4.361549059082382200e+02
-1.479083934686285147e+03,-1.352756123250818518e+02
-4.470706940306062052e+02,-2.805909450732026471e+03
-1.479083934686285147e+03,5.248900476744062189e+02
-9.425186958827691797e+02,4.338810476997837213e+02
-1.617743079575808224e+03,2.274937124428868174e+02
-1.077509029825085918e+03,3.467056095317901168e+02
-1.533975779534907588e+03,5.884608605700399266e+02
-1.066913172442413725e+03,4.053211974954553511e+02
4.704391514563603778e+02,1.125055435661564388e+03
-1.262418070681751487e+03,-2.233662143929956869e+02
-1.039233065573713020e+03,2.880885938913575615e+02
-1.197646199438553367e+03,2.867733829729706372e+02
-1.586973511137066453e+03,7.554273493701560938e+01
-1.237565427766247012e+03,5.550192366870812748e+02
-1.446757583996514768e+03,-1.040511030221174451e+02
-1.451122017699211028e+03,-1.241295163493506948e+01
-2.475583728086232043e+02,-2.808748357328599468e+03
-1.570987439870830713e+03,4.519288154841532901e+01
-1.650176459444831153e+03,1.939350263254249853e+02
-1.196889580434477011e+03,5.546635802563180278e+02
-1.479083934686285147e+03,-1.352756123250818518e+02
-9.455574865995874916e+02,1.332595758759613318e+02
-8.623995380092072764e+02,-1.642858716085832782e+02
-1.371990072488516034e+03,4.083932803232844435e+02
-3.636978391156597468e+02,-3.141680086996577757e+02
-8.620029804054017859e+02,4.353312481199407102e+02
-3.275087284504179479e+02,4.365692085291035482e+02
-1.155137139602207071e+03,-1.638004104597841888e+02
-1.177878762679054262e+03,4.665144459355781805e+02
-1.528910244822827735e+03,-1.348177532377275440e+02
-1.916516894628585703e+02,-2.806179149241595042e+03
-1.771379504685880420e+03,2.848298076748077392e+02
-1.614462361005752427e+03,4.582603453862127907e+01
-7.341838597427304194e+02,4.045357593540380776e+02
-1.467433009205624330e+03,2.811609293496635473e+02
-1.674761582867116431e+03,2.244730039123682559e+02
-1.419276750668368095e+03,-2.535161010495008043e+02
-1.400974458062631811e+03,-2.855913779623139703e+02
-5.675058816824911219e+02,5.257213981039551527e+02
-4.418046680679551628e+02,2.852826853954879880e+02
-1.112952203842068229e+03,6.134328453981923985e+02
-1.645792434685501803e+03,4.048599276750018134e+02
-1.399371305692744272e+03,-2.546133696363334025e+02
-1.196122700780148307e+03,4.658037325554388417e+02
-3.954786846866389851e+02,-2.805945782325451546e+03
3.867386683781035117e+02,1.185436012130524887e+03
-1.153156541520152587e+03,3.755540753602641644e+02
-1.160403435367215934e+03,2.577597694871247995e+02
-1.649557262106667395e+03,2.241762733333454776e+02
-9.092943244786332571e+02,1.669855272561040920e+02
-9.823162146039715026e+02,-1.462758688891517522e+01
-1.665733309274476824e+03,2.249716303195046407e+02
-1.404412305965610358e+03,4.628729857538462511e+01
-6.495258454892137934e+02,-2.595035373481352053e+03
-9.725436124105842737e+02,3.762989756855820929e+02
-1.074642312001064283e+03,3.447788963266249880e+02
-1.157356635224966112e+03,1.306528933099141341e+03
1.100881985523021456e+01,1.125540487888302550e+03
-3.543572546862215518e+02,9.449954676750854787e+02
-9.932653320388606062e+02,4.678632462335446007e+02
-9.120839590592684090e+02,2.570892286929970396e+02
-1.663973347715188311e+03,1.964211053135509246e+02
-9.040130548233333911e+02,2.253756137322281745e+02
-5.076977689400658846e+02,1.065076813192607915e+03
-3.624284778211266485e+02,7.956429832570146345e+02
-3.672967830201669130e+02,8.883547427371014464e+02
-1.074652709608848454e+03,-4.640620541917453465e+02
-4.879029457850653557e+02,1.127038711787247621e+03
-3.610779266957314348e+02,1.126052036834629689e+03
-3.810072398979997956e+02,9.450019910553859290e+02
-6.114086480879304872e+02,7.666005773861589887e+02
6.318785380763231387e+02,1.069033124615732731e+03
-1.404211350609434476e+03,3.159700155886914104e+02
7.251672984118275735e+02,-2.476725182760253119e+03
-1.575824416107105208e+03,4.674381288700569712e+02
-1.402412801924140695e+03,3.164399271560158695e+02
-1.233382160542566908e+03,4.955411478050102687e+02
-1.104545504685855121e+03,4.348674576750503320e+02
-1.444830092644158640e+03,4.538850529456799165e+01
-6.082708213575718901e+02,1.276066597321626432e+03
-3.159440994374118077e+02,1.064615718340628973e+03
6.365059433996227654e+02,-2.504117219044960166e+03
-6.534495625320079171e+02,-2.594248281452492847e+03
-1.532369307772215052e+03,6.482298596755955487e+02
-1.275826787792316054e+03,4.358901763111416585e+02
-1.199745385535868081e+03,4.372630977774374514e+02
4.253162351375512458e+02,1.218153384897143496e+03
-7.362846613532871061e+02,1.247112969780134335e+03
-1.562438184685893475e+03,1.948072176746621835e+02
-9.495216028812948252e+02,4.676953712906288274e+02
-5.664131612936268994e+02,9.147085209588676662e+02
-5.369343903201079229e+02,7.085223137965366504e+02
-1.312375434685489154e+03,-1.052680823250333333e+02
-1.320419406509279725e+03,-1.648943141897736382e+02
-1.608084544251336638e+03,4.495428819317517366e+01
-1.113682728622118248e+03,4.060669063410246622e+02
5.214180653137905210e+02,1.125040647674586808e+03
-7.890870223713013729e+02,3.775555067493784804e+02
-1.566445409896972933e+03,1.949947626771769080e+02
-1.238743998997488688e+03,3.158598008659453171e+02
-1.129241168292181101e+03,6.429945853380228300e+02
-1.612559445916176628e+03,1.938237135283412726e+02
-1.117933992044758270e+03,-1.628256275765984924e+02
-1.367828325648077225e+03,2.572814208408588570e+02
-1.047230199335146153e+03,4.641783615433275827e+02
-1.199924584568356067e+03,-4.452190638525298993e+01
-1.072851766767985964e+03,5.265712034938010220e+02
-7.882492361136027057e+02,5.543293701587662099e+02
-9.419792288449710895e+02,9.456044220986465234e+02
-1.696624120423340628e+03,4.040793366616296112e+02
-4.788329346862473130e+02,5.248900476744062189e+02
-1.618506057276634010e+03,2.261399521306767326e+02
-1.422516631956837728e+03,3.763446797513892648e+02
-1.281817235072422818e+03,3.781642535199816280e+02
-1.192904292286615373e+03,3.749804505334353166e+02
-1.025376433893361082e+03,1.575854323728787421e+01
-1.580205426396664279e+03,4.359228955627973505e+02
-8.380903098507031928e+02,3.731834476396452942e+02
-1.140689837501741977e+03,4.973986696247388863e+02
-1.325443999116311034e+03,5.260402977839937648e+02
-1.312375434685489154e+03,4.648749876750988506e+02
-1.441789750401106858e+03,2.845485366525892346e+02
-9.923737640575407113e+02,3.465034139515323659e+02
-1.572140357484053311e+03,1.350065513891818796e+02
8.715881626713392905e+01,1.158908941579682050e+03
-1.650414547458429524e+03,2.247509142686289465e+02
-1.279877736204260600e+03,-4.345256838176185283e+02
-7.787222691141504356e+02,6.462653875011101263e+02
-1.486764959793849130e+03,-1.594318360565798542e+01
-1.366669627315441403e+03,-1.298528005833924936e+01
-1.112768902439049498e+03,2.254346696632998999e+02
-6.877742546862341442e+02,3.448448676749047763e+02
-9.911960794840157405e+02,3.752808180112200489e+02
-4.040084128524919151e+02,-2.803159872960938628e+03
-8.004991013789365297e+02,4.650690045835448245e+02
-9.874855674132328431e+02,4.348068805908055765e+02
4.289031810593911587e+02,1.126076469271943552e+03
-4.911472061546323857e+02,1.186975052760161134e+03
-1.446680920806660879e+03,1.586251132662589924e+01
-1.073841355245079512e+03,4.058722617537272299e+02
-7.368827489991766697e+02,-2.535153861504054476e+03
-1.109614474293971625e+03,3.459338351650604864e+02
-8.876251884127320864e+02,4.354189250187838525e+02
-1.534922436552842100e+03,-1.322985500093311373e+01
-4.097213190077853824e+02,-2.802075144716717659e+03
-1.203236487211998565e+03,5.876764715666549819e+02
-1.363435002442704445e+03,3.771157269193634534e+02
-1.233722411268651967e+03,4.945796559793727738e+02
-8.364022118364989637e+02,3.457338929891683392e+02
-4.416786608605901847e+02,-3.458490834236176852e+02
-1.028681395428018050e+03,4.357580828785374933e+02
-1.320823094676620485e+03,3.164665348815515244e+02
-1.659922253460119009e+03,2.000604918654457833e+02
-5.463083103874849940e+02,4.045681822879118386e+02
-2.406603806288775900e+02,8.268148169031487669e+02
-6.288832248751474481e+02,1.003603845248602966e+03
-1.695269032872676917e+03,1.959457385086401189e+02
-1.237685954492792234e+03,5.558366843840900628e+02
-8.014445263287083208e+02,3.425059539391422732e+02
-1.324620621245511529e+03,4.055099083166618925e+02
-9.423204830586837488e+02,3.455754391532784666e+02
6.832374364948251468e+02,-2.505213740994815907e+03
-1.274842040996775040e+03,-7.544266496565573732e+01
-1.071653344098755952e+03,4.060869279193223065e+02
-1.412948845699686217e+03,3.756314049545817966e+02
-1.442113006306242596e+03,4.058153127813628771e+02
-1.364018738690469718e+03,-1.335854961251818622e+02
-1.271254004686651115e+03,-4.053433823255185189e+02
-1.403870704772967883e+03,2.559914809577532537e+02
-7.855622427344743528e+02,2.857044397049950248e+02
-1.525557937840453633e+03,-1.645555308823992959e+02
-1.703523460204488401e+03,2.199747149658396665e+02
-9.827483518369755302e+02,2.543304149095541504e+02
-1.275908417856451479e+03,-1.561362032968038704e+01
-4.835952292356795397e+02,3.454808287019943123e+02
-1.538057052543854979e+03,4.379746270440572289e+02
-5.665665739769852962e+02,6.143443126798272260e+02
-1.613972008597867216e+03,1.362249996388588329e+02
-1.152953530011560815e+03,4.962353767709141721e+02
-1.400769895403699138e+03,3.140683172788781121e+02
-1.403354341901905173e+03,1.065823557328204032e+02
-1.133519898958794101e+03,4.072527340384619379e+02
-1.502488963077114477e+03,1.974466344156125501e+02
-4.788329346862473130e+02,1.005010527674392733e+03
-7.021362516896674606e+02,4.389993444370990119e+02
-9.026193277791555829e+02,4.345624929082126755e+02
-1.271254004686651115e+03,5.248900476744062189e+02
-1.645792434685501803e+03,1.948072176746621835e+02
-1.084574969125421603e+03,3.468021266882198006e+02
-1.028765072180923198e+03,4.667341333677287594e+02
-8.687235288394680310e+02,4.057110191651858031e+02
-7.154477774474663647e+02,-2.519713396663582898e+02
-1.664882004070463609e+03,1.975977877205998254e+02
-1.159605866623367092e+03,-3.102275142984023546e+02
1.016414969276439706e+03,1.066093230172054518e+03
-1.536788530945748334e+03,3.698604141262225085e+02
-1.524612662216339913e+03,2.252289892438453478e+02
-8.682929922514209693e+02,-7.310937069616906570e+01
-1.335355487700688627e+03,-2.248381129445776594e+02
-9.250588300632654182e+02,1.070649128942310710e+02
-5.621871846858556410e+02,9.449954676750854787e+02
-9.078497720609932458e+02,4.356681430895712879e+02
-1.631408709139678194e+03,1.950796379569478063e+02
-9.007889525552664054e+02,1.955827816804318218e+02
-4.042669333422535942e+02,-2.803677908581981228e+03
-1.804470822951782566e+03,3.164380463045341685e+02
-1.280025923372459602e+03,-3.741573070710837783e+02
-1.384124090174842877e+03,3.456089402597202138e+02
-9.903081743127689833e+02,1.247834036473551123e+03
-6.567338931555960926e+02,9.473340060758857817e+02
-4.973256252149975580e+02,9.185537807812239635e+02
-1.029536041850291213e+03,3.768832312145987657e+02
-1.645792434685501803e+03,1.948072176746621835e+02
-1.582608585947051324e+03,7.405121223051968116e+01
-1.317100360832895376e+03,5.560016472484527412e+02
-9.460093069797244425e+02,4.056531862026777731e+02
-5.669552874438129493e+02,5.852824482260099330e+02
-1.200179394173291257e+03,2.884281557486648921e+02
-8.226493810475606097e+02,3.444493305370638154e+02
-8.672014478864135754e+02,5.577354829582063758e+02
-7.762691919169494668e+02,4.655043433773265633e+02
-8.857387955603883256e+02,1.096579867159342939e+03
-1.109156185083746323e+03,3.147906512432623458e+02
-1.169564728916890999e+03,4.035057140317186395e+02
-1.612408253574439186e+03,7.525592546677617634e+01
-6.544846995486039987e+02,4.961026230507856667e+02
-1.635087145300369912e+03,2.270085180158644391e+02
-1.694918116885986137e+03,1.957834178454522771e+02
-9.899082402184060356e+02,4.661430130043131044e+02
-1.030698862925882395e+03,4.363676917814522085e+02
-1.118156325564148574e+03,4.693037395446154392e+02
-1.612148893178193475e+03,4.437982409477319834e+01
-4.612137545987449130e+02,-2.778417982913548713e+03
-1.483041861572901553e+03,2.253913039677740358e+02
-8.215569861958014144e+02,4.049715963830404917e+02
-9.485667310300599411e+02,3.758896741910162973e+02
-1.010160705538420643e+03,4.326858489387713007e+02
-8.578033031610310672e+02,4.346394275950992778e+02
-5.500354590963239616e+02,3.466724169233102657e+02
-5.621871846858556410e+02,2.848298076748077392e+02
-1.551444023083404318e+03,3.460788037980933041e+02
-1.616203208997680122e+03,4.053697041674473667e+02
7.362973502721408181e+01,1.098865236802657364e+03
-9.223734328515512289e+02,5.866278127387486165e+02
-1.291262596958787753e+03,3.151864158995051071e+02
6.755116167380392653e+02,1.095033991299999570e+03
-1.312375434685489154e+03,-4.053433823255185189e+02
-1.303576513516755313e+03,-3.741167749683922921e+02
-1.150795020921041214e+03,4.939655562628994971e+02
-1.107677737390593848e+03,-4.661404007110711518e+02
-1.359812788803458034e+03,6.145646650176097410e+02
-1.354608254686259443e+03,5.548975776744547375e+02
-4.471908927135699514e+02,9.471031779494204557e+02
-1.621398975165265256e+03,5.295854917664894401e+02
-1.779358107001582766e+03,6.156905664649465280e+02
-1.153571679964804162e+03,6.742824656440361650e+02
-4.417894083714469389e+02,-2.776004661462864988e+03
-4.456740255866822054e+02,-2.805742614441638125e+03
-8.587050519596732556e+02,1.064512641438670016e+03
-5.281928606526406611e+02,4.957979820876832946e+02
-9.662585978103275011e+02,4.378136518745888566e+02
-6.913642210052582868e+02,3.137334296311767048e+02
-1.042945046858172304e+02,5.849051076745032560e+02
-1.529943585269196547e+02,4.641775851081847009e+02
-3.954786846866389851e+02,-2.775938252325403027e+03
-1.315572224116107236e+03,2.850739753228917834e+02
-1.153187626579236849e+03,3.443721941972846139e+02
-9.789584346854766181e+02,2.248147476747107021e+02
-1.340049134217268829e+03,-1.028012087570712083e+02
-1.312375434685489154e+03,-7.526055232498481473e+01
-1.030453353981281907e+03,4.644834515818631075e+02
-9.908735876435277987e+02,4.379214135593142601e+02
-1.357815598811394239e+03,-1.357270927870675052e+02
-1.300715436946559066e+03,-1.037425180063437438e+02
-1.154316336339059035e+03,-2.841964188941962561e+02
-1.276427231701285109e+03,2.247033107099157974e+02
-1.365711746667569969e+03,-1.341516176318514226e+02
-1.021191254686246793e+03,7.477709767446809508e+01
-1.691423176486838202e+03,2.253828680125615449e+02
-1.651116745996474947e+03,1.943686283940635349e+02
-1.152524282120352837e+03,-4.038688545402627597e+02
-1.084914775755069513e+03,4.954770574235069489e+02
-1.446588789233636589e+03,4.660731887841386651e+02
-1.445387462657566630e+03,-1.642827248041268717e+02
-1.533224319168716420e+03,-1.333454719352037898e+02
-9.828140357822848046e+02,-3.456337868326291414e+02
-1.029934183987796587e+03,5.253014371695893487e+02
-2.552763949917177229e+02,-2.807527416175766575e+03
2.579348313261184558e+02,1.245917494610216863e+03
-8.584748833326216300e+02,3.740212162161828360e+02
-8.800230522633933106e+02,2.856234819608919224e+02
-4.788329346862473130e+02,9.750029976751339973e+02
-4.419348498472156166e+02,-2.544366365043381677e+02
1.012946710171145924e+03,1.036755080574982003e+03
-1.062312684686664397e+03,1.948072176746621835e+02
-1.454159346862346922e+02,-2.835953312325500065e+03
-6.948939202865817606e+02,1.185593687327246926e+03
6.407850421170965092e+02,1.065885614093467211e+03
-1.363094421210784276e+03,4.971783930024422489e+02
-1.864195282112389123e+03,3.155421851296010232e+02
-9.824520961957364307e+02,2.243926893439948742e+02
-4.920387450390311983e+02,2.881298338051230985e+02
-1.242590535641324550e+03,1.744082733745608493e+01
-1.652471891113966876e+03,1.948880262589421193e+02
-1.654654297359058546e+03,2.265081593129566500e+02
-1.232547527435274333e+03,4.039705702415662927e+02
-9.378370046866384655e+02,7.049352276746973303e+02
-2.412816851444927693e+02,1.218574374473925218e+03
-1.654453954180117762e+03,1.946166529493586381e+02
-1.271254004686651115e+03,-3.153207923253729632e+02
-4.260257772343433089e+02,-2.773037749074919248e+03
-1.320968952551236043e+03,3.735233896174366919e+02
-1.316162267738663104e+03,1.649566550965873262e+02
-9.110432152130172199e+02,3.801978699464606848e+02
-1.284363490324162967e+03,3.155858802672494221e+02
-1.024637945635207643e+03,2.840557597429244083e+02
-1.214008541789271248e+03,4.627960569288292163e+02
-1.029284125023883462e+03,3.146138551145297697e+02
3.902712327340465492e+01,-2.865257204551252471e+03
4.697218472477001683e+02,1.125055450808610203e+03
-1.153337048023571924e+03,7.359873468853079430e+02
-7.953108404544059340e+02,4.647433443926960308e+02
-7.425123027509760050e+02,4.965221958777417512e+02
-1.592260230042522380e+03,3.454082485739585309e+02
-6.122865288936761772e+02,7.062919796646423265e+02
-1.292002164971258253e+03,-4.059978560400404604e+02
-5.705740577610292803e+02,3.746829702621245701e+02
-9.026838819906618028e+02,5.261963072526601763e+02
-2.362426780746867507e+02,1.245482706671075903e+03
-6.942645733554419394e+02,7.358188315629549834e+02
-1.192595050171296180e+03,4.337779266644146787e+02
-1.445819910940021373e+03,-2.844230736798928092e+02
-1.654045301681297587e+03,3.452648968298078671e+02
-1.361734436676570795e+03,-4.538805635654089343e+01
-6.535173726547122897e+02,-2.714840272641176853e+03
-1.441327997764921292e+03,-1.654647547847841906e+02
-1.463090307938490696e+03,-1.638580513080662229e+02
-1.150331789520667371e+03,1.947227326178806948e+02
-1.024309438880075049e+03,7.043908317056473152e+02
-1.742427506012869344e+03,2.566012645645965335e+02
-1.729146684686689468e+03,2.548222776747592206e+02
-1.533621961770381404e+03,5.277562038700453968e+02
-1.365665651514062574e+03,3.467289104948238787e+02
-6.961900581068559859e+02,1.187409759279884838e+03
-1.174644969915401362e+03,4.041306578554402904e+02
-1.196586023585570956e+03,3.461423676300377110e+02
-1.237121914380982162e+03,-4.358007353117586149e+02
-1.316376023015690635e+03,1.038564510156816567e+02
-8.397155992917764706e+02,-3.157946340855179415e+02
-9.908763436003498555e+02,-3.739746252036323426e+02
-9.093964866493926138e+02,-3.720325987617605392e+02
-1.468115071516585431e+03,4.925670649757588535e+02
-1.065756078150402345e+03,3.140278383104844124e+02
-8.607652529492879694e+02,2.241921993561381328e+02
-9.902658641438683844e+02,2.894374936689538345e+02
-7.603286231497046401e+02,2.841308294147744391e+02
-5.660786347577793549e+02,-7.427430727728341253e+01
-4.411479383612531251e+02,3.156831322405748779e+02
-1.317030807654102546e+03,4.943031597480076584e+02
-1.410738538087970028e+03,4.674272539277795886e+02
-7.840203272270058505e+02,2.852978436199782664e+02
1.564483701730989651e+02,1.215096322205436763e+03
-1.482357502900013287e+03,3.150680889510509246e+02
-6.159976905414166595e+02,2.878982694134704730e+02
-8.122499346862599623e+02,-2.252982023252274075e+02
-1.297582630441944502e+03,1.366058575324167634e+02
-6.955256250428080875e+02,6.150793666342113966e+02
-1.395729684686676819e+03,6.149126376745517746e+02
-8.668780060613810292e+02,5.870082171930458799e+02
-8.217597053484864773e+02,4.685208555476102532e+01
-4.031694285401622437e+02,-2.806227153043675116e+03
-9.461773392273270247e+02,-2.539773835144721374e+02
1.746130390280695224e+02,1.216691586571851531e+03
-1.654561595452898018e+03,2.262138532736185539e+02
-1.131667792458607437e+03,5.848975894813207788e+02
-1.032357679304160456e+03,3.167993262258340224e+02
-1.066453621890214208e+03,4.040163060023749608e+02
-1.113022567895178554e+03,4.060370961102420324e+02
-1.298922783514170305e+03,3.760383649580110728e+02
-1.069348441668460964e+03,4.352174297775524678e+02
-8.582282167702608149e+02,3.149988704263350883e+02
-1.118879528236593842e+03,1.080493932056920983e+02
-1.403196744500712839e+03,4.646713826670221579e+02
-1.454014005307644766e+03,5.290501232700146375e+02
-9.426498032672616318e+02,1.245178773718839011e+03
-1.213430401634534519e+03,4.329591981824718800e+02
-3.999704780673315554e+02,-2.805322388878963920e+03
-9.695654589334429829e+02,3.480888834924546700e+02
-1.191883178828302107e+03,4.049639194700466760e+02
-1.538073999646991069e+03,4.975998748483359009e+02
-7.564022075795105593e+02,1.155125736632860708e+03
-7.416309117506639268e+02,5.864631870136178122e+02
-1.154190842035408423e+03,-1.642561565070277538e+02
-1.236007560801647287e+03,5.243954483937593523e+02
-1.037625247049848440e+03,-4.018326605708541592e+02
-9.880044429802438799e+02,5.564794020967309507e+02
-9.428119816575136838e+02,1.184479645092706733e+03
-1.460705889768207044e+03,-1.382114718045961865e+02
-1.275585867206163130e+03,6.152129019319446570e+02
-1.275580228321407958e+03,4.948993219936284049e+02
-7.432088543873325079e+02,5.559916589694198592e+02
-6.963625929588797590e+02,5.552353873737054073e+02
-9.692374667403738613e+02,4.068199762764605794e+02
-1.201108734183036404e+03,3.456435975395789910e+02
-1.524793864498325320e+03,4.344345351963310122e+02
-9.008963461291145904e+02,2.254290530012135605e+02
-8.738398463717699087e+02,2.575630466455651799e+02
-1.233045666004249597e+03,4.046109244686221587e+02
-1.069568694643487788e+03,4.349137363675388883e+02
-7.378737334667225696e+02,5.565463918064511972e+02
-7.334985335652332878e+02,6.140581472476590079e+02
-1.586174997116805343e+03,7.575693393616720073e+01
-6.113638934807341911e+02,4.366142622890691314e+02
-1.258556334416291747e+03,-1.362369676638427904e+02
-1.826855374906763018e+03,3.494897504643128059e+02
-1.196243601961940840e+03,4.371125392330701516e+02
-1.343018073470394484e+03,-3.452486341779231793e+02
-9.887833871486300268e+02,4.061263776727749928e+02
-1.151964455401603345e+03,4.353692051988141429e+02
-1.604671004686663764e+03,7.477709767446809508e+01
-1.487109754439361723e+03,1.038569115653118615e+02
-1.111980839259581899e+03,-3.142148003021780482e+02
-6.125427521165258895e+02,-2.596651388371614757e+03
-1.339875529734754991e+03,5.258384672727270299e+02
-1.363136358944464746e+03,5.556923918308040129e+02
-2.778840590562957686e+02,8.266640269622116648e+02
-1.043049120448527219e+03,3.722396365100199205e+02
-1.437962504685867771e+03,-2.553057323252759261e+02
-1.070492285766227496e+03,2.254688423000837929e+02
-1.399024701292338705e+03,-2.561111238749937797e+02
-1.492873727441132814e+03,-1.326358412778267279e+02
-1.447814399716580283e+03,4.656752112267349730e+02
-1.278023342846856622e+03,-4.284051752515345157e+01
-1.154909949011783738e+03,5.559454304451531925e+02
-1.174569216326920014e+03,5.836969838093865519e+02
-1.079741919697356025e+03,3.791771080013183450e+02
-1.029077289006695992e+03,3.457507610056314888e+02
-4.037351598048898040e+02,-2.804121105415234979e+03
-1.003114535429850093e+03,3.439124172140864744e+02
-1.109809186410827579e+03,-1.943501890917416404e+02
-1.093315759584526631e+03,-1.666194771620585016e+02
-1.700336093847224674e+03,1.979623168825856396e+02
-1.364916978866029012e+03,-2.532962164096231277e+02
4.574269451604634469e+02,1.123693115351991537e+03
-1.553667403419152151e+03,4.637850887510085158e+02
-1.364316399724211351e+03,4.344673282784823982e+02
-1.317359219922815555e+03,-1.951136854396976048e+02
-1.442158339470407782e+03,-1.363188794941407878e+02
-9.683102787672154363e+02,4.049246379640163696e+02
-8.988058096747819263e+02,3.753834890361628709e+02
-1.312375434685489154e+03,4.048599276750018134e+02
-1.487827811431156761e+03,-1.932308414151387979e+02
-6.289055853717713944e+02,1.005505692334450032e+03
-6.076692590831784173e+02,9.760768727622581764e+02
-1.784132009199346385e+03,2.876705281516145760e+02
-1.192184377995845580e+03,-1.650663473121980473e+02
-1.157928828334183436e+03,-1.052762202938487093e+02
-1.487750513357319051e+03,3.765231142967455185e+02
-1.111350540761358616e+03,5.554272596804968316e+02
-7.288956846866516344e+02,5.849051076745032560e+02
-1.233744668939729308e+03,-1.354466572838148579e+02
-1.275575871383220829e+03,-7.633414938354960100e+01
-9.869377714508688086e+02,6.756629318149902019e+02
-1.337709161239389232e+03,4.644218263072141326e+02
-1.085754154419678116e+03,4.328217721503628468e+02
-7.547394492894111409e+02,2.877733181717984507e+02
-1.150605087302633791e+02,-2.864699378538408382e+03
-8.629720168835779077e+02,1.966187464675545584e+02
-9.088680032499748904e+02,4.346860740928549944e+02
-4.089750601754449235e+02,-2.802782711154204662e+03
-1.369070583178771585e+03,5.265975964331082650e+02
-9.858736668233492537e+02,5.255056008044364262e+02
-9.420750054853117490e+02,5.253447464646592380e+02
-4.001922747727711567e+02,-2.775247418583085164e+03
-4.459412041991182036e+02,-2.805608914427976742e+03
-4.618474638363850318e+02,-2.778233852038220903e+03
7.292479953134246671e+02,1.035018057674441252e+03
-1.315793440918946089e+03,-1.652162876516260042e+02
-1.275935907129619181e+03,-1.655225665993915811e+02
-1.079046589250391435e+03,-4.622834098576241786e+02
-7.042976145417062526e+02,1.128715161269285090e+03
-6.616915923058631961e+02,1.127213252673215948e+03
-8.621743727590718436e+02,3.754592494515148928e+02
-2.762937269070334310e+02,1.154676864503821207e+03
-8.617424791770484944e+02,3.442034863634916633e+02
-5.672892493433485015e+02,7.346880956194557939e+02
-1.021191254686246793e+03,4.348674576750503320e+02
-1.122092977812762683e+03,2.885868122529888069e+02
6.013706551594260645e+02,1.065274080144854679e+03
-7.981892360228104053e+02,4.908112557143671779e+02
-1.145666934686272498e+03,1.047846276745166136e+02
-1.065828033737025635e+03,1.562969915750565519e+01
-5.750202764239928683e+02,9.779106160143859370e+02
1.010245339277262815e+03,1.066166642300197282e+03
-8.544827546854508000e+02,-3.753358523254700003e+02
-8.639535872249583690e+02,-3.147953578664876773e+02
-1.369683711394804050e+03,-1.915495837446747203e+02
-4.412710892927255486e+02,-2.806495943581790925e+03
-4.069766193126973803e+02,-2.805272465937278412e+03
-6.363320463195567527e+02,4.033426728884586510e+02
-5.247301585112314797e+02,3.744044674669328288e+02
-1.525444381313497615e+03,3.144079328106312232e+02
-1.490063440733614698e+03,-1.619207710228851056e+02
3.457301701697554108e+02,1.187045194813224043e+03
3.515689642623605664e+02,1.184170616295582249e+03
-1.359710485030209611e+03,2.851557344010663542e+02
-7.028519543499652400e+02,-2.591474603551998825e+03
-5.304389440067718624e+02,8.855330625578396848e+02
-1.319522137112384371e+03,3.738344870346043081e+02
9.898657308059572415e+02,1.066540627768855074e+03
7.999444063554255990e+02,1.037949443798075890e+03
-1.609125758121130048e+03,3.157276739323184529e+02
-1.486459244849853803e+03,-1.934441795604870435e+02
-1.187899754685463449e+03,-1.652831423251303704e+02
-9.471028884071795346e+02,4.362138174705365827e+02
-9.660780121578496846e+02,4.660508163908335177e+02
-1.354608254686259443e+03,5.849051076745032560e+02
-1.361977240386143876e+03,6.446142545791982457e+02
-1.592568846795940772e+03,1.038990337034739753e+02
-1.573347208894676896e+03,2.865565360742405687e+02
-4.475368633655661483e+02,9.147637758217147166e+02
-6.044200046866258162e+02,9.149879376750369602e+02
-1.148986963313604065e+03,4.655286156078425392e+02
-1.302628624677041444e+03,4.331766418263131300e+02
-9.594286243214949081e+02,2.830884376061258081e+02
-9.460166524052984869e+02,2.552709912024408254e+02
-9.007639970564547411e+02,1.184126127055054440e+03
-1.201950402102361522e+03,4.969628418122095468e+02
-1.321179154505562792e+03,4.636043930694308983e+02
-6.924974957676539589e+02,3.158657766419696600e+02
-1.452768979177189749e+03,5.877622982547816264e+02
-1.302719220683469302e+03,2.843288425143903737e+02
-1.280028455681150945e+03,2.257261391271441937e+02
-1.488617271600824324e+03,-1.955392811050487012e+02
-1.607980010904990195e+03,7.434860884127249392e+01
-9.828382245188674915e+02,6.447931990890421048e+02
-1.074518334551513590e+03,6.769017034846289107e+02
-1.021191254686246793e+03,3.748523976749532949e+02
-1.229021184685880826e+03,-4.525302232493628907e+01
-9.874082928547867368e+02,4.052045212748934091e+02
-1.067520575342110533e+03,4.350880852758976403e+02
-7.812087352012517840e+02,3.161626937094662253e+02
-7.808875335959191943e+02,4.068412656966716554e+02
-1.160894165415958469e+03,4.685388485210411318e+02
-5.656267339871910735e+02,1.185334369711672252e+03
-6.577788743304142827e+02,1.067196681494521499e+03
-5.708602159256795403e+02,2.866286073212435213e+02
-1.799830315581678860e+03,3.765248460136741642e+02
-4.788329346862473130e+02,-2.745930722325354509e+03
-6.505510400390683117e+02,9.759576076935634319e+02
-9.476435943439594212e+02,4.073834931332985434e+02
-1.024621910459871287e+03,4.338561748854730240e+02
-8.597515449424719236e+02,4.656149828459437572e+02
-8.122499346862599623e+02,5.849051076745032560e+02
-8.996628336959814760e+02,4.044562339142861447e+02
-1.395729684686676819e+03,-1.952906723251788890e+02
-1.423325545129516968e+03,4.352813317374207145e+02
-1.070342062112054464e+03,3.758276934784366290e+02
-1.655044402340375200e+03,2.271187096077980527e+02
-9.411511531599393265e+02,3.155254510469463867e+02
-7.115438068517834154e+02,8.509829995189679721e+02
-1.661627908524609438e+03,2.262443063176631881e+02
-1.219898967743717321e+03,6.146541126851359422e+02
-1.071420556410818335e+03,4.661841994015708792e+02
-9.904585043603085524e+02,4.990242205629992895e+02
-7.711285046858424721e+02,6.149126376745517746e+02
-9.836998955140513772e+02,3.458604404543225428e+02
-7.450875050422127970e+02,3.499308026430026075e+02
-6.930242736149449456e+02,4.355291892069275264e+02
-6.080620261777054338e+02,4.951488358791651763e+02
-1.195705899870440817e+03,4.367317562431967417e+02
-1.193227670437356437e+03,-4.344822713890227419e+02
-6.292751110909098315e+02,5.248900471445241465e+02
-5.334235489487164159e+02,5.276963025236116209e+02
-5.365042477558287146e+02,-1.021035613854391215e+02
-6.695879641165694238e+02,3.459080670735656895e+02
-1.424508574360324701e+03,4.965851636437085403e+02
-1.449350571868032603e+03,5.288637355338480575e+02
-1.172804853883190844e+03,3.143582369277475550e+02
-1.187899754685463449e+03,3.148373376748562578e+02
-1.279532626916207619e+03,-1.641299608685514215e+02
-1.320570806026212722e+03,-1.338908448061747833e+02
-1.029402129905131005e+03,1.654215848644875564e+02
-1.154244682935246146e+03,3.446824059549037429e+02
-1.108459617042367881e+03,-3.144444503294809010e+02
-9.378370046866384655e+02,5.248900476744062189e+02
-9.832292694935695181e+02,1.037937407305381754e+02
-1.301660818286485210e+03,4.357070627351214966e+02
-6.164739322660907419e+02,-7.262395871821318849e+01
-4.836929025663159791e+02,-2.715966987226872789e+03
-1.635267575137516587e+03,4.328378070990581818e+02
-1.483079696615437342e+03,-1.357762649435343292e+02
-4.228500078314277175e+02,-2.777643310109372578e+03
-1.198035792632777429e+03,-1.946608089240843924e+02
-9.822132105367090844e+02,5.855227660535617815e+02
-1.109362366010360120e+03,5.545969119796833411e+02
-2.336835913050149713e+02,1.184455893307445194e+03
-3.362730105219075654e+02,1.154706144230276777e+03
-1.502350716976326112e+03,4.048035900120028714e+02
-8.613279347688710459e+02,4.048078685205391594e+02
-8.018888698061886089e+02,4.362103056642128536e+02
-1.274702563919175873e+03,2.839010192801746371e+02
-9.039399542492533328e+02,4.057288608719003378e+02
-1.383210108059568711e+03,4.363685103749903647e+02
-1.024928385753812108e+03,3.746487922854562953e+02
-1.483954114230550658e+03,4.948226719260547384e+02
-1.070057743650504563e+03,1.948308790443566352e+02
-7.754207627626685735e+02,4.658331877502430984e+02
-9.822617384679480210e+02,4.054767023845308813e+02
-9.085030585056817927e+02,3.774794015663882760e+02
-7.750475701128539185e+02,3.157298665652934346e+02
-6.083603326204204222e+02,6.454777787274838374e+02
-9.460297762791368541e+02,4.954684571724812940e+02
-1.203201529297911975e+03,3.195279976008853282e+02
-1.145666934686272498e+03,-4.525302232493628907e+01
-1.486003691059770063e+03,4.344509161398428319e+02
-4.108268238190435113e+02,4.975862091191652326e+02
-5.285727453826705187e+02,8.557015041537264324e+02
-1.530603472505925765e+03,3.751832701473350085e+02
-4.471220209615153749e+02,1.005917227962574202e+03
-1.284441556455321461e+03,3.457546977884159105e+02
-1.201003073928397953e+03,4.053212204904411351e+02
-5.258110811180808923e+02,4.654113007909636508e+02
-5.279872809439427783e+02,4.653121241952141531e+02
-1.154925675873156024e+03,2.859244375414194224e+02
-1.194300612047617733e+03,3.458705129277437891e+02
-1.242737893848144040e+03,3.176091202472695727e+02
-9.042555973192181682e+02,2.260817857886513877e+02
-8.636293730688023516e+02,1.949958261078102453e+02
-8.632138766371006113e+02,2.257776879672864823e+02
-7.751129496689588905e+02,1.214141897526481898e+03
-6.916538668693627869e+02,1.214623469004617846e+03
-7.763532685057416529e+02,1.274356629622142464e+03
-1.212706802504496636e+03,5.253332176787286016e+02
-1.238726649089230932e+03,4.952716145720502823e+02
-1.200612716130957551e+03,4.975021838049507323e+02
-1.317649656042429342e+03,-1.342704904899068197e+02
-1.317401611551407996e+03,-1.346345285049301594e+02
-1.025891534163683446e+03,5.856836449290101427e+02
-9.906354293364556725e+02,6.470613435090569965e+02
-9.063883720206366661e+02,3.764658767858362580e+02
-9.522123084150714476e+02,4.068039261878267894e+02
-9.882025031493377583e+02,4.066104621690527097e+02
-1.021191254686246793e+03,3.748523976749532949e+02
-1.031150509989576221e+03,3.749028417765632639e+02
-9.235910206706987537e+02,4.063914653279939557e+02
-1.187899754685463449e+03,3.748523976749532949e+02
-1.279433127981597863e+03,3.766122456499572309e+02
-1.194707854906981993e+03,4.057538116696868542e+02
-1.650210042426341488e+03,1.954012528189504110e+02
-1.666171272725678364e+03,2.235684594402304413e+02
-1.696757861457453828e+03,1.947777258098088282e+02
-1.241740731050644854e+03,-4.037155782095335894e+02
-1.358907454838651574e+03,1.486447630062723846e+01
-1.278890299343638617e+03,-1.574773368450879474e+01
-6.291942053273672855e+02,4.971671729529600157e+02
-6.550537545020508787e+02,4.955592105286081619e+02
-6.155514538340626132e+02,4.970929372483348629e+02
-9.828134151522071988e+02,3.752330685469966056e+02
-9.378370046866384655e+02,3.748523976749532949e+02
-9.610640215130251818e+02,3.733387460350279525e+02
-1.029441985665108859e+03,3.155263697645015100e+02
-1.094000500982296899e+03,2.846655217841210401e+02
-1.027837008539375347e+03,2.856714563667584343e+02
-1.784833708387918477e+03,3.159413926664370251e+02
-8.544827546854508000e+02,6.449201676746002931e+02
-9.022914771569877530e+02,5.852648257096254838e+02
-8.678609494969393836e+02,6.179355764817822774e+02
-6.123698036343085960e+02,3.457449691918623671e+02
-6.529173427692024916e+02,3.137220294770753526e+02
5.777903403630629953e+01,1.095946456742802184e+03
9.616305343703616870e+01,1.125418461914587397e+03
-1.187899754685463449e+03,-4.353509123255670374e+02
-1.399843744078834561e+03,4.950499808270578797e+02
-1.437962504685867771e+03,4.648749876750988506e+02
-1.406248626106014626e+03,5.848870107770666209e+02
-8.261473475644077098e+02,5.866418797220895840e+02
-7.711285046858424721e+02,5.548975776744547375e+02
9.967026907067164530e+02,1.065265842589801196e+03
9.741667181390218957e+02,1.064154405620261286e+03
-7.337831490118535385e+02,1.155048431962741688e+03
-6.731537840295584374e+02,1.154823134734070209e+03
-6.116545065904292642e+02,1.155910783541274895e+03
3.877619608503964628e+02,1.186634233504591975e+03
-1.066242116991459852e+03,6.452262132160346937e+02
-1.062312684686664397e+03,6.449201676746002931e+02
-1.034273884486282896e+03,6.468536817358422013e+02
-6.117512225244900037e+02,1.965512755064783903e+02
-6.109240598838796359e+02,2.244748995618525669e+02
-1.486881460345481173e+03,5.536363928903515443e+02
-1.482581979543548186e+03,4.956211177431516148e+02
-1.451313181826932805e+03,5.272925213141945733e+02
-1.195988838296437279e+03,4.049794584665153252e+02
-1.145666934686272498e+03,4.648749876750988506e+02
-1.369889394424974171e+03,-2.528226746906488529e+02
-1.335317286731558397e+03,4.051693385249820949e+02
-1.571803717644338576e+03,3.158954256125078928e+02
-1.048164725059670445e+03,3.750371643724163278e+02
-1.028466117078870639e+03,3.756957998942831978e+02
-1.206597856489911919e+03,-1.619621063209476688e+02
-1.229021184685880826e+03,-1.952906723251788890e+02
-1.275497406908689754e+03,3.438655152492172533e+02
-1.276234456288322008e+03,3.458617530945651311e+02
-4.031665578082029242e+02,-2.805891154403095697e+03
-4.414876117259600505e+02,-2.807040841052220003e+03
-6.923003292418754882e+02,4.945412927723617713e+02
-1.483207195398922750e+03,4.651317385491250889e+02
-1.104545504685855121e+03,3.748523976749532949e+02
-1.062312684686664397e+03,4.048599276750018134e+02
-4.377115046858298797e+02,1.005010527674392733e+03
-4.410455509092839179e+02,9.744256093274751720e+02
-1.312375434685489154e+03,4.648749876750988506e+02
-1.253843157647635735e+03,4.352599422389946540e+02
-6.122557671100245216e+02,3.763840522249799392e+02
-1.204071360967870305e+03,-4.288390995484765966e+01
-1.195045580556357663e+03,-4.480531029644263441e+01
-6.955311533125134247e+02,3.447982965262187918e+02
-6.531400231362746354e+02,3.453824517874949152e+02
-5.621871846858556410e+02,-2.745930722325354509e+03
-1.399770088491605975e+03,2.851342996597156230e+02
-1.400196653969830095e+03,4.357235158215613069e+02
-1.383689119132629230e+03,5.547961653878779771e+02
-1.108612753359464477e+03,3.441008476574055521e+02
-1.195921755042397763e+03,6.465465516482511248e+02
-1.187899754685463449e+03,6.149126376745517746e+02
-1.232911972763759877e+03,4.653499196829629909e+02
-1.215338884047149349e+03,4.647753553744678356e+02
-1.608919646248176605e+03,2.250647365983217867e+02
-9.009098530595047123e+02,3.746659800190084866e+02
-8.956041846858682902e+02,2.848298076748077392e+02
-1.487537321145120359e+03,7.649670900695903697e+01
-4.280258263341283964e+02,-2.776313117542778855e+03
-4.192971239171074558e+02,-2.778442338270791879e+03
-1.545546292593537146e+03,3.162488797136915650e+02
-1.608878371236635076e+03,7.399876716082704320e+01
-4.176470452922732193e+02,1.154751548735044935e+03
-1.204442848629396849e+03,-7.088837412445805342e+01
-1.242417625462235492e+03,-4.225465083408716538e+01
-1.450774781821544593e+03,5.573768037840895886e+02
-1.359839711693519348e+03,5.554408525481214838e+02
-1.567513842757444763e+03,3.754811223176662907e+02
-1.437962504685867771e+03,-1.652831423251303704e+02
-1.202261146991606438e+03,3.183564127847289456e+02
-4.468572635436368614e+02,-2.806574476486126969e+03
-1.369067243808386593e+03,2.878833991415750120e+02
-1.876487546854255584e+02,-2.805945782325451546e+03
-1.035197207109653618e+03,2.586773672561284343e+02
-9.378370046866384655e+02,2.248147476747107021e+02
-1.691587488894528406e+03,1.940762413213890625e+02
-1.692276495776476168e+03,1.949909676184937837e+02
-1.174108441098057028e+03,3.747299832313608476e+02
-1.229021184685880826e+03,3.748523976749532949e+02
-9.453824470416998338e+02,5.572940563219001433e+02
-2.793341851208131743e+02,1.275859317481234484e+03
-1.967301758426380047e+02,1.244775469332985722e+03
-4.410768242131127863e+02,9.153331783612036361e+02
-9.032683293575129255e+02,4.359980856734418921e+02
-9.180325083065741865e+02,4.657802440891795186e+02
-3.820419023724469980e+02,-2.777087689378759478e+03
-6.970275242857875355e+02,9.463353794898811202e+02
-5.709361267556723760e+02,3.773802773697350972e+02
-1.077616132412349998e+03,4.009514269565669906e+02
-1.258787365869792666e+03,3.742213648067987606e+02
-6.044200046866258162e+02,2.248147476747107021e+02
-7.288956846866516344e+02,4.348674576750503320e+02
-3.989729471826457825e+02,-2.806426723260530252e+03
-3.628338219685884383e+02,-2.806515343452873822e+03
-1.149386883779495520e+03,3.747111068987487101e+02
-1.238557790029785565e+03,3.735287657178099607e+02
-1.112847795209898322e+03,3.173075105506458158e+02
-1.131177659990468101e+03,4.360737144948371906e+02
-1.087024619809935984e+03,4.350033905263887846e+02
-1.674221616427725394e+03,4.649235533661591830e+02
-5.673851355610861447e+02,-2.625410226331601280e+03
-6.179029827482077053e+02,-2.594175522453333542e+03
-8.244551669519335064e+02,2.850998660785277252e+02
-7.756338465251477601e+02,5.239962816049321646e+02
-1.200401136797594518e+03,4.680451126946471732e+02
-7.879521992066863731e+02,5.291736109948345756e+02
-1.285598133416615838e+03,4.967603658366911645e+02
-6.954923891901091793e+02,3.740371317084581051e+02
-5.705255844573921422e+02,5.262578888598162621e+02
-6.548252783624931226e+02,9.737297804486570385e+02
-8.019001013456617102e+02,3.458564202194584141e+02
-5.255164787404289655e+02,4.038472319734929101e+02
-8.797292091395968328e+02,4.664325594874990770e+02
-3.781955886865528100e+02,-2.774060132275140404e+03
-1.070605639513403275e+03,4.653524913734992197e+02
-1.161137937939446601e+03,-1.601963029020701867e+02
-1.066957886325292066e+03,3.751009245086823398e+02
-6.096794710711620837e+02,9.148476943184990660e+02
-3.575100824643133706e+02,1.094108059696926603e+03
-4.866693472014815143e+02,1.064505500778946953e+03
-1.271254004686651115e+03,5.849051076745032560e+02
-1.657465470097279422e+03,2.270878594657220617e+02
-6.538717168282327066e+02,3.453568504635433101e+02
-4.694639227259945642e+02,-2.777495960922392896e+03
-4.982249664428158553e+02,8.226263057084621551e+02
-6.761522531055709351e+02,3.470869174065557559e+02
-1.672479975572731746e+03,2.252987287168483306e+02
1.033370079426247457e+03,1.065972344156260306e+03
9.981345436599813183e+02,1.065981616613602682e+03
-1.445906611706891226e+03,-2.841788772420771352e+02
-1.441896437622438725e+03,-2.559004549405904925e+02
-8.673655183393774450e+02,5.274587792166076952e+02
-8.617935186149625224e+02,4.942728918444358328e+02
-8.694497772707843524e+02,5.280273050532131265e+02
-1.404043877896745926e+03,-2.859158196108120364e+02
-1.369806799094211556e+03,-2.818143185053937714e+02
-1.575726551518266888e+03,4.369297921672253437e+02
-8.639379510579136650e+02,-3.455747269791667122e+02
-8.622901224259838955e+02,-3.762659866505211994e+02
4.285496200199547161e+02,1.215621110555683117e+03
3.610869880657538147e+02,1.217531661868681113e+03
-1.364896336434961086e+03,-2.839852702364873380e+02
-1.361432418058675694e+03,-3.156324339424627397e+02
-3.695416393364614578e+02,-2.802814722341296147e+03
-3.808143558236802164e+02,-2.779193703814155924e+03
-1.104545504685855121e+03,4.948825176751473691e+02
-1.115303865834787530e+03,5.866241020734557878e+02
-1.158204421059793731e+03,5.267651055655139771e+02
-1.502056201213462828e+03,-1.056261191968175410e+02
-1.537656693510936520e+03,-1.328638601118011593e+02
-1.688025254686272092e+03,1.948072176746621835e+02
-1.650256631448873122e+03,2.250597086667818587e+02
-1.653624583348058195e+03,2.249066940796230654e+02
-1.654787462666452257e+03,7.519160077711558188e+01
-1.616328620526015584e+03,1.377782040544164488e+02
-1.404718003158951888e+03,-1.634399042523551771e+02
-1.367696175817386120e+03,-1.331778942450630439e+02
-1.073978854738109249e+03,6.741444148604568909e+02
-1.029847617378217365e+03,6.461999738280242127e+02
-9.877291027643577763e+02,6.458880642746144076e+02
-1.148963053045438073e+03,4.943188265305474829e+02
-1.215252701962945594e+03,4.943865487007282695e+02
-1.157282837234502722e+03,4.975296606870913365e+02
-7.875056705303736635e+02,5.274589740355222602e+02
-7.745531661430986787e+02,4.949914717903309338e+02
-7.824850385081758759e+02,4.983036335605108889e+02
-1.070546249748742412e+03,-1.946087544106304108e+02
-1.257927651897227406e+03,-4.648569209872567143e+01
-1.234271670773138112e+03,-4.567077086196349001e+01
-1.235886467575121515e+03,-7.544583723445882129e+01
-1.450645140883654449e+03,4.375635831535837497e+02
-9.914896793864228357e+02,2.568276429405983663e+02
-9.462823592596765820e+02,2.850477682245124811e+02
-8.199967983936198834e+02,-5.246873846576309006e+02
9.966195275177062740e+02,1.064065586559472194e+03
9.793107453138289884e+02,1.035018057674441252e+03
-9.861620525205382819e+02,4.058494188030493888e+02
-1.048602937001073315e+03,4.083331776943227283e+02
-6.168110580400236813e+02,1.035252407626818240e+03
-5.795191186842569095e+02,9.758575389430643554e+02
-1.395729684686676819e+03,-1.524549232488777051e+01
-1.155945897878754295e+03,4.650809685131960123e+02
-1.196154652438821131e+03,4.958898899896759076e+02
-1.562438184685893475e+03,4.948825176751473691e+02
-1.139366364271517341e+03,5.284253617059763428e+02
-1.122512631452654205e+03,5.235277423097181781e+02
-3.954786846866389851e+02,-2.805945782325451546e+03
-4.788329346862473130e+02,-2.775938252325403027e+03
-1.407511965918840133e+03,4.672468892748118492e+02
-1.369019186442417322e+03,4.678790744034689624e+02
-7.802312751888986213e+02,1.247057279004408656e+03
-7.782435337045274082e+02,1.216795168610132805e+03
-6.633186160579970192e+02,4.080637198854530538e+02
-6.586353253919683084e+02,4.058865636975094731e+02
-1.312375434685489154e+03,1.347921576745651464e+02
-1.076089932506852392e+03,3.782100253727862196e+02
-3.153826512685302532e+02,-2.775853172476413874e+03
-3.211743015702592743e+02,-2.806207185959521212e+03
-1.619722863356290190e+03,2.269612490417356980e+02
-1.325563798974191059e+03,3.461933314290657222e+02
-1.399048684208834175e+03,-1.345184117813771536e+02
-8.620158032130516403e+02,4.063994853392210302e+02
-9.049972416290988804e+02,4.036149395997122724e+02
-4.094793773491857678e+02,-2.803175712352359369e+03
-4.225763553175136167e+02,-2.776530900784946880e+03
-6.930327068607307410e+02,7.043205534310436633e+02
-6.967053466566693487e+02,7.040397558240863418e+02
-1.197897198141253057e+03,-1.942282939388767886e+02
-9.708542598868044706e+02,1.692970851739550824e+02
-9.514688420311322261e+02,1.073821034574818611e+02
-8.988241919022525508e+02,1.657434787611148010e+02
-3.954786846866389851e+02,-2.775938252325403027e+03
-4.125876968386352246e+02,-2.772811161572397850e+03
-4.045360260102705183e+02,-2.806329741978753191e+03
-1.071558743584932017e+03,4.654068977411928358e+02
-1.075717755813871918e+03,4.343829665665550124e+02
-1.070103821326590605e+03,4.050204777874611182e+02
-1.145666934686272498e+03,3.148373376748562578e+02
-1.194894611523184039e+03,3.160514829111237418e+02
-9.048867176179111311e+02,3.760718874129347000e+02
-9.378370046866384655e+02,4.048599276750018134e+02
-8.956041846858682902e+02,3.748523976749532949e+02
4.380638153141822499e+02,1.185055707674683845e+03
4.380638153141822499e+02,1.215063237674732363e+03
4.380638153141822499e+02,1.185055707674683845e+03
-1.239615983885410287e+03,-4.018257969873242814e+02
-5.653240675028069973e+02,7.640252208455463006e+02
-6.080644306576824647e+02,7.351283247254852995e+02
-5.282158660607331058e+02,7.671238563638293044e+02
-1.089505876046170442e+03,4.068664320577417470e+02
-1.065871285055417957e+03,3.747674120359921517e+02
-1.075319203078583314e+03,3.751800807304115892e+02
-1.661065812369206242e+03,3.494402042190147881e+02
-1.649580534903824855e+03,3.748078299400202127e+02
-1.145666934686272498e+03,1.047846276745166136e+02
-1.191961028889196086e+03,7.522139582926499202e+01
-1.161518472702874988e+03,8.065371082470224451e+01
-1.354608254686259443e+03,3.448448676749047763e+02
-1.374762825729826545e+03,3.165108610013249404e+02
-6.168905623705697963e+02,-1.042250986831459301e+02
-6.455414346854639689e+02,-1.052680823250333333e+02
-6.122254559598645756e+02,-1.053799186258412988e+02
-1.276160753861415287e+03,3.456482135427075946e+02
-1.288833856203383448e+03,3.476166888607945111e+02
-1.035791317399271520e+03,7.071498563150229302e+02
-9.912398883141361239e+02,6.782240660883919645e+02
-9.954905934669455974e+02,6.469196652966793408e+02
1.062664995313437203e+03,1.065025587674489771e+03
1.059520120257869621e+03,1.035223273884052105e+03
1.005879270080585911e+03,1.068021801958651167e+03
-1.688025254686272092e+03,1.948072176746621835e+02
-1.655204085764800766e+03,2.256572451847980574e+02
-1.067405990807649687e+03,3.459003852021077705e+02
-1.079065764738931648e+03,3.470232125351713535e+02
-1.120265161382191081e+03,3.468090500797184177e+02
-2.330729386442264399e+02,7.959300411977134218e+02
-1.926306548835437411e+02,7.942674919212079203e+02
1.005171817235280287e+03,1.063611691424189985e+03
1.014619452952134793e+03,1.035121568748802019e+03
1.012615599863061334e+03,1.035618225213200049e+03
-4.125433987212724105e+02,-2.772208347059577591e+03
-3.954786846866389851e+02,-2.775938252325403027e+03
-4.155123701621660075e+02,-2.778051229500975751e+03
-4.865371093408772367e+02,8.369240985036726670e+02
-4.828862850527398791e+02,8.558906058107219224e+02
-4.788329346862473130e+02,7.949578176748428859e+02
-1.620441156040569467e+03,4.868026727859554370e+01
-1.618810222764963328e+03,4.641409362417615370e+01
4.267648187983352841e+02,1.187262388368530992e+03
3.917814804732713014e+02,1.214877728982880399e+03
3.877811304020465855e+02,1.215833779935394432e+03
-1.658838069496368462e+03,1.959963357974927192e+02
-1.652839634153526731e+03,2.266612219480193460e+02
-9.827860645881038408e+02,4.058728638134526818e+02
-9.378370046866384655e+02,4.048599276750018134e+02
-9.546612613625882204e+02,4.350873155546998987e+02
-1.275805902313590650e+03,4.356611800019312000e+02
-1.285734671736771816e+03,4.334647818066922014e+02
-1.236570604495135285e+03,4.350987383247357343e+02
-1.279080205682991618e+03,4.040772835021391529e+02
-1.403279180115075178e+03,4.963855964687396636e+02
-1.404168255690743990e+03,4.958367189484062578e+02
-1.405182169519226591e+03,5.042753581666930245e+02
-1.402191828939696961e+03,4.955626535039641567e+02
-1.612545909302915334e+03,1.964101883921379681e+02
-1.645792434685501803e+03,2.248147476747107021e+02
-1.615351169704075573e+03,2.061804815040596282e+02
-1.284137686762788690e+03,1.643928564443681495e+01
-1.276267057111733948e+03,1.379127879839907678e+01
-1.277933319757431263e+03,1.477574233447349883e+01
-1.279457958748859710e+03,1.549404317388220420e+01
-1.722257764815753490e+03,2.273276924906816419e+02
-1.692876609650265436e+03,2.247827971271318859e+02
-1.701625384090987154e+03,1.960865387451539164e+02
-1.698449623829523944e+03,2.257131241136642927e+02
-1.622347552256219160e+03,4.821985979103485676e+01
-1.613152309229862567e+03,7.660272922445227550e+01
-1.614095787380343381e+03,4.527515943086846306e+01
-1.616278142541962552e+03,1.987426252303381489e+02
-1.612855858606242919e+03,2.250962065389317672e+02
-1.654262227769360379e+03,1.943801967300429396e+02
-1.115723970330863494e+03,4.656757342755977334e+02
-1.108701716015130614e+03,4.657332588214819680e+02
-1.117095699382494786e+03,5.276884954989092194e+02
-1.145666934686272498e+03,5.248900476744062189e+02
-4.088693993364358903e+02,-2.771696327253426261e+03
-4.377115046858298797e+02,-2.745930722325354509e+03
-4.034084697539231001e+02,-2.776943136632064579e+03
-3.988529367649584856e+02,-2.775604668685052275e+03
-1.410203684694496360e+03,1.082323728360583743e+02
-1.412339941499625183e+03,1.368163206980626967e+02
-1.610412896438862163e+03,2.243568200248832909e+02
-1.604671004686663764e+03,1.647996876746136650e+02
-1.613336970016459645e+03,1.642066460852310286e+02
-1.037597449859140852e+03,4.032937148406662118e+02
-1.021191254686246793e+03,3.748523976749532949e+02
-1.033128370260307747e+03,4.070594855229549580e+02
-1.021191254686246793e+03,3.748523976749532949e+02
6.881265653145866281e+02,1.755198777674816029e+03
-8.122499346862599623e+02,1.725191247674767510e+03
-7.288956846866516344e+02,1.725191247674767510e+03
-6.877742546862341442e+02,1.695183717674718991e+03
7.714808153141948424e+02,1.695183717674718991e+03
-3.170229510693623638e+02,1.666071994165933802e+03
-3.296824646169274047e+02,1.639711544038165130e+03
5.883263783817678814e+02,1.637882382070441054e+03
7.292479953134246671e+02,1.635168657674621954e+03
-3.302158022760814902e+02,1.607884112022992440e+03
3.924114438807189345e+02,1.605484878770674413e+03
5.214180653137905210e+02,1.605161127674573436e+03
-3.543572546862215518e+02,1.575153597674524917e+03
-2.287701846858429917e+02,1.575153597674524917e+03
-1.042945046858172304e+02,1.575153597674524917e+03
-6.455414346854639689e+02,1.545146067674476399e+03
-4.788329346862473130e+02,1.545146067674476399e+03
4.791852453145997401e+02,1.545146067674476399e+03
-1.920967989697354597e+02,1.455879244395900059e+03
1.294004694206489887e+02,1.430285584722226076e+03
-2.710030046866132238e+02,1.365100887674974956e+03
-6.206168468662637849e+01,1.305085827674877919e+03
-7.467136733704523976e+02,1.068947353261190528e+03
-7.064511152739445379e+02,1.068434817745556302e+03
-5.621871846858556410e+02,1.065025587674489771e+03
-8.956041846858682902e+02,9.750029976751339973e+02
-1.062312684686664397e+03,9.449954676750854787e+02
-9.789584346854766181e+02,9.449954676750854787e+02
-9.789584346854766181e+02,9.149879376750369602e+02
-8.956041846858682902e+02,8.849804076749884416e+02
-9.789584346854766181e+02,8.549728776749399231e+02
-1.062312684686664397e+03,8.249653476748914045e+02
-1.021191254686246793e+03,8.249653476748914045e+02
-9.378370046866384655e+02,8.249653476748914045e+02
-6.877742546862341442e+02,8.249653476748914045e+02
-1.104545504685855121e+03,7.949578176748428859e+02
-1.062312684686664397e+03,7.949578176748428859e+02
-6.224346533526548910e+02,7.989529694467873924e+02
-1.704042704547295898e+03,7.710062903797273748e+02
-1.705533584757985182e+03,7.377182392518880079e+02
-1.645792434685501803e+03,7.349427576747458488e+02
-1.104545504685855121e+03,7.349427576747458488e+02
-5.621871846858556410e+02,7.349427576747458488e+02
-1.024856296362099783e+03,7.052100218617389373e+02
-9.539588663401717668e+02,7.088674878573400520e+02
-8.544827546854508000e+02,6.449201676746002931e+02
-6.877742546862341442e+02,6.449201676746002931e+02
-1.104545504685855121e+03,6.149126376745517746e+02
-1.395729684686676819e+03,5.849051076745032560e+02
-9.136054144435233866e+02,5.883117679463412060e+02
-8.122499346862599623e+02,5.548975776744547375e+02
-7.288956846866516344e+02,5.548975776744547375e+02
-1.271254004686651115e+03,5.248900476744062189e+02
-1.187899754685463449e+03,5.248900476744062189e+02
5.625394953142080112e+02,-5.253735023249229243e+02
-5.210657546854381508e+02,-2.325825302325465145e+03
-5.621871846858556410e+02,-2.415847892325610701e+03
-3.733221903323092192e+02,-2.593604379447150222e+03
2.113179514153335390e+02,-2.742952736982710121e+03
-1.042945046858172304e+02,-2.805945782325451546e+03
2.114997525461645296e+02,-2.802191904247215007e+03
4.261226039113836350e+00,-2.831752140230164059e+03
-1.402013348552041180e+03,-1.047872139608948032e+02
-1.395729684686676819e+03,-1.052680823250333333e+02
-1.409802435148593986e+03,-1.028013214877007755e+02
-1.148875041326683004e+03,-4.561811624721548242e+01
-1.158468734145907547e+03,-4.112252075590733824e+01
-1.200848772516755389e+03,-7.340103187070771185e+01
-1.156493733673086354e+03,-6.744910537395216465e+01
-1.078325692057635251e+03,-4.596953877263928234e+02
-1.119151132630819575e+03,-4.323417275617088080e+02
-5.543076724490357492e+02,9.171294179460794567e+02
-5.522564009480395271e+02,9.187086332338740249e+02
-5.674160637498131337e+02,9.720090165832203866e+02
-5.621871846858556410e+02,9.750029976751339973e+02
-7.758290872858206058e+02,4.650179666673636802e+02
-7.820698621141773401e+02,4.431698876386213897e+02
-7.444693680130375242e+02,4.664708735686791670e+02
-7.867310177653732808e+02,4.972395764897079289e+02
-1.407133858530084126e+03,-1.937965705398062255e+02
-1.412329148621942068e+03,-1.926281375284239061e+02
-1.400457941110397314e+03,-1.961242469618817097e+02
3.728798698986980753e+02,1.638712669521059524e+03
3.379971975043634984e+02,1.607068819330226006e+03
3.704506618899844170e+02,1.605657327484092775e+03
3.958309953134120178e+02,1.635168657674621954e+03
-6.614406073643029913e+02,1.787810414453937256e+03
7.134297322297044275e+02,1.786352485416617355e+03
-3.695406531335705722e+02,1.728245267291760001e+03
7.134593994491909825e+02,1.727249149788081695e+03
5.487426630486721706e+02,1.700735239955647785e+03
-2.853785831750782904e+02,1.638595399363524393e+03
3.377302884636957856e+02,1.637789688160682317e+03
8.397347978361086689e+02,1.638609613237119220e+03
-1.190417714597351591e+02,1.608187253407255184e+03
3.797669889761442619e+02,1.607129029951676785e+03
6.707959187179326364e+02,1.608698106911424247e+03
5.034838876426863408e+02,1.577601627827316634e+03
8.389287836836673478e+02,1.579152049727984831e+03
-1.204837697005857819e+02,1.549510512101953736e+03
5.472001872308139809e+02,1.548677922421221183e+03
9.233666729772384087e+02,1.545595069440620591e+03
-5.368975877089209234e+02,1.489116741688373622e+03
-7.781394094918789506e+01,1.490952486938340144e+03
3.212552516654241686e+00,1.458151250859270249e+03
9.138334754619528155e+01,1.458155007892796220e+03
1.326704698729826077e+02,1.458965454934238096e+03
5.636945806993821861e+00,1.426500380359063001e+03
-3.722513558884436691e+01,1.366315119731350478e+03
-1.213270188384915400e+02,1.338394005686978289e+03
-4.124724674700952960e+02,1.247025128026377615e+03
-7.433133066388240877e+02,1.066122413043810411e+03
-9.532919293109891896e+02,1.008133593696038474e+03
-7.046578089494790902e+02,1.008389944135592714e+03
-1.242839859071774299e+03,8.870126182280437206e+02
-8.265868656579596063e+02,8.602421620355231653e+02
-1.328669701016952331e+03,8.282979725927978052e+02
-1.659387110656282630e+03,8.011970940812558410e+02
-7.428824285840435095e+02,7.701253491071324788e+02
-6.200140598836194386e+02,7.699078814038032306e+02
-1.453153409745593990e+03,6.493927157952639391e+02
-8.697154607740264964e+02,5.895690795445617596e+02
-1.245478544280939559e+03,5.594195256152900129e+02
-1.159687932830181126e+03,5.590262846269496322e+02
-8.687919581123708213e+02,5.293761085217853406e+02
-6.044200046866258162e+02,5.248900476744062189e+02
-6.184491762840739284e+02,4.979064972915488738e+02
-5.770962171169201156e+02,-2.532636827178445856e+03
-4.534966449578289485e+02,-2.531982717999084343e+03
-4.549879398095150691e+02,-2.562336360950124799e+03
-4.097929532932011512e+02,-2.624187703535334549e+03
-1.408719935833873706e+03,-1.646201753657488780e+02
-1.408384232847736712e+03,-1.930298076766935367e+02
-8.671207267413585669e+02,-6.135484761440942520e+02
-9.087554893003059533e+02,-5.822417272775986703e+02
-1.199071691488674560e+03,4.971315322467607416e+02
-1.158335783626321700e+03,4.971583758132421167e+02
-1.184587344181067692e+03,4.962150488678817055e+02
-6.192399707946678973e+02,2.561021598271678954e+02
-5.738283931183908635e+02,2.558666001667033356e+02
-5.747179469161644647e+02,2.869042661873473321e+02
-1.158881483203138941e+03,1.058834505333349512e+02
-1.141391933244248776e+03,1.075722623341981148e+02
-1.158483744946313436e+03,1.077060160783734659e+02
-1.447319623618004471e+03,4.116076581398812095e+02
-1.442287603576083484e+03,4.355795449319503518e+02
-4.520108682283305370e+02,-2.773494221286424363e+03
-4.100545853893524963e+02,-2.770828664119839232e+03
-4.380967095722178328e+02,-2.805226442343117924e+03
-1.407284703348165067e+03,1.367904536418160433e+02
-1.407078546210175773e+03,1.361313580054382157e+02
-5.767899306884202133e+02,1.786211451701120950e+03
6.767303004196024858e+02,1.787398453233394093e+03
-8.689077501224655862e+02,1.757603916485494892e+03
-6.578225068827539417e+02,1.756418437109301067e+03
-5.341825115271317372e+02,1.757568400723272134e+03
4.260569982417355845e+02,1.696525347232087370e+03
7.998718140938016177e+02,1.695961682510518131e+03
-3.675590160799538921e+02,1.607843786260793877e+03
3.414239586085864175e+02,1.606717835869254941e+03
7.994771311621527730e+02,1.607319605487837634e+03
5.510364974811534466e+02,1.576393487048617772e+03
8.858198053450685165e+02,1.575591652686343878e+03
-1.574746137409530320e+02,1.547224930122029491e+03
9.589281430326252575e+00,1.548859595689380967e+03
-7.421567529054739509e+01,1.486978764511793770e+03
-3.374041389161119753e+01,1.426222125639485512e+03
-1.162991454387068302e+02,1.397197186816356862e+03
-2.848357710921821422e+02,1.277644204047031053e+03
-3.240543498778965841e+02,1.248672833763576591e+03
7.579458303053520467e+02,1.066277244547561622e+03
-9.904255949560169938e+02,1.006683559411672604e+03
-1.073594175821647696e+03,9.777859264381049798e+02
-7.001047821225670305e+02,9.769463401924002710e+02
-8.241702054109957771e+02,9.442267086870593857e+02
-6.179938259276340204e+02,9.487126713870159165e+02
5.115724613870939663e+01,8.564857830443044122e+02
-6.573574735849033459e+02,8.277567068573473534e+02
-1.659285592585190443e+03,7.674622074398600944e+02
-1.159551752857174051e+03,7.665821651552030289e+02
-8.667028081469393328e+02,7.673942988491188544e+02
-6.194781554821271357e+02,7.680433928772848731e+02
-1.118267304781133817e+03,7.352796530178998182e+02
-8.655277965717129973e+02,7.373421526563842008e+02
-1.326013092268646915e+03,7.076742725238140110e+02
-7.822585527509050962e+02,6.764978591702871427e+02
-1.240655108941205526e+03,6.468554684728485427e+02
-9.922727602894934762e+02,6.463268137383201974e+02
-6.185085629452527201e+02,5.583237460467714754e+02
-6.992023699036998323e+02,4.947044551559517345e+02
5.083147733609662282e+02,-5.513098919030240950e+02
-5.336791089298111501e+02,-2.294732084455324639e+03
-4.503564633384518174e+02,-2.503594968485433583e+03
-4.503843716890953033e+02,-2.625454107190144441e+03
2.170950799053961191e+02,-2.716181620853287313e+03
-1.591573638854150659e+02,-2.743673246666641262e+03
-1.746656618036186273e+03,2.276054244535816906e+02
-1.696272812676133753e+03,2.551841597560751609e+02
-1.704406066286729356e+03,2.273056509846318818e+02
-1.736636316049923153e+03,2.259098961308052367e+02
-9.048945166714815969e+02,4.030954418145568070e+02
-8.956041846858682902e+02,4.048599276750018134e+02
-9.449356642004725018e+02,4.362115065569900594e+02
-9.036662363979604606e+02,4.056465131342514496e+02
-6.455414346854639689e+02,-7.526055232498481473e+01
-6.121934531545439313e+02,-7.813157828671494087e+01
-6.075820331408102675e+02,-1.343284622515040212e+02
-6.384765013050013067e+02,-1.086351576089905677e+02
-1.363429628249432653e+03,6.147026592893868155e+02
-1.402383263818984005e+03,6.137828046563852240e+02
-1.402246421387594410e+03,5.862456641733367633e+02
-1.358179476433252830e+03,5.844067819110711071e+02
-8.990438132831445728e+02,3.531678898389364463e+02
-9.325913685031870273e+02,3.619204089648000036e+02
-1.027046314557909454e+03,3.466752797275707962e+02
-1.067433727478088031e+03,3.158015327297084696e+02
-6.044200046866258162e+02,1.005010527674392733e+03
-6.433213592959307334e+02,9.660433026960594134e+02
-1.192378606266423731e+03,-1.658887071682309227e+02
1.001992897584859406e+03,1.064577150810783223e+03
1.018136989985775813e+03,1.065950308778205681e+03
-4.018593531083159291e+02,-2.797488243451845392e+03
-4.415254753536978001e+02,-2.805552435588131630e+03
9.743909925413449855e+02,1.064936975088441159e+03
9.755140113616205326e+02,1.095795830569375539e+03
-9.789584346854766181e+02,5.548975776744547375e+02
-9.762179017759398221e+02,5.459166674894540847e+02
-1.503401783027592955e+03,-1.689190740965920554e+02
-1.062312684686664397e+03,3.448448676749047763e+02
-1.029108261285400204e+03,3.996117575695220125e+02
-3.189261712209583948e+02,1.684351925117360452e+03
-3.543572546862215518e+02,1.635168657674621954e+03
-5.486327875546778614e+02,-2.328407056113128419e+03
-5.568242375976500398e+02,-2.358681214248444121e+03
-1.445663483388888835e+03,6.436375648637268796e+02
-1.479083934686285147e+03,6.749276976746488117e+02
-1.145666934686272498e+03,4.948825176751473691e+02
-1.154925908338966337e+03,5.002188977692425169e+02
-8.448607128637738697e+02,3.620787613563111336e+02
-8.338174962735057534e+02,3.511508790741299890e+02
-8.433489382555992506e+02,3.350547540129331878e+02
-5.713099398318245221e+02,7.459880585106549233e+02
-5.691851234186658530e+02,7.563646953938716706e+02
-5.523488557585912986e+02,7.656549324539978443e+02
8.012312856579668505e+02,1.692083298064891551e+03
8.325828389208290901e+02,1.678753042511742933e+03
8.101023911454794870e+02,1.723559848429888234e+03
