date:2016-10-08, time:1600, wind_speed:4.0, wind_dir:179.0, temp:15.5
-51.262144 67.620359
-98.078900 37.459170
29.046139 127.606522
41.043365 133.598682
36.536904 124.675304
-51.432469 16.623384
-80.069176 67.684625
139.148271 151.524378
-97.279642 25.577989
-80.430987 97.539528
-0.527919 154.584311
97.905375 166.493319
77.974387 178.711479
-113.826467 34.544168
-26.432969 112.533143
-16.856054 118.582203
-21.454195 115.609210
-96.704976 25.572900
138.688469 127.634546
-91.318797 187.682656
-106.462216 85.518077
-67.560272 112.595706
-129.937818 58.659042
98.737895 157.659054
82.082927 220.750101
-34.518827 76.401582
-64.083516 70.522113
128.603231 166.815872
-97.035678 151.662425
-88.125544 100.782334
-85.364485 94.704465
132.327244 205.690823
-88.582784 100.490181
-109.415589 97.706855
77.099489 211.540128
149.099274 148.788691
-79.886684 25.533038
-96.976478 166.705749
-117.237998 160.568062
-80.986413 25.590959
36.726934 127.621444
-84.788082 106.615273
-92.649827 106.665795
-84.277204 100.687022
-126.325726 55.801401
-72.532254 82.580599
-22.152385 118.659655
-13.465907 118.598033
-9.499722 115.651842
-13.125860 118.510966
-89.196340 103.634215
-92.554151 103.579978
-96.564666 100.744194
48.689693 112.675716
42.613513 115.578492
-182.080932 82.583514
-9.743048 148.494528
-36.315276 133.602211
-22.937966 133.746041
-92.876893 88.635738
-75.862733 97.668833
-29.274254 145.620844
-92.969959 97.657104
-84.527213 106.698208
-121.442530 37.662063
-123.371139 34.472303
-1.126229 -145.582529
-17.922440 -103.752863
-21.822990 -70.267786
86.952036 178.770523
82.463031 178.534551
78.220097 175.644466
86.381500 178.753674
-83.815260 67.588890
86.624996 172.769524
82.139936 172.698882
30.905576 124.501901
32.488297 127.591994
30.781802 121.558736
-72.255951 76.613552
-75.957970 82.664725
-72.139279 82.717400
32.826294 124.645917
46.994381 169.553967
6.714998 136.519091
-34.539734 -82.232158
-1.334539 13.556381
40.704508 -193.335240
44.677742 187.511211
-109.165205 109.835383
-4.948352 130.656661
-34.298414 67.589232
90.266395 196.617295
-30.112474 67.679439
-13.863921 -199.556159
-75.861563 -166.396343
-34.397718 34.469134
-88.743764 19.618803
-80.174342 22.672146
-92.642059 25.681062
-38.159389 -91.268965
-63.863970 115.570825
40.404036 133.719287
45.011307 130.767484
39.097571 124.543465
44.521494 124.646546
35.353643 130.377145
-63.402228 121.705874
-46.632959 61.682453
28.631453 124.588206
86.470509 178.858697
-79.518520 97.564255
-80.106576 94.696577
-80.434950 52.749107
-105.299877 109.704793
-0.818459 -82.288804
-75.916960 97.830447
-88.475827 103.584041
-21.925489 25.722978
89.876660 178.582227
86.581887 178.787241
89.408528 181.661347
86.174830 181.792050
-55.204388 148.656765
-54.858969 148.636512
-55.072737 148.546634
-60.893901 148.485817
-98.855853 97.499071
-92.987066 100.740642
-92.842268 103.476697
3.353348 -205.404756
-21.833520 124.682967
131.673761 205.667028
131.694882 205.659891
132.398122 208.714059
-58.771612 148.552270
-59.699471 145.752997
39.912667 124.557046
-12.264415 106.598848
-14.851914 103.443964
133.109801 163.681856
128.856739 169.671082
