date:2016-05-03, time:0100, wind_speed:2.69, wind_dir:338.0, temp:4.4
654.095608 -2689.201760
1382.780584 2142.556063
200.161223 1990.837425
-550.865843 -50.026171
-549.710014 -79.789743
-133.468292 -110.043002
-137.588617 -498.808199
862.899313 2262.085607
702.991970 2081.339885
688.126565 1845.221368
-668.855584 41.947522
784.027732 2171.103582
903.512010 2172.377765
702.770613 2051.690640
870.561344 1781.362836
-639.715466 -17.485254
-205.776954 -376.936520
-252.360825 -438.520154
372.888938 -2839.001313
962.367281 2023.246175
745.371961 1781.394573
154.623961 1271.424932
-303.578230 -259.348546
-80.492647 -256.626738
40.104615 -347.811345
-104.294505 -435.350912
-1050.255381 -2510.755988
1237.165860 2323.063097
746.995567 1722.927513
546.417507 1665.064678
-88.726163 -79.311708
-204.028748 -404.001063
438.063815 -465.358442
-92.664943 -589.771921
-422.021137 -950.231614
-1037.208229 -2475.410566
777.085255 -2507.878956
571.668018 -2750.406031
1113.704906 1782.149972
1245.694659 1721.491943
869.169412 1420.916224
-132.973290 -50.118806
575.205774 -440.157503
-463.128095 -1039.788394
-437.711505 -1035.501512
879.091857 2173.104377
844.122900 1779.632063
845.154479 1791.227219
