date:2016-07-16, time:0900, wind_speed:2.06, wind_dir:293.0, temp:25.8
5.249214420479919596e+01 1.089911260832663658e+02
5.266087523573860096e+01 1.150546724322247911e+02
5.295198755955424730e+01 1.132602423175587916e+02
2.713553153149656438e+01 1.215063237674732335e+02
3.958309953134120462e+01 1.185055707674683845e+02
7.719522740139169059e+01 1.024297983154692417e+02
4.791852453130203315e+01 1.095033117675327929e+02
1.097965890337614248e+01 1.204712005575028400e+02
8.195127551799710375e+01 1.211272569047035574e+02
2.327296245112760431e+01 1.209224501778338521e+02
-1.454159346862346958e+01 -2.985990962324952989e+02
2.775194905377351873e+01 1.205350747660029214e+02
1.935253425924262416e+01 1.271957942442101626e+02
2.765378143873588002e+01 1.205277475790323081e+02
4.834057068783951649e+01 1.088186146270750498e+02
2.767860075533336683e+01 1.203698856010195328e+02
6.887497160814120889e+01 1.080238815807426533e+02
2.713553153149656438e+01 1.215063237674732335e+02
4.004556700621083820e+01 1.234544509719891607e+02
-1.471092641212167962e+02 4.120758034776613066e+00
3.565629692281989094e+01 1.180365884179712737e+02
-1.600177468493107256e+02 1.258424222961380146e+01
2.754635255705401775e+01 1.203398407696573997e+02
-4.769939714041474588e+01 8.716498331707501279e+01
1.952846108827837668e+01 1.301846950129105664e+02
3.561807527186412869e+01 1.203518163754293226e+02
3.612844121647493267e+01 1.173813886072591970e+02
3.564228387057400482e+01 1.181646905576162254e+02
-9.788243190539715499e+01 4.222122752293815751e+01
-5.708725829400026264e+00 1.953229557479788809e+02
8.161479550287023699e+01 1.084492412741384584e+02
3.628848866260451445e+01 1.184622463341184471e+02
-1.265109360894174699e+02 3.335139549906370604e+01
-1.265245010576071252e+02 1.172995420284216834e+02
-8.476409217587598732e+01 1.243586677453243112e+02
3.547095653145739647e+01 1.185055707674683845e+02
2.780201597033538619e+01 1.205903081357757571e+02
3.595743077983394187e+01 1.175269267511240940e+02
3.572716921557687897e+01 1.180106181264866336e+02
3.180321509028626181e+01 1.204148940965018966e+02
-8.509359735103689104e+01 1.145436607184630162e+02
-5.166741803877575734e+01 1.382450312468663753e+02
-1.057831338065646634e+02 5.730420395461086258e+01
-8.901074190491493709e+01 4.216041996669270020e+01
-9.694675391784342366e+01 7.643469777333118031e+01
-3.926752904763638696e+01 9.114530428157053166e+01
3.585372917031158835e+01 1.176921354723087774e+02
4.439428263615367598e+01 1.113019124642641344e+02
-5.562482721072798597e+01 1.447675055133184401e+02
-1.227129362559381605e+02 5.176207655115164386e+01
3.547095653145739647e+01 1.185055707674683845e+02
-8.893845086552212820e+01 7.249464958977837625e+01
-8.913909165875824669e+01 7.894340340496333397e+01
5.305989506150260127e+01 1.227334897723240772e+02
-5.568050523943421837e+01 1.475076434137120600e+02
4.892482992887345006e+01 1.213330401641562020e+02
-6.206168468504699831e+00 1.965251487675155602e+02
-8.946933125960241284e+01 7.599346414233721703e+01
-6.426596383609049212e+01 7.588512485379879990e+01
6.566395204294582122e+00 1.236776104562008101e+02
3.623484683337261458e+01 1.207966819412723254e+02
1.084759043429719938e+01 1.211661611738031183e+02
1.140531084567571263e+01 1.276612199012408411e+02
-1.392418046933519804e+01 1.601450716159768035e+02
-3.506709284775493529e+01 8.449709747262802750e+01
2.755839200034630920e+01 1.203078955713603193e+02
-3.959055355020043976e+01 1.506475061602578478e+02
-1.307728457886711908e+02 1.444895300972550842e+02
-1.056404703087580259e+02 1.328618385448104107e+02
-1.060072390683258732e+02 4.912109400455481989e+01
-1.061726457726343398e+02 4.835137597052737135e+01
-6.212886568218770833e+00 1.502166092990866559e+02
-1.062070888678505014e+02 3.653969675897594982e+01
-1.184550909655487771e+02 5.377724158744361915e+01
-1.183868414575404273e+02 1.293171219925183095e+02
4.411045142697243904e+01 1.113024459123188024e+02
4.471488198797086966e+01 1.154153120488711863e+02
-1.176917450241786867e+02 1.255225161508662950e+02
2.763762170384407924e+01 1.199261030973475926e+02
-1.059818152831322777e+02 1.270884581500084352e+02
2.299620249075330136e+01 1.211103654930396942e+02
-1.222964372772876516e+02 1.300479642842900034e+02
-1.816669479384360297e+00 1.954942346047830597e+02
1.123023675558792789e+01 2.053070861575365882e+02
1.077221424392246973e+01 2.016409374079586883e+02
-5.340022981235071242e+00 1.997645067355481956e+02
2.369713970846200279e+00 1.954962511087547909e+02
1.528611356795471998e+01 2.018500887161028174e+02
-8.875185577679570770e+01 1.689426870331718078e+02
-8.483627608764835770e+01 1.719318054385660446e+02
-5.153956669609611652e+01 8.837060140321786150e+01
5.267856194129237934e+01 1.174771607032491971e+02
-1.138429966570838303e+02 1.424110506291011973e+02
2.091108656349500272e+00 1.868753000380734477e+02
-2.132091575740854061e+00 1.833533312054410374e+02
2.332194757107573935e+01 1.207560683529083292e+02
3.555509338655441809e+01 1.210299046717713480e+02
2.713553153149656438e+01 1.215063237674732335e+02
4.408615540656865761e+01 1.840697486844436810e+02
1.496382705305006056e+01 1.712956047452719872e+02
4.440510157945350755e+01 1.825070524692770277e+02
1.069105308054796488e+01 1.811954412905479330e+02
-9.789584346854765329e+01 1.665176187674670416e+02
2.671348104429861703e+00 1.992317090852730246e+02
6.657838537134426637e+00 1.953504652155755537e+02
-1.392154835171318439e+00 1.832601357662692863e+02
-3.884643230580307716e+01 1.631902856306953993e+02
2.308580409556970992e+01 1.741201934552461523e+02
-1.810602723954326532e+00 1.807775448506472742e+02
-9.996083176860450337e+00 1.476480284122233968e+02
6.819319191652402523e+00 1.871485954274368453e+02
-9.723665656105261235e+01 1.526847724358636356e+02
2.355213804395616606e+01 1.239210732690789740e+02
1.563024082884015087e+01 1.271327840646203668e+02
2.730439281249815053e+01 1.743421035259102894e+02
-1.143753929478440199e+02 1.563769597157842668e+02
1.103082516472906782e+01 1.809837106907055784e+02
-9.728869176231954441e+01 1.296064781861362007e+02
-1.054040409201108162e+02 1.331954217788657786e+02
-1.012954033227958348e+02 1.298689608951528953e+02
2.221496422795608883e+00 1.804810868912016701e+02
-3.895854491964774979e+01 1.630824677312490962e+02
-1.683350418372865818e+02 1.875351281942964832e+01
-1.350993777173339128e+00 1.977764713169955826e+02
2.779079686958682682e+00 1.930902259398885974e+02
-3.105533131912083888e+01 1.480747036433137112e+02
-2.259376217132049902e+01 1.570819100689642482e+02
-2.645115593223298944e+01 1.501554072180939556e+02
-1.178649838207958425e+02 1.610753374294031914e+02
-6.004505728177073820e+01 1.656608086113224942e+02
1.095792332816376735e+01 1.871228081024081575e+02
-1.058468594185275293e+02 1.656870342800539504e+02
-2.387515932458464274e+00 1.774483708607498329e+02
-1.099257680852341252e+02 1.624826437183408814e+02
-1.525700307113788678e+00 1.833989336697210888e+02
-1.142863412176627662e+02 1.691257650357855198e+02
-1.099935520229206105e+02 1.718057100236076167e+02
-1.186384828362539423e+02 1.655570293408337079e+02
4.398562836984919500e+01 1.115138482633393409e+02
2.356192970026430444e+01 1.839366599086806673e+02
1.130545182991563635e+01 1.813802800526016767e+02
2.982163824137864960e+00 1.839054243732808231e+02
-1.060707563699928073e+02 1.659294850029734505e+02
-9.742068695558111813e+01 7.485156551836668370e+01
-1.305803026578364552e+02 4.556517543969702189e+01
-1.012665302597296346e+02 6.713093992406948018e+01
3.601866254590891714e+01 1.175654628057391164e+02
1.457682453130077072e+01 1.755198777674816029e+02
3.177909716489820724e+01 1.204158835120889819e+02
3.150146296057743456e+01 1.961653976552762231e+02
4.408463851582687454e+01 1.960277136836128875e+02
2.713553153149656438e+01 1.215063237674732335e+02
2.713553153149656438e+01 1.215063237674732335e+02
2.713553153149656438e+01 1.215063237674732335e+02
2.713553153149656438e+01 1.215063237674732335e+02
