5.137228402675032157e+02,1.112909979419297088e+03
-1.401231057579127310e+03,9.054306685776422228e+02
6.047723153133988490e+02,1.125040647674586808e+03
-1.199025902633842406e+03,-2.156281399687269413e+02
-1.062523583850475461e+03,6.317756070656600969e+02
-1.062312684686664397e+03,5.849051076745032560e+02
-1.157610008862177665e+03,-2.786826151093912358e+02
-1.150859421968995548e+03,4.219468014172874746e+02
-1.281507758589719742e+03,3.849482742230056260e+02
-1.187899754685463449e+03,8.249653476748914045e+02
-1.312375434685489154e+03,6.149126376745517746e+02
-1.030358262962513436e+03,-2.957424732354153889e+02
-1.114532333977146664e+03,6.797907650575270964e+02
-1.237838945671167494e+03,5.666139100534501267e+02
-4.403728603623531512e+02,9.420923649069659405e+02
-1.398041273814659689e+03,-2.514409696143954420e+01
-8.173133691543673649e+02,1.084859479629335965e+03
-1.363162204913616733e+03,-9.273602912831620415e+01
-9.789584346854766181e+02,-1.352756123250818518e+02
-2.710030046866132238e+02,9.750029976751339973e+02
-1.572784812603340015e+03,6.244943372634638763e+02
5.569435551017668331e+02,1.146539715049554843e+03
-1.729146684686689468e+03,2.848298076748077392e+02
-1.573134507594902516e+03,1.549730280870604417e+02
-1.153942337812085952e+03,9.242606336073983186e+01
-1.230489083831464541e+03,4.528051837048635662e+02
-8.642203333494015851e+02,-2.541340298239743589e+01
-9.422998557122759848e+02,7.841487509792330002e+02
-1.144239309402085638e+02,8.039085356567534291e+02
-9.009848934472771589e+02,8.770368859667325978e+02
-1.479083934686285147e+03,7.477709767446809508e+01
-1.281159112221311489e+03,-3.251768191433615129e+02
-8.227092904077694584e+02,8.606854767434475662e+02
-1.104545504685855121e+03,4.948825176751473691e+02
-1.448109702558819208e+03,-1.746427280050974673e+02
-1.406512074121379783e+03,1.550854291915947556e+02
-6.877742546862341442e+02,6.149126376745517746e+02
-1.317208578533640321e+03,-2.061271934251906259e+02
-4.900921353132603144e+02,-2.706099946774125783e+03
-1.108427685043819793e+03,8.734014612015794228e+02
-1.359244996281757722e+03,-2.011198184793867085e+02
-1.531082410725337468e+03,1.527378340570425337e+02
-4.377115046858298797e+02,4.476956767441957652e+01
6.838516544310637073e+02,1.115060272079762854e+03
-6.455414346854639689e+02,-2.535878012325014879e+03
-9.869433844732734542e+02,8.420553715541255997e+02
-8.197532768952385140e+02,1.084396109906845595e+03
-1.361907182058393573e+03,3.611624482417229132e+01
-1.362358745648685954e+03,-2.979957927607068200e+02
-1.187899754685463449e+03,1.047846276745166136e+02
-6.537225921541720481e+02,8.445287373522728558e+02
6.020652256039088570e+02,1.110239337320551613e+03
-6.877742546862341442e+02,5.849051076745032560e+02
-5.639141424081321929e+02,-2.673005769599504220e+03
-1.069688643710151837e+03,1.256450141733627390e+02
-6.044200046866258162e+02,9.750029976751339973e+02
3.958309953134120178e+02,1.215063237674732363e+03
-9.830632957943026895e+02,-1.207599522022921121e+02
-1.316239605126432252e+03,3.374034911435962272e+02
-2.548500776893985176e+01,-2.958699705022218950e+03
3.437928527730884412e+02,1.233950485303543246e+03
-1.069243483952135648e+03,2.396691797364962042e+02
-7.288956846866516344e+02,7.649502876747943674e+02
3.124767453138036899e+02,1.245070767674780882e+03
6.398202495519233253e+02,1.087068363754380243e+03
-6.044200046866258162e+02,-2.685915662325257472e+03
-6.533467294594997838e+02,7.835457931313435438e+02
-7.288956846866516344e+02,9.149879376750369602e+02
-6.074670386134683895e+02,2.761758873237158696e+02
-9.789584346854766181e+02,3.148373376748562578e+02
-1.190420892289746234e+03,2.122348379949689843e+02
9.526949981472854745e+01,9.953468368218357227e+02
-4.377115046858298797e+02,8.849804076749884416e+02
2.129256531456131540e+01,1.095033117674538289e+03
-7.797583618658143223e+02,6.966352322072235665e+02
-9.458135728854372246e+02,9.570899254027588654e+01
-1.698748000567292138e+03,2.342773546877243405e+02
-9.065625452963913631e+02,-1.599136185114791999e+02
5.150654112381199639e+02,-2.814753625155395639e+03
-1.073255380255914133e+03,3.343156315215006771e+02
-8.184398787459916775e+02,9.371428934990632342e+02
-1.696316528463388295e+03,2.118083497539635687e+02
-1.154673680695276744e+03,4.241506260539862296e+02
-1.486326147452649138e+03,6.346600517170199964e+02
-4.377115046858298797e+02,7.049352276746973303e+02
-3.121244346854513196e+02,-1.352756123250818518e+02
-1.145666934686272498e+03,7.349427576747458488e+02
-1.562438184685893475e+03,1.047846276745166136e+02
-1.199945754139671180e+03,5.018681673668443750e+02
-7.288956846866516344e+02,7.349427576747458488e+02
-1.062312684686664397e+03,-1.352756123250818518e+02
-1.490124562577671895e+03,3.202232096709361713e+02
-1.315036231714710084e+03,3.336592907837602411e+02
-6.962377616063779442e+02,8.719308488798446888e+02
-7.711285046858424721e+02,9.449954676750854787e+02
-6.940329050690021404e+02,-2.521497425238202595e+03
-8.215117419365260503e+02,1.162171124051153129e+03
-9.378370046866384655e+02,9.149879376750369602e+02
6.857056325094014255e+02,1.113695667496048827e+03
-1.406078224432778143e+03,-1.595436961570678136e+02
-1.030291944439620011e+03,2.749353054411637913e+02
-4.894399249634651028e+02,-2.708401341468159899e+03
-6.044200046866258162e+02,8.549728776749399231e+02
-5.701101941458241527e+02,7.275345129955305765e+02
-8.122499346862599623e+02,8.549728776749399231e+02
-1.026569386180327911e+03,3.602599212492979177e+02
-1.145666934686272498e+03,-1.524549232488777051e+01
-1.238135524311447625e+03,4.830548722479467187e+02
-1.154720137542639577e+03,1.767733234619467453e+02
-4.818122144494047916e+02,8.178788540136752090e+02
-6.145498089056474100e+02,7.462184689179114230e+02
-1.229021184685880826e+03,-1.524549232488777051e+01
-1.033614264968708994e+03,2.249158672681829785e+01
3.910334372477247484e+02,1.238188753980889260e+03
-4.472451118370563563e+02,7.133216880325593365e+02
-1.236051664873202299e+03,-2.453694730903741572e+01
-1.073736577674437285e+03,8.161745787833674513e+02
-1.155263949201038486e+03,7.832873772257685232e+02
-1.486883486830819720e+03,-8.377493086047348925e+01
-6.157247668640752636e+02,9.549870184618358735e+02
-7.320913637814140884e+02,6.310015410696159961e+02
-5.247607637009174368e+02,-2.542379818695736503e+03
-1.363272164604368527e+03,-2.671057166135263401e+02
-9.378370046866384655e+02,4.048599276750018134e+02
7.648498391654892430e+02,1.055455656314230509e+03
5.625394953142080112e+02,1.125040647674586808e+03
-7.379530358261309857e+02,3.040871815441661283e+02
-6.044200046866258162e+02,2.848298076748077392e+02
-1.104545504685855121e+03,4.648749876750988506e+02
-1.199214245096208970e+03,-3.091316173432415439e+02
-1.318074040336605549e+03,9.740353674415359819e+01
-7.711285046858424721e+02,7.349427576747458488e+02
-1.361585870864608296e+03,4.537987008175088590e+02
-1.970599027984704605e+02,9.022989960569428831e+02
-1.187899754685463449e+03,-3.753358523254700003e+02
-1.365521568343155877e+03,-2.650306071302261444e+02
-6.877299852440979748e+02,9.601669747558263452e+02
-1.479083934686285147e+03,2.848298076748077392e+02
-7.785934451454057807e+02,8.729713858225537706e+02
-1.145666934686272498e+03,1.476203767437105796e+01
-1.604671004686663764e+03,1.047846276745166136e+02
-1.062312684686664397e+03,3.448448676749047763e+02
-9.491492780945727645e+02,3.530069466084837586e+02
-1.271254004686651115e+03,1.095033117674538289e+03
-1.104545504685855121e+03,-2.252982023252274075e+02
-6.109653729616424016e+02,1.086854651065339340e+03
-8.648801889874714561e+02,8.621805114544795288e+02
-5.309936418273650816e+02,8.745421036872385230e+02
5.514069725941482147e+02,1.435398813643913627e+03
-5.283829096510879708e+02,1.442117163850840370e+03
-1.126816379559790278e+02,1.288361684109478574e+03
-9.839675963137981398e+02,7.000371775443479692e+02
-5.210657546854381508e+02,7.649502876747943674e+02
-1.522757948982329481e+03,6.301040289843722348e+02
-6.877742546862341442e+02,3.748523976749532949e+02
-7.785952377687619901e+02,4.224720138611211269e+02
-3.612185618380553933e+02,3.659191517395080950e+02
-5.264156759840528821e+02,-2.363653491628996562e+03
2.230665825644400400e+02,-2.849779552195956512e+03
-1.152342700610232896e+03,8.112625688819524612e+02
-1.021191254686246793e+03,4.476956767441957652e+01
-3.543572546862215518e+02,1.335093357674926438e+03
5.569477460581524042e+01,1.325542395938897471e+03
-6.074960880504997931e+02,6.372821890761449595e+02
-8.628199802746877367e+02,6.963882279410024694e+02
-7.407173518463557684e+02,5.629844663639315741e+02
-3.121244346854513196e+02,-2.625900602325160435e+03
6.047723153133988490e+02,1.125040647674586808e+03
5.517417954406704439e+02,1.145307688011637993e+03
-1.229021184685880826e+03,4.048599276750018134e+02
-1.315466807900977074e+03,6.371328618900088259e+02
-1.104545504685855121e+03,-1.952906723251788890e+02
-1.271254004686651115e+03,2.848298076748077392e+02
-4.008925092030983137e+02,7.897474093973614799e+02
-1.521316754685476099e+03,7.649502876747943674e+02
-8.205149477963695972e+02,4.776048348987656027e+02
-6.958194453019175398e+02,6.057715602930788918e+02
-1.240651851453786094e+03,8.030620182963809839e+02
-6.555331419919491509e+02,8.738431680744185996e+02
-2.179927194837360105e+01,1.295004025772529531e+03
-6.525337873321984716e+02,8.197398369432030449e+02
-1.066914822785726983e+03,2.165198509984584234e+02
-7.398961912215920620e+02,8.301639326467845876e+02
-1.696539623684673643e+03,2.467362510323074218e+02
-1.276822402816189424e+03,5.138756151781915378e+02
-6.877742546862341442e+02,6.749276976746488117e+02
-1.319177397830464770e+03,-2.965499279018260950e+02
-4.840030972184580378e+02,8.470235579530580026e+02
-7.399245769067287029e+02,8.142397148590507641e+02
-1.972218358509637142e+02,1.133465759365786425e+03
-9.378370046866384655e+02,-1.652831423251303704e+02
-9.789584346854766181e+02,3.148373376748562578e+02
8.024172835502022281e+02,1.505486752316034654e+03
-7.711285046858424721e+02,4.048599276750018134e+02
-9.414604914626703476e+02,4.554649437967639756e+02
-6.455414346854639689e+02,8.249653476748914045e+02
-4.819782817790669469e+02,8.764980283035592947e+02
-2.094025468620891672e+01,1.455123477675120512e+03
-7.224680423269609264e+01,1.161927334757016297e+03
-6.088750089708876203e+02,6.964255824934435850e+02
-1.271254004686651115e+03,7.049352276746973303e+02
-9.893407160839389007e+02,1.444792211055709572e+02
-1.615945103561133237e+03,4.556321963359581559e+02
-6.455414346854639689e+02,6.149126376745517746e+02
-1.062312684686664397e+03,8.249653476748914045e+02
-8.122499346862599623e+02,8.549728776749399231e+02
-8.650229147979858908e+02,8.356347953942793083e+02
-8.956041846858682902e+02,7.649502876747943674e+02
-8.177378115018208291e+02,3.024923017686710978e+02
-1.021191254686246793e+03,6.449201676746002931e+02
-9.789584346854766181e+02,6.749276976746488117e+02
-5.621871846858556410e+02,5.248900476744062189e+02
-5.269458663412458463e+02,6.089218530080402161e+02
-4.377115046858298797e+02,1.605161127674573436e+03
-1.534509128575075465e+02,1.293178245805820552e+03
5.327028591459513507e+01,1.232773641962391821e+03
-3.219261504766103599e+02,1.114153794306506825e+03
-1.064024424984543202e+03,6.414599262699003930e+02
-8.544827546854508000e+02,5.548975776744547375e+02
-2.094025468620891672e+01,-2.985990962324952761e+03
-1.521316754685476099e+03,1.047846276745166136e+02
-1.317115022961435443e+03,-2.687076350326300371e+02
1.024668773781255879e+02,1.058976286419444932e+03
-5.210657546854381508e+02,7.949578176748428859e+02
-4.377115046858298797e+02,8.249653476748914045e+02
-1.028707322509398182e+03,4.551111332776442282e+02
-9.459897493569903872e+02,4.530501592296014906e+02
-5.274180441627730715e+02,1.443516348622497389e+03
-5.210657546854381508e+02,1.425115947675071993e+03
4.293401338636346054e+02,1.472238697464048755e+03
-3.600062930065246860e+02,1.447257465595519079e+03
1.061164223765281122e+03,1.421183523562242726e+03
-6.877742546862341442e+02,8.849804076749884416e+02
-1.238315422154911857e+03,5.789087260020813801e+02
-5.713139445018969127e+02,5.448975557202106756e+02
-6.101163160653348996e+02,4.920828755896844768e+02
-8.164266746569993529e+02,-3.235467440476682555e+02
-2.094025468620891672e+01,-2.955983432324904243e+03
-1.521316754685476099e+03,-1.524549232488777051e+01
-4.377115046858298797e+02,-2.595893072325111916e+03
-1.358847195307745096e+03,-2.028787826142881556e+02
-9.857998429689559998e+02,4.847577132336346608e+02
-1.115248245112469704e+03,3.260643206163470040e+02
-1.196839473058301337e+03,4.557014255965107736e+02
-6.887373412981179399e+02,1.593167882948074976e+03
-5.706359880518966747e+02,1.563158672092667757e+03
4.357852096160401629e+02,1.592276101269509354e+03
7.647861529434261456e+02,1.321659181795265567e+03
-3.121244346854513196e+02,1.395108417675023475e+03
8.883108307821416929e+02,1.383189727728221214e+03
-2.710030046866132238e+02,1.275078297674829400e+03
-6.988611170735241274e+01,1.205388400934069068e+03
-5.210657546854381508e+02,6.149126376745517746e+02
-6.963654547847141885e+02,5.141998023498474595e+02
-1.983759201586444192e+02,-2.785300654025230870e+03
-8.595743197909066566e+02,3.024698069418142410e+01
3.861611436462278562e+02,1.224410555980313347e+03
-8.956041846858682902e+02,7.349427576747458488e+02
-1.229021184685880826e+03,6.449201676746002931e+02
-1.354608254686259443e+03,7.049352276746973303e+02
-1.359678664791761776e+03,7.289980102458703186e+02
-1.479083934686285147e+03,4.048599276750018134e+02
-1.149970702511970103e+03,4.506920476302196334e+02
5.179300186438019864e+02,1.534229517156076099e+03
-9.480689883264097944e+02,7.283066474814736466e+02
-1.194316549896809192e+03,5.466989039050486099e+02
-3.954786846866389851e+02,-2.355832832325513664e+03
-3.587571583949172123e+02,-2.634455607986749328e+03
-6.370028687171709691e+01,-2.816774800443291497e+03
-4.489211987834285651e+02,8.141794542320543542e+02
-3.121244346854513196e+02,7.649502876747943674e+02
-9.378370046866384655e+02,4.348674576750503320e+02
-1.229021184685880826e+03,6.149126376745517746e+02
-9.452464285634750922e+02,3.952816521523163829e+02
-4.377115046858298797e+02,-2.505870482324966360e+03
-4.411533439399677832e+02,1.748969632308400378e+03
-3.954786846866389851e+02,1.545146067674476399e+03
4.733340312794828151e+02,1.482982844897324412e+03
5.520069680681225464e+02,1.552068168760243680e+03
2.129256531456131540e+01,1.395108417675023475e+03
-6.206168468662637849e+01,1.215063237674732363e+03
-6.146502239502553948e+02,7.467663319439167253e+02
-6.877742546862341442e+02,7.349427576747458488e+02
-2.094025468620891672e+01,7.349427576747458488e+02
2.676608749142570787e+02,-2.842039400140491125e+03
-1.150443418886345626e+03,3.286338521651509836e+02
-3.126116175489643183e+02,1.142618345865168521e+03
-8.122499346862599623e+02,-2.553057323252759261e+02
-4.867830420695065072e+02,-2.458518814484277755e+03
-1.572202254274687675e+03,5.009214370869912045e+02
-1.319823730278425501e+03,1.576067272403720949e+02
-2.740074096987848975e+02,1.446486389098454765e+03
-1.615137745461975555e+03,8.635887869307767062e+01
-9.864935914581899397e+02,7.833601335826243712e+02
-8.122499346862599623e+02,3.448448676749047763e+02
-4.888633946219872541e+02,8.918436939244378436e+02
8.126022453146123325e+02,1.455123477675120512e+03
-1.187899754685463449e+03,-2.252982023252274075e+02
-4.377115046858298797e+02,-2.655908132325208953e+03
-5.678016349260529978e+02,-2.569871065587356043e+03
-1.315899937701774206e+03,-3.279517002030430604e+02
8.126022453146123325e+02,1.425115947675071993e+03
-1.403613064457567361e+03,4.262549558387731281e+02
-9.866191032755875767e+02,5.436284142145927945e+02
-2.953866320219088948e+01,1.201749162060538538e+03
-1.236545710579515799e+03,7.534788833104119021e+02
-1.187899754685463449e+03,9.149879376750369602e+02
6.805507807050519204e+02,1.085625796719499476e+03
-9.445293694919923837e+02,3.329065608643971927e+02
-9.393388244788980046e+02,6.412131946970924901e+02
-5.210657546854381508e+02,-2.715923192325305990e+03
-4.377115046858298797e+02,9.449954676750854787e+02
-6.044200046866258162e+02,1.005010527674392733e+03
-1.067157503760086684e+03,6.986520335430590194e+02
-4.377115046858298797e+02,1.005010527674392733e+03
-7.789695201451003186e+02,8.470286788121691188e+02
-7.382555914238118930e+02,3.638832594775163329e+02
-1.021191254686246793e+03,9.149879376750369602e+02
-1.023011516887708012e+03,6.687984658964744540e+02
-1.029265818417135961e+03,6.336084888361808964e+01
-1.363059038861964154e+03,4.769561122144680212e+02
-5.312694711504441329e+02,9.634890044270507587e+02
-8.544827546854508000e+02,7.949578176748428859e+02
-1.284143483467108581e+03,6.238626152991008667e+02
-1.395729684686676819e+03,6.749276976746488117e+02
-4.912039840398488195e+02,6.502089350859030219e+02
-4.788329346862473130e+02,-2.625900602325160435e+03
-9.475154704449568044e+02,4.226902005606947910e+02
-1.365370235845641446e+03,8.585976874606348019e+01
-9.378370046866384655e+02,2.548222776747592206e+02
-6.160909993023010429e+02,7.747086507908377371e+02
-8.190496395623789567e+02,9.346048244164525158e+02
-1.395729684686676819e+03,-1.052680823250333333e+02
-4.887324661117766027e+02,7.555535250997555750e+02
-6.976784470364129902e+02,1.505544170025536005e+03
-6.095907355698507217e+02,1.595757694458615788e+03
4.380638153141822499e+02,-5.253735023249229243e+02
-1.688025254686272092e+03,8.249653476748914045e+02
-8.580046158630287891e+02,9.982802995216411546e+02
-8.122499346862599623e+02,-2.553057323252759261e+02
-9.378370046866384655e+02,3.148373376748562578e+02
8.082097502430236773e+02,1.567140235494272474e+03
-3.954786846866389851e+02,-2.715923192325305990e+03
-3.543572546862215518e+02,-2.715923192325305990e+03
-8.544827546854508000e+02,4.948825176751473691e+02
-1.614845251319959743e+03,6.239318799203964545e+02
-1.521316754685476099e+03,6.749276976746488117e+02
-3.577515767587382243e+02,-2.748744189392840326e+03
-9.008738941089884520e+02,9.050120389462648518e+01
-6.453249638221511759e+02,7.508305279717678786e+02
-1.115854252118056365e+03,6.233767704588391325e+02
-6.044200046866258162e+02,-2.685915662325257472e+03
-9.378370046866384655e+02,8.849804076749884416e+02
-1.187899754685463449e+03,4.048599276750018134e+02
-1.645792434685501803e+03,2.248147476747107021e+02
-6.044200046866258162e+02,9.449954676750854787e+02
-1.074754817467882276e+03,-1.749710790428203211e+02
-4.833210423558539333e+02,6.703285868580782108e+02
-6.961130720316764382e+02,9.937923197770911656e+02
-7.839747282563147337e+02,9.241942910676602878e+02
-4.887518545260355154e+02,1.653248069264879177e+03
-2.287701846858429917e+02,1.305085827674877919e+03
7.685392826900105092e+02,1.474769531621630222e+03
-6.541158586724033057e+02,9.651352479306441410e+02
-9.022174182150132538e+02,3.045573333541688612e+02
-1.145666934686272498e+03,6.149126376745517746e+02
-1.111649538693043041e+03,6.059297357087230012e+02
-4.788329346862473130e+02,1.245070767674780882e+03
-3.595182154462497692e+02,1.058326686283637855e+03
-1.114187027340801706e+03,1.266819309066202095e+02
-1.658838448936139685e+03,2.298396377501022698e+02
9.793107453138289884e+02,1.395108417675023475e+03
-5.238699287762740369e+02,8.215309136606136917e+02
-1.362103358352282385e+03,1.283957249080860947e+02
-3.209550471867814281e+02,1.028516202080757012e+03
-4.820387493317167014e+02,1.060386671820525407e+03
-6.124576903214317554e+02,2.748220086401199183e+02
-5.257729610732325227e+02,-2.390883597587220720e+03
-1.562438184685893475e+03,5.849051076745032560e+02
-7.711285046858424721e+02,8.849804076749884416e+02
-6.548854876327841339e+02,5.428842503676785327e+02
-6.111026992803733719e+02,9.911942241095157442e+02
-2.710030046866132238e+02,-2.805945782325451546e+03
-7.401716549450084131e+02,4.436849234694427651e+02
-1.352252407664568409e+03,-2.732337196955147647e+02
-9.789584346854766181e+02,4.048599276750018134e+02
-1.079408815056954580e+02,-2.815862525340281081e+03
-1.042945046858172304e+02,-2.865960842325548583e+03
-1.152578529734278163e+03,3.084160216788439470e+02
-1.187899754685463449e+03,4.648749876750988506e+02
-9.362910197624070179e+02,5.417001354630364176e+02
-1.021191254686246793e+03,4.348674576750503320e+02
-1.358588793579476260e+03,-2.323888617588224861e+02
5.535067066826870814e+02,-4.749162755239124181e+02
-3.984733213145116224e+02,9.306114809416332037e+02
9.793107453138289884e+02,1.425115947675071993e+03
-5.753171878933762855e+02,-2.617117842949882288e+03
-2.287701846858429917e+02,1.275078297674829400e+03
-9.789584346854766181e+02,5.248900476744062189e+02
-1.062312684686664397e+03,4.948825176751473691e+02
-4.807621473971671548e+02,2.737286381531025654e+02
-8.122499346862599623e+02,8.549728776749399231e+02
-7.756419687056891235e+02,6.657404509190660065e+02
-1.271254004686651115e+03,2.548222776747592206e+02
-6.983810479942112579e+02,6.858308273981057255e+02
-8.956041846858682902e+02,-1.952906723251788890e+02
-2.710030046866132238e+02,9.750029976751339973e+02
-9.455562398479273725e+02,2.705217990616306452e+02
-9.378370046866384655e+02,1.948072176746621835e+02
-9.069755349090185064e+02,-9.577330524244089816e+01
-3.946767847532383371e+02,1.320918431505382387e+03
-8.957711236770323922e+02,-1.478825851596388645e+02
-6.058267251431008162e+02,7.209624616743374190e+02
-4.764642300963279240e+02,-2.280141586614775861e+03
-1.062312684686664397e+03,9.750029976751339973e+02
-1.024228403138281692e+03,-1.814985031354082992e+02
-1.031448048363914950e+03,4.742806969176742200e+02
-1.521316754685476099e+03,6.449201676746002931e+02
-9.003077032114608755e+02,8.706422562925313287e+02
-9.057428609135458828e+02,9.547755579412955740e+02
-8.956041846858682902e+02,8.549728776749399231e+02
-1.112767513547911221e+03,2.413058164398078702e+02
-9.478637363864811505e+02,3.941438804538948943e+02
-6.988648546561933017e+02,8.948783860715041101e+02
-1.195471200807130344e+03,5.976033399846736529e+02
-1.062312684686664397e+03,3.748523976749532949e+02
-1.104545504685855121e+03,8.549728776749399231e+02
-6.064091557235871051e+02,6.333634471267267827e+02
-1.395729684686676819e+03,3.748523976749532949e+02
-8.544827546854508000e+02,5.548975776744547375e+02
-8.956041846858682902e+02,2.848298076748077392e+02
-6.455414346854639689e+02,1.005010527674392733e+03
-5.210657546854381508e+02,-2.715923192325305990e+03
-1.113340478833472844e+03,2.715289240823381078e+02
-1.437962504685867771e+03,7.049352276746973303e+02
-1.026898025319107319e+03,3.947052244444905682e+02
-1.187899754685463449e+03,-1.952906723251788890e+02
-9.378370046866384655e+02,9.149879376750369602e+02
-6.944115173856025649e+02,6.321620873347121687e+02
-8.215580870727492311e+02,6.639462000273300646e+02
-5.621871846858556410e+02,2.548222776747592206e+02
-6.044200046866258162e+02,9.149879376750369602e+02
-8.236731041789241772e+02,5.028233894874881571e+02
-9.789584346854766181e+02,6.749276976746488117e+02
-6.093224337527693706e+02,8.179061360508414964e+02
-1.442285086036176153e+03,7.293832186519069865e+02
-2.094025468620891672e+01,1.335093357674926438e+03
-1.278336163362275101e+03,7.842123143034066288e+02
-1.062312684686664397e+03,1.035018057674441252e+03
-9.477205933937472082e+02,8.756257727698908866e+02
-5.210657546854381508e+02,8.849804076749884416e+02
-1.876487546854255584e+02,1.215063237674732363e+03
-6.580646776857272471e+02,8.626478719816635703e+02
-3.633661923932075979e+02,1.026149555322924243e+03
-1.265485416157934424e+03,-1.844734802871084867e+02
-1.276406420684017576e+03,-1.739003773205890298e+02
-8.161843128658980504e+02,-1.142095632948411179e+02
-6.137047989531022267e+02,6.572185665758943287e+02
-4.450672806630868195e+02,6.988798315717871219e+02
-6.552399529463439194e+02,9.241382836917522354e+02
-5.720256584296475921e+02,6.383097447180338122e+02
-3.201127211460519675e+02,8.427126916362984730e+02
-9.378370046866384655e+02,7.049352276746973303e+02
-5.210657546854381508e+02,8.249653476748914045e+02
-2.328729464067207005e+02,9.321996585652055956e+02
-4.403014597083301851e+02,-2.637958877481036325e+03
-1.187899754685463449e+03,4.048599276750018134e+02
-4.046314512780051018e+02,5.750793465923871963e+02
-1.229021184685880826e+03,5.548975776744547375e+02
-7.711847134493071962e+02,4.217489127712505024e+02
-1.229021184685880826e+03,3.748523976749532949e+02
-9.789584346854766181e+02,5.548975776744547375e+02
-1.574859465501254135e+03,7.144870300026612995e+02
8.029218670090211845e+02,1.446476419185244595e+03
5.625394953142080112e+02,-4.953659723248744058e+02
5.214180653137905210e+02,-4.953659723248744058e+02
-9.378370046866384655e+02,-2.252982023252274075e+02
-1.149635445838140640e+03,-1.497843317961166463e+02
-1.150082508744538245e+03,-1.520008698486454648e+02
-9.429868229289576220e+02,9.368529998286287537e+02
-3.543572546862215518e+02,9.750029976751339973e+02
-1.363729279428554264e+03,2.452222145629759495e+02
-1.032328578219817700e+03,-1.582963631167950211e+02
-1.110647436166069610e+03,-2.363936151838487092e+02
-1.116270845295047366e+03,-2.179219370765060262e+02
-7.711285046858424721e+02,6.149126376745517746e+02
-6.934348709767358514e+02,6.048789400615578415e+02
2.274717541899149182e+02,-2.842657161739941330e+03
8.959564953142206605e+02,1.455123477675120512e+03
8.883703975795270935e+02,1.419017939460516800e+03
5.125694734327548758e+02,1.566049671478183427e+03
2.652077829245812950e+02,1.504281680178266697e+03
3.958309953134120178e+02,1.485131007674379362e+03
-1.398078517393531683e+03,6.618175457408607372e+02
-5.733244821122721078e+02,9.644967597412734222e+02
-4.443069501692813219e+02,9.653761355393389749e+02
-1.068673509074487356e+03,9.617946047009236281e+02
8.892868943254902661e+02,1.446105468869130164e+03
8.959564953142206605e+02,1.395108417675023475e+03
-9.470256804180287418e+02,3.335941509207093532e+02
-1.073866806757713675e+03,6.562440567564864580e+01
-1.357640338001295504e+03,7.315004377741545341e+02
-1.396790662283579877e+03,6.926660848233706247e+02
-9.898931190714448576e+02,4.127611899353618696e+02
-1.021191254686246793e+03,4.048599276750018134e+02
-7.399314114454570017e+02,4.243731007375876061e+02
-9.056006331210874123e+02,7.535002558170762086e+02
-8.613347848013189605e+02,7.547685831340472760e+02
-6.455414346854639689e+02,9.149879376750369602e+02
-1.354608254686259443e+03,6.749276976746488117e+02
-1.437962504685867771e+03,6.449201676746002931e+02
-1.396913113099508337e+03,6.630245512018580030e+02
-6.998225251043563730e+02,7.121312264771004266e+02
-1.184948743772793705e+03,4.472816094896724053e+02
-1.104545504685855121e+03,3.748523976749532949e+02
-1.021191254686246793e+03,3.448448676749047763e+02
-7.346471051601034787e+02,7.228456557993115439e+02
-7.711285046858424721e+02,6.449201676746002931e+02
8.474716297943652989e+02,1.416901185841625420e+03
-7.795788821853647050e+02,9.654192772984972635e+02
-6.877742546862341442e+02,9.750029976751339973e+02
-6.553168498370833959e+02,7.163847085577419875e+02
-3.979887441566457937e+02,-2.639630275899931803e+03
-1.925551461495309411e+02,-2.597395127304453581e+03
-3.986654001607979012e+02,-2.662922424685360966e+03
-1.234385343507729431e+03,-5.214518944101147468e+01
-1.230253008120370851e+03,-1.176240601660650498e+02
-1.937723484577697945e+02,1.085141846863013143e+03
-1.876487546854255584e+02,1.095033117674538289e+03
-5.304564613103764259e+02,7.540656474684728892e+02
-3.944541525841111707e+02,8.119016395348888864e+02
-4.489780830714879016e+02,8.355039128645638584e+02
-1.195918782170342638e+03,2.156440337500525573e+02
-1.110946179827020842e+03,5.748955510605362633e+02
1.014286480933866642e+03,-2.082830952791697200e+03
9.303524209245456404e+02,-2.216381221641081538e+03
9.752193494176449349e+02,-2.094022639031786184e+03
-3.121244346854513196e+02,8.549728776749399231e+02
-3.202777358741010403e+02,8.142011055853970447e+02
-8.629569038372577552e+02,1.082144521976080796e+03
-7.711285046858424721e+02,1.095033117674538289e+03
-1.688025254686272092e+03,2.248147476747107021e+02
-1.312375434685489154e+03,1.347921576745651464e+02
-6.455414346854639689e+02,7.949578176748428859e+02
-6.455414346854639689e+02,8.249653476748914045e+02
8.548350653138031703e+02,1.365100887674974956e+03
-1.104545504685855121e+03,5.248900476744062189e+02
-1.365312122126984377e+03,-9.522298847559071078e+01
-5.210657546854381508e+02,1.005010527674392733e+03
-3.543572546862215518e+02,1.035018057674441252e+03
-3.071289949601153069e+01,-2.932029576239237940e+03
-3.121244346854513196e+02,8.849804076749884416e+02
-4.008656231915642252e+02,9.420547138401101392e+02
-3.219035466717312488e+02,8.443386281865479077e+02
-1.062312684686664397e+03,-1.352756123250818518e+02
-9.378370046866384655e+02,-7.526055232498481473e+01
3.476279488243726519e+02,1.625610319997024817e+03
8.548350653138031703e+02,1.635168657674621954e+03
7.714808153141948424e+02,1.575153597674524917e+03
-4.499375038235152715e+02,1.536859583047938258e+03
-2.808285570331062218e+02,1.467476922018977348e+03
-1.073115043578539485e+02,1.415314699680529202e+03
-1.508651187673754919e+02,1.445730140197643777e+03
-6.620118789036047247e+01,1.349679427453060271e+03
5.277482522262378950e+01,1.294953594011406722e+03
-3.597243803105669713e+02,1.327775814882206987e+03
-6.537419810059192287e+02,9.869233388007414760e+02
-1.104545504685855121e+03,7.949578176748428859e+02
-1.271254004686651115e+03,6.149126376745517746e+02
-6.984485265355226602e+02,6.221470237947836495e+02
-8.238454519470477635e+02,6.357592864260702754e+02
-7.805512317135552394e+02,5.135051092467513172e+02
9.793107453138289884e+02,-2.085765062325076997e+03
9.303431788939623175e+02,-2.216458784434831614e+03
3.547095653145739789e+02,-2.865960842325548583e+03
-6.916477128808168118e+02,5.769666866740467412e+02
-2.287701846858429917e+02,-7.526055232498481473e+01
-1.069243060412911063e+03,-8.340346294514773717e+01
-1.198353197929347516e+03,-2.968968259334879463e+02
-9.851030819020492117e+02,7.577296380241714360e+02
-1.030445372349782929e+03,7.248083483961210050e+02
-1.736538573807770717e+03,7.874511216125629289e+02
-1.655597928219809319e+03,6.936302671744783765e+02
-1.060044635902067967e+03,4.186574356451816357e+02
-1.236716384432077120e+03,-2.372918481740178720e+02
-1.153949523434393768e+03,-1.164255892057066859e+02
-1.104545504685855121e+03,-5.253735023249229243e+02
-1.066602052633583526e+03,-4.688153296487935222e+02
-6.111507137409007555e+02,1.653681557753971447e+03
8.126022453146123325e+02,1.695183717674718991e+03
3.859558011825447466e+02,1.624295569946513297e+03
7.292479953134246671e+02,1.605161127674573436e+03
8.126022453146123325e+02,1.575153597674524917e+03
8.435612557501954143e+02,1.522143693185978691e+03
4.703709198255141928e+02,1.539221874848126618e+03
-5.210657546854381508e+02,1.515138537674427880e+03
8.959564953142206605e+02,1.395108417675023475e+03
6.241399531339939699e+01,1.305085827674877919e+03
9.294488604947066506e+02,1.083606630629836673e+03
-5.210657546854381508e+02,9.449954676750854787e+02
-9.484254775856647939e+02,8.048526977278139611e+02
-1.271254004686651115e+03,6.749276976746488117e+02
-8.216842145135892679e+02,6.636878796647797571e+02
-1.237109409747366954e+03,5.437668882657433187e+02
-1.070708745313281270e+03,4.226447277524720789e+02
-4.439620098448995122e+02,-2.306770188924409467e+03
-8.956041846858682902e+02,8.849804076749884416e+02
-7.777016255640846794e+02,8.462163753617330713e+02
-6.537451720582907910e+02,9.944185775622069059e+02
-4.046037839091897581e+02,1.024423520679661351e+03
-4.355587024123659035e+02,9.891885041251535995e+02
-1.365289945133805759e+03,-9.671446619660090960e+01
-4.377115046858298797e+02,-2.445855422324869323e+03
-9.065319675737060834e+02,-3.861935985538637510e+02
-7.711285046858424721e+02,-4.053433823255185189e+02
5.125681613137077193e+02,-5.459016655485813772e+02
4.716556998917274655e+02,-5.370711776042796828e+02
4.266201913177393408e+02,-5.799779965555359240e+02
-7.365653608136115054e+02,8.449145812242950342e+02
-6.560411280326862880e+02,8.163950349614485731e+02
1.013388013780843266e+03,1.443379076583904407e+03
8.860036081475959691e+02,1.443515331553779561e+03
-4.063729906214961716e+02,-1.446780359143611747e+02
-6.082463872563810128e+02,1.599566978960969891e+03
3.958309953134120178e+02,1.455123477675120512e+03
-5.250585610304307238e+02,1.299839738199837939e+03
8.119342576675181817e+02,1.093006938628306216e+03
-6.148344239684781769e+02,8.734070099779570455e+02
-4.454727251596272026e+02,8.729709376015651969e+02
-5.210657546854381508e+02,7.949578176748428859e+02
-1.115431217890695052e+03,8.443843871926740121e+02
-8.544827546854508000e+02,7.349427576747458488e+02
-1.187899754685463449e+03,5.849051076745032560e+02
-1.021191254686246793e+03,6.149126376745517746e+02
-1.152084782890917722e+03,5.177425000311507119e+02
-1.187899754685463449e+03,4.948825176751473691e+02
-8.187215314412250109e+02,3.886325504064672600e+02
-1.072516023390780219e+03,3.935191965448213978e+02
-4.890333375042332023e+02,-2.307595118353819544e+03
-5.210657546854381508e+02,-2.475862952324917842e+03
9.740896429473154967e+02,1.355421747139108902e+03
8.933045999480981436e+02,1.328114622091131423e+03
8.858046974459483636e+02,1.403008990726249294e+03
-1.024215032795848401e+03,3.962337355596684461e+02
-1.271254004686651115e+03,-2.853132623253244446e+02
-4.390473559354987856e+02,1.621584282884147797e+03
3.044258397014548336e+02,1.595245186829307613e+03
-1.132023580732079893e+02,1.502597714661269947e+03
3.849163454661351693e+02,1.525793471801243868e+03
-7.810674452005229114e+02,8.927440437183806807e+02
-1.193821040353029503e+03,9.063868415285885476e+02
-1.277380127236192720e+03,5.779410213362439208e+02
-8.986967207373885458e+02,4.883420028685976604e+02
-7.339856021969159201e+02,-5.039467300954202500e+01
-6.455414346854639689e+02,-1.352756123250818518e+02
-7.325642975622098447e+02,-1.126723878571320654e+02
-3.630016725464060983e+02,-2.634660474978818456e+03
2.680033759112175176e+02,-2.787513694977834348e+03
-1.236008355817408528e+03,3.041369005041633500e+02
-1.276521788392047029e+03,3.360793662018816121e+02
-7.367992434921470704e+02,7.225816007776020342e+02
-8.236552434422577562e+02,7.114018781860345371e+02
-3.228621471695021796e+02,1.503980686108244299e+03
-8.577021902230668502e+02,1.611675446071988915e+02
5.214180653137905210e+02,-4.953659723248744058e+02
5.146787990639732016e+02,-5.044070818964048044e+02
5.579813604874982502e+02,-4.735227034974789149e+02
-6.544227663500978451e+02,7.232152842816111615e+02
-1.110922331164158550e+03,7.519386139822206587e+02
-3.543572546862215518e+02,-2.355832832325513664e+03
-4.790665944621196104e+02,1.650517972434458898e+03
-2.742920013788921096e+02,1.485091754822253961e+03
3.938816120807464358e+02,1.531869555922451582e+03
4.669116314180266727e+02,1.434802886441651708e+03
-3.218981084914508415e+02,1.175149385228667825e+03
1.021543565314599164e+03,1.065025587674489771e+03
-5.267938427890916273e+02,7.531836045150257632e+02
-7.732036135555534884e+02,6.622503246041710554e+02
-9.419098170238631837e+02,5.817327959162267916e+02
-6.950750622188711532e+02,5.703331758625835164e+02
-1.070137467519634129e+03,4.805664734598916539e+02
-1.271254004686651115e+03,5.248900476744062189e+02
-9.469545249185564444e+02,4.834356953303860678e+02
-6.978380932743320955e+02,4.462727877163548555e+02
-8.599549684924007806e+02,4.557725852647570832e+02
-5.714467060217943981e+02,-2.332932012983268123e+03
-4.826382152932148983e+02,-2.604109966077000536e+03
-4.822429116983215067e+02,-2.670585523044484489e+03
-1.479083934686285147e+03,6.449201676746002931e+02
-1.562438184685893475e+03,5.849051076745032560e+02
-6.455414346854639689e+02,7.649502876747943674e+02
6.241399531339939699e+01,1.305085827674877919e+03
9.931473966756112759e+01,1.269332627837546625e+03
-3.543572546862215518e+02,7.649502876747943674e+02
-4.472001553566440180e+02,9.662899731176357818e+02
-4.445428645419513032e+02,1.507173626769407747e+03
-7.017790258611944409e+01,1.325515735134342322e+03
-1.082392661435232668e+02,1.356587440218850134e+03
-1.237605159647540404e+03,4.819966248118492445e+02
-1.187899754685463449e+03,5.248900476744062189e+02
-6.455414346854639689e+02,1.635168657674621954e+03
8.442717795849706590e+02,1.640854182722968517e+03
8.959564953142206605e+02,1.575153597674524917e+03
-5.210657546854381508e+02,1.515138537674427880e+03
-1.876487546854255584e+02,1.545146067674476399e+03
9.694410588875576877e+02,1.444622248841060355e+03
-3.233100944245626351e+02,1.465134719452205900e+03
-1.907834324760056575e+02,1.390346088253666721e+03
-3.121244346854513196e+02,1.365100887674974956e+03
8.015506802091464351e+02,1.044903057013646276e+03
9.793107453138289884e+02,1.065025587674489771e+03
-7.812315027199424549e+02,8.359282782180231379e+02
-1.562438184685893475e+03,7.349427576747458488e+02
-8.664079195555901833e+02,6.971942208910545560e+02
-5.318200796382902809e+02,7.135150596852319040e+02
-4.419612229266066947e+02,5.471910574586255507e+02
-8.544827546854508000e+02,-1.052680823250333333e+02
-4.850786324126236764e+02,-2.758049397851785216e+03
-6.206168468662637849e+01,-2.865960842325548583e+03
-1.071161194302524564e+03,1.566212307659678231e+02
-9.044676336841419015e+02,1.562923087104472870e+02
-1.021191254686246793e+03,1.347921576745651464e+02
-1.893142196083039721e+02,1.213533794759203829e+03
-1.984214567074925526e+02,1.164996034418247973e+03
-5.310226666339625581e+02,1.594538697315098716e+03
-2.374078569958962248e+02,1.591602423515991632e+03
-1.156989410361091586e+03,7.155253529939216151e+02
-5.210657546854381508e+02,1.635168657674621954e+03
-4.047323183428006814e+02,1.593764391507547089e+03
-6.391432826294092706e+01,1.411318394476971662e+03
-4.377115046858298797e+02,1.305085827674877919e+03
-1.546922424533842673e+02,1.264565494973800469e+03
8.025796765782209832e+02,1.083907328861419046e+03
-1.104545504685855121e+03,7.649502876747943674e+02
-8.122499346862599623e+02,7.049352276746973303e+02
-7.288956846866516344e+02,7.349427576747458488e+02
-8.122499346862599623e+02,5.849051076745032560e+02
-9.867803589082299141e+02,6.027899596852322475e+02
-8.657215000916463623e+02,5.742175291073223207e+02
-6.455414346854639689e+02,5.248900476744062189e+02
-1.237323472014837989e+03,5.159374058242256069e+02
-1.312375434685489154e+03,4.648749876750988506e+02
-7.288956846866516344e+02,-1.524549232488777051e+01
9.793107453138289884e+02,-2.145780122325174034e+03
-3.543572546862215518e+02,-2.595893072325111916e+03
2.709877446347445016e+02,-2.821335145207455298e+03
-2.296102062308372638e+02,7.227421483133026641e+02
-3.220904806949709496e+02,7.457685598049597502e+02
-3.589338873873570037e+02,7.875033802301074957e+02
-2.375441349110066085e+02,1.383290054650522507e+03
-3.160006926062190473e+02,1.414296173761042610e+03
-2.710030046866132238e+02,1.365100887674974956e+03
-5.309792470547230323e+02,1.655132530019592423e+03
-7.711285046858424721e+02,1.515138537674427880e+03
-2.755862102310777004e+02,1.502536346825590726e+03
-2.710030046866132238e+02,1.485131007674379362e+03
-1.955649375935913383e+02,1.471417523786497668e+03
1.100333470418320303e+01,1.311129045499396852e+03
-5.231530136179135297e+02,8.707147886387887183e+02
-5.621871846858556410e+02,8.549728776749399231e+02
-1.316402271883147932e+03,7.805970348925760618e+02
-9.842306410865535327e+02,6.969118888088523818e+02
-6.455414346854639689e+02,6.149126376745517746e+02
-7.748976371183335914e+02,-1.433294666773463177e+02
-8.595715546420919964e+02,-2.051504008667993162e+02
-5.321112423312248438e+02,-2.408475552132775647e+03
-2.742883931853649528e+02,-2.699715455700414623e+03
-8.544827546854508000e+02,3.748523976749532949e+02
-6.116018014544680454e+02,7.872089013663032802e+02
-5.281011205353120204e+02,7.562040676051258288e+02
-5.210657546854381508e+02,7.649502876747943674e+02
9.381893153134114982e+02,1.515138537674427880e+03
8.441100832957811235e+02,1.495463021064225131e+03
-1.688025254686272092e+03,2.248147476747107021e+02
-9.378370046866384655e+02,-1.352756123250818518e+02
-9.426565792583666052e+02,2.801335699939334063e+02
-1.729146684686689468e+03,2.548222776747592206e+02
-2.796981393805157836e+02,9.933274054886960585e+02
-3.203075977664094580e+02,9.669379207621727801e+02
-2.287701846858429917e+02,1.035018057674441252e+03
-7.288956846866516344e+02,4.648749876750988506e+02
-8.122499346862599623e+02,4.348674576750503320e+02
-1.114196799774631700e+03,-2.353850730034666299e+02
-1.026966745106359667e+03,-2.397454192931522812e+02
-4.850744517522175556e+02,9.372872336785587777e+02
-7.288956846866516344e+02,8.849804076749884416e+02
-6.956922593383679896e+02,9.031278652889121759e+02
-7.711285046858424721e+02,9.149879376750369602e+02
-5.724349163854399194e+02,6.224512058689740570e+02
-6.124156652622415322e+02,6.634938831366556542e+02
-1.042945046858172304e+02,-2.805945782325451546e+03
7.714808153141948424e+02,1.605161127674573436e+03
-8.122499346862599623e+02,7.349427576747458488e+02
-8.544827546854508000e+02,7.649502876747943674e+02
9.381893153134114982e+02,1.455123477675120512e+03
7.672580947518691801e+02,1.084859214883363848e+03
-4.899171815315102663e+02,8.439796062885110359e+02
8.918915124668019416e+02,1.439807912859390626e+03
-6.877742546862341442e+02,4.648749876750988506e+02
-8.956041846858682902e+02,4.048599276750018134e+02
8.935477323614335319e+02,1.094253530974809564e+03
-3.954786846866389851e+02,9.449954676750854787e+02
-6.455414346854639689e+02,6.149126376745517746e+02
-6.044200046866258162e+02,1.515138537674427880e+03
-5.685456458660646604e+02,9.407608054081464388e+02
9.331379527097969913e+02,1.349805517482332334e+03
8.464197796961328777e+02,1.415300934780497528e+03
-8.624508111527450183e+02,7.259621494640773562e+02
-3.604334005248686026e+02,1.293026611705918185e+03
-5.239158973235071244e+02,8.140643570126234181e+02
-6.044200046866258162e+02,5.248900476744062189e+02
-8.956041846858682902e+02,5.248900476744062189e+02
-6.948233696676079489e+02,9.930202725890185320e+02
8.126022453146123325e+02,1.035018057674441252e+03
8.853683471278629895e+02,1.084512726242049212e+03
5.115916999134354342e+02,-5.430106435779290450e+02
9.316020633353105040e+02,1.385005208009506987e+03
-6.877742546862341442e+02,5.849051076745032560e+02
-2.358113834836531453e+01,1.142667233185947225e+03
-1.062312684686664397e+03,6.149126376745517746e+02
-2.394500861757744872e+02,1.254494677678782182e+03
-8.642839439586384742e+02,2.135339496538789206e+02
-3.543572546862215518e+02,1.395108417675023475e+03
-6.559460389897224104e+02,1.579684662749348490e+03
-8.956041846858682902e+02,1.347921576745651464e+02
1.062664995313437203e+03,1.065025587674489771e+03
-6.097648493503539839e+02,3.686042751443460475e+02
-1.021191254686246793e+03,6.149126376745517746e+02
7.675422527136463486e+02,1.446205718746107323e+03
-6.100704345609024131e+02,1.052763855549790151e+03
-9.442160292357228855e+02,7.257426543688452512e+02
-1.273284486852111286e+03,8.189436602310902344e+02
-7.711285046858424721e+02,3.148373376748562578e+02
-1.157300780659618567e+03,3.505578313535935422e+02
9.793107453138289884e+02,1.455123477675120512e+03
-4.788329346862473130e+02,8.249653476748914045e+02
-7.788746130309395994e+02,6.635843566471461372e+02
-1.234872116315186304e+03,8.093081767895523626e+02
-1.145666934686272498e+03,5.548975776744547375e+02
-1.240396270820716154e+03,6.841334463573467701e+02
-1.021191254686246793e+03,5.849051076745032560e+02
-1.062312684686664397e+03,-1.524549232488777051e+01
-1.277524682422240176e+03,6.633372500228748549e+02
8.959564953142206605e+02,1.455123477675120512e+03
-1.994786378029486968e+02,8.616913747010482894e+02
-5.699536176133383378e+02,-2.695643071025386689e+03
-1.104545504685855121e+03,7.349427576747458488e+02
-1.571104693816818099e+03,8.596614676581950221e+01
-6.970294927020549949e+02,7.242268554312634024e+02
-1.229021184685880826e+03,7.049352276746973303e+02
-6.561517423875792474e+02,1.614003784235408375e+03
-1.521316754685476099e+03,5.548975776744547375e+02
-1.155836738379392273e+03,6.264094208329563571e+02
-9.464837026142849936e+02,6.662759881707338536e+02
-1.115068489245807768e+03,3.202274614847885914e+02
8.908864552843443789e+02,1.355831090851296722e+03
-1.090335207997048599e+02,1.143397115100616020e+03
-6.980141996987947550e+02,6.658116778594318248e+02
-6.556283858283852624e+02,8.058247817077073023e+02
4.791852453145997401e+02,1.575153597674524917e+03
-6.951253834762904944e+02,7.230580042947716493e+02
-6.877742546862341442e+02,7.049352276746973303e+02
-1.197275430154943933e+03,5.658281908044717738e+02
-4.788329346862473130e+02,1.305085827674877919e+03
-3.581602122286811891e+02,1.359213622371411475e+03
-6.206168468662637849e+01,1.305085827674877919e+03
-1.145666934686272498e+03,3.748523976749532949e+02
-1.876487546854255584e+02,-2.775938252325403027e+03
-3.640437085230687444e+02,1.175706254522490099e+03
-5.270228545091041497e+02,8.132352848958449840e+02
-1.443038617985327619e+03,7.231780646800993964e+02
-8.658881960762169001e+02,7.134548660958170103e+02
-6.553644046790251423e+02,8.432882080851921955e+02
-1.978174980916681989e+02,1.130944702381754723e+03
-4.883390433075587680e+02,-2.428112615651072247e+03
-9.011767031276958733e+02,1.086388165187054938e+03
-6.156583688257073845e+02,-2.375352062183168073e+03
-9.378370046866384655e+02,3.448448676749047763e+02
-1.062312684686664397e+03,8.249653476748914045e+02
-1.115216038736099335e+03,-9.623254025185325133e+00
-1.604671004686663764e+03,1.047846276745166136e+02
-5.210657546854381508e+02,1.485131007674379362e+03
-4.452279848472417143e+02,-2.339388824946341629e+03
2.167599620322351939e+02,-2.875480479683752492e+03
-1.140192983461621310e+02,-2.848088666301708145e+03
8.018205592063334279e+02,1.672774251953679141e+03
-4.788329346862473130e+02,9.750029976751339973e+02
-6.133277364238374503e+02,1.502420312955532381e+03
-1.104545504685855121e+03,5.849051076745032560e+02
-1.112209359332758140e+03,5.153476998360373500e+02
-7.334912226617514079e+02,5.703119948612941243e+02
-8.643699145069781480e+02,5.537793737834004304e+01
-9.014950771576326360e+02,7.575829524240414230e+02
-9.865858393604615912e+02,-1.163275118964691046e+02
-6.966779870364000544e+02,3.628228334846697294e+02
-4.017316147991909929e+02,1.596406734103194140e+03
-1.138712716824741733e+02,-2.818258913085710446e+03
-8.194558868515484846e+02,7.850695985993530712e+02
-9.821375164403204963e+02,8.199413824016170338e+02
-1.113767565575070421e+03,3.634925728894476720e+02
-8.227116737524809196e+02,8.628409012981537671e+02
-6.972024446952343624e+02,9.322751727433418409e+02
5.119174151567392528e+02,-5.343831965076348069e+02
-1.145666934686272498e+03,9.449954676750854787e+02
-5.267025121450277538e+02,7.588431293164153431e+02
-6.044200046866258162e+02,1.065025587674489771e+03
-1.021191254686246793e+03,1.647996876746136650e+02
-9.376527686617063182e+02,9.011558424397114777e+02
8.485235029941917446e+02,1.420917473398784068e+03
-3.972116133662509583e+02,-2.580180241926298550e+03
-6.455414346854639689e+02,9.149879376750369602e+02
-6.044200046866258162e+02,1.605161127674573436e+03
-5.210657546854381508e+02,-2.295817772325416627e+03
-2.663833274379594229e+01,1.326252214455650346e+03
-3.954786846866389851e+02,8.249653476748914045e+02
-1.062312684686664397e+03,6.449201676746002931e+02
-1.024588858753425257e+03,6.385597844716270401e+02
-1.104545504685855121e+03,7.349427576747458488e+02
-3.641099282209852959e+02,-2.754607092025050861e+03
-9.012230965203010555e+02,-8.331575868749138181e+01
-3.180875896584720977e+02,-2.727362488151182333e+03
-9.434374861525134293e+02,6.972734361200067497e+02
-8.631022183608680507e+02,7.275972768019199748e+02
-4.381852819583026530e+02,-2.577786160363382351e+03
-4.055054823887794555e+02,-2.555615090812756534e+03
-9.465657178450240963e+02,3.645460287585154902e+02
-2.094025468620891672e+01,-2.925975902324855724e+03
-2.094025468620891672e+01,-2.895968372325597102e+03
-4.026372260668316017e+02,1.500236941241652858e+03
-6.877742546862341442e+02,5.849051076745032560e+02
-6.877742546862341442e+02,6.449201676746002931e+02
-1.104545504685855121e+03,1.347921576745651464e+02
-6.937149165389183736e+02,8.153628391274339720e+02
-6.938096049010268871e+02,8.735810135003504229e+02
6.241399531339939699e+01,1.215063237674732363e+03
-5.217925494796378416e+02,5.995430336204206014e+02
-2.750889604551410912e+02,1.086947881086224697e+03
-1.062312684686664397e+03,3.748523976749532949e+02
-9.811854725451122476e+02,3.718373547759932762e+02
-9.791718608323092212e+02,3.603604219855467932e+02
-6.109897272599114331e+02,6.685740082678873932e+02
-4.475130923245015424e+02,-2.740765793399467839e+03
-4.846500561749494409e+02,8.763928678114021977e+02
-4.788329346862473130e+02,9.449954676750854787e+02
3.467495338280266424e+02,1.233158200563250602e+03
3.839860236899780261e+02,1.220459991772420153e+03
-3.619698866902681971e+02,9.072874909104200469e+02
-4.041428029392086501e+02,-2.635139238394800486e+03
3.452729157520523131e+02,1.293131414453459911e+03
-5.625203636803172458e+02,6.927307904634797069e+02
-8.227867890376202240e+02,4.451711019679894434e+02
-1.021191254686246793e+03,4.348674576750503320e+02
-1.062312684686664397e+03,7.949578176748428859e+02
-3.954786846866389851e+02,-2.625900602325160435e+03
1.010286309308911882e+03,1.494944526589806628e+03
-1.149521922835108398e+02,1.523449078248790784e+03
-1.021191254686246793e+03,-1.352756123250818518e+02
-4.426145993501635871e+02,1.236039344924408624e+03
-1.029455142685399096e+03,3.645339792225099700e+02
-8.544827546854508000e+02,7.349427576747458488e+02
-6.573638868839844918e+02,9.525883577443100876e+02
-4.371466543677803429e+02,-2.732637305164250847e+03
-7.409302044239019835e+01,-2.857637276055567781e+03
-8.619769193136131662e+02,5.160042650408170175e+02
-5.279091683632132117e+02,1.528865209370247612e+03
-4.377115046858298797e+02,1.575153597674524917e+03
-1.112345067955543755e+03,1.082940779322659182e+03
-1.192968740251637428e+03,3.940056963556241385e+02
-6.994388962309120643e+02,1.055019779297690775e+03
-6.498312905171360399e+02,1.022453795299533340e+03
-1.448506809651101548e+03,6.218862737879919678e+02
-1.187899754685463449e+03,3.748523976749532949e+02
-6.146322279902166201e+02,8.756340719413033185e+02
-6.488321619172435248e+02,5.798938692654811575e+02
-7.805340151555250259e+02,7.548353621362883814e+02
-1.876487546854255584e+02,1.215063237674732363e+03
-6.963026056878464942e+02,9.053561350698280421e+02
-1.113150416156013762e+03,3.016198213810152424e+02
-9.789584346854766181e+02,-1.352756123250818518e+02
-1.027292105297101671e+03,-8.998021359440915035e+01
-6.044200046866258162e+02,9.149879376750369602e+02
-6.919825106910044497e+02,1.024162428114784234e+03
-6.963676686808846625e+02,9.631157583633880677e+02
-3.216474575303622032e+02,1.414990285778582120e+03
-3.121244346854513196e+02,1.395108417675023475e+03
-1.028607394454034193e+03,9.321390735848495979e+02
-1.021191254686246793e+03,8.549728776749399231e+02
-7.288956846866516344e+02,1.005010527674392733e+03
-4.877892535324939445e+02,-2.606655349404272329e+03
-4.859532305998524180e+02,-2.544775879852983508e+03
9.793107453138289884e+02,1.365100887674974956e+03
9.265133168501647560e+02,1.433232721151552369e+03
1.313961087883056678e+01,1.416305660370506530e+03
-2.094025468620891672e+01,1.425115947675071993e+03
-8.200024992358802365e+02,7.272474810490605250e+02
-8.592793966632509637e+02,8.109929967299060536e+02
3.865514519695841500e+02,1.232311960900557551e+03
3.108063936464973835e+02,1.238572412248178125e+03
3.916787601274442068e+02,1.209291072318189435e+03
-1.699116097656507236e+03,2.356367739428179391e+02
-1.645792434685501803e+03,2.248147476747107021e+02
-8.645235955333471338e+02,-3.560014821394412365e+02
-8.230653575302893614e+02,-4.130218015505445806e+02
8.057841055813369167e+02,1.504784406823770496e+03
8.032543718292582753e+02,1.445814653962818966e+03
8.548350653138031703e+02,1.455123477675120512e+03
-4.421320010751177279e+02,8.143352351375589251e+02
-5.316790706219308049e+02,7.838228059369023413e+02
-4.482935398306522075e+02,7.157227571113887734e+02
-5.324191560440872308e+02,8.058007613448974098e+02
-4.377115046858298797e+02,7.349427576747458488e+02
-5.294855881536132074e+02,7.252070460032156234e+02
-5.243188547100583037e+02,7.293461058433449580e+02
-9.378370046866384655e+02,-2.853132623253244446e+02
-9.385587053464191740e+02,-2.677276577543919984e+02
-1.110930033794989640e+03,4.267314986691201852e+02
-1.021419007761866396e+03,3.012552262001481154e+02
-8.122499346862599623e+02,-3.453283223254214818e+02
-8.578696160787040981e+02,-2.949758891786713093e+02
-5.721615200469914271e+02,8.927092451353255456e+02
-5.210657546854381508e+02,8.849804076749884416e+02
5.214180653137905210e+02,-5.253735023249229243e+02
5.107179900217407180e+02,-5.336610502202079260e+02
5.625394953142080112e+02,-4.953659723248744058e+02
-6.982644490677257920e+01,1.326356508355326241e+03
-1.042945046858172304e+02,1.305085827674877919e+03
-1.100217972288234165e+02,1.352399050632488979e+03
-8.233765528524447745e+02,7.730179135565388151e+02
-8.122499346862599623e+02,7.949578176748428859e+02
-8.622627628767867236e+02,8.455016341672841236e+02
-8.658947540149351880e+02,7.583663872140914464e+02
-9.807745079821670515e+02,3.944430376818645527e+02
-1.030940787674058356e+03,3.947513287418194068e+02
-1.113535272563220133e+03,3.649303354837711026e+02
-9.789584346854766181e+02,9.449954676750854787e+02
-9.812844632178060920e+02,8.170761609392376386e+02
-9.068892774488955411e+02,9.210994005456572040e+02
-9.025330954864558635e+02,4.181102814923834785e+02
-8.604930953992646891e+02,4.315939574615359220e+02
-8.544827546854508000e+02,4.048599276750018134e+02
-8.956041846858682902e+02,3.448448676749047763e+02
-9.869438816653135973e+02,3.327174086759224565e+02
-9.789584346854766181e+02,1.647996876746136650e+02
-9.893671810248195015e+02,2.056522193300033621e+02
-9.378370046866384655e+02,1.647996876746136650e+02
1.018027923301849114e+03,1.503716240137820023e+03
9.270298833412382464e+02,1.525256651240792507e+03
-1.104545504685855121e+03,5.248900476744062189e+02
-1.155709629047369390e+03,5.619778567281445021e+02
-1.104545504685855121e+03,5.548975776744547375e+02
-1.192279918555174618e+03,6.637220171698309059e+02
-1.200189424891059161e+03,6.840708107974178347e+02
-1.033224253395095275e+03,4.549797211746465564e+02
-9.821191014975688631e+02,4.486902683715645139e+02
-1.031016571714568954e+03,3.950921284399238971e+02
-4.481808671359017922e+02,-2.619581221224730143e+03
-4.382194965892261962e+02,-2.637664944349942743e+03
-8.956041846858682902e+02,7.477709767446809508e+01
-9.439285548724865293e+02,8.265357756135458089e+00
-9.378370046866384655e+02,4.648749876750988506e+02
-9.028096927878866609e+02,4.857350638707515031e+02
-9.007218359936782690e+02,7.296691242120701872e+02
-8.551283386998895821e+02,6.619893829040580613e+02
-8.544827546854508000e+02,6.449201676746002931e+02
-1.322040985695699192e+03,2.332759552557956226e+02
-1.316127502948026404e+03,2.134180492540809837e+02
-8.623007355923136856e+02,5.461189574242530398e+02
-7.824233147702282167e+02,5.158119618933263837e+02
-7.767803429265944715e+02,5.388100752851645439e+02
8.959564953142206605e+02,1.365100887674974956e+03
9.381893153134114982e+02,1.335093357674926438e+03
9.338317337737471462e+02,1.389848172817154364e+03
8.873050869072922069e+02,1.384409773661517420e+03
-5.210657546854381508e+02,1.245070767674780882e+03
-4.847507032463000769e+02,1.319127221275067996e+03
-5.310068324584450465e+02,1.346120138765153115e+03
-6.231759250725362165e+01,1.352739894641683804e+03
-6.206168468662637849e+01,1.305085827674877919e+03
-3.046550508103184995e+01,1.293194117093613613e+03
-3.121244346854513196e+02,-2.595893072325111916e+03
-4.377115046858298797e+02,-2.595893072325111916e+03
-6.538780900884469247e+02,9.397356897641258229e+02
-6.590179785353916486e+02,8.926316541330556902e+02
-7.810529634482553547e+02,8.443924266563371930e+02
-7.370625775252240146e+02,8.448642537354310207e+02
-7.706747875080118320e+02,8.722279838702187362e+02
-8.122499346862599623e+02,7.049352276746973303e+02
-8.544827546854508000e+02,7.949578176748428859e+02
-8.956041846858682902e+02,7.949578176748428859e+02
5.214180653137905210e+02,1.485131007674379362e+03
5.569966951169025151e+02,1.536700394578360601e+03
-6.144559342259942696e+02,7.704299221892642890e+02
-6.469806067265589036e+02,7.805830286269268754e+02
4.380638153141822499e+02,-5.853885623250199615e+02
1.813797104237899305e+01,1.323282175322166040e+03
-3.232068065489990261e+01,1.325292998583978942e+03
-3.214771954079999716e+01,1.311978362747051051e+03
-1.645792434685501803e+03,1.948072176746621835e+02
-1.109538409460196817e+03,6.349301556368974389e+02
-1.062312684686664397e+03,6.449201676746002931e+02
-1.025747301496545560e+03,5.438326536051999938e+02
-1.112417074916245383e+03,4.816961671143406534e+02
-1.320282278199021675e+03,6.056343960061195730e+02
-8.956041846858682902e+02,1.476203767437105796e+01
-1.042945046858172304e+02,1.365100887674974956e+03
-6.569982790195485904e+02,9.849191880537820225e+02
-7.702709614860513057e+02,4.782989925975078336e+02
-7.367775355638268593e+02,6.338034490831396397e+02
-8.627483743565194345e+02,1.871458178165227650e+02
-1.104545504685855121e+03,5.849051076745032560e+02
-6.515568905394533203e+02,9.666890772879872884e+02
-8.122499346862599623e+02,-1.652831423251303704e+02
-1.028904720155355108e+03,3.058590281012121181e+02
-8.150334454966301792e+02,7.837317916600621857e+02
-1.104545504685855121e+03,7.477709767446809508e+01
-6.580516564542275546e+02,6.530357827388921805e+02
5.111632407662697233e+02,-5.361313199996583307e+02
-7.390101973483285747e+02,9.243087431718827247e+02
-2.355727049429634690e+02,9.670743906754246382e+02
-3.121244346854513196e+02,9.750029976751339973e+02
-4.329090708745182496e+02,7.456590297395741800e+02
-4.462320626244606956e+02,7.564620559408980398e+02
-1.021191254686246793e+03,8.549728776749399231e+02
-9.880089662982362597e+02,9.058822583611653272e+02
-1.282634809986136133e+03,2.044519656371571443e+02
-4.827743262662606298e+02,1.539316006239444732e+03
-5.210657546854381508e+02,1.455123477675120512e+03
-4.420281028796702572e+02,1.451711615153182947e+03
-6.206168468662637849e+01,1.485131007674379362e+03
-4.377115046858298797e+02,1.005010527674392733e+03
-4.377115046858298797e+02,1.095033117674538289e+03
-4.865042799890496212e+02,8.135423317864261890e+02
-4.377115046858298797e+02,8.549728776749399231e+02
-4.072409881003913483e+02,8.015679335304091637e+02
9.755806018332492613e+02,-2.096314355351977156e+03
9.793107453138289884e+02,-2.085765062325076997e+03
-9.378370046866384655e+02,3.148373376748562578e+02
-1.021191254686246793e+03,4.048599276750018134e+02
-1.066657084664049762e+03,4.293156116077595357e+02
-8.146672743115059347e+02,8.504775498482983949e+02
-8.981264561066518581e+02,8.462862845754624459e+02
-8.956041846858682902e+02,8.549728776749399231e+02
-6.519707315517140387e+02,8.457185038825300580e+02
-6.152137650979606178e+02,8.614678276925341152e+02
-2.367957584678292164e+02,-2.665884662334608947e+03
-2.697975619615000369e+02,-2.668982649815040077e+03
-3.243009494776964630e+02,-2.679353503523697327e+03
-1.405167533199338095e+03,4.241947056498864299e+02
-9.798484648258925063e+02,3.043861629610617570e+00
-1.067775158544475971e+03,8.653324661796354178e+00
-6.525694420135432665e+02,5.468516580184586928e+02
-1.014309489420171104e+02,1.346417359146296121e+03
-1.121404236546235751e+02,1.355216652861596685e+03
-9.025329757457473079e+02,3.356504473761138740e+01
-9.398961945918068750e+02,6.033410656170296704e+01
-5.992468482292222234e+02,7.134315375804959558e+02
-1.113629694472836263e+03,-1.465230108275742680e+02
-1.073854121073430633e+03,3.657287912059508130e+02
-1.030753280470059963e+03,7.554506023539890975e+02
-7.792111041720102094e+02,4.247618057665766287e+02
-8.200773294713255837e+02,4.542693191953699170e+02
-5.301013712682474761e+02,-2.407518386917276985e+03
-5.315096956089880678e+02,-2.426217526177872514e+03
-1.109639870796793957e+03,3.305696922364450074e+02
-3.954786846866389851e+02,-2.595893072325111916e+03
-6.078770199127491196e+02,9.657929131413434334e+02
-7.711285046858424721e+02,6.149126376745517746e+02
-3.543572546862215518e+02,-2.535878012325014879e+03
-8.648144132343716137e+02,6.858026662905649573e+02
-1.066392156857898954e+03,7.559808394237199991e+02
-1.062312684686664397e+03,-1.352756123250818518e+02
-1.021191254686246793e+03,7.649502876747943674e+02
-5.300945748478598034e+02,1.474777176233930277e+03
-7.100417465215015511e+01,1.203966065234967573e+03
-1.029888165656920819e+03,7.544658177804637944e+02
-9.851739254502448375e+02,-8.618037522041149145e+01
-2.378379685285136702e+02,1.384291080754091581e+03
-3.121244346854513196e+02,-2.475862952324917842e+03
-1.134272148640763334e+02,1.233322782405303087e+03
-1.229021184685880826e+03,7.649502876747943674e+02
9.138896463550395310e+00,-2.859628346352167682e+03
-8.652753479869504645e+02,9.544958910173488675e+02
-5.234465657188001160e+02,-2.695763010133268835e+03
-6.921988283323282758e+02,6.968763417867472754e+02
-9.035600157697572286e+02,8.411571174500124926e+02
-9.459124334756411372e+02,3.048814344124893410e+02
-6.044200046866258162e+02,-2.685915662325257472e+03
-8.599185140097729345e+02,8.459117195856240414e+02
-5.672398380963611544e+02,1.117061795774962093e+03
-7.822937008334214397e+02,1.700639244519032445e+03
-5.258158124104350009e+02,7.274133237774360623e+02
-8.578542371768971861e+02,1.533909785738897256e+02
-4.377115046858298797e+02,-2.505870482324966360e+03
-4.006862863328851745e+02,8.155039586538144931e+02
-2.287701846858429917e+02,1.365100887674974956e+03
-1.479083934686285147e+03,5.849051076745032560e+02
-6.877742546862341442e+02,1.455123477675120512e+03
-7.397667028012872379e+02,4.545590190719076418e+02
-1.645792434685501803e+03,2.248147476747107021e+02
-9.068673849368340143e+02,2.648620199373883679e+02
-4.832574885569221124e+02,-2.751916984374328877e+03
-1.697385993425118386e+03,2.130564589593052460e+02
-7.334702810202666967e+01,1.344681493981969197e+03
-4.377115046858298797e+02,6.449201676746002931e+02
-3.654828952950426242e+02,8.939339394830005858e+02
-1.271254004686651115e+03,1.948072176746621835e+02
-1.198090882274294700e+03,5.968884189841085117e+02
-1.229021184685880826e+03,5.548975776744547375e+02
-3.543572546862215518e+02,-2.685915662325257472e+03
-3.576613988821579824e+02,-2.634977779205322804e+03
-1.026071409780530303e+03,5.768786876906236785e+02
-1.032677668551995112e+03,5.939763196660984477e+02
-4.377115046858298797e+02,-2.295817772325416627e+03
-4.063624157203895493e+02,-2.306563967440892156e+03
-1.115135256337942792e+03,3.219374017014779952e+02
-7.393797786569111850e+02,8.737158349702834812e+02
-6.965308737961847783e+02,8.926206900237114041e+02
-6.179765703210082393e+02,1.658422151743681525e+03
-5.693358825822215294e+02,1.625208023510797602e+03
-2.798450433828651285e+02,1.174184712431842399e+03
-3.218436213076630565e+02,1.175037521970209127e+03
1.021760628317550527e+03,1.531088366370581980e+03
9.694941642637272707e+02,1.505408346628403024e+03
-4.895313195534737929e+02,8.629404539711741791e+02
-5.210657546854381508e+02,7.949578176748428859e+02
-4.788329346862473130e+02,8.549728776749399231e+02
-8.192075920350856677e+02,-3.208259493211358517e+02
-4.889710777751918158e+02,1.413507141526804389e+03
-4.903520284991960239e+02,1.433206586224529929e+03
-1.021191254686246793e+03,3.748523976749532949e+02
-9.789584346854766181e+02,4.048599276750018134e+02
-1.115073957394827033e+02,9.638838907781288299e+02
-1.274007471010990685e+03,-3.276658973018019196e+02
-3.163487717686635960e+02,7.589175686015666997e+02
-3.635804413560512671e+02,8.059358081457908156e+02
-1.395729684686676819e+03,7.049352276746973303e+02
-1.355959704848553429e+03,6.598931589255885228e+02
-1.454159346862346922e+02,1.545146067674476399e+03
-1.876487546854255584e+02,1.455123477675120512e+03
-8.956041846858682902e+02,1.948072176746621835e+02
-8.544827546854508000e+02,1.647996876746136650e+02
-6.206168468662637849e+01,-2.865960842325548583e+03
-6.686906076073807981e+01,-2.820253984132360983e+03
-1.104545504685855121e+03,5.849051076745032560e+02
-1.158706407393737891e+03,6.235828967104696403e+02
-1.026883235557696253e+03,5.107169827230687247e+02
-1.028102808586660558e+03,5.452488372046940412e+02
9.737044429759586706e+01,1.024786410933046454e+03
1.012218749235271275e+03,1.384344691968618008e+03
-1.238279916628652018e+03,5.436638843453632717e+02
-1.145666934686272498e+03,5.548975776744547375e+02
-8.606931678487517274e+02,1.539046407530120746e+02
-8.994101596120547129e+02,1.563933882168814762e+02
-1.104545504685855121e+03,7.949578176748428859e+02
-1.111273630237409407e+03,8.169656693645704308e+02
-7.347333186123770474e+02,8.463666196339245289e+02
-7.711285046858424721e+02,8.549728776749399231e+02
-1.114100347942945518e+03,2.755264324664050264e+02
-1.612951306882388053e+03,6.945491698487102212e+02
-7.711285046858424721e+02,9.449954676750854787e+02
-7.805741318101565867e+02,9.218648258585429858e+02
-3.954786846866389851e+02,7.949578176748428859e+02
-4.377115046858298797e+02,8.249653476748914045e+02
-4.897431874206434372e+02,-2.317279487869215245e+03
-4.456583469595806832e+02,-2.365784040812375224e+03
-1.150206587719805611e+03,-2.944653933038227933e+02
5.214180653137905210e+02,-5.553810323249714429e+02
-1.018291044415524993e+03,7.776611194256137196e+02
-1.025598503232987014e+03,7.862862885842998821e+02
-1.146780408670878870e+02,1.250766155589897380e+03
-6.661639201511624719e+01,1.300789309072338483e+03
5.135627852070239214e+02,1.498474246147212853e+03
-6.455414346854639689e+02,9.750029976751339973e+02
-6.967643876215345244e+02,9.661355632949682786e+02
-9.834956956245321180e+02,6.353569846568163939e+02
-9.789584346854766181e+02,5.849051076745032560e+02
-1.109542529944638545e+03,3.073118767573556056e+02
-9.435531292081044512e+02,-1.456974202554055751e+02
-9.424628880418049448e+02,-1.462099254777383237e+02
-1.187899754685463449e+03,-4.525302232493628907e+01
-1.152876019509509206e+03,-5.523217517546869715e+01
-1.274764793407824982e+03,7.176168651032545540e+02
-1.312375434685489154e+03,7.049352276746973303e+02
-1.359715738501977739e+03,6.675896187597311382e+02
-1.364536389257044448e+03,6.344256684697294304e+02
8.489901930144719699e+02,1.294821600553568032e+03
8.548350653138031703e+02,1.365100887674974956e+03
-4.377115046858298797e+02,9.750029976751339973e+02
-4.047973794121537026e+02,9.032368775813544062e+02
-6.877742546862341442e+02,1.545146067674476399e+03
-6.985313449221483779e+02,1.556082159401112676e+03
-1.030646374563009886e+03,-1.288963047771286199e+02
-1.062312684686664397e+03,-1.952906723251788890e+02
-1.194675458114219282e+03,2.746793271067392084e+02
-1.021191254686246793e+03,-1.052680823250333333e+02
1.021543565314599164e+03,1.305085827674877919e+03
-8.544827546854508000e+02,-1.352756123250818518e+02
-8.214336111929244453e+02,-1.470249238917027981e+02
-6.918293932996205058e+02,6.994679997609249540e+02
-6.999720847649894040e+02,6.510497994955603644e+02
-1.062312684686664397e+03,1.476203767437105796e+01
-9.768003654333851955e+02,-2.319382871677134972e+00
-7.711285046858424721e+02,6.149126376745517746e+02
-7.380884101415133500e+02,5.933186569026486268e+02
-6.120654679077481433e+02,8.748866134796899132e+02
-5.712183536945873357e+02,8.740421053522966304e+02
-8.956041846858682902e+02,7.049352276746973303e+02
-8.956041846858682902e+02,6.449201676746002931e+02
-1.062312684686664397e+03,6.449201676746002931e+02
-1.030377499214547242e+03,6.330483611025728123e+02
5.625394953142080112e+02,-4.653584423256155560e+02
5.585364864827970450e+02,-4.431287468333313768e+02
-5.256645615052804033e+02,5.493084173510287656e+02
-5.318834713833391561e+02,6.064069285203489699e+02
-6.149771947439463702e+02,9.479231226038540399e+02
-6.455414346854639689e+02,9.449954676750854787e+02
-8.218288010282220739e+02,7.763606095437975227e+02
-8.239937514597179415e+02,7.846520577974115440e+02
-1.031483101092932202e+03,4.161845811295147541e+02
-1.069808996894402526e+03,3.691424367359782082e+02
-8.652703855144015961e+02,3.841193384035781264e+02
-8.649928677296686601e+02,3.843943308107295707e+02
2.129256531456131540e+01,1.245070767674780882e+03
1.511787193623567305e+01,1.297575719492803046e+03
-1.437962504685867771e+03,1.047846276745166136e+02
-7.371570948862607793e+02,9.039823839622297328e+02
-6.877742546862341442e+02,9.149879376750369602e+02
-5.210657546854381508e+02,-2.355832832325513664e+03
-4.788329346862473130e+02,-2.415847892325610701e+03
-2.771438131075170475e+01,1.207058950305817461e+03
-1.395729684686676819e+03,6.449201676746002931e+02
-1.442802791104002154e+03,6.686227317319206804e+02
-7.737609954964406143e+02,-1.136857900919963811e+02
-7.711285046858424721e+02,-7.526055232498481473e+01
-9.862292131594684861e+02,-8.330216509414148618e+01
-1.030424671609577899e+03,-1.223826949449411359e+02
-1.021191254686246793e+03,-1.052680823250333333e+02
-1.104545504685855121e+03,5.248900476744062189e+02
-1.115988115852636611e+03,6.238549998658496634e+02
-1.570315416417763117e+03,5.179049823225786895e+02
-1.574722262854309065e+03,4.852181237733475427e+02
9.381893153134114982e+02,1.365100887674974956e+03
9.381893153134114982e+02,1.335093357674926438e+03
-6.522686873578140876e+02,9.916613791735525183e+02
-6.877742546862341442e+02,9.750029976751339973e+02
-6.455414346854639689e+02,9.750029976751339973e+02
-1.021191254686246793e+03,8.249653476748914045e+02
-1.028761459610933571e+03,8.459566917413847023e+02
-1.021191254686246793e+03,8.549728776749399231e+02
-7.728966413917662521e+02,3.975166358949702499e+02
-7.787199533147913826e+02,3.973918530831389830e+02
-7.359416329302116537e+02,4.165202266112090683e+02
-1.445632399754405469e+03,6.649099578718428347e+02
-1.405892243315936412e+03,5.963358579424998425e+02
-1.437962504685867771e+03,6.449201676746002931e+02
-9.049644185947920505e+02,2.463043471416696093e+02
-9.022771665416187261e+02,2.454531734360605526e+02
-8.662557381507042464e+02,2.940207599216337826e+02
-1.312375434685489154e+03,5.248900476744062189e+02
-1.277298122208249424e+03,5.214662684028518242e+02
-1.271254004686651115e+03,5.548975776744547375e+02
-1.021191254686246793e+03,3.148373376748562578e+02
-1.068149298301204453e+03,3.344653457489648645e+02
-1.062312684686664397e+03,3.148373376748562578e+02
6.396752478261375927e+02,1.087055783546633620e+03
6.381025007880091380e+02,1.114286040353038516e+03
-7.366607264297359734e+02,5.755166611607686491e+02
-6.981576124607195197e+02,6.261827756862169281e+02
-7.288956846866516344e+02,5.548975776744547375e+02
-1.145666934686272498e+03,4.348674576750503320e+02
-1.145666934686272498e+03,4.348674576750503320e+02
-1.152374924547731553e+03,3.971550912813972332e+02
-8.645283354822839783e+02,4.253952316294554521e+02
-8.225220185140449303e+02,4.259376773980193320e+02
-8.544827546854508000e+02,4.348674576750503320e+02
-6.946662587455199400e+02,9.384325005585933468e+02
-6.929046622071286947e+02,9.069629347039495997e+02
-6.946988081632659942e+02,9.336694084316454791e+02
-1.104545504685855121e+03,6.149126376745517746e+02
-1.071016523106264458e+03,6.330830324594471676e+02
-1.104545504685855121e+03,6.149126376745517746e+02
-1.357922852014669843e+03,4.307246460899496583e+02
-1.322761029410357423e+03,4.838774456764544425e+02
-1.199014783719969955e+03,7.755680853473578509e+02
-1.195663536525388736e+03,7.841272048299836115e+02
-1.148593233822183493e+03,8.387474298111925464e+02
-5.716410153477430640e+02,-2.635951806433270576e+03
-5.621871846858556410e+02,-2.625900602325160435e+03
-7.814166706202460091e+02,8.453891720884088272e+02
-7.366341958719262948e+02,8.181871364052018407e+02
-8.188153768375901791e+02,8.484365661778978165e+02
-4.395160683063003262e+02,9.313437847134092635e+02
-4.788329346862473130e+02,9.449954676750854787e+02
-4.377115046858298797e+02,9.449954676750854787e+02
-8.544827546854508000e+02,2.548222776747592206e+02
-8.662363372293336852e+02,2.327986795946234224e+02
-8.589452079394512793e+02,1.897236833115320280e+02
-3.593995566036853688e+02,9.076808491353616546e+02
-4.043558413166189212e+02,8.978463882222995380e+02
-3.543572546862215518e+02,9.149879376750369602e+02
-9.804481486044497842e+02,8.645358143346854831e+02
-1.029687367818647999e+03,8.156236055424063807e+02
-1.028980581793972760e+03,7.832358527988953938e+02
5.122944328347655301e+02,-4.762459231814419809e+02
5.214180653137905210e+02,-4.953659723248744058e+02
5.135613428380725054e+02,-4.722509307760651041e+02
-9.048066220906164290e+02,4.863597529854620802e+02
-8.544827546854508000e+02,4.648749876750988506e+02
-8.956041846858682902e+02,4.048599276750018134e+02
-1.395729684686676819e+03,-1.652831423251303704e+02
-1.437962504685867771e+03,-1.652831423251303704e+02
-1.194984893138192774e+03,4.864002102042113620e+02
-1.198618589578925821e+03,5.301339768748124470e+02
-1.187899754685463449e+03,5.248900476744062189e+02
-7.358172661255410958e+02,7.608421248772251602e+02
-7.288956846866516344e+02,7.649502876747943674e+02
-7.288956846866516344e+02,7.649502876747943674e+02
-1.360784399407574710e+03,-3.233749923700026443e+02
-2.710030046866132238e+02,1.275078297674829400e+03
-2.710030046866132238e+02,1.275078297674829400e+03
-2.287701846858429917e+02,1.245070767674780882e+03
-6.877742546862341442e+02,5.548975776744547375e+02
-6.514946668344945238e+02,5.137590780947061830e+02
-6.995653902443129937e+02,5.464375763157654546e+02
-5.727038352063420916e+02,9.039838451937185937e+02
-6.044200046866258162e+02,9.149879376750369602e+02
-6.085236584540655258e+02,9.086915015927288550e+02
-1.153968346258395059e+03,8.152575517605081359e+02
-1.104124236221331330e+03,7.996023926327874278e+02
-1.112670692155476900e+03,8.413872970648120599e+02
-4.438203882027611940e+02,7.240198997768167146e+02
-4.423349689264825315e+02,7.570920989404202146e+02
-4.404352274434448873e+02,7.281424134592115252e+02
6.150944649322794078e+01,1.226923068375415141e+03
5.252417192089369280e+01,1.205166261334925821e+03
-1.271254004686651115e+03,5.849051076745032560e+02
-1.312375434685489154e+03,5.248900476744062189e+02
-1.354608254686259443e+03,5.548975776744547375e+02
2.129256531456131540e+01,1.215063237674732363e+03
-2.094025468620891672e+01,1.245070767674780882e+03
2.129256531456131540e+01,1.335093357674926438e+03
-3.019878363440403746e+01,1.285701300391416225e+03
2.129256531456131540e+01,1.275078297674829400e+03
-2.710030046866132238e+02,1.365100887674974956e+03
-3.121244346854513196e+02,1.425115947675071993e+03
-2.710030046866132238e+02,1.425115947675071993e+03
-6.206168468662637849e+01,1.485131007674379362e+03
-6.206168468662637849e+01,1.455123477675120512e+03
-7.233294936414171161e+01,1.466001359487790978e+03
-7.765006639527666721e+02,7.885449322080824004e+02
-7.711285046858424721e+02,7.949578176748428859e+02
-7.369478054914859513e+02,7.844642142186011142e+02
-1.029088940511256396e+03,-2.670424777635348050e+02
-1.026310986656873865e+03,-2.587663437740142740e+02
-1.021191254686246793e+03,-3.153207923253729632e+02
6.432571365457846468e+02,1.088774049940557234e+03
6.402935294444098417e+02,1.086368555093362602e+03
6.797451194745885914e+02,1.150360002810139576e+03
-2.563474141409368201e+01,1.206965936535246101e+03
-6.574042867009507063e+01,1.242203372787058697e+03
-2.385276465491173781e+01,1.198963101192402519e+03
-6.535628210504555682e+02,1.019215340118716540e+03
-6.571391878463468856e+02,9.849534543707117109e+02
-6.455414346854639689e+02,9.449954676750854787e+02
-6.987890796923807102e+02,9.847882810997417664e+02
-1.276361547283740947e+03,9.417212211246763331e+01
-4.870139855689043884e+02,1.414020797310226726e+03
-9.869208171805054235e+02,-1.160922962431710914e+02
-1.876487546854255584e+02,1.515138537674427880e+03
5.625394953142080112e+02,-4.953659723248744058e+02
-1.145666934686272498e+03,-1.052680823250333333e+02
-1.187899754685463449e+03,5.248900476744062189e+02
-3.954786846866389851e+02,8.549728776749399231e+02
-1.128702681987880396e+02,1.376937858938619911e+03
-3.121244346854513196e+02,1.215063237674732363e+03
-7.711285046858424721e+02,4.948825176751473691e+02
-4.810110616481167654e+02,-2.539240559769214542e+03
-1.454159346862346922e+02,1.485131007674379362e+03
-4.963843270671883374e+02,8.545291202801751069e+02
-8.200193565101891409e+02,4.711297372975855637e+02
-6.909553845086469437e+02,9.388211231676276611e+02
-6.044200046866258162e+02,-2.655908132325208953e+03
-6.981391944381764461e+02,-2.556239052455478941e+03
-6.911191494794753680e+02,-2.538873377370924572e+03
-1.156263341233648589e+03,6.262512023436661366e+02
-1.187899754685463449e+03,6.149126376745517746e+02
-6.940785674107436307e+02,6.183474412432601639e+02
-6.984456269451286516e+02,6.052277629217529693e+02
-4.840538701896651901e+02,6.859980937323960006e+02
-4.900252266660176019e+02,6.514365951139255912e+02
-8.956041846858682902e+02,-1.052680823250333333e+02
-8.956041846858682902e+02,-1.652831423251303704e+02
-6.455414346854639689e+02,7.649502876747943674e+02
-7.371824177931255235e+02,7.261151386326914690e+02
-1.616477696210861723e+03,2.007582383700337800e+02
-9.112348185805822141e+02,2.809988777030918072e+02
-1.276051809217774689e+03,3.817367444932150988e+02
-7.288956846866516344e+02,5.548975776744547375e+02
-7.333689470827923742e+02,5.912866403219601352e+02
-4.377115046858298797e+02,7.049352276746973303e+02
-4.061490917578753397e+02,7.404086399273843426e+02
-2.710030046866132238e+02,1.395108417675023475e+03
-2.765891284131524799e+02,1.407124827115375865e+03
-6.455414346854639689e+02,8.249653476748914045e+02
-6.118871746403182215e+02,8.592547083600301221e+02
-6.555627853864856434e+02,8.428451875573585994e+02
-6.455414346854639689e+02,8.249653476748914045e+02
-1.021191254686246793e+03,8.849804076749884416e+02
-1.021191254686246793e+03,7.949578176748428859e+02
-1.030875565406846590e+03,8.057854004985648544e+02
-1.066944872339988478e+03,8.307604166816411180e+02
-1.145666934686272498e+03,7.949578176748428859e+02
-1.104545504685855121e+03,8.249653476748914045e+02
-1.104545504685855121e+03,8.249653476748914045e+02
-1.145666934686272498e+03,7.949578176748428859e+02
-4.785165865478022056e+02,1.677625229778268476e+03
-4.377115046858298797e+02,1.635168657674621954e+03
-4.788329346862473130e+02,1.635168657674621954e+03
-4.802011519481385449e+02,1.680213375632615453e+03
-1.021191254686246793e+03,5.849051076745032560e+02
-9.789584346854766181e+02,6.149126376745517746e+02
-9.855283226672486308e+02,6.018515133965788664e+02
-9.753425278287531910e+02,5.939518162782886748e+02
-1.145666934686272498e+03,9.449954676750854787e+02
-1.154088945577991353e+03,9.760765571831452689e+02
-1.153681198394106104e+03,9.491367617719647569e+02
-1.157766695695416502e+03,9.659313213970950756e+02
-2.298818326084557953e+02,1.290477164398899959e+03
-2.058725714861572555e+02,1.273882542360772732e+03
-2.287701846858429917e+02,1.305085827674877919e+03
-2.287701846858429917e+02,1.275078297674829400e+03
-7.391158419623650389e+02,2.892600682117073347e+02
-7.288956846866516344e+02,2.848298076748077392e+02
-7.388120681413681723e+02,3.107303934733367328e+02
-7.458561861123072276e+02,2.837186157121462884e+02
-1.532435077957999738e+03,5.906164708590657710e+02
-1.521197549968056819e+03,6.558196319985901255e+02
-1.521316754685476099e+03,5.849051076745032560e+02
-1.521316754685476099e+03,6.149126376745517746e+02
-9.519934508255942092e+02,4.009042422834348258e+02
-9.033832760754372657e+02,3.780750512225915259e+02
-9.434627865721630542e+02,4.048613386229741309e+02
-9.378370046866384655e+02,3.748523976749532949e+02
-9.050465965443331697e+02,9.237501996079272431e+02
-8.619933601180030109e+02,8.889482055977188111e+02
-8.987156092399146701e+02,9.061760543807374688e+02
-8.544827546854508000e+02,8.849804076749884416e+02
-9.947211011987607208e+02,6.168991251042089061e+02
-9.863336656889309779e+02,5.874882697117678845e+02
-9.789584346854766181e+02,6.149126376745517746e+02
-9.378370046866384655e+02,5.849051076745032560e+02
-6.594531306598605624e+02,5.873215047398709885e+02
-6.455414346854639689e+02,6.149126376745517746e+02
-6.455414346854639689e+02,5.849051076745032560e+02
-6.966476847212927623e+02,5.966895964995305803e+02
-2.287701846858429917e+02,1.245070767674780882e+03
-2.351908270683107105e+02,1.247439582703649194e+03
-2.393633232318654791e+02,1.281942953760195451e+03
-2.402112672353008236e+02,1.282114842209025937e+03
-1.567714362730623861e+03,1.563988311755766176e+02
-1.562438184685893475e+03,1.647996876746136650e+02
-1.064723643023706700e+03,-1.669789648232595596e+02
-1.073443580425602704e+03,-1.902392963694842365e+02
-5.306921167405067763e+02,1.672065657992767001e+03
-5.210657546854381508e+02,1.665176187674670473e+03
-5.210657546854381508e+02,1.665176187674670473e+03
-3.238809609349754055e+02,7.754018859957268432e+02
-3.130000712788241231e+02,7.446998692638730972e+02
-4.852989923559115368e+02,-2.562156081457336768e+03
-4.861669817294276186e+02,-2.622663292266047847e+03
-4.788329346862473130e+02,-2.625900602325160435e+03
-1.906043739799249011e+02,1.255397503443345840e+03
-1.876487546854255584e+02,1.245070767674780882e+03
-1.876487546854255584e+02,1.305085827674877919e+03
-1.151974186269305619e+03,4.391991943795575253e+02
-1.158127722727151422e+03,4.102702526316513172e+02
-8.591079125412747999e+02,7.828745555012546902e+02
-8.640208410520574489e+02,7.874552633744145851e+02
-8.600882874482160787e+02,7.906887134275722246e+02
-8.597014530047374592e+02,4.490052636634857208e+02
-8.654914146773983248e+02,5.027931057537887796e+02
-8.544827546854508000e+02,4.648749876750988506e+02
-9.477716266057445864e+02,-2.497921050322578367e+02
-9.865304460373024540e+02,-2.527425006002457621e+02
-7.833527549363676599e+02,8.918619072987937670e+02
-7.768627572351180106e+02,9.011862025032756947e+02
-7.886717310363306979e+02,9.136902510932344512e+02
-1.017624203134686582e+03,7.702665874171170799e+02
-1.037806305391862224e+03,7.673128437992602358e+02
-1.028764056336225167e+03,7.968221265192264582e+02
-1.021191254686246793e+03,5.548975776744547375e+02
-1.034728291235715460e+03,5.542472935398884601e+02
-1.022643944587042824e+03,5.882198245604140538e+02
-5.209259820947512480e+02,-2.390424238921816595e+03
-5.324975498492519819e+02,-2.348466577313157813e+03
-5.210657546854381508e+02,-2.355832832325513664e+03
-4.061442085086157476e+02,9.213671924235209190e+02
-4.377115046858298797e+02,9.449954676750854787e+02
-4.377115046858298797e+02,9.149879376750369602e+02
-6.877742546862341442e+02,-2.595893072325111916e+03
-6.894754602782320489e+02,-2.559693789379097780e+03
-6.565115654893887722e+02,-2.529789100549829072e+03
-9.066454557972074326e+02,4.419441429383705326e+02
-9.441936338395350958e+02,4.087724255946201879e+02
-9.378370046866384655e+02,4.048599276750018134e+02
-1.229021184685880826e+03,3.748523976749532949e+02
-1.258845475952716470e+03,3.792551162221333243e+02
-1.235438741507517534e+03,3.754970943564902655e+02
-6.046216598298346980e+02,5.239389392587147540e+02
-5.716846924370244096e+02,5.240599957693895021e+02
-5.560498069266702714e+02,5.197041297540583855e+02
-7.724965605556110404e+02,6.915042048009290738e+02
-8.066128505745230086e+02,6.846926171192322954e+02
-7.350709069141137206e+02,6.492539230970543258e+02
-5.981690934546969629e+02,6.210902152056197565e+02
-5.701909629660492556e+02,6.191165160623102111e+02
-5.702554657055553662e+02,6.172218641619178925e+02
-7.664313920709905688e+02,6.495509517169627998e+02
-7.802252883966974650e+02,6.409670415485855983e+02
-7.753259722304560455e+02,6.397748708028976807e+02
-9.349507037786947876e+02,1.296497049664884571e+02
-9.862191887197367350e+02,1.380876769898316923e+02
-9.588773151258371854e+02,1.663378818962473531e+02
-1.145666934686272498e+03,5.248900476744062189e+02
-1.151719417944630322e+03,5.584766716429642202e+02
-1.102092705900213332e+03,5.389768286628315082e+02
-1.104545504685855121e+03,4.948825176751473691e+02
-1.145666934686272498e+03,4.648749876750988506e+02
-1.098733641410220343e+03,4.754525112146122865e+02
-1.354608254686259443e+03,4.348674576750503320e+02
-1.354608254686259443e+03,4.648749876750988506e+02
-1.355985950693077029e+03,4.674600411109460083e+02
-7.543786171105475660e+02,-1.996339054714898964e+01
-7.619036889516887641e+02,-8.643309549094269073e+00
-7.347468057404985302e+02,-7.655643199793729536e+00
9.381893153134114982e+02,1.395108417675023475e+03
9.257585785672713428e+02,1.386238459151561983e+03
-8.590711783235673238e+02,8.690239080599444605e+02
-2.814103684428621364e+02,1.089625205874980566e+03
-1.096572677822332935e+03,8.472993723462562343e+01
-3.862714679747998616e+02,1.415373374060987999e+03
-1.281960455882797532e+03,8.360625922125717580e+02
-1.024599880901832648e+03,7.882564465898267372e+02
-7.392301305967901044e+02,5.277292683615260103e+02
-9.710788526068856754e+02,8.682847482746077503e+02
-5.633011114898158667e+02,9.266151925489982659e+02
-6.689192615282893257e+02,6.124622891282689352e+02
-8.331505129100467002e+02,2.808865837516059401e+02
-1.155964410867848301e+03,9.789594700694766516e+02
-1.163567160470561021e+03,4.365958945168756600e+02
