date:2016-09-15, time:0200, wind_speed:3.41, wind_dir:355.0, temp:13.1
-92.678846 -19.636913
-162.982793 19.179651
36.580502 118.308496
-101.693772 -37.553111
-76.358485 106.448171
-184.280466 40.428256
-147.477783 25.440992
-118.450951 -40.557978
-34.580129 -280.633432
-0.902510 121.252272
48.765742 112.435974
-75.888224 40.317717
-80.455862 100.498852
53.394385 130.308698
-138.304237 28.288897
-43.771150 -280.594578
-59.646842 31.433909
-93.072719 49.496526
-88.337753 100.270655
-80.111026 97.393762
-30.119483 91.258391
-42.610011 85.303523
90.394959 148.443423
-75.937623 46.248815
-150.966419 25.326832
-105.124951 28.292037
-113.441078 34.224621
40.660150 121.409017
-68.057735 37.402122
69.976167 169.254955
95.003928 175.354464
-10.429450 -286.596084
-80.116130 160.345977
-80.051427 -49.805841
-100.920334 31.286351
56.253950 139.510842
44.934819 124.188181
-126.045527 -43.707862
-133.965666 -37.821471
-75.944279 103.291991
-93.044964 93.624609
-75.967276 109.343480
-92.588634 46.263418
-109.386956 82.283853
-146.702603 91.349703
132.484994 166.264948
-60.057847 97.426492
94.903852 214.372602
-109.551413 60.700386
-59.308600 148.310413
44.927278 112.381257
40.393861 118.475179
-176.726588 88.444684
-50.936537 31.316443
-51.326267 40.403150
-84.393351 151.318256
132.480386 157.370110
-51.315611 67.430329
10.834919 130.454341
-105.095279 49.442228
-121.197399 115.137369
2.941016 160.457168
-122.119182 63.702523
-138.353883 79.428232
132.425341 223.379542
-101.046966 163.357676
-80.023449 16.264546
11.626836 151.369622
-59.267828 142.334442
-63.493927 157.244622
-88.418945 1.349944
-117.689884 82.352123
49.138980 124.252659
-105.135245 37.329702
-67.645911 52.244337
136.761327 208.276433
144.668845 159.736400
-17.595908 82.363469
-105.035119 40.273949
124.121789 148.307872
-5.041454 154.298479
-80.023063 133.402495
82.354226 190.361054
-9.261575 136.414417
145.008913 157.355975
-76.063904 37.325914
-75.511185 31.139114
-75.824287 37.308819
-167.658738 40.284915
-88.407925 103.253880
-13.685911 139.434066
95.436928 148.204707
85.880609 148.450974
-142.616809 43.352369
49.062899 130.223747
20.493983 118.178645
128.334826 169.352789
-71.766812 31.229919
-96.688612 88.348359
-42.963259 154.367517
-72.271182 108.636421
-71.756474 -49.728001
-134.374740 55.340792
-34.704141 57.542068
-71.667474 142.278257
-43.437411 157.484388
-9.241419 118.268947
-75.962206 106.395804
-67.894893 105.592788
-67.485404 103.329199
-80.014851 100.304433
-71.683499 37.252640
-76.342088 31.416843
-113.361713 121.264973
-68.041114 30.815956
-1.352168 163.393584
3.289224 160.331476
3.342525 163.229453
3.364822 160.314401
-151.286298 57.942309
-159.250731 58.253894
-64.169688 34.504042
-63.342310 37.258190
-67.693272 40.276951
-84.612237 99.601011
-80.890633 106.425363
-130.161482 61.304716
-122.107172 64.401124
-126.190444 60.955461
-55.514737 87.696093
-55.113140 133.283258
-101.303660 28.415156
-101.761599 28.474333
-104.964575 28.372230
-71.721643 34.330104
-79.988849 34.340969
39.975379 118.421506
40.707079 118.443601
-97.097089 24.636279
-72.454014 31.698765
-71.650865 33.580196
-77.325395 113.853439
-80.079022 108.621341
