1.134570591447163252e+02,8.449375717798961887e+02
9.474472398028026419e+02,1.082847073471640442e+03
3.547095653145739789e+02,1.185055707674683845e+03
3.587459234013397236e+02,1.180297936323211161e+03
-6.877742546862341442e+02,-1.575637052325041623e+03
5.625394953142080112e+02,1.245070767674780882e+03
-2.255770479288361514e+02,2.500651721512764709e+02
3.547095653145739789e+02,-2.895968372325597102e+03
6.541351458862976642e+02,1.564222138164934222e+03
-5.210657546854381508e+02,-7.654337423253110728e+02
7.758511274257065224e+02,1.509386762295296649e+03
-2.094025468620891672e+01,-1.035501512324957957e+03
6.083393523315027096e+02,1.059997548270002653e+03
1.155068522749478916e+03,1.804653110046050188e+03
5.625394953142080112e+02,1.395108417675023475e+03
6.090163828161722677e+02,1.360440055691687576e+03
3.588849730228513408e+02,1.239909065616870294e+03
7.292479953134246671e+02,1.275078297674829400e+03
4.791852453145997401e+02,1.095033117674538289e+03
4.886223438648989372e+02,1.083870242533535020e+03
9.793107453138289884e+02,1.695183717674718991e+03
8.628969918631747760e+02,1.054055137166111081e+03
3.547095653145739789e+02,1.185055707674683845e+03
6.494771936555995353e+02,1.059603616206490415e+03
5.625394953142080112e+02,1.065025587674489771e+03
3.995563906385954169e+02,1.179704678041288162e+03
6.881265653145866281e+02,1.035018057674441252e+03
3.547095653145739789e+02,1.215063237674732363e+03
8.959564953142206605e+02,1.065025587674489771e+03
3.547095653145739789e+02,1.185055707674683845e+03
2.386450128664251906e+02,-2.904300506984977346e+03
4.791852453145997401e+02,1.095033117674538289e+03
1.070937913824682028e+03,1.024613676458423242e+03
5.670056294321766472e+02,1.059541218072415177e+03
-1.062312684686664397e+03,-2.565885542325063398e+03
1.024726853527445201e+03,1.720741301639038056e+03
5.298629090363087926e+02,1.083601666894573327e+03
5.625394953142080112e+02,1.065025587674489771e+03
3.581496389653917731e+02,1.210452625587403190e+03
3.645762975323257820e+02,1.174969461654731504e+03
-4.377115046858298797e+02,-7.054186823252140357e+02
8.959564953142206605e+02,1.635168657674621954e+03
-2.234420272840440020e+02,3.102900197553093449e+02
4.824089654879574027e+02,1.089066280453222817e+03
3.124767453138036899e+02,1.215063237674732363e+03
3.599774885092482464e+02,1.179184092838662764e+03
2.713553153133862565e+02,1.215063237674732363e+03
3.547095653145739789e+02,1.185055707674683845e+03
4.883800329219426999e+02,1.085945043206156015e+03
7.766711279783531836e+02,1.029870867738699872e+03
5.625394953142080112e+02,1.065025587674489771e+03
-1.057666861429266874e+03,-2.570971137611917129e+03
2.751074396755074076e+02,1.209590304627523892e+03
3.644304962184733085e+02,1.175109894978327929e+03
4.011077038735249971e+02,1.180688808756156277e+03
8.126022453146123325e+02,1.035018057674441252e+03
3.547095653145739789e+02,1.185055707674683845e+03
6.549626096515335121e+02,1.055598045616475474e+03
3.632497772544557506e+02,1.176248995414824549e+03
3.583666258911791260e+02,1.180151680927290272e+03
