-1.326471529166713026e+03,6.406253291093006510e+02
3.817700761700684211e+02,1.301319006515242563e+03
3.958309953134120178e+02,1.185055707674683845e+03
5.625394953142080112e+02,1.215063237674732363e+03
-7.020292725104327474e+02,8.226911917895981787e+02
5.625394953142080112e+02,1.245070767674780882e+03
6.334021955429848276e+02,1.271233707204850134e+03
5.625394953142080112e+02,1.215063237674732363e+03
-4.094409683061928718e+02,1.332236646179094350e+03
-1.145666934686272498e+03,-1.065509042325006476e+03
3.547095653145739789e+02,1.335093357674926438e+03
7.292479953134246671e+02,1.215063237674732363e+03
3.958309953134120178e+02,1.335093357674926438e+03
-1.812500934686297796e+03,4.048599276750018134e+02
-9.500748350007531826e+02,1.210895393810042151e+03
-7.432968815824340254e+02,1.271348163060100433e+03
-1.118387752394946119e+03,-2.418705987731215828e+03
3.828862708470960570e+02,1.302733013991022517e+03
-1.771379504685880420e+03,4.048599276750018134e+02
-7.839166457351544750e+02,1.271687401322150663e+03
4.791852453145997401e+02,1.275078297674829400e+03
3.412830875005457187e+02,1.241100333497242218e+03
-1.104545504685855121e+03,-2.415847892325610701e+03
-1.854733754685488748e+03,4.348674576750503320e+02
-1.771379504685880420e+03,4.648749876750988506e+02
-1.812500934686297796e+03,4.048599276750018134e+02
-1.868640040512023916e+03,4.312081385279269057e+02
-1.867799148968614873e+03,4.609916160901638023e+02
-1.117480300846152204e+03,-2.418650791157763706e+03
-1.117541545845537939e+03,-2.418537896061013271e+03
-8.544827546854508000e+02,1.245070767674780882e+03
-9.378370046866384655e+02,1.245070767674780882e+03
-7.854811790123816309e+02,1.182380249320827488e+03
-1.784905038389948459e+03,4.323513029852341560e+02
6.190185826827782876e+02,1.237699073571632198e+03
-1.867636126677626407e+03,4.323807454218053294e+02
-8.248632425647688251e+02,1.271068560576444497e+03
-8.256281255761475677e+02,1.330728404882873747e+03
-9.378370046866384655e+02,8.849804076749884416e+02
5.916489534437670272e+02,1.271304456289527252e+03
-8.122499346862599623e+02,1.335093357674926438e+03
-9.520095767031551759e+02,1.152201390539530394e+03
3.124767453138036899e+02,1.305085827674877919e+03
-8.678072911671330303e+02,8.816018321310757528e+02
4.791852453145997401e+02,1.275078297674829400e+03
3.822596751835985742e+02,1.301854423457624989e+03
-8.816758609037301540e+02,1.238432743976341953e+03
4.659676809696960618e+02,1.332380545441445065e+03
5.073715752172183784e+02,1.210848251048922066e+03
-1.771379504685880420e+03,4.348674576750503320e+02
5.496121734395345584e+02,1.272584630553038778e+03
4.380638153141822499e+02,1.905236427675058621e+03
1.755570612465943725e+02,1.961426884053693357e+03
-1.271254004686651115e+03,1.395108417675023475e+03
-9.513722163760220383e+02,1.271859549045980430e+03
-1.104545504685855121e+03,1.215063237674732363e+03
-1.104545504685855121e+03,1.245070767674780882e+03
-1.117336433472277122e+03,1.031259954344368452e+03
-8.544827546854508000e+02,9.750029976751339973e+02
-9.503636312025423649e+02,9.119950726394940830e+02
-8.544827546854508000e+02,8.549728776749399231e+02
-9.922923292411215925e+02,7.622801747371130432e+02
-9.097609905128666696e+02,7.018739413721298206e+02
-1.285583468303047312e+03,6.109937661290927053e+02
-9.096460115740072752e+02,6.408908885846068415e+02
-1.242572953831095219e+03,5.819441839487444668e+02
-9.925569686729829755e+02,5.519142757519583711e+02
-1.104545504685855121e+03,5.248900476744062189e+02
-1.035469832121464378e+03,4.915261225098147975e+02
-8.685210261566307963e+02,4.322284714683994480e+02
-7.842437835167120284e+02,1.271092265917662644e+03
2.291224953141954188e+02,1.965251487675155659e+03
-8.262614193594101835e+02,1.692219610800596911e+03
-3.247751778416812272e+02,1.722635590875045636e+03
-1.876487546854255584e+02,1.695183717674718991e+03
-1.035025030555817921e+03,1.511111562683745206e+03
-1.116836095488468345e+03,1.480719006977990375e+03
-1.368967920853054920e+03,1.452218330084268928e+03
-9.789584346854766181e+02,1.365100887674974956e+03
-1.076749920018429520e+03,1.242785495016465347e+03
-1.187899754685463449e+03,1.185055707674683845e+03
-8.251999796105956193e+02,1.030916793065411412e+03
-2.094025468620891672e+01,1.185055707674683845e+03
9.649913688859392096e+02,1.031382803690825995e+03
-1.158849615780708291e+03,9.409194943095063763e+02
-1.117997357302022010e+03,6.412649072692091750e+02
-1.229021184685880826e+03,6.149126376745517746e+02
-1.617774126146976869e+03,5.205752901328734197e+02
-7.422286558608318501e+02,5.208677433634146610e+02
-1.729146684686689468e+03,5.248900476744062189e+02
-9.510121034168852248e+02,4.623712304192577562e+02
-1.604671004686663764e+03,4.648749876750988506e+02
7.572244222683933685e+02,-2.119043072378362467e+03
-1.118192959955552396e+03,9.121087383110969995e+02
-1.076386140774583055e+03,9.413168612611584649e+02
-1.034570984980624871e+03,1.211996168340539271e+03
-1.021191254686246793e+03,1.185055707674683845e+03
-1.285568282175647482e+03,1.422829454124288077e+03
6.327356929128450247e+02,1.271460408714140385e+03
-7.836552959690044418e+02,1.241805737052538689e+03
5.492332079861604370e+02,1.242733646640554070e+03
4.380638153141822499e+02,1.905236427675058621e+03
4.255928675280715083e+02,1.901586471803586619e+03
2.573223313954193259e+02,1.871147766301718775e+03
4.380638153141822499e+02,1.905236427675058621e+03
-8.244886304643887343e+02,5.204784528455570580e+02
-8.682561040236137160e+02,5.518654915615467189e+02
6.881265653145866281e+02,1.215063237674732363e+03
-1.021191254686246793e+03,1.305085827674877919e+03
-9.098942128248293102e+02,1.242332022318789996e+03
-9.502354854543942793e+02,5.213013744286836300e+02
-7.423672776708954189e+02,9.721582877203126145e+02
-9.914971439762315413e+02,1.211787149049783693e+03
-9.931136048589769416e+02,1.210947835738347749e+03
4.791852453145997401e+02,1.245070767674780882e+03
3.822926308242448954e+02,1.301374603501845058e+03
-9.516207528155414366e+02,6.110192381815660383e+02
-9.517256483800975957e+02,6.122335881615731523e+02
-1.062312684686664397e+03,1.365100887674974956e+03
-1.104545504685855121e+03,1.425115947675071993e+03
-8.122499346862599623e+02,8.549728776749399231e+02
-1.867685595867334541e+03,4.921063502703239010e+02
-8.672229471659766205e+02,1.242659648745571985e+03
-7.843671484178734090e+02,1.212559981296415117e+03
-9.378370046866384655e+02,1.245070767674780882e+03
1.880010653137779286e+02,1.965251487675155659e+03
1.741628631617535348e+02,1.961836721513293242e+03
5.482822999938141493e+02,1.241168692422182403e+03
5.080875310395243218e+02,1.300676797989244506e+03
5.625394953142080112e+02,1.335093357674926438e+03
-1.284261412713418622e+03,6.715149025634598274e+02
2.994882975644948147e+02,1.872959387049284032e+03
-1.145666934686272498e+03,9.449954676750854787e+02
-1.062312684686664397e+03,6.749276976746488117e+02
-1.117271310987146535e+03,7.017933567479082058e+02
-9.789584346854766181e+02,1.245070767674780882e+03
-9.917963874904786508e+02,1.212110617239409748e+03
-1.783951218609654916e+03,4.025137813785422054e+02
-1.854733754685488748e+03,4.348674576750503320e+02
-1.868309014923471523e+03,3.723172769105636348e+02
-1.033730513792410193e+03,1.210900493670504147e+03
-9.378370046866384655e+02,1.275078297674829400e+03
3.420818865862945586e+02,1.272083417942441656e+03
-8.266140784369358698e+02,1.271824501419940589e+03
-7.843659991866220480e+02,1.271831172453335512e+03
9.793107453138289884e+02,1.035018057674441252e+03
9.658129793924096020e+02,1.030605017610065715e+03
-8.260758718061190393e+02,4.919097326289091825e+02
-7.711285046858424721e+02,4.648749876750988506e+02
-1.868018499315232702e+03,4.013262929051959418e+02
-1.854733754685488748e+03,4.348674576750503320e+02
4.250492404486756186e+02,1.331185643152204193e+03
3.405207894701875375e+02,1.302850030847564085e+03
6.458937453138163391e+02,1.155048177674635326e+03
6.740301229764570508e+02,1.182374167554178484e+03
-1.062312684686664397e+03,1.215063237674732363e+03
-1.021191254686246793e+03,1.245070767674780882e+03
-8.266248648186282253e+02,8.520095114393087670e+02
-9.518105096981477118e+02,8.508255871224217799e+02
-1.158534599301401840e+03,5.212636366657011422e+02
-1.187899754685463449e+03,4.648749876750988506e+02
-1.243404959029814108e+03,1.361260034250675517e+03
-1.214209942775462423e+03,1.388058419614018931e+03
8.126022453146123325e+02,1.275078297674829400e+03
8.548350653138031703e+02,1.275078297674829400e+03
-9.651073757912397468e+02,4.276929622404359179e+02
-9.515234311339024771e+02,4.613911991262174865e+02
-9.789584346854766181e+02,4.648749876750988506e+02
-8.956041846858682902e+02,4.348674576750503320e+02
-1.075228081020101399e+03,1.182546997950088098e+03
-1.021191254686246793e+03,1.215063237674732363e+03
-9.504980090996027684e+02,1.211587182883896503e+03
5.918533124100374607e+02,1.241693815543380197e+03
5.625394953142080112e+02,1.245070767674780882e+03
8.959564953142206605e+02,1.275078297674829400e+03
-1.104545504685855121e+03,3.748523976749532949e+02
-1.104545504685855121e+03,3.748523976749532949e+02
3.687411274855564898e+02,1.328464908417638298e+03
-1.033537703347215256e+03,1.240685913835618749e+03
-9.927602478186023518e+02,1.212100286164594991e+03
-9.512508118426067085e+02,1.212641260566787196e+03
-9.930614496126548829e+02,1.211998877371607250e+03
-4.912904839995843531e+02,1.751275657758553280e+03
-9.378370046866384655e+02,1.695183717674718991e+03
-1.271254004686651115e+03,1.575153597674524917e+03
-1.034367754705766401e+03,1.571356674410700634e+03
-1.104545504685855121e+03,1.545146067674476399e+03
-1.034000192088281210e+03,1.511524081489457558e+03
-9.789584346854766181e+02,1.485131007674379362e+03
-1.491493086033999134e+03,1.421436871013330801e+03
-1.312375434685489154e+03,1.395108417675023475e+03
-1.354608254686259443e+03,1.395108417675023475e+03
-1.145666934686272498e+03,1.365100887674974956e+03
-1.021191254686246793e+03,1.185055707674683845e+03
3.547095653145739789e+02,1.185055707674683845e+03
-1.187899754685463449e+03,1.125040647674586808e+03
5.214180653137905210e+02,1.095033117674538289e+03
8.831645078092460608e+02,1.091956041690751817e+03
-1.033458830523938104e+03,1.002369285988860383e+03
-1.825653308822248619e+03,9.406817663701092442e+02
-9.511846592841417305e+02,5.806026343088029762e+02
-1.729146684686689468e+03,5.548975776744547375e+02
-9.789584346854766181e+02,5.548975776744547375e+02
-9.928290328516292220e+02,5.509982918307402997e+02
-1.354608254686259443e+03,4.348674576750503320e+02
-1.062312684686664397e+03,3.148373376748562578e+02
6.241399531339939699e+01,-6.454036223251169986e+02
-1.117304332238404413e+03,-2.508125803108156560e+03
-1.118226469110515609e+03,-2.510058986584594550e+03
-8.680203511378291523e+02,1.841366779781338209e+03
-1.074836402514944211e+03,1.810974398447842077e+03
-4.377115046858298797e+02,1.785206307674864547e+03
-7.711285046858424721e+02,1.725191247674767510e+03
-3.254972141734494926e+02,1.751720161412033576e+03
1.383191441491545675e+03,1.691856663413923343e+03
-8.687201763396955130e+02,1.661513730842431869e+03
-1.437962504685867771e+03,1.515138537674427880e+03
1.285562525074285531e+03,1.477952980789900266e+03
-1.187899754685463449e+03,1.215063237674732363e+03
-1.175105313998744521e+02,1.211264301607739981e+03
-1.185737380107750027e+02,1.211989405943159682e+03
-1.183974013205786804e+02,1.181163007729455103e+03
5.625394953142080112e+02,1.095033117674538289e+03
-1.812500934686297796e+03,9.750029976751339973e+02
-1.243137745751562534e+03,7.624809334604562991e+02
-1.312375434685489154e+03,7.049352276746973303e+02
-1.034596630212135096e+03,6.409375764273769391e+02
-1.771379504685880420e+03,6.149126376745517746e+02
-1.229021184685880826e+03,5.849051076745032560e+02
-1.200252298651527781e+03,6.115909303690370962e+02
-1.409569318782164146e+03,5.815071966737389175e+02
-1.771379504685880420e+03,2.548222776747592206e+02
3.124767453138036899e+02,-5.553810323249714429e+02
2.982855886532935870e+02,-5.595218871954324413e+02
7.714808153141948424e+02,-2.085765062325076997e+03
-1.104545504685855121e+03,-2.505870482324966360e+03
8.828471749683211556e+02,1.212291980787957073e+03
8.126022453146123325e+02,1.245070767674780882e+03
-1.159425267906256522e+03,8.213938914618028093e+02
-1.242635223281221670e+03,7.923076754444132348e+02
-1.117525210640086470e+03,7.921580259707468485e+02
-9.789584346854766181e+02,1.815213837674913066e+03
-3.954786846866389851e+02,1.725191247674767510e+03
-1.285009414982478120e+03,1.602561981369344267e+03
-1.213624536908048867e+03,1.508348768526624781e+03
-1.354608254686259443e+03,1.455123477675120512e+03
-1.271254004686651115e+03,1.395108417675023475e+03
-1.326179059910990645e+03,1.361799079220441627e+03
-1.271254004686651115e+03,1.365100887674974956e+03
-1.145666934686272498e+03,1.125040647674586808e+03
-1.075876569761078372e+03,9.716769519962565482e+02
-1.021191254686246793e+03,9.750029976751339973e+02
-1.104545504685855121e+03,8.849804076749884416e+02
-1.215475985286831019e+03,7.579495281137003531e+02
-1.159596189682021759e+03,6.723517252492063108e+02
-1.325202189519164676e+03,6.405836221230647425e+02
-1.104545504685855121e+03,6.149126376745517746e+02
-1.021191254686246793e+03,4.048599276750018134e+02
-1.200340123916555513e+03,3.122295074201382477e+02
-1.117951876601636513e+03,1.450840955814567678e+03
-1.160048709274297380e+03,1.481261855824119039e+03
-1.159544399135115782e+03,1.452598209949807824e+03
-1.187899754685463449e+03,1.455123477675120512e+03
-1.579073689743667046e+02,1.151629142004334653e+03
-1.173032143650792847e+02,1.182189842309270261e+03
-1.042945046858172304e+02,1.185055707674683845e+03
-9.917587810963912034e+02,1.811009890111092318e+03
-8.122499346862599623e+02,1.815213837674913066e+03
-1.076504185718388044e+03,1.751014217711873471e+03
-9.084880256239614482e+02,1.752248110404475938e+03
-1.118223977031796039e+03,1.480849148152175985e+03
-1.187899754685463449e+03,1.365100887674974956e+03
-1.145666934686272498e+03,1.335093357674926438e+03
-1.033830760034443756e+03,1.301986198598530564e+03
9.070646711369870729e+01,1.241108697664097463e+03
-1.169810492114851428e+02,1.210898444193338491e+03
4.989942371208023530e+01,1.212022101207189053e+03
6.881265653145866281e+02,1.065025587674489771e+03
8.420034185711266446e+02,1.091234199852545771e+03
6.758527760231061166e+02,1.030819902394255223e+03
-1.243377920530702795e+03,9.721922547565432069e+02
-1.187899754685463449e+03,7.349427576747458488e+02
-1.145666934686272498e+03,7.349427576747458488e+02
-1.312375434685489154e+03,7.049352276746973303e+02
-1.033955232580196935e+03,6.725249800632655024e+02
-1.021191254686246793e+03,6.449201676746002931e+02
-1.562438184685893475e+03,6.149126376745517746e+02
-1.271254004686651115e+03,6.149126376745517746e+02
-1.325579086614672860e+03,5.511577893976544829e+02
-9.789584346854766181e+02,5.548975776744547375e+02
-1.271254004686651115e+03,4.948825176751473691e+02
-1.062312684686664397e+03,4.948825176751473691e+02
2.999367236149750511e+02,-4.990355673948565709e+02
-1.117707028403370259e+03,-2.508886460942719623e+03
-8.544827546854508000e+02,1.245070767674780882e+03
-9.518557038121023197e+02,1.271031346090545185e+03
-9.789584346854766181e+02,1.215063237674732363e+03
-1.534871404798612730e+03,1.392034465270907958e+03
-7.425863231702885514e+02,1.241082314762541046e+03
-1.104545504685855121e+03,7.949578176748428859e+02
-1.062312684686664397e+03,8.249653476748914045e+02
-1.688025254686272092e+03,4.348674576750503320e+02
-1.604671004686663764e+03,4.648749876750988506e+02
-1.145666934686272498e+03,5.248900476744062189e+02
-1.158408974019752577e+03,5.205900269897866792e+02
-1.159267491708171974e+03,5.216414571379358449e+02
3.001303795908268057e+02,1.811747860114591504e+03
-1.159597229699133777e+03,8.818486253305087530e+02
-1.242798946178941378e+03,8.815324777362312716e+02
2.989135322656570679e+02,-5.588280617366847309e+02
-9.915549653468787028e+02,1.211301002194915782e+03
-9.378370046866384655e+02,1.215063237674732363e+03
-1.579502966998711599e+02,1.721436619272491271e+03
-1.076496606985194148e+03,1.001646685894967050e+03
-1.021191254686246793e+03,1.185055707674683845e+03
-1.492107241684221435e+03,1.422111759929545542e+03
-1.062312684686664397e+03,1.305085827674877919e+03
-8.686854135564508397e+02,8.823588696053560625e+02
-8.675902047040684693e+02,8.820395018957426601e+02
-9.378370046866384655e+02,1.245070767674780882e+03
-8.956041846858682902e+02,1.245070767674780882e+03
-8.544827546854508000e+02,3.448448676749047763e+02
-9.378370046866384655e+02,3.448448676749047763e+02
-1.062312684686664397e+03,1.245070767674780882e+03
3.547095653145739789e+02,-5.553810323249714429e+02
3.124767453138036899e+02,1.875228897675010103e+03
-8.808323349589154532e+02,1.778980999050133732e+03
-1.242766616328207647e+03,8.227356625134726755e+02
-1.187899754685463449e+03,3.748523976749532949e+02
-1.284466272884934142e+03,7.608742345599923738e+02
-1.075451762164584579e+03,8.825398731942074164e+02
-1.035163077000839849e+03,3.417039923017268848e+02
-1.034116169659753496e+03,1.121349601524565969e+03
-1.117547344969468213e+03,7.625282510802843490e+02
-1.408838048890028404e+03,6.422981013007175761e+02
-7.420672336478029365e+02,8.220917395521240678e+02
-1.117005880936518452e+03,3.413134204777397827e+02
-1.145666934686272498e+03,3.748523976749532949e+02
-1.112556509439024921e+03,6.104690688506456127e+02
-1.142919702420316071e+03,3.097243827598364305e+02
3.547095653145739789e+02,1.875228897675010103e+03
3.960898546118104377e+02,1.871430074688480090e+03
-1.062312684686664397e+03,1.155048177674635326e+03
-1.118904265419262174e+03,1.631976525325231705e+03
-7.334032487644134335e+02,8.089044075589442855e+02
2.291224953141954188e+02,1.845221367674961584e+03
