date:2016-06-26, time:0600, wind_speed:1.0, wind_dir:180.0, temp:14.7
-1.531175646435150206e+01 -2.991010515123505229e+02
5.566615328789522721e+01 1.060223758744466380e+02
9.693358552396267669e+01 1.027739682415729732e+02
6.803015648809328297e+01 1.030961679719056860e+02
5.550332878094967270e+01 1.054281399987551566e+02
6.866050873483537487e+01 1.034891416665757617e+02
5.563234724215100613e+01 1.060360431310358535e+02
6.859068019631959601e+01 1.035156442432964212e+02
6.881265653145865713e+01 1.035018057674441252e+02
6.808461195555797474e+01 1.031207631050415614e+02
6.795155502207366283e+01 1.024944452636785002e+02
9.767980823714185590e+01 1.034624714463087685e+02
5.528032641174122830e+01 1.055966882889320146e+02
5.548810509573107907e+01 1.061136717496403037e+02
5.560378846942352737e+01 1.059429345909411069e+02
4.791852453130203315e+01 1.095033117675327929e+02
7.195732614535862126e+01 1.026535759998031523e+02
7.621945832605490523e+01 1.237047055165489979e+02
9.701653692867225232e+01 1.031519141627121456e+02
6.793042993542290731e+01 1.026444873376963614e+02
6.866511730966519167e+01 1.034574570519522609e+02
5.625394953142080112e+01 1.065025587675279439e+02
4.679570795018493357e+01 1.086249267366090123e+02
9.686985045024901808e+01 1.207125027608396124e+02
1.058516266526785046e+02 1.124776230982712519e+02
4.743797128983560896e+01 1.093955462139577008e+02
9.778076209803884922e+01 1.034255753668498130e+02
6.799289249889119446e+01 1.031709296249777168e+02
1.053097008233357315e+02 1.116316139145281028e+02
6.800895430447273782e+01 1.031615523102948089e+02
-1.539775738590938303e+01 -2.993696321979846857e+02
8.893853297970892413e+01 1.060571743328097796e+02
9.721900278573356502e+01 1.030706622338589824e+02
8.898068281561924664e+01 1.060739489315411248e+02
6.843138662467671907e+01 1.033868420351729327e+02
9.713043334724598310e+01 1.026755345984223879e+02
9.703080370897615126e+01 1.121218030524866265e+02
9.355340905238402627e+01 1.073301655424015735e+02
5.595347373926934154e+01 1.065373544915891557e+02
-4.066201942978899808e+01 9.071333837530634980e+01
5.948523276799395632e+01 1.054996070133583004e+02
5.562400911943276327e+01 1.063917950497035321e+02
6.802097632356904455e+01 1.032074376465405408e+02
5.594438237539584691e+01 1.065535938712278750e+02
9.682514173762976384e+01 1.024920659030325965e+02
5.595826819419569631e+01 1.066135636022965372e+02
5.515699794909179587e+01 1.055567470448437462e+02
5.945655637803462668e+01 1.056324812022105846e+02
5.551451703735090604e+01 1.056851748319134288e+02
-4.016608764961525679e+01 6.130249989850089776e+01
-3.618314848294269837e+01 6.047663306186146315e+01
-3.601087439227277542e+01 6.417265136145157101e+01
6.862377971660528431e+01 1.035178087252411103e+02
6.437938899588876041e+01 1.095517104685943366e+02
-4.446133086538431911e+01 5.755533281529483958e+01
5.533527308223639096e+01 1.057442102451782375e+02
-4.377115046858298797e+01 5.849051076745031708e+01
-4.016539167220520312e+01 5.541758609223693810e+01
4.323956099060620772e+01 1.361430464567550871e+02
4.737457089704852820e+01 1.091542966744213459e+02
5.201599379893966102e+01 1.185982480097122505e+02
8.523011995999269175e+01 1.155924241311087712e+02
-4.013974105532427927e+01 5.541081972413748957e+01
5.214180653137905352e+01 1.185055707674683845e+02
5.539747101818608854e+01 1.062400116592053507e+02
4.696919658579434298e+01 1.415859613619944923e+02
6.782018641173156936e+01 1.025399261255556382e+02
1.175589933727223695e+02 1.176940885865144111e+02
1.013177456947686466e+02 1.385870446056154037e+02
5.581163824668526985e+01 1.064779952030431502e+02
6.792279978076905422e+01 1.029589240203782481e+02
5.552937399001738328e+01 1.060706836692277619e+02
6.806040002972581249e+01 1.030499919001972557e+02
1.268289459386066520e+00 1.927411002104057047e+02
-6.206168468504699831e+00 9.449954676750854787e+01
-3.342013554613109338e+00 1.643973983299487429e+02
1.238839614100403663e+00 1.643258409445540451e+02
-6.502350544741934968e+00 1.965662297071104945e+02
9.731614907025394245e+01 1.034689728603527641e+02
9.793107453138289031e+01 1.035018057674441252e+02
5.528494184423981039e+01 1.057718831427718271e+02
-2.358830540900749639e+01 9.348163786771550576e+01
-1.136673941491882900e+01 1.657249181637373567e+02
9.553988593509822991e+00 1.672106880207208519e+02
5.551791975588544403e+01 1.060365863771703232e+02
-2.777325888620996608e+01 5.813692680299465820e+01
5.529401921954303134e+01 1.056106464744580080e+02
5.534738665152639925e+01 1.055691975042183657e+02
-7.645630399304231162e+00 9.797388197247720143e+01
6.806325951318153500e+01 1.030473259338519654e+02
-3.001736399811790079e+00 9.653534185916119270e+01
5.519881927092339424e+01 1.057615765061804609e+02
5.536302035947615963e+01 1.055708259533737561e+02
-4.042471392278691411e+01 8.467522173066359414e+01
-4.377115046858298797e+01 5.248900476744061905e+01
4.270661316812517327e+01 1.313512954791016796e+02
2.196776213694407787e+01 1.896304143246526053e+02
1.828153911612849569e+01 1.754464209871024991e+02
2.186508326753580889e+01 1.896766397963723136e+02
1.144281949182892077e+02 1.072750295039066941e+02
5.471078093771408746e+00 1.163179306834098270e+02
3.449595687581469150e+01 1.174630790176160531e+02
3.516356192895748478e+01 1.184031210110041883e+02
-2.767250181513604357e+00 1.011865178130444889e+02
2.690725857003885579e+01 1.935780234523664944e+02
9.730270580610030251e+00 1.175338146937503865e+02
1.379160908659555318e+01 1.208058028808560209e+02
7.246472076933950746e+01 1.242384507734539056e+02
5.545519600494652934e+01 1.056903393773910693e+02
6.818985904576217649e+01 1.032504710068352836e+02
4.695799162713181119e+01 1.093194330942662447e+02
5.534972401179408052e+01 1.057635904022796183e+02
5.592220175959284489e+01 1.065046343984396628e+02
5.560731320787012066e+01 1.064044310284442361e+02
3.853461566243326786e+01 1.177737634864086544e+02
4.701941043714857216e+01 1.178018898450583123e+02
9.727960483287178661e+00 1.721321505153692044e+02
1.368526143721488353e+01 1.685691039114574608e+02
1.853961823040921830e+00 1.934552610293083887e+02
1.650754188123649158e+00 1.903521306891580025e+02
-6.716636080028965061e+00 9.531538792373412150e+01
5.530463321488939243e+01 1.057992140481721037e+02
5.539442272393596767e+01 1.055127707588862620e+02
5.200738522789715823e+00 1.236119970052624666e+02
2.291224953141954046e+01 1.245070767674780967e+02
3.046294954992394111e+01 1.942403388340315473e+02
1.139645550654039425e+02 1.088690038180583457e+02
1.519523664838755224e+02 1.695930348877525091e+02
2.210790588071031948e+01 1.236614687530925494e+02
3.100972694410664232e+01 1.934484177761919739e+02
1.602314750251219664e+02 1.694978907268683201e+02
3.124767453138037254e+01 1.935243957675107254e+02
3.547095653145739647e+01 1.935243957675107254e+02
