date:2016-08-21, time:1400, wind_speed:4.56, wind_dir:154.0, temp:23.6
641.604414 1067.634138
-1145.666935 794.957818
-1688.025255 224.814748
-983.347831 557.019309
-946.820331 258.601233
-1363.917474 -341.134664
-984.041375 286.684863
-609.240172 287.237426
-1034.133838 500.778346
-1062.312685 -105.268082
-942.947679 917.212012
-609.400193 587.551902
-738.183102 679.647204
183.433327 1577.159870
-692.541938 707.003071
-70.767996 1369.487095
-1026.189128 856.897314
-604.420005 464.874988
-909.712944 921.069242
-867.602050 230.791217
229.122495 1425.115948
-1113.485511 469.495817
-1108.661715 527.602347
-29.931972 1399.421685
-1479.083935 1005.010528
-1150.364006 257.584495
766.844740 1517.612263
-1404.688316 79.419467
798.281591 1041.265261
-812.249935 1305.085828
-1271.254005 704.935228
-1618.109038 890.835751
-812.249935 434.867458
-451.933735 620.643945
-1187.899755 794.957818
-566.808307 -2473.792627
-1367.600367 411.015913
849.833344 1097.337498
-400.419995 -2623.242625
-1187.899755 -105.268082
-816.251745 1337.015603
-854.482755 434.867458
-1688.025255 224.814748
-1109.172210 767.444240
-566.956214 1397.187351
-826.520316 1401.310846
-1071.359320 529.104310
-29.716706 1279.550018
104.646815 1455.123478
-1149.898180 677.345632
-1566.613430 557.243135
-1409.253649 1069.747399
-612.505163 1189.081384
-1316.902288 617.012694
-1280.492116 168.960791
-987.428425 1040.095282
-742.190419 380.809690
-859.323116 -2353.884295
-1145.666935 -15.245492
-821.517756 1309.976684
-1062.312685 554.897578
-1400.396031 856.716887
-658.649747 -2680.099914
-701.502052 831.829659
-821.706059 -1961.312228
-826.340701 1370.754327
257.596898 1250.519329
-826.145639 590.928205
-1316.473311 466.613491
-575.119416 1250.305811
-1617.692995 681.173801
-1271.254005 734.942758
-1488.358834 138.391096
-1108.612055 316.970449
-403.764878 949.130193
-650.605949 617.568825
-900.399937 616.893900
-983.707827 646.621657
-521.065755 -2715.923192
-567.170773 1097.101440
-654.718626 769.693707
-1654.874926 378.565723
-776.107101 -43.448934
-654.821851 588.971209
-1114.314928 289.963212
-191.920641 -2803.441116
132.320925 -2860.227019
-395.478685 1155.048178
-1025.860206 347.428752
-483.221435 1187.632692
-737.689054 -11.418077
-1733.316439 797.413559
-978.958435 1305.085828
-1117.990359 531.033087
-1076.395056 500.950790
382.228015 1610.619918
-104.294505 1455.123478
16.850875 1546.828061
-609.045501 -823.120180
-452.648347 -2800.036464
-650.060137 526.773163
-785.183469 440.773635
-571.312591 559.544360
-196.310219 1128.929904
-988.809809 -70.690277
-451.129310 -2619.569254
-655.350064 348.796723
979.310745 1425.115948
-1576.274528 801.543731
-1233.039531 827.290099
-447.341498 739.534633
-1566.906655 466.715338
-1229.021185 434.867458
-316.367391 -2774.242592
-154.415188 -2832.082367
-358.880974 1126.930308
-654.465806 1579.011008
-613.281408 -2291.479623
219.566332 -2711.638196
224.319311 1456.941239
-988.309243 169.454450
-1150.276577 136.771429
-821.673774 1219.366728
-909.133023 1371.550854
-863.562964 799.832784
-733.449326 437.080076
-780.454456 139.233712
-867.116993 -249.231497
-908.789870 380.005917
-1525.351107 1187.493149
-400.361528 1186.866146
433.361672 1517.580523
-614.051571 1519.428355
840.686812 1101.083044
-1158.852439 951.248586
-1317.206995 376.963014
-321.656682 -2621.381599
841.984487 1760.526066
-771.128505 1065.025588
-812.249935 524.890048
-1154.630122 139.354425
-404.281436 -1481.500134
-354.357255 -1545.629522
-367.238439 -1479.631552
-1154.892986 1009.099070
757.694053 1040.682691
-446.547332 1250.008656
-478.832935 1245.070768
-483.267585 -2773.672846
-369.050260 1490.543171
-325.720778 861.101489
-1233.692948 676.730429
553.292722 -1932.061914
891.917897 1787.379029
979.310745 1545.146068
-1201.778465 801.521087
-1229.021185 824.965348
-525.143802 -2714.047546
-604.420005 -2715.923192
-228.770185 -2805.945782
-104.294505 -2835.953312
-154.262591 -2801.511985
-478.832935 1425.115948
-987.789200 709.127739
-483.230864 -1393.806509
688.126565 -2415.847892
-187.648755 -2835.953312
-562.187185 1485.131008
-492.279326 1490.726324
-1158.957825 890.272743
-909.413656 921.358149
-1742.618112 231.409540
761.776059 1939.140886
-775.136767 1247.546684
-325.059964 1281.056875
-609.301187 857.350971
-1742.778650 800.914475
-1312.375435 374.852398
-275.326456 -2444.019076
850.248876 1757.765571
-492.422886 1101.041728
266.564127 1247.538128
-1535.717084 1011.284072
-1149.791348 707.632737
104.646815 -2835.953312
-112.655790 1308.947260
-20.940255 1275.078298
-20.940255 1185.055708
17.223039 1187.574083
-409.753641 1280.961070
-742.123122 1041.526517
-1159.237094 830.666335
-737.968592 588.890306
-659.154212 440.487544
-862.553169 -190.026370
1058.380939 1066.937439
1016.798077 1067.145063
-695.843720 1519.436188
684.005773 1067.301627
104.646815 1485.131008
-1191.916817 646.709516
-1275.656845 647.563211
-946.618261 1189.188590
12.558109 619.145924
-399.601308 -2774.270960
-325.959800 1102.514635
-821.203005 948.923230
-1062.312685 -165.283142
799.203738 1880.614279
-942.016115 587.436842
-728.895685 -315.320792
-743.349212 200.771925
1008.256214 1911.707166
-779.356447 1729.374696
-408.447275 1582.162626
145.768245 1305.085828
-533.764989 320.902006
-645.541435 104.784628
47.450830 -2710.385548
-483.179900 1547.758577
-192.154735 1427.536425
-858.588214 1066.909528
1100.646034 1067.126758
-899.840750 886.700048
-20.940255 524.890048
-737.336758 379.510400
-825.261443 291.129591
-1187.899755 464.874988
-1150.642001 466.712092
1104.897815 1935.243958
-654.040194 1069.705208
-1395.729685 944.995468
-562.187185 164.799688
632.903710 -1899.070898
-71.004471 -2861.280173
-1734.175372 796.655609
-1659.567200 742.019955
-1701.984635 741.836271
-1659.532570 710.364038
-950.242925 890.273475
-399.574645 856.712963
-1405.115099 589.381307
-562.187185 584.905108
-66.762584 526.599571
-983.631157 -43.570897
-904.453465 -130.973292
216.527739 -2770.378148
-775.649808 1067.170066
-275.673116 1667.351101
-608.741040 -43.263616
-617.953782 -339.896420
507.732794 1490.024124
479.185245 1485.131008
-25.367749 1756.980358
549.255643 1672.372096
131.978657 1580.672612
132.388052 1552.601028
-71.803201 1519.881883
-992.731645 801.263495
-1367.783368 682.067079
-1158.349043 530.824147
-775.431094 -823.186514
845.068705 -2381.497733
-983.308919 677.470927
-1035.183221 650.075135
-988.313301 619.822765
1100.438535 2147.905727
16.207143 1337.084817
-613.032474 -2441.163931
-909.671594 1280.966470
-820.589768 1219.105376
-613.260221 1458.987534
-942.238661 977.278292
-442.273926 -2653.785943
-196.738541 -2801.572574
-779.604134 1309.119082
-812.249935 1365.100888
-742.322916 1251.151979
974.543086 1577.139651
-784.880693 1551.448344
-1359.363796 346.674639
-483.837222 -313.367787
-659.567939 -790.486662
1016.740849 1997.132858
1096.119127 1909.178893
1016.726280 1998.017561
-487.294426 1729.776480
341.198863 1730.694075
678.754131 -2261.314719
-775.619421 -2533.130084
-158.671413 -2860.531673
-228.770185 1365.100888
807.798329 1187.124782
-991.351249 740.628118
-825.887237 -188.871646
-487.922014 -1660.825098
934.024040 -2023.030218
-30.253130 -2832.104001
-145.415935 -2835.953312
-116.575068 1219.999340
-1071.167728 828.736507
-1192.780908 827.170459
-1072.009056 858.470930
-771.128505 284.829808
-978.958435 764.950288
-1030.290227 799.108880
-816.726263 917.393564
-854.482755 -735.426212
-1243.198773 770.955218
-608.957317 1487.021937
-1149.676681 527.500769
-1035.091333 680.860503
-1062.312685 644.920168
674.912745 1071.028141
-403.930580 1698.525773
-321.122601 1699.319563
-113.182492 -2830.904466
-617.116678 471.136101
-604.420005 464.874988
-1109.563961 977.502362
-653.759425 19.636719
-1066.447746 496.688504
969.325881 1069.410982
-534.151490 -1689.668477
-478.832935 1485.131008
-317.064480 1487.632828
-367.759074 1520.518864
-437.711505 -1695.667172
-442.270385 -2623.476975
-447.324486 -2651.499946
-1317.040939 706.663988
-233.381626 1217.543866
-1021.191255 554.897578
-1076.315852 530.826987
-1030.334428 558.866668
-951.244729 -219.664894
-575.632739 381.438060
-654.391573 439.847542
1016.717340 1066.960544
262.108493 1579.625017
183.780488 1547.155791
-155.108936 1160.063805
-987.327984 1009.602517
-650.321489 -703.133567
-441.722884 -1573.680386
-118.708018 -2739.867465
-228.770185 -2835.953312
636.393416 -2471.150529
683.926742 -2444.048139
762.348202 1219.241720
762.447344 1159.831017
767.285187 1216.930188
804.261168 2151.011602
-1233.991635 1156.754849
-604.420005 704.935228
-525.186503 436.750020
-650.586470 316.983410
-812.249935 284.829808
507.067122 -1719.215650
719.891000 -1720.950565
645.893745 -2445.855422
673.916047 -2439.643093
-946.846883 919.233273
-950.683129 891.723423
-909.926750 921.195966
-483.202826 -1423.715681
-946.710616 679.850961
-983.831230 767.443723
-951.367148 710.733152
-1158.936123 830.962294
-1492.645701 1101.344201
-158.249393 1460.673385
-196.788111 1489.485734
-66.810660 -2803.617510
-70.752679 -2861.527203
-899.969866 -133.222198
-1025.598005 -133.179934
-617.324554 291.015297
-612.951212 289.251522
-1071.337417 559.137756
-1035.349352 560.863040
-1076.379921 590.086283
-1113.809983 529.577478
-1113.731062 528.802697
-369.172201 -2769.938419
-408.798534 -2770.343851
-1409.776662 470.979179
173.839150 -2739.307254
174.381364 -2740.553193
215.983569 -2709.708701
271.355315 -2745.930722
895.956495 2025.266548
1512.919361 1700.486841
1021.543565 1035.018058
-655.140011 798.306814
-312.124435 704.935228
-1145.666935 674.927698
-825.732463 560.486597
-1076.045911 531.319567
-658.829742 50.654291
-1242.521842 -99.269695
-562.187185 -975.486452
688.126565 -1785.689762
-645.541435 -2265.810242
-158.146507 -2439.764113
-701.854895 -2589.336325
-1196.978392 -100.766747
-1242.474813 -130.148197
-1192.449039 -132.614804
-1145.666935 -105.268082
-25.872717 1217.238942
-1275.464305 737.284886
-1284.119016 680.699098
-1363.818684 709.413110
-1316.654795 707.348965
-1280.986591 528.419623
798.385589 1940.870066
-241.206198 1221.447819
-1521.316755 1125.040648
-1029.299055 1098.634028
-728.895685 -45.253022
-618.325006 -669.513011
846.273794 -2140.698244
-700.951200 -2319.655280
-658.414835 -2559.845579
-284.924240 -2559.657083
-687.774255 1485.131008
-697.521798 1489.185158
757.976165 1402.374167
-951.023591 1371.785431
-613.611229 1159.091217
771.480815 1095.033118
-1367.809492 590.236258
-687.774255 14.762038
-395.478685 -1425.599402
508.284015 -2499.706557
-368.276339 -2560.466267
-604.420005 -2655.908132
174.168629 1671.648465
62.413995 1485.131008
-487.712623 1249.828871
-1566.486184 947.196121
-1409.188466 830.922022
-1321.440079 709.693446
-562.187185 104.784628
428.416635 -490.822792
-741.236091 -788.393986
-404.106215 -1420.766079
-618.685818 -1509.914681
-492.128132 -2439.354629
-354.357255 -2475.862952
-196.153373 -2651.988992
-1196.858138 -131.500469
-1158.228655 -128.229243
-1233.604797 -133.593790
-909.160264 560.068448
-404.383206 -2651.249416
-1229.021185 1155.048178
-1234.120873 -163.206267
-1238.049208 -131.236506
715.667472 1821.461285
-321.622068 -1421.744100
-1118.206103 20.879922
-399.994088 -2263.435638
-900.506281 496.987464
-533.681425 -2500.367258
-400.029347 -2773.916629
-1049.282612 556.763378
-1075.910004 590.438870
717.618173 1535.195489
708.096657 1516.240196
