date:2016-07-22, time:0600, wind_speed:3.67, wind_dir:209.0, temp:22.1
-14.541593 -106.550904
34.779810 -286.992249
80.094671 102.936595
85.483507 106.502559
77.148082 103.501806
43.099928 112.103549
-97.895843 10.478463
-127.125400 -31.532079
55.899698 106.264226
85.171398 106.348644
-118.789975 139.510842
81.260225 103.501806
60.477232 136.510089
-85.448275 61.491264
-94.113084 10.264113
-77.112850 82.496535
-132.222087 78.941989
-135.460825 88.498041
-115.303832 -16.924513
-39.547868 151.513854
43.806382 196.525149
-106.600319 -205.725533
-73.255177 118.356251
-94.896999 99.927105
-69.935065 144.818822
-69.104020 43.234988
-164.928458 106.261954
60.477232 106.502559
1.028245 90.791599
-82.375489 9.910347
-174.025217 75.876943
-106.625073 -25.727178
-81.544504 31.308476
-119.100135 10.248182
1.765931 163.296386
-148.262449 52.343666
-115.325982 127.103834
-44.492789 118.089914
-89.560418 106.502559
-98.609128 145.061379
-94.921860 84.980720
-102.770126 145.096579
-39.547868 136.510089
-102.761511 31.036277
-82.670449 -23.286956
-98.277612 139.355487
-86.563838 117.851985
-136.185995 118.148172
26.803017 -70.702884
-81.224993 97.500300
-131.237543 124.507077
-114.566693 28.482981
-153.187689 33.872703
-77.512913 19.237284
-69.916297 150.871933
13.818356 142.174159
-61.079069 58.034822
-73.277632 40.342934
-36.840050 153.734542
-119.520097 19.106706
-168.802525 19.480722
80.115758 123.898001
-127.461698 130.258147
26.775457 172.347182
-131.237543 130.508583
26.407979 145.055603
5.500939 133.096008
-32.358789 162.911283
-123.616920 34.088467
-94.468997 118.065866
-81.538665 40.341767
-89.882895 19.267414
-10.429450 151.513854
-161.580539 105.796692
-131.237543 55.489758
26.063599 170.623937
-99.006577 72.908784
-169.808584 54.916944
-97.895843 4.476957
-81.224993 112.504065
-161.122170 13.037155
-169.497246 58.060051
-131.624772 130.294371
-44.110076 127.340489
-161.465089 104.582172
-44.141753 133.339472
-90.346802 70.049240
-81.224993 139.510842
-81.919275 22.089905
-77.458854 -31.703177
-115.968832 75.744077
-131.237543 103.501806
-160.824072 79.249412
-156.615745 85.339599
-110.454550 64.492017
-102.841695 62.942017
-77.112850 1.476204
-127.866193 106.035038
-131.237543 46.487499
-102.119125 151.513854
80.898095 136.328010
-110.851875 124.303790
-52.106575 85.497288
-144.165159 43.265189
-81.224993 -34.532832
30.590970 160.133664
9.482810 143.651265
-98.292033 97.357444
-111.196043 67.060624
10.129328 130.260057
9.773915 124.139333
-72.889568 145.512348
-82.318691 135.898825
10.464682 139.510842
18.142386 139.220727
84.076802 105.741428
80.598445 103.132788
-93.783700 73.494276
47.572124 166.339818
-23.199781 163.325111
-127.505004 133.256350
151.482326 139.098890
-152.131675 121.506324
-157.007982 97.103839
-131.930881 49.091740
18.454348 142.362251
10.140049 142.364696
13.868292 142.036919
39.583100 154.514607
-40.239575 79.050969
-152.484725 58.242710
-60.442000 148.513101
-69.097674 94.336390
-139.914318 94.282651
-65.254740 10.036167
-102.437440 82.318340
1.004499 81.871165
-119.492909 46.057238
-94.510438 -27.286477
34.758514 148.102712
-85.448275 88.498041
-61.067681 61.097295
-156.947799 37.078998
-65.285796 4.127823
-94.505889 -1.962059
-64.951534 73.329596
-61.162715 130.058724
-156.916883 88.052807
26.832760 145.261210
18.158699 148.178067
76.766364 103.358384
80.106296 102.917630
80.941125 103.272776
-94.507770 94.084584
-94.091935 97.317563
-102.426124 64.320621
-106.556484 67.303091
-93.783700 124.507077
-102.119125 121.506324
-81.613490 43.297991
80.273226 102.895718
-81.611623 1.268657
77.148082 103.501806
76.433896 103.182250
76.386450 103.111967
43.075739 175.043535
59.790299 169.107449
-86.107101 133.107423
-81.953825 91.102491
-69.403707 70.057016
-152.831984 64.104241
-127.856721 36.997137
-61.123439 16.071100
35.060823 196.349334
-85.792760 124.347967
-111.217995 85.049292
-56.940551 22.076812
-77.112850 91.498794
-81.873407 89.774160
-82.269570 89.571781
-77.828117 91.086606
-39.547868 133.509336
-69.933306 93.859136
-73.987506 96.914610
-76.884261 3.202444
