date:2016-10-23, time:0800, wind_speed:5.01, wind_dir:244.0, temp:5.7
-1.104545504685855121e+03 -4.353509123255670374e+02
-8.166026743990688601e+02 -8.664181785980335917e+02
-1.365757459285720870e+03 -1.849704619000839898e+02
-1.521316754685476099e+03 -1.352756123250818518e+02
-1.660119829310700652e+03 2.858834206598263563e+02
-1.692534641845736815e+03 2.741579016138405223e+02
-8.956041846858682902e+02 -2.553057323252759261e+02
-6.877742546862341442e+02 -1.185539162325200550e+03
-1.613552238522909647e+03 2.659931999607412081e+02
-1.859463644594218067e+03 3.344281072091053488e+02
-1.104545504685855121e+03 3.148373376748562578e+02
-1.062312684686664397e+03 -1.155531632325152032e+03
-1.399807279886177412e+03 4.845131966317653678e+02
-1.442117065376485925e+03 3.037977684159458818e+02
-1.479083934686285147e+03 -1.952906723251788890e+02
3.440057122604230244e+02 1.224429205725568181e+03
-1.400907640539307977e+03 4.712075999106033919e+00
-1.282641787002330148e+03 8.049917521261610318e+02
-2.817033738255047410e+02 8.641413489681846158e+02
-8.214849277267738898e+02 -4.842469886803295935e+02
-1.729146684686689468e+03 3.448448676749047763e+02
8.081068675369139100e+02 1.475812962173620463e+03
7.714808153141948424e+02 1.635168657674621954e+03
5.529787159235357876e+02 1.647600584838300392e+03
9.337177295746371328e+02 1.625760756110209513e+03
6.306230276553818612e+02 1.485577070844967011e+03
8.917795585321787257e+02 1.445756578681537349e+03
-1.318039304327013724e+03 2.437416112962146428e+02
-1.066980081953577383e+03 -2.355892701401261604e+02
6.416498047821539785e+02 1.415443542738452379e+03
8.548350653138031703e+02 1.365100887674974956e+03
5.957291752583289508e+02 1.434385679173216886e+03
9.381893153134114982e+02 1.455123477675120512e+03
8.916822130508597866e+02 1.566215546372215840e+03
6.830878602996610880e+02 1.535220467821727198e+03
6.005832221652862017e+02 1.564885471730833387e+03
1.188252065313815820e+03 1.455123477675120512e+03
-3.121244346854513196e+02 6.149126376745517746e+02
6.776185979199420899e+02 1.406594280941201077e+03
-1.532972478847484581e+03 8.462226788757287466e+01
-1.479083934686285147e+03 7.477709767446809508e+01
7.292479953134246671e+02 1.545146067674476399e+03
5.569843469193149303e+02 1.504253538409446719e+03
-1.650665888733428801e+03 3.058883886950919191e+02
1.173203692879558275e+03 1.545418066486525504e+03
9.690598190240614258e+02 1.465252286169167974e+03
4.650720542150561414e+02 1.485293297444890868e+03
5.526885843700169971e+02 1.615815535970448536e+03
-3.121244346854513196e+02 3.748523976749532949e+02
1.088376429996680372e+03 2.146364858781773364e+03
7.655387340488503014e+02 1.564223550658330169e+03
8.854207906300207469e+02 1.793986571987974003e+03
1.381451892833582633e+03 1.966448586941456824e+03
1.396081995313449852e+03 1.965251487675155659e+03
1.381062069053010646e+03 1.906805159363345865e+03
1.384561877460399273e+03 1.794438506137972809e+03
1.562790495314245845e+03 1.935243957675107140e+03
1.017268209608124380e+03 2.046401155887154346e+03
1.057553004769536074e+03 1.804495983245663638e+03
1.516800095438956077e+03 2.075067297824961315e+03
1.308299719856549018e+03 1.954940724040177429e+03
1.428112377082659577e+03 1.856122210422747685e+03
1.229576879684477944e+03 2.085765062325076997e+03
1.479436245314637745e+03 1.995259017674414508e+03
1.506783914990581252e+03 1.874009715948541498e+03
1.219644099550095007e+03 1.645506714796483038e+03
1.178876034278474890e+03 1.827285176972468889e+03
1.146019245314625095e+03 1.845221367674961584e+03
1.182304806420118894e+03 1.655054777126115823e+03
1.174380116850258901e+03 1.844964941758407804e+03
1.351008207846872210e+03 1.925010252382217914e+03
-1.562438184685893475e+03 3.148373376748562578e+02
-1.536842588263314383e+03 2.255192404906912316e+02
7.249174741472870664e+02 1.715597603768947238e+03
8.438241435594101176e+02 1.735463075756678336e+03
9.651625501822973092e+02 1.574605435257263935e+03
1.011044845500479937e+03 1.675403606953096642e+03
-1.198460517529766094e+03 2.039676626478456569e+02
1.183555204614841159e+03 2.164703642108226177e+03
1.423640821176797544e+03 1.666357432239829222e+03
8.076462411583156609e+02 1.505411946700757198e+03
1.258295861117697541e+03 1.905577336723919188e+03
8.548350653138031703e+02 1.485131007674379362e+03
6.881265653145866281e+02 1.425115947675071993e+03
-1.062312684686664397e+03 4.648749876750988506e+02
-8.285383058469456046e+02 5.856474107043734421e+02
-1.114461508340701812e+03 1.155456153863908924e+02
4.326604370298849176e+02 1.655909212813270869e+03
5.106931105842992338e+02 1.645117345533098614e+03
1.021543565314599164e+03 1.725191247674767510e+03
-1.494794373194361242e+03 1.648795778564248735e+02
1.521669065313828469e+03 1.845221367674961584e+03
1.100346427533302176e+03 1.926115130575968124e+03
-9.098169401569011825e+02 7.368316282500327361e+02
9.733710171480652207e+02 1.895757120222557205e+03
1.391162576107639779e+03 2.345864706723996733e+03
8.394845885281559958e+02 1.665023985247444671e+03
7.292479953134246671e+02 1.785206307674864547e+03
1.307777487887117104e+03 2.285127995137830112e+03
1.516692389629542731e+03 2.256117740684073397e+03
1.386112326327404617e+03 2.186084986547369226e+03
1.052058260398304355e+03 1.553772846740394698e+03
1.056716768649795540e+03 1.864242795265011637e+03
7.246593564784408272e+02 1.836244181582354486e+03
5.991974370943710255e+02 1.895110795425903916e+03
6.781640746320013022e+02 1.825868772954676615e+03
7.248885570054573009e+02 1.716279771824149748e+03
9.338598876042935899e+02 1.475567516176006848e+03
1.266898998233190468e+03 1.534481911346195375e+03
1.104897815314207492e+03 1.935243957675107140e+03
6.353788418673616434e+02 1.586762189696745054e+03
5.948112134350860742e+02 1.704075800139978810e+03
5.625394953142080112e+02 1.815213837674913066e+03
1.562790495314245845e+03 1.665176187674670473e+03
1.511611691084593531e+03 1.855288642375219069e+03
1.224127798087737801e+03 1.955713359317568120e+03
-2.768611807717174997e+02 6.654057319128422705e+02
8.126022453146123325e+02 2.025266547674463027e+03
5.171271083824781272e+02 1.894771906419300421e+03
1.259996466643147642e+03 1.914914284673131078e+03
6.005773330767019615e+02 1.865032108250660713e+03
1.307376616767023734e+03 1.894853632389718086e+03
3.863562455446364083e+02 1.735930393304979134e+03
-8.544827546854508000e+02 7.349427576747458488e+02
7.714808153141948424e+02 1.875228897675010103e+03
1.146019245314625095e+03 1.755198777674816029e+03
6.832161869910790983e+02 1.716110727210433879e+03
1.062664995313437203e+03 1.755198777674816029e+03
1.188252065313815820e+03 1.965251487675155659e+03
6.458937453138163391e+02 1.665176187674670473e+03
1.135054067559087571e+03 1.703771995573977847e+03
6.009646630175457176e+02 1.805813138551627844e+03
5.214180653137905210e+02 1.725191247674767510e+03
5.949357895534328691e+02 1.795281023866495616e+03
6.047723153133988490e+02 1.815213837674913066e+03
1.349864009307763808e+03 1.866077301791307264e+03
1.183969051203893287e+03 1.775114423034703123e+03
7.672538724921683979e+02 1.774113474406839259e+03
9.753723920806555725e+02 1.744613863520502946e+03
5.164383947708981850e+02 1.835747927938871953e+03
6.419310114462093679e+02 1.834828758948764062e+03
6.403361330968946277e+02 1.745505112159836472e+03
6.355745980382250764e+02 1.735296910066377222e+03
-1.442066883542010828e+03 5.614992218721297945e+00
-1.401331416344102081e+03 1.257258619918154778e+02
1.177753026487011084e+03 1.824526206791693085e+03
1.391202271745316693e+03 1.835437835254673246e+03
7.978716757385043366e+02 1.697593863252453730e+03
5.155742854812076530e+02 1.775280654749413543e+03
1.479436245314637745e+03 1.845221367674961584e+03
-4.010935357466771620e+02 -2.352386584368213391e+02
-8.583214091118730948e+02 -4.451600660086921835e+02
-7.760584270620496454e+02 -3.556723824936748315e+02
7.629922204610523977e+02 1.406199342217086496e+03
6.881265653145866281e+02 1.725191247674767510e+03
-9.008850476634062261e+02 -1.195759320087362994e+03
-2.394426628046297481e+02 4.151591157720270076e+02
-4.012981381570295980e+02 2.757710462096318338e+02
-2.710030046866132238e+02 5.248900476744062189e+02
-2.343656451378631687e+02 4.254251630429207012e+02
3.124767453138036899e+02 1.365100887674974956e+03
3.005739459943048928e+02 1.525144283390107830e+03
6.405865585351283471e+02 1.594452701547216293e+03
8.805592142317849493e+02 1.515276881399864124e+03
9.793107453138289884e+02 1.875228897675010103e+03
8.021180600956627131e+02 1.916025058637033453e+03
1.174035038315896827e+03 1.815430924168775618e+03
8.126022453146123325e+02 1.905236427675058621e+03
9.381893153134114982e+02 1.875228897675010103e+03
-1.399527221313060863e+03 9.390472655715952044e+01
7.714808153141948424e+02 1.905236427675058621e+03
-1.484497457312119650e+03 3.050302696919811183e+02
-3.583292454384824168e+02 4.248797333553270050e+02
4.380638153141822499e+02 1.695183717674718991e+03
5.175304379783980266e+02 1.595069592515710383e+03
6.831039939809394355e+02 1.564375721236564914e+03
8.909203849445428887e+02 1.445053716278671345e+03
8.959564953142206605e+02 1.815213837674913066e+03
8.067549389108701234e+02 1.835039264339139208e+03
1.354960565314611813e+03 1.905236427675058621e+03
9.287844419783294825e+02 1.374754514420087617e+03
-3.180424664476320231e+02 8.157095145636220650e+02
1.229373495314233423e+03 1.755198777674816029e+03
7.714808153141948424e+02 1.575153597674524917e+03
1.219838978910677270e+03 1.674333531843635001e+03
1.188252065313815820e+03 1.665176187674670473e+03
1.354960565314611813e+03 1.845221367674961584e+03
-1.442643383282997775e+03 -2.045976930186439233e+02
1.058005065406565791e+03 1.534840100258592201e+03
9.745526009364479023e+02 1.474043274806963836e+03
9.746574949295209080e+02 1.504411151126678305e+03
-1.650900863427009881e+03 3.041874384493850130e+02
-1.437962504685867771e+03 -1.952906723251788890e+02
1.016815854036060159e+03 1.865964854984248632e+03
8.075607699689256833e+02 1.684729015714580100e+03
5.169859750594221168e+02 1.474334038005157709e+03
6.403261932771943066e+02 1.895013315299265741e+03
1.263182713519944627e+03 1.857569134080729327e+03
8.503529240497582578e+02 1.414013064279485889e+03
9.793107453138289884e+02 1.875228897675010103e+03
-1.935386163857696147e+02 6.945288414410657651e+02
1.557524632534734792e+03 2.015103813617918831e+03
5.936991200909361623e+02 1.764190461491962651e+03
5.894127858095739612e+02 1.485392890072281489e+03
7.714808153141948424e+02 1.575153597674524917e+03
6.794937799053199114e+02 1.467612653536457856e+03
6.355546333507809322e+02 1.554896046257556918e+03
7.188834857483183214e+02 1.466544913354229038e+03
1.058304958767844482e+03 1.685863303618564942e+03
-8.956041846858682902e+02 8.549728776749399231e+02
7.672622641165482946e+02 1.684746301099629591e+03
9.321991644213692325e+02 1.925683952976731916e+03
1.223957813085001590e+03 2.014156466032583467e+03
7.676659094589953156e+02 1.954860392104939592e+03
1.100882240422347877e+03 1.834923372647253927e+03
1.421216138597707413e+03 1.843715645026583388e+03
1.188252065313815820e+03 1.875228897675010103e+03
5.905073135479351549e+02 1.967492400314671386e+03
1.229373495314233423e+03 1.905236427675058621e+03
6.458937453138163391e+02 1.845221367674961584e+03
-8.687778087311863828e+02 7.662761386137121917e+02
3.822665626726268329e+02 1.455140230700861139e+03
-6.877742546862341442e+02 1.948072176746621835e+02
1.090302539129200113e+03 1.636251946086376165e+03
1.100726553232525021e+03 1.686035112188663334e+03
4.791852453145997401e+02 1.575153597674524917e+03
-3.954786846866389851e+02 6.749276976746488117e+02
-3.178724352685575809e+02 6.349448155930000439e+02
7.664934678227726863e+02 1.475828431685258238e+03
6.458937453138163391e+02 1.605161127674573436e+03
1.474451782144161825e+03 1.865039138846537526e+03
1.229373495314233423e+03 1.515138537674427880e+03
5.570154785543207936e+02 1.565269240322566020e+03
6.824919797459721167e+02 1.444563056034584633e+03
6.769048866385202246e+02 1.525529602705748857e+03
6.881265653145866281e+02 1.845221367674961584e+03
1.178962299397012430e+03 1.946393954278451474e+03
6.787636873874112098e+02 2.004576188082467979e+03
1.214307251013417272e+03 1.875710341092262752e+03
4.791852453145997401e+02 1.815213837674913066e+03
7.248905804346952664e+02 1.594404501371321885e+03
1.182745991389935625e+03 1.984554922141182942e+03
6.307350391726272392e+02 1.455051242033593326e+03
-2.763329971118088793e+02 3.359329713514288187e+02
-1.025031471377108346e+03 1.239653260569670294e+02
7.600787094085386570e+02 2.125552613048856983e+03
8.412664001473460758e+02 1.995313298855696758e+03
1.053806678749552020e+03 1.976906809741974030e+03
8.548350653138031703e+02 1.995259017674414508e+03
8.026956620829199665e+02 2.065945712922317853e+03
7.147910205059324653e+02 2.087453840627286354e+03
7.250080236741354156e+02 2.014878635004647776e+03
1.089959741319321893e+03 1.455932507199158408e+03
1.057318015014985576e+03 1.534450143707425241e+03
1.057573837432208848e+03 1.474526668274661461e+03
1.271254004683492440e+03 2.145780122324384138e+03
8.089486995206729034e+02 2.076280083062481481e+03
7.662572256876509300e+02 2.106775272066524849e+03
9.705479642852644702e+02 2.095548914163951395e+03
1.428697106997466562e+03 2.005448506762125135e+03
1.516820330977466256e+03 2.045694338882936790e+03
1.469768831205969036e+03 2.037316724462112461e+03
8.837112796951823839e+02 1.614994432512929961e+03
9.288223611465507474e+02 1.675360391547440486e+03
1.183081742515580572e+03 1.926319404660819828e+03
8.494315413632716627e+02 1.716046420050313827e+03
1.312727745313841524e+03 1.815213837674913066e+03
7.292479953134246671e+02 1.695183717674718991e+03
7.659564755900129285e+02 1.355780183005760136e+03
9.381893153134114982e+02 1.485131007674379362e+03
9.739376471701411901e+02 1.444708736401081978e+03
5.625394953142080112e+02 1.485131007674379362e+03
1.184313595555551956e+03 1.804596772114556643e+03
1.016921563737933297e+03 1.534916666086765190e+03
1.104897815314207492e+03 1.905236427675058621e+03
9.283639366718890642e+02 1.464084553732929407e+03
8.022357941969161175e+02 1.556367929767911846e+03
7.714808153141948424e+02 1.515138537674427880e+03
6.416961229694130679e+02 1.414767744112677519e+03
8.067644052734557363e+02 1.564797484575388353e+03
8.067717117230855592e+02 1.594324665634693929e+03
7.248132771283710554e+02 1.594592185470638924e+03
8.018893486821567649e+02 1.525242314879946889e+03
5.081661467902479785e+02 1.604357336550278660e+03
