-9.008628426441262036e+02,-3.226800039441340573e+02
4.306516187248791994e+02,1.142569394239135818e+03
-1.113425688325884039e+03,-4.280446613217260960e+02
4.714782921922420087e+02,1.080891849458102570e+03
-1.316289485349832830e+03,-4.168685392115723403e+02
-9.880233620927373295e+02,-2.793312036585092528e+02
-1.610223706741687693e+03,3.202055607631088918e+01
-1.692530892149221700e+03,1.877476628663027896e+02
-1.691233948380716811e+03,1.859992052714058843e+02
-4.830064748248406659e+02,3.490516891555050165e+02
-1.693754708710558589e+03,2.036690805614352939e+02
-1.437899450921860307e+03,1.612303997065009753e+02
-4.848833499847428357e+02,2.589226450363281060e+02
-1.605732017855946651e+03,4.227623801563370165e+01
-1.603904577477375824e+03,4.092750605981681389e+01
-4.795551054011577889e+02,4.585763996793956494e+02
-1.653655041927040656e+03,6.181500031596427647e+01
-1.610873423512352247e+03,3.342333466518696383e+01
4.752139560851106808e+02,1.083992513027679479e+03
4.790386390064621764e+02,1.088723836911744229e+03
-1.567290574139168029e+03,4.408147855118510279e+02
-1.356919221618998790e+03,6.058041863147120694e+02
-2.755776587844790697e+02,1.041725243292610458e+03
-1.234156109096690443e+03,2.602395523811831595e+02
-1.272146846554962167e+03,3.075158600601528747e+02
-4.782577037671792937e+02,5.815136793376182140e+02
-7.745089766523460639e+02,6.670545428544908191e+02
-1.614905898402334060e+03,7.714444858466156347e+02
-1.149310410459568175e+03,7.711587507481658577e+02
-1.311987115491971508e+03,7.137713137510073693e+02
-1.319470827976351757e+03,7.530753602727969565e+02
-1.522299477277882943e+03,5.779183042313686656e+02
-1.688025254686272092e+03,1.948072176746621835e+02
3.537425245364578927e+02,1.181904550674715665e+03
-1.062312684686664397e+03,4.348674576750503320e+02
-1.611372992914486076e+03,1.506012148046938535e+02
-1.648137220246433571e+03,6.811201597552090448e+01
-6.068834162374348580e+02,5.782958798507144138e+02
-1.605347831134366288e+03,6.115315369583770462e+02
4.775251045644432679e+02,1.088652202734516095e+03
-1.316085756981108261e+03,4.411061744865327796e+02
-1.274484372433290446e+03,7.709799328161672065e+02
-1.566099817926645528e+03,6.051555359557609108e+02
-1.104236871650606417e+03,7.006198644061182677e+02
-1.480507527068979016e+03,5.141461020251117588e+02
-1.024964897496868389e+03,5.880149109087163879e+02
-2.299957179055081156e+02,1.151257233133169166e+03
-1.439383213425169288e+03,7.270041144183821871e+02
3.549885850440580839e+02,1.180614790069423634e+03
-5.668469441333828627e+02,7.105662295270186632e+02
-1.196366196351424605e+03,7.521965560658442200e+02
-1.026743720387026315e+03,-1.157650549972074430e+02
-1.643947101493053196e+03,8.637509781226947325e+02
-2.797847231753307256e+02,1.101244042902112824e+03
-1.492178628708193401e+03,7.383792658455838591e+02
-1.356846265793533121e+03,8.617575993969134061e+02
-1.772489794682682714e+03,6.366993839187990716e+02
-1.505517525050318852e+02,1.143035306909022438e+03
-1.149249800772178332e+03,-9.860536761110378166e+02
-1.521932748579451300e+03,6.674104860872704421e+02
3.521612795721870270e+02,1.178610037874748514e+03
-1.152845674213149778e+03,-9.586102921502625804e+02
-1.612517754756909653e+03,1.230785813029319371e+02
-1.150313054808707193e+03,-7.735315904546947650e+02
-1.147388210198236720e+03,6.397251194142768327e+02
-3.613636846691341589e+02,9.812413676744706663e+02
-8.538239151653117460e+02,2.301269381793579214e+02
-1.279056117090168300e+03,-4.491660712796693815e+02
-1.067340170144874264e+03,8.025039390362424001e+02
-1.235408477898280353e+03,8.418808583933866885e+02
3.452607258573196987e+02,1.172768398408712301e+03
-7.798265307084012647e+02,1.111811306803756679e+03
-1.691434620879378372e+03,1.862924887205130915e+02
-1.525757176705715437e+03,-5.673576688777929888e+01
-1.523461732550000079e+03,-1.103328781240949468e+02
-1.275867311265274338e+03,1.161182383566180306e+03
1.457125796225773797e+02,1.391097042697004099e+03
-9.433725957841497802e+02,1.235339781780409339e+03
1.402014540006442189e+02,1.309381552458826718e+03
-1.276944688218893134e+03,1.206013110170083110e+03
-1.272264137099926302e+03,1.238386641018327509e+03
-8.942828756581959624e+02,1.041879956777967436e+03
-1.524527155285576328e+03,8.782899212414893100e+02
-1.443172644656664488e+03,8.031621420795927406e+02
-1.608147925000740543e+03,7.865251484030881102e+02
-1.228865179053528891e+03,1.210606548746968429e+03
-1.279740938827849504e+03,1.338778625111347083e+03
-1.446662144021591985e+02,1.120679203872822882e+03
-9.373891012735924733e+02,1.092526027320030835e+03
-1.437220302549962298e+03,1.002737618369397126e+02
-1.613841434341052036e+03,1.517464961597478919e+02
-1.033298107701517665e+03,1.011314058923167522e+03
-8.587184670475265875e+02,1.221803776043424705e+03
-1.365182683348178216e+03,7.115064348614056371e+02
-1.654813549105713491e+03,6.193329151830679535e+01
-1.688155620223257984e+03,5.503113506288193548e+02
-1.523453606136719827e+03,-5.313259433576820356e+01
-1.645652855417266665e+03,7.111379407175920164e+01
-1.404383576547329540e+03,5.601375244424614266e+02
-1.354608481908527438e+03,5.523918004189997646e+02
-1.608247030331697488e+03,7.549693275876904863e+02
-1.523852964188487022e+03,5.768859735727750149e+02
-7.382558833580241071e+02,2.324254295540814894e+02
-1.646466310219271918e+03,5.895981322453823168e+02
-1.366251233586605622e+03,5.309415410412304936e+02
-1.022180931243793793e+03,1.029180577385292281e+03
-9.827036199396869733e+02,1.054655266793427927e+03
-1.648605654850063047e+03,5.621753806147489740e+02
-1.525996254095179438e+03,5.740007198546983318e+02
-1.732381824042520975e+03,5.759145340676517435e+02
-5.644994317504553010e+02,7.872873225918771141e+02
-6.908887830887547352e+02,4.719365065043106142e+02
-1.817042045021822105e+03,5.138156388246238748e+02
-1.483982133302062266e+03,6.232242164039372483e+02
-1.647221279353849241e+03,5.932568827469370945e+02
9.754593858320256459e+02,2.150097583853234028e+03
7.692480045830862991e+02,2.017057908508873879e+03
5.165147736660018154e+02,2.030620578162582206e+03
1.007489374919940587e+03,2.117396024624372330e+03
5.547849556612245578e+02,2.118683279598283661e+03
8.010040823677474009e+02,2.001176790122901366e+03
9.361992117996438765e+02,1.927824327158871938e+03
-8.985088239934824514e+02,1.115200446659821409e+03
-1.063160311575829155e+03,1.090444830794951940e+03
-9.427999781328013569e+02,1.040885629250604325e+03
6.872371907322410607e+02,2.021193012807920468e+03
1.020828369447393698e+03,1.928679690055909305e+03
5.180062151805110489e+02,2.090279150290909911e+03
6.766707591323656743e+02,2.059856716021698958e+03
6.047723153133988490e+02,1.965251487675155659e+03
5.609525734210722021e+02,2.048141115694894324e+03
5.567200857616421672e+02,1.954922371920431260e+03
7.260555819378113256e+02,2.001414176040412713e+03
9.385775907833683505e+02,2.112838202569427267e+03
6.861154627709759097e+02,1.927209045593787778e+03
-1.021869872403776867e+03,1.151632782882344827e+03
-8.637766872993602192e+02,1.067738058288038019e+03
-1.484860010936412664e+03,4.851354574383901763e+02
6.815312569450256888e+02,2.092990617772190944e+03
8.128570853936880667e+02,1.962179154028328867e+03
6.444790452000676169e+02,2.049510290861132034e+03
8.085698287006005103e+02,2.065686816731967156e+03
8.918999822720802513e+02,1.998158825813620297e+03
5.575317556887304136e+02,1.895910028598767894e+03
-1.109268769089982015e+03,-4.441432003447088164e+02
6.045275952976280678e+02,2.052569772956379438e+03
5.575167175792616945e+02,1.851750984844330333e+03
9.666911668506115802e+02,2.238977028880095986e+03
7.271115182005542010e+02,1.925811205180275920e+03
-1.605788324466751874e+03,4.184402643962507540e+01
5.597969891428654137e+02,2.109665759218773019e+03
4.380638153141822499e+02,1.905236427675058621e+03
7.644532273541972245e+02,2.015323244095969585e+03
8.079611975453648256e+02,1.791792362657309013e+03
6.430759306564948474e+02,1.868884490316377423e+03
8.897501698174207831e+02,1.956963756067947088e+03
7.273274615445686777e+02,2.044625497279663477e+03
6.396855482088571989e+02,1.922546633791250542e+03
-1.233886364657956847e+03,5.905348113260653236e+02
-1.650447450788424931e+03,6.525494985750802357e+01
-1.527939586735002194e+03,-2.336955975099354532e+01
-1.569674569864737578e+03,4.810688637984968636e+02
4.687453135497207199e+02,1.908469056730071770e+03
9.766641214465199710e+02,1.821883895744954771e+03
-1.653773412625905166e+03,5.422797952823804053e+02
9.361725656011966521e+02,1.939773756430539606e+03
9.369679851055409472e+02,1.932709041642611737e+03
6.040719940803369354e+02,2.021877780417873964e+03
7.704765671171161330e+02,1.902735141993633761e+03
5.586800917695865110e+02,1.790514407413477102e+03
7.162812779101583374e+02,1.789164655118046085e+03
6.458937453138163391e+02,1.785206307674864547e+03
8.440123985272733762e+02,1.937029029470611704e+03
7.260575521498340095e+02,1.821973367974211897e+03
8.011912200220533578e+02,1.940598171261560537e+03
7.629159170287339293e+02,1.921990440409760822e+03
-9.882491392579305511e+02,-3.408596557289781117e+02
-8.594284991801871456e+02,-3.246546864442914284e+02
6.845335666219384620e+02,1.864453168565504484e+03
3.513419411036096562e+02,1.822134933955059978e+03
-1.729963920700162134e+03,2.212021843326660075e+02
-1.688025254686272092e+03,1.948072176746621835e+02
-1.696953937680234958e+03,1.825615597881089798e+02
-8.996932863238594109e+02,1.259323081595369445e+02
-1.610897235911066218e+03,1.551761785124052437e+02
-1.730173633425683647e+03,2.212728603733788759e+02
8.868779157936257889e+02,1.881836412694947967e+03
5.990874022835596406e+02,1.821806441145854478e+03
1.061373598456062155e+03,1.823248971099257915e+03
6.778664078666889736e+02,1.699923644840640009e+03
8.130572050366342864e+02,2.020737273256667550e+03
7.254397019897987775e+02,1.958274993528762479e+03
-7.343837447798063067e+02,6.210859243321160648e+02
-4.811956821510429450e+02,6.229215266868707204e+02
1.021626806772953046e+03,1.841566623337572992e+03
-1.444158581489902645e+03,5.014808389603684873e+02
-1.443141751735496882e+03,6.361503029624527699e+02
-1.357258389501499096e+03,4.085556038941112433e+02
-1.272551889053444256e+03,8.811887630464069616e+02
8.965536530952897465e+02,1.812743751604227327e+03
7.638526223579259522e+02,1.918774312411701658e+03
8.523115096989934045e+02,1.959121574973275528e+03
1.142702150273845973e+03,1.959039300837112251e+03
1.105106559360061283e+03,1.932728061319769267e+03
6.835941322517214758e+02,1.897258278229250436e+03
9.769026657304178798e+02,1.912926439085494621e+03
1.105245052692285071e+03,1.960739866161809005e+03
8.124209304828364111e+02,1.902703046945403457e+03
8.901184560168808275e+02,1.805196732497072617e+03
7.702517920244258676e+02,1.957257882365134037e+03
8.469789141204289535e+02,1.769555625730651400e+03
8.876875780078883054e+02,1.952087280431193676e+03
9.784829644832834674e+02,1.957919339800318767e+03
8.019229579398152055e+02,2.000522860772557124e+03
9.285302627056045139e+02,1.913163233773880165e+03
6.439567878863217629e+02,1.900258961093245716e+03
1.019391127337809394e+03,1.808949258884891378e+03
7.652013223423498403e+02,1.956928698985368555e+03
1.019360728265133957e+03,1.883610691708321838e+03
6.875695726419535276e+02,1.811006407695454300e+03
9.298888206915178216e+02,1.910767561994654443e+03
-1.479932096089823290e+03,5.802988166292082042e+02
-1.404385229469770593e+03,6.023427039191412860e+02
-1.356610175624793101e+03,4.585112550387196393e+02
-1.645792434685501803e+03,7.049352276746973303e+02
8.072600055384125426e+02,1.955547518257018055e+03
8.444587451168449661e+02,1.880353137410683075e+03
-1.191764679683185477e+03,7.849712766583396615e+02
-1.197576890810987834e+03,7.121054945368283597e+02
-1.396397335298778444e+03,6.414177269655916689e+02
8.926622750004592035e+02,1.941299981569004785e+03
6.768071133852378125e+02,2.029932799694900950e+03
8.119389545420193599e+02,1.930813099023773930e+03
9.683744910571265336e+02,1.821539051696430079e+03
-1.191279061352101508e+03,1.054606150175865196e+03
-1.116186957720157807e+03,1.099214006984995422e+03
-1.358369065331403590e+03,9.214985051321752962e+02
7.672031352212708271e+02,1.956047703082802855e+03
7.656521675863127712e+02,1.954519462054271116e+03
6.032298883426109342e+02,1.988821904555933543e+03
7.723079858943493718e+02,2.021307344550737980e+03
8.071212849002134817e+02,1.894704844941755027e+03
9.753756613249812517e+02,1.894913584135752899e+03
-9.433267230389598126e+02,-3.853369425661517766e+02
-9.385665659294827492e+02,-3.789302584345963965e+02
7.699292943765569817e+02,2.081394005617937182e+03
8.488112095847519640e+02,2.002141624495057386e+03
8.855263761831353122e+02,1.699898422764564884e+03
-3.170375792001645436e+02,1.038202033194058004e+03
-2.392311356034478536e+02,1.010355761637172918e+03
-9.832368321818401000e+02,1.295163048596713679e+03
-1.189641491918973770e+03,1.177630646399675697e+03
-1.108681541413845707e+03,1.281896235947896685e+03
-1.278883826623536834e+03,1.310850048915729303e+03
-1.562438184685893475e+03,6.449201676746002931e+02
-9.841978528981115915e+02,1.278987089789697620e+03
-8.644941584737757694e+02,1.280646704708123480e+03
7.671924978793687160e+02,1.894750766067308632e+03
-1.651100117635950483e+03,6.025504018112014819e+02
8.547076543154272485e+02,2.064630553075558055e+03
-1.731777234394821107e+03,3.081351108074265426e+02
-1.439739776139817195e+03,8.603342084309948632e+02
6.823698142703436815e+02,1.952027217327010703e+03
-1.697792072589267491e+03,6.525512805763149800e+02
-1.690873952237276399e+03,1.868981154397807245e+02
-1.609068905145862118e+03,3.543603831098513979e+01
-8.988500333338454311e+02,1.204341285717332084e+03
-1.318091706002446244e+03,8.420485980616001598e+02
-1.230997824297892066e+03,8.014551110582979163e+02
-9.423561797531208413e+02,-4.733717477524205037e+02
4.722103487783845139e+02,1.086479230777167459e+03
4.733249644226936539e+02,1.085890598420829065e+03
-7.794594313373378327e+02,1.111562080498870500e+03
-9.049439604110573327e+02,1.052242873073032570e+03
-1.022883188588480948e+03,1.042260727009607763e+03
9.752297749994111200e+02,1.866222965442434543e+03
8.063878727841801037e+02,1.954543560768552425e+03
-1.923555001105817723e+02,1.144545436456121024e+03
-1.151628597699383590e+03,-2.174501585688805392e+02
8.913333813295522532e+02,1.773132304019009553e+03
1.177937858394712748e+03,2.029753725119150658e+03
8.095476804418821075e+02,2.014842609597761793e+03
9.252284497048251524e+02,1.939473652233062239e+03
1.017833297191720476e+03,1.865050561416781875e+03
3.914425868264489736e+02,1.807415534842213901e+03
7.205690637035038435e+02,1.969596285590802836e+03
9.750807515936282925e+02,1.954376934246701694e+03
5.615092966324934878e+02,1.872248706430227912e+03
8.547424335968771629e+02,1.991446924512111309e+03
6.372384076459015887e+02,1.909806032835628230e+03
9.375706295112187263e+02,1.870687814609064162e+03
1.104457945895431067e+03,2.052559391448006863e+03
6.041609669293225124e+02,1.962062871589889710e+03
3.930440223200537275e+02,1.805088465000050064e+03
-1.145666934686272498e+03,1.215063237674732363e+03
-1.064800350420411860e+03,1.147063921222103318e+03
-1.110371145962480114e+03,1.054579237694708809e+03
-1.228896891456636013e+03,1.240795995451361932e+03
6.888473238235483223e+02,1.961620431189718602e+03
8.906649018271435807e+02,1.848897027164470501e+03
4.373051178663181418e+02,1.901570689401730988e+03
2.266053917801471584e+02,1.776727613991620274e+03
6.011986175515619379e+02,2.014979379924918248e+03
9.326337081938620486e+02,1.909684206502675352e+03
8.913456298350834004e+02,1.895147396430789968e+03
8.476783081688787433e+02,2.043726365258913347e+03
8.916332128170330407e+02,2.063603503735574122e+03
8.455870081205538327e+02,2.044187946462066748e+03
8.119557956166256645e+02,2.082508945748273618e+03
9.772842992686389607e+02,2.048630068492387636e+03
7.244909601568568860e+02,1.775856331464331788e+03
6.876838827780604788e+02,2.047346154930210560e+03
6.405866878847858743e+02,2.016234766018630808e+03
8.132173530120497844e+02,2.082700528848442445e+03
1.060233513207318765e+03,1.865401966271389483e+03
-6.506135336758941321e+02,1.010521782397231163e+03
1.013559818003697842e+03,1.713038729014481532e+03
-1.736755040721053547e+03,4.679984211474408085e+02
-1.439559487458195008e+03,8.489909096116379033e+02
-5.711385759417440795e+02,6.213272248508069424e+02
-4.797791767157213485e+02,6.980884577848165691e+02
-6.058486897712408563e+02,6.527489637173511028e+02
-1.729914662281898245e+03,5.510921203419519543e+02
-1.812500934686297796e+03,5.248900476744062189e+02
-1.442582357528430748e+03,5.149874573748327293e+02
-1.319052408663136475e+03,5.887211970793061937e+02
-1.236768819530352857e+03,6.612543150400725835e+02
-1.357211552268316382e+03,1.057743924301018296e+03
-1.443094511087551609e+03,1.041511875586003498e+03
7.610486549400425247e+02,1.968142699296201044e+03
8.889787175873906335e+02,1.922016103169232338e+03
8.456932756958331083e+02,1.954038165712059936e+03
-8.984236621572888453e+02,1.009103389866348266e+03
-9.378584796200560731e+02,1.029418622182310628e+03
-7.402873295660917563e+01,1.099157978752582494e+03
4.742081317139914631e+02,1.085575528977798058e+03
4.791852453145997401e+02,1.095033117674538289e+03
1.051161470390675731e+03,1.880496004142973788e+03
7.655863126809956611e+02,2.226486387598753481e+03
-6.921113231271150426e+02,7.405259050064224766e+02
-1.398743493855966335e+03,5.936826196515197580e+02
9.772452804759184346e+02,1.972028037530076972e+03
-1.267601090755341147e+03,-2.169901272446669225e+02
-1.319079059075369969e+03,8.412539102627725924e+02
-1.653024322571380253e+03,6.225785151055158906e+01
-1.442459268672917005e+03,5.292602806613397206e+02
-1.401239108581742130e+03,4.852442463140809537e+02
-8.953090853530832192e+02,1.061835148446714584e+03
-8.194833932230861819e+02,1.009256312598335057e+03
-1.528293616987758696e+03,8.908467922055899635e+02
-1.406700700376253963e+03,8.287715393844324581e+02
-1.484648036134149152e+03,8.438400609785292090e+02
-1.609390307503050963e+03,9.290185226684965869e+01
-1.610167526242810709e+03,9.401492236603823471e+01
7.197619058113159554e+02,1.983069505622501993e+03
1.313620064119865219e+03,2.392603316223590809e+03
9.348130247780516129e+02,2.285532898447116168e+03
9.790685727545849204e+02,2.289867141096511205e+03
8.539464251037578606e+02,2.261876931257898377e+03
1.013307326030202830e+03,2.312053613610011325e+03
1.097764334954375272e+03,2.313595509797711657e+03
1.017656835673632145e+03,2.317330885829589533e+03
9.358179016047687355e+02,2.319837846873134367e+03
9.298599584805307359e+02,2.390177393187460439e+03
1.146530753989126652e+03,2.382844991942926754e+03
1.138191663467770695e+03,2.343860286155726953e+03
9.011839666529310762e+02,2.274997083687224858e+03
-1.311602097270947979e+03,1.030365349485821980e+03
-1.520860477934113987e+03,1.032233265539778813e+03
-1.489270755491726504e+03,9.469574947668880895e+02
1.141691628622324970e+03,2.332268773145685827e+03
1.013918464971093840e+03,2.342468531403615543e+03
1.142601636609580737e+03,2.345944632234963137e+03
9.707399779631657566e+02,2.303575054997729239e+03
-1.526646091919017636e+03,-1.143440042707666890e+02
9.289390543651918506e+02,2.359603064426726633e+03
1.020460081708037933e+03,2.379173097017428518e+03
1.188168283165712182e+03,2.351607783838137038e+03
-1.440705491923778709e+03,5.025930665352504434e+02
-1.566955480826948360e+03,5.160058172201240723e+02
-1.524974320580032327e+03,4.839045800107758168e+02
9.791932627904654964e+02,1.902609274202895676e+03
1.018472720276237396e+03,1.833855206447752607e+03
9.713300815863747175e+02,1.909084029996985691e+03
6.780627946682652691e+02,1.969372211521800182e+03
6.850486987262479488e+02,1.896747093057612119e+03
-9.797928323861531226e+02,1.089067275572504514e+03
-1.157058004867169529e+03,1.100792386709601487e+03
-1.031258627186463173e+03,1.040794299416762442e+03
-1.697916413621612492e+03,5.898239077095830680e+02
1.021609051734725995e+03,2.382826149769149197e+03
1.014018810213415350e+03,2.035996208966373615e+03
-1.312375434685489154e+03,7.649502876747943674e+02
8.505217508393078560e+02,2.225103139717604336e+03
4.746875512147672680e+02,1.085672409339550086e+03
4.756375011045548717e+02,1.084803701076397829e+03
-1.646883407351209144e+03,7.894335511193962702e+02
-1.109552658440254163e+03,3.349645776809867925e+02
-1.313248795649458543e+03,8.507613679953738028e+02
-8.544643926424589608e+02,1.313554854124437270e+02
-1.565126650724905858e+03,5.782995455755337844e+02
-1.150251029533915698e+03,1.117172529865825481e+03
-6.116907237111682889e+02,5.714980483413944512e+02
1.228948954378710141e+03,2.440338336906290806e+03
1.479978138201426418e+03,2.411842017745974317e+03
1.181297707615543004e+03,2.314694469715931973e+03
1.262424519207328331e+03,2.282755226120410043e+03
1.311076092814544609e+03,2.240987295062931480e+03
1.271254004683492440e+03,2.385840362324772286e+03
1.469889095009936455e+03,2.361639352590369072e+03
1.311612748233424782e+03,2.302937068959652606e+03
1.435056997429874400e+03,2.241843057206746835e+03
-9.427394997740324243e+02,-2.946308103315918743e+02
-9.026381557235073387e+02,-3.285874354348345605e+02
1.435174758773856638e+03,2.421148557946185974e+03
1.186016153823500645e+03,2.334613179258949458e+03
1.264930877042938164e+03,2.302526947653846491e+03
1.104545504684275784e+03,2.325825302324675249e+03
1.226295938085408352e+03,2.317031644832084567e+03
-1.153667816416379083e+03,-9.867335483231393027e+02
-1.151929668622835607e+03,-1.012897440728808419e+03
-1.155058754188289186e+03,-1.018226104651256492e+03
1.432926052565167993e+03,2.419009660722213084e+03
1.183695215293931824e+03,2.363838686250833234e+03
1.309318262530890252e+03,2.377214381548670190e+03
1.517073941589618698e+03,2.302389227705402845e+03
1.351718059017310225e+03,2.288297335959582142e+03
-1.234230351777437818e+03,7.848466843963583415e+02
-1.321555618816154720e+03,8.126969072063091062e+02
-1.276626288089698846e+03,8.467047769294832733e+02
-1.234404786325317900e+03,8.161909903905456076e+02
1.229576879684477944e+03,2.445855422324869323e+03
1.229429756748447744e+03,2.443417801348031844e+03
1.103294676217431061e+03,2.322900744419089278e+03
1.263811697511098146e+03,2.311622366661770229e+03
1.351095552492296065e+03,2.303167100903984192e+03
7.620672648738682255e+02,2.028639140703925705e+03
1.188342682196490841e+03,2.411880655800673139e+03
1.516621680436060387e+03,2.375377563816642578e+03
1.266610287096817956e+03,2.363770953574615305e+03
1.350682049851183820e+03,2.314792533008170267e+03
1.354989148528089800e+03,2.383385569904899512e+03
1.388427036926585743e+03,2.432088432973809631e+03
1.395268653792488294e+03,2.421705880523699761e+03
1.184782128227635212e+03,2.410440299545055495e+03
1.185182188664515934e+03,2.363760411076072614e+03
1.518384381067017557e+03,2.347756522807787405e+03
1.432054445397072641e+03,2.243866255068645842e+03
1.435354208616655797e+03,2.228892667604007784e+03
1.431519398731687261e+03,2.280551561082447733e+03
-4.434797110692969682e+02,6.640283976535793045e+02
-5.269230492916133244e+02,6.324316276440850970e+02
-4.857391263145510152e+02,6.350751894312081731e+02
-1.144831835037970905e+03,-7.687908615835478940e+02
-1.150965383411434686e+03,-7.758724158540668441e+02
-1.523534996087686068e+03,-8.134293732025412282e+01
-1.403724016041716823e+03,1.007985088627827395e+03
-1.442485183629395578e+03,1.055810744234462163e+03
-1.354740986698596998e+03,1.062125354453004775e+03
1.268383342573840764e+03,2.424019625286097380e+03
1.266209274698008585e+03,2.437985610958583948e+03
1.260099370639302379e+03,2.390614102088022264e+03
1.268198223962833936e+03,2.363812636351322453e+03
1.349806608818244513e+03,2.361849564625879339e+03
1.350465763911179010e+03,2.435318791380784205e+03
1.351898326773724420e+03,2.362235117167012504e+03
1.142697623274318403e+03,2.285614129356867124e+03
1.434297725461937034e+03,2.315084186411368592e+03
1.182051822981416308e+03,2.285628382677851278e+03
7.214236042093833703e+02,2.252760424740884446e+03
9.322856246138910592e+02,1.711864717895262629e+03
9.335578007382219994e+02,1.757807832733337591e+03
9.790584741503186024e+02,1.781087686239102140e+03
1.018324246963833957e+03,1.760583203504324956e+03
1.016489182740233105e+03,2.106120655934553724e+03
1.020796022130294659e+03,2.142511816463279047e+03
1.011287497824883189e+03,2.148987718444364873e+03
-2.332636119700803761e+02,1.009371010757354838e+03
-2.379741887678185321e+02,9.634365263419947496e+02
-2.752881533083201475e+02,1.024143101367424606e+03
1.392686062601658534e+02,1.293770683138559889e+03
1.378586823168591309e+02,1.252221757675854633e+03
1.880010653137779286e+02,1.335093357674926438e+03
1.139263949207244423e+03,1.909602911196856212e+03
1.140924348212909990e+03,1.953964950446549892e+03
1.107193427201677650e+03,1.884490764413420493e+03
1.261122075882249874e+03,2.386642953445480998e+03
1.389334337136011754e+03,2.372175172860717794e+03
1.227098764803838094e+03,2.289107940860862982e+03
1.268287532134764206e+03,2.302094463126195933e+03
1.313781578263876327e+03,2.322273447185438727e+03
7.709697915109885571e+02,2.052210271027057388e+03
8.088292248413783909e+02,2.047227845302818878e+03
8.100260384601900796e+02,2.049976754780504052e+03
1.473009794227719340e+03,2.404388532211837628e+03
1.438469886076695957e+03,2.351657829658759965e+03
1.143559868988577591e+03,2.319132935041273868e+03
1.426358700046109561e+03,2.299081195580859458e+03
1.473187382625670807e+03,2.281639758660300686e+03
1.469846749750366826e+03,2.242315656922573908e+03
1.260969018499415824e+03,2.419065527368239600e+03
1.264321599976486368e+03,2.402015625008917141e+03
1.225916197273239050e+03,2.361169554013482411e+03
1.353437607357012212e+03,2.349287263365764375e+03
1.428169008835724526e+03,2.359211819508811004e+03
1.146222629683290279e+03,2.355832832324723768e+03
1.225497858721629200e+03,2.423244612086797133e+03
1.392266528557172478e+03,2.331882694303746575e+03
1.097744909260426539e+03,2.311525504828517114e+03
1.226895592522240804e+03,2.274989574026643822e+03
1.021191254684667456e+03,2.295817772324626731e+03
1.560325511950065220e+03,2.258328714671824400e+03
8.453222155140848599e+02,2.058536224306687473e+03
8.513114513369403085e+02,2.044671067342169408e+03
8.534202298440141021e+02,2.049513872326018827e+03
8.086938313854875560e+02,2.090679000161665954e+03
6.407157558677687348e+02,1.985957294586127773e+03
1.348527000772004612e+03,2.362942892841575940e+03
1.141711851577913421e+03,2.344447639564739802e+03
9.276361378435963161e+02,2.234472305641364983e+03
9.695503097951269638e+02,2.209641565818979416e+03
1.269364505079773608e+03,2.229468922886161181e+03
1.267272075629315623e+03,2.256314127409839784e+03
1.474248213588179624e+03,2.365907843813067302e+03
1.186790613894642547e+03,2.349792037727424486e+03
1.182749658469073438e+03,2.315616226085348899e+03
1.437024741175112467e+03,2.317823391224848365e+03
1.307835729033326061e+03,2.287356741607272852e+03
1.347269113980894872e+03,2.269362718447673615e+03
-1.314148889759912663e+03,8.293212340887072287e+02
-1.357951251926863279e+03,8.754318203688593485e+02
-1.396188225212614952e+03,8.514241882216497288e+02
-1.358820335746090905e+03,8.319100298406259526e+02
1.472602327851313021e+03,2.420682471716631881e+03
1.346339430866598832e+03,2.364701807082277810e+03
1.518081838701383731e+03,2.285414599707971320e+03
1.265921295376919716e+03,2.240983029667198934e+03
1.434365983692704276e+03,2.242557375913838314e+03
7.250290689971909615e+02,2.210599938322165144e+03
-1.363575379463766467e+03,6.919441534682649717e+02
-1.402811783653833118e+03,7.501190530145046296e+02
-1.395085475224183938e+03,7.123084009068711566e+02
-1.364904861704912491e+03,6.808390499750721574e+02
1.227211673039452080e+03,2.364632263042568411e+03
1.262413311453320830e+03,2.362439836744473268e+03
1.343558977553053182e+03,2.331814562084616682e+03
1.517571946040787680e+03,2.285922172982436223e+03
7.206536932633059678e+02,2.240365010672212065e+03
9.309751433934738998e+02,2.211407420321329482e+03
1.269259470529761529e+03,2.376464987933325574e+03
1.228301266547740852e+03,2.319289205732315168e+03
1.516393141154462455e+03,2.315644511434041760e+03
1.263568918642016570e+03,2.284844250979978369e+03
1.302453197910411291e+03,2.242987968385094064e+03
6.800455309531155308e+02,2.209346996349293022e+03
1.467721210544923679e+03,2.390066171171570204e+03
1.183923010790123726e+03,2.347144334952346071e+03
1.393450228708681834e+03,2.350311909005984944e+03
1.560283176976998902e+03,2.334838298059513818e+03
1.102312828784853309e+03,2.303582656136010428e+03
1.143524172063550850e+03,2.271575314769219858e+03
9.722837498551477893e+02,2.192107481979960085e+03
9.756060796046583619e+02,2.256628298183177776e+03
1.359003928506848069e+03,2.282619801956629999e+03
1.396371998690790633e+03,2.322487944429215986e+03
1.395437383020565221e+03,2.352396247641602713e+03
