date:2016-07-09, time:0000, wind_speed:1.68, wind_dir:107.0, temp:15.8
56.581605 114.205961
35.309381 126.008167
35.553623 126.236621
-52.416148 11.279605
-164.364587 9.033587
-106.148293 -249.095950
6.187524 -282.552194
-106.203996 -249.015133
-39.259391 78.392851
68.952740 111.317949
56.061532 113.900770
-35.250152 42.231142
69.081970 111.218455
56.387501 114.346542
-35.018271 96.779755
35.383896 125.973285
-10.673629 101.414975
68.687856 107.510447
-18.693591 105.113775
-14.773435 93.085316
-106.143720 -249.154013
27.137679 -280.495645
-77.418731 -147.811024
35.420680 -280.819512
81.078760 110.729221
2.072666 175.754718
14.836871 126.001671
35.607313 126.160162
35.873634 126.260762
-106.019891 -248.849980
102.530011 111.234694
-10.500652 151.636802
-72.482200 9.393773
-72.522928 12.574125
81.518230 111.377232
81.464698 111.172836
35.549629 126.235131
35.628663 126.170215
44.167569 123.584164
43.488513 119.389742
-60.311884 81.368600
-73.112697 113.101312
-93.459193 16.877986
56.070158 113.785584
56.219700 113.960421
-64.408127 153.177012
80.931640 110.520289
81.463459 111.320265
81.549853 111.121013
-52.249489 53.351740
-10.544952 149.977727
-106.434870 -250.032532
-106.272044 -245.999462
-102.534567 -241.556342
-106.038769 -242.857115
-110.139725 -242.544043
-105.809215 -245.747681
72.896075 112.668021
69.174127 109.921585
-123.050126 130.954027
