-7.009258328861432119e+01,4.415469995608759746e+01
-7.010179477528323844e+01,4.413255594554568262e+01
-7.009341785913214551e+01,4.415499998340992249e+01
-7.009353427878222931e+01,4.411962213651638365e+01
-7.009261300922823068e+01,4.415472233714031347e+01
-7.009123744920850640e+01,4.415446117929187153e+01
-7.009145723394365746e+01,4.415443137152665543e+01
-7.009580006187758272e+01,4.413879248986670945e+01
-7.008891767492636404e+01,4.415445255054223850e+01
-7.008879258543555579e+01,4.415444485374770522e+01
-7.009955912890033858e+01,4.413177265910726277e+01
-7.010235216104132405e+01,4.413095841799732000e+01
-7.008880294613624073e+01,4.415445184557093938e+01
-7.010129626420064142e+01,4.413393686064237897e+01
-7.009253871144829873e+01,4.415472349993401480e+01
-7.008825110989320706e+01,4.415472678883003965e+01
-7.009395135892145845e+01,4.411962554792395963e+01
-7.008779100814338392e+01,4.415470231856593841e+01
-7.008879426140423163e+01,4.415445897341453474e+01
-7.008848484086306030e+01,4.415438075943023932e+01
-7.008880230311196158e+01,4.415472944402377209e+01
-7.009148757355569614e+01,4.415446103439190750e+01
-7.010143482310057550e+01,4.413339515277914415e+01
-7.008993076261324973e+01,4.415470044642331970e+01
-7.009993732656685950e+01,4.413230700739892853e+01
-7.009261808107063985e+01,4.415473536664436693e+01
-7.010090185446634337e+01,4.413125000404404830e+01
-7.009520249653279222e+01,4.413254135970097281e+01
-7.009248999999999796e+01,4.415471999999999753e+01
-7.008868148065396042e+01,4.415443697252714372e+01
-7.009486081091822030e+01,4.411932079184869337e+01
-7.008770977680568137e+01,4.415473231153455203e+01
-7.009248999999999796e+01,4.415471999999999753e+01
-7.009107976209953961e+01,4.415440426360824944e+01
-7.009037671791261914e+01,4.415472327717633050e+01
-7.008979273533803678e+01,4.415472465391665224e+01
-7.009003561590721176e+01,4.415769434895022272e+01
-7.009135999999999456e+01,4.415444999999999709e+01
-7.009142558464439787e+01,4.415444774191639965e+01
-7.009512517585709190e+01,4.413906444986749023e+01
-7.008884115413465565e+01,4.415444539241261879e+01
-7.010161216422427799e+01,4.413281042249256814e+01
-7.009507284156961759e+01,4.411932624970653194e+01
-7.009148500851431152e+01,4.415446040414727946e+01
-7.009148607677543907e+01,4.415441058274100783e+01
-7.008886748375590514e+01,4.415446849268527529e+01
-7.008890529789204038e+01,4.415445633103131229e+01
-7.010075171462123933e+01,4.413338258798860636e+01
-7.009140883133723321e+01,4.415444749885946152e+01
-7.009474000000000160e+01,4.413933000000000106e+01
-7.009135999999999456e+01,4.415444999999999709e+01
-7.008879944686455588e+01,4.415444306206305214e+01
-7.008978450703222052e+01,4.415470374084534910e+01
-7.009142599192558976e+01,4.415445385157224933e+01
-7.009148071919948109e+01,4.415445580292094974e+01
-7.010041310547840965e+01,4.413390990029411398e+01
-7.009388027264684240e+01,4.411962946615077641e+01
-7.009399650138558968e+01,4.411961398654609212e+01
-7.009353529104591018e+01,4.411961191349122657e+01
-7.009503073451638500e+01,4.413931880122392215e+01
-7.009621138544022756e+01,4.413880134429587798e+01
-7.009145210101212342e+01,4.415443070261972736e+01
-7.009147099714438411e+01,4.415441965961957749e+01
-7.009462163371961196e+01,4.411935964197793680e+01
-7.008892325022905823e+01,4.415446418869071010e+01
-7.009135999999999456e+01,4.415444999999999709e+01
-7.009146136384627823e+01,4.415442359713246390e+01
-7.009124430266068373e+01,4.415443914842611406e+01
-7.009140714262389338e+01,4.415445442132732978e+01
-7.008885762253537166e+01,4.415444765063546129e+01
-7.008848176266715768e+01,4.415442544294577942e+01
-7.008885787205383622e+01,4.415445635868662322e+01
-7.008884500203036794e+01,4.415443524401797504e+01
-7.008841198027458574e+01,4.415472726261016589e+01
-7.009105876637120502e+01,4.415440821485144340e+01
-7.009122564246887066e+01,4.415445203626320136e+01
-7.009552236723635588e+01,4.413904898717342462e+01
-7.009518848878055053e+01,4.413904977955591136e+01
-7.009534497458831481e+01,4.413906726476437825e+01
-7.008852211559911893e+01,4.415444202977906940e+01
-7.008847987371061095e+01,4.415446457253585777e+01
-7.008842394305746382e+01,4.415444164359968227e+01
-7.009555207930772269e+01,4.413905649014070320e+01
-7.009522860642582032e+01,4.413905110424637712e+01
-7.009521839633275420e+01,4.413907185136336153e+01
-7.009025673589431449e+01,4.415796347643329511e+01
-7.008974539149284055e+01,4.415795361550873110e+01
-7.009149117285026875e+01,4.415445614127489904e+01
-7.009149796397541365e+01,4.415445373198626555e+01
-7.009148853055624784e+01,4.415444705125068481e+01
-7.009147908235517832e+01,4.415445040383432485e+01
-7.008827846244977877e+01,4.415443745710841483e+01
-7.008876547277023406e+01,4.415444543307530267e+01
-7.008987891288859373e+01,4.415472269590397048e+01
-7.008995063249089696e+01,4.415473413849018414e+01
-7.009248999999999796e+01,4.415471999999999753e+01
-7.009259448680145965e+01,4.415471073058721174e+01
-7.009147760923227111e+01,4.415445205899081316e+01
-7.009132265343060908e+01,4.415443371343430101e+01
-7.008794327491182230e+01,4.415468934479329022e+01
-7.008828976309833081e+01,4.415471463781810968e+01
-7.009522094682863269e+01,4.413903652047284965e+01
-7.009549038045459213e+01,4.413906667979266985e+01
-7.008874354597566025e+01,4.415442495609683249e+01
-7.008874000000000137e+01,4.415444999999999709e+01
-7.009148571664150040e+01,4.415446527210740157e+01
-7.009144462376590923e+01,4.415444194701706238e+01
-7.009445713403341927e+01,4.411933405705384814e+01
-7.009141648238922073e+01,4.415444759751488846e+01
-7.009128911977099108e+01,4.415445415670048845e+01
-7.009102200073770916e+01,4.415443263541249763e+01
-7.009135944779262672e+01,4.415444450051298020e+01
-7.008774710410398256e+01,4.415469046302192169e+01
-7.008760999999999797e+01,4.415471999999999753e+01
-7.008818170401167436e+01,4.415472369121575014e+01
-7.008795189708725104e+01,4.415472340158308384e+01
-7.008772104804266689e+01,4.415472931117471234e+01
-7.008727800457867829e+01,4.415471227918187225e+01
-7.008793175916778750e+01,4.415473353331974238e+01
-7.008847360389037817e+01,4.415445790940874105e+01
-7.008847664039045355e+01,4.415438876884046948e+01
-7.008845897429704053e+01,4.415442054239861136e+01
-7.008827240625606692e+01,4.415445531501487864e+01
-7.008847456568281586e+01,4.415444095152210480e+01
-7.008846765179110605e+01,4.415441996708794647e+01
-7.008891884022079921e+01,4.415445018038761305e+01
-7.008880048032787613e+01,4.415444161690043501e+01
-7.008879752647783334e+01,4.415444106894200615e+01
-7.009141274169685687e+01,4.415444860019575657e+01
-7.009142005832180189e+01,4.415445603668692343e+01
-7.009141341052826135e+01,4.415445511673831902e+01
-7.008943381274325191e+01,4.415471216615085837e+01
-7.008874000000000137e+01,4.415444999999999709e+01
-7.008887284323326128e+01,4.415445270100578767e+01
-7.008785854260882786e+01,4.415472645371480809e+01
-7.008764231768057584e+01,4.415471423088585112e+01
-7.008761722611461664e+01,4.415473129980862410e+01
-7.008880413423591449e+01,4.415444309172141146e+01
-7.009402530162032008e+01,4.411963081048401136e+01
-7.009370389904603371e+01,4.411965472736169858e+01
-7.008959970089894398e+01,4.415471617837474128e+01
-7.009298528928430017e+01,4.415500549793232210e+01
-7.008848043482194612e+01,4.415421314712383349e+01
