date:2016-05-30, time:0600, wind_speed:1.21, wind_dir:204.0, temp:11.0
2.945898120606251496e+02 -2.567825916845821212e+03
9.630735282477410237e+02 1.630618380610202848e+03
8.371364989812727799e+02 1.423191950532375358e+03
1.020013414990738511e+03 1.423344926106474531e+03
9.706840342544419400e+02 1.512733270239026979e+03
8.959564953142206605e+02 1.335093357674926438e+03
1.001098984051816501e+03 1.366804624673048465e+03
1.167212306250453139e+03 1.425029957817230297e+03
7.152634421632278645e+02 1.274551978515079554e+03
9.987594059916339120e+02 1.484887351632548643e+03
1.142646777060934710e+03 1.394123174148621501e+03
9.638303528634263557e+02 1.302784329501433604e+03
6.788102395519473475e+02 1.273350467906471977e+03
9.248125536330796876e+02 1.302831706249307217e+03
1.008101929836760746e+03 1.364874123825180050e+03
1.009391836849016272e+03 1.273053331530191826e+03
9.582399076557851458e+02 1.306985394404236558e+03
9.381893153134114982e+02 1.305085827674877919e+03
6.634829213000393793e+02 1.306425985853239808e+03
8.732916520360249706e+02 1.274373027973582566e+03
8.875133696967429842e+02 1.665569083813245015e+03
9.793107453138289884e+02 1.635168657674621954e+03
1.012473407221288312e+03 1.362310392146563345e+03
1.086649795082340006e+03 1.605837244463327124e+03
7.939354551502877939e+02 1.663936039808951136e+03
9.238329916883965325e+02 1.662931273537267543e+03
1.058711347315198054e+03 1.602993934463202550e+03
1.034434354721589671e+03 1.454565877989825822e+03
2.524555343717851201e+02 -2.747621011116762020e+03
9.204039016333157406e+02 1.333542010247995449e+03
6.407711503880980217e+02 1.332110012783812863e+03
8.485317191162663448e+02 1.752888174943987906e+03
8.885158796374695385e+02 1.754237500751491552e+03
9.672540165962132050e+02 2.354107384933707181e+03
9.645187390394862632e+02 2.205168984201241528e+03
1.045850313759351366e+03 2.263425010823251341e+03
8.410123122844079262e+02 2.322557824962980703e+03
6.321766061052820760e+02 1.274450666265653808e+03
5.858571978479199061e+02 1.303448229619432823e+03
1.136204150556037575e+03 2.354296743608767429e+03
1.005993796658111705e+03 2.268331366723663450e+03
1.212863440473292030e+03 2.294881553633266776e+03
1.044279307686212178e+03 1.483880965890486095e+03
8.792437516052093542e+02 2.382921965622340849e+03
1.133949951163574497e+03 2.472367661015132398e+03
1.124497274317879146e+03 2.416883520693698756e+03
1.131153284338979120e+03 2.471759202175012888e+03
7.158169447231136928e+02 1.366615863753902659e+03
7.217623721865039670e+02 1.334197183147016858e+03
1.170844814326052756e+03 2.352748471276904638e+03
7.593755431100246369e+02 1.751509183480584170e+03
9.176023069640821177e+02 1.695306952144347406e+03
7.934533319717533004e+02 1.724012422732683035e+03
1.177993180374110352e+03 2.174548648411676368e+03
1.131472350653893045e+03 2.262473675968664338e+03
1.229576879684477944e+03 2.265810242324578212e+03
1.055312872984269234e+03 2.322994861667058103e+03
1.042506073060095105e+03 2.267398409337085013e+03
1.127095654975132220e+03 2.293816673517442723e+03
9.614064071299458192e+02 2.267177614809177157e+03
1.136911286896713364e+03 2.235377600124825676e+03
1.177451279165567257e+03 2.234652827667722249e+03
1.133766197670875499e+03 2.264450485445383038e+03
1.102712396968415760e+03 2.264576702079350071e+03
9.606076041905093916e+02 2.236627563305336480e+03
1.090311798142858379e+03 2.412838036172764532e+03
1.045045206635472368e+03 2.354177660464137716e+03
9.233058750656359734e+02 1.304089259686959394e+03
9.670083594125679838e+02 2.412623708470711790e+03
8.337957139658551569e+02 1.695511157293992255e+03
1.257503279026708242e+03 2.263960136127554961e+03
1.126876176586583597e+03 2.295040438422781790e+03
1.207131900071991140e+03 2.265357546843049477e+03
1.128960387032598419e+03 2.235282561082668963e+03
1.174432699075695609e+03 2.203512211795199619e+03
1.214159737185530048e+03 2.173724278551137104e+03
1.088469349489310616e+03 2.265230766832326026e+03
9.259589920349479826e+02 1.692880816214085826e+03
9.159624396417665366e+02 1.696187671048109451e+03
1.186281262206505289e+03 2.144918185007006741e+03
1.187899754683884112e+03 2.205795182324481175e+03
