date:2016-08-08, time:1900, wind_speed:3.44, wind_dir:306.0, temp:24.1
695.163439 1023.652846
734.124901 1028.028919
-1007.950504 980.507250
-768.465684 -558.218461
-682.591558 307.719260
-507.427938 1221.051866
-1268.712930 -438.541327
692.171468 1027.837533
-1172.245811 644.999778
-1766.661218 247.560891
-881.520240 -219.438237
-976.260820 642.168916
-768.545254 101.506148
104.646815 1395.108418
-1059.892928 281.238854
-935.959576 371.534220
-1341.602468 -339.164183
229.122495 1215.063238
-891.605239 38.518840
-138.788181 992.732116
-1434.038574 278.107588
-1055.126848 873.051226
-1015.854633 877.843560
-307.545956 1118.232420
-1054.670937 572.792113
-933.814366 397.639800
-977.264686 -47.897294
-726.123214 971.885780
-591.702203 500.079215
-1102.294543 1211.525274
-1545.511705 1005.115857
-1007.705994 1071.597898
-641.143573 7.455617
-932.947835 -112.708365
-641.352992 156.997660
-1052.781941 597.320586
-1057.635826 548.844714
-643.799336 1092.469333
445.625556 1112.015214
-143.192393 1182.480386
-721.440568 1412.810969
-1215.758265 499.786631
-1183.279309 608.644316
-1098.238979 334.072663
-1588.395492 584.302290
-935.724655 401.902109
-1016.507685 -52.312066
-1310.308396 1241.468310
-1349.635611 278.510407
-1267.426230 7.796199
-1090.333229 -39.889333
69.161984 1292.890045
69.502153 1233.551224
-881.986402 1039.914727
-1726.676473 762.367489
-885.934100 415.620105
-1724.527765 217.602407
983.797321 1027.085424
-560.153358 672.315992
-640.500156 757.377090
-1222.059230 1234.131258
-1140.819247 67.937152
238.925109 1647.189277
-674.375447 859.796827
-852.257187 791.461154
-45.494772 1454.080583
1442.643375 1267.811840
-1558.050955 997.644276
-1517.016218 248.447840
621.313397 1425.756210
-929.811846 902.836751
-599.085008 577.585364
-351.655573 1062.374575
-766.141066 998.236931
984.064119 1027.904066
-1100.669778 488.810595
-1058.263174 488.052732
-724.372233 307.045410
-1129.255323 -286.431342
-1349.849981 1148.173329
-1519.120094 701.794776
-1517.755352 307.173280
-1258.625387 141.522179
-354.357255 1485.131008
-849.281896 1268.015132
-1143.622437 -138.663432
-464.352021 1521.168966
-602.443014 611.268678
-1340.679440 860.559409
-1342.055478 1009.945784
985.964403 1023.666553
195.299914 1562.401152
-1015.899075 578.036673
444.541805 1382.245117
-221.579034 1263.058679
650.286917 1058.627603
1025.915946 1028.603128
-673.292698 770.228109
-673.837801 411.556799
-1013.690994 -27.858066
564.776339 1602.565276
-1060.527425 281.576393
-1266.810308 1027.079483
-1017.026683 577.602629
-968.177027 1136.021972
-1057.431982 1057.112681
112.841254 1442.888319
-599.069395 578.018876
-1471.398745 1112.899145
-1099.781379 337.165795
814.915922 1661.954877
-1059.677080 1121.459485
-724.436502 458.199667
-1545.367581 344.296282
-1395.729685 194.807218
-1224.445357 67.812694
-1267.413235 1058.252400
984.315149 1027.740415
858.840717 1057.421062
-920.418026 1005.376965
-1767.387450 788.551094
-850.685980 218.247884
-724.564555 -21.793859
-1102.607302 731.724110
-1086.375504 464.756187
-1810.702757 821.586290
-841.481025 -339.354999
-675.623715 680.078227
-558.300630 487.514008
-1434.106064 427.317748
-937.837005 1125.040648
-934.142003 1027.851347
-1224.849677 1478.710822
-892.947918 1421.970223
-557.340994 1268.487715
-1352.328187 942.240995
-1350.972125 878.042310
-1350.677282 847.842511
-1057.793498 337.112662
-600.255245 788.765637
-1548.221391 1129.510634
-518.724474 761.862317
-1183.214623 1268.275915
-1597.824722 963.548251
-1054.123522 573.391250
-927.099962 536.095881
-476.177922 761.706107
653.437733 1352.502793
-1424.907856 1220.024998
-1641.301818 937.383661
-724.568084 1477.701494
-685.681946 1482.356735
-680.399541 1442.321659
494.767346 1665.276656
-1433.600474 248.083313
-1340.802964 919.905388
-1090.212030 1280.276492
-1553.146013 987.646042
-849.947363 487.805643
-1517.230553 368.274189
-1185.417412 221.898225
-1140.595810 577.744361
-1219.219684 686.978321
-1600.608811 968.180398
-461.588217 1184.675275
576.088823 -1930.601764
-465.805098 709.243445
-516.763656 638.010207
-1183.254597 847.740138
-473.967757 877.467797
-806.936635 -2543.886261
-516.659803 -2723.117868
-683.497959 -262.402628
567.626946 -1852.822836
-641.250845 -2722.300519
-1058.358979 1147.436240
-223.288700 1177.548560
38.550242 1245.867404
-721.609862 993.487774
-965.076586 200.726766
-883.481662 861.201477
908.913659 1580.830700
819.839336 1502.962169
743.362226 1490.485363
62.413995 1335.093358
-807.494530 1147.265499
452.112899 -1751.160132
-548.383108 -2349.844073
23.770259 -2928.794731
-99.143008 1508.281495
-852.142139 1332.285891
-972.221707 1172.404682
-266.179338 1057.822971
-933.067782 -232.382329
-719.258571 -992.929113
525.340414 -2182.928693
608.811120 -2483.046649
-920.602703 1305.991773
-508.376934 -1959.811447
-1265.911776 487.215172
-1340.602929 530.132393
-1388.631724 572.528664
-683.706330 1357.374564
-174.655917 1191.019892
945.677306 1052.682182
-424.579706 831.112532
-674.114847 561.403194
-378.243975 -2565.533138
566.162937 -2632.928186
-49.652397 -2889.727308
981.816238 1031.717146
940.199850 1061.511661
650.556648 1507.560797
-305.211894 1142.211197
-1060.434963 401.302417
-1091.483121 80.117541
-887.802641 -177.736256
-1051.931256 -304.491947
398.479551 -1788.383230
-674.721579 -1869.743533
-1519.228285 1272.393141
-1548.375126 1039.324482
-1807.727779 817.516750
-1766.367962 787.373343
-768.526667 1451.900082
-381.731248 1309.786082
-798.601510 620.604250
-1640.391489 307.708307
-352.306512 -2688.716538
-895.604185 524.890048
-804.702823 542.825787
-890.956456 488.017490
31.669366 1526.742628
-1138.462084 872.985908
-682.773801 -1671.673905
-476.064950 1572.078031
650.289371 1538.608098
-597.112435 1532.270030
-805.144001 1443.934083
-632.702867 1371.000848
-809.521473 -828.023757
-224.713907 -2842.142813
-1101.930575 521.697613
-971.522404 572.443828
451.912325 1610.782408
733.977429 1507.422502
78.858775 1453.899479
-1341.200197 439.244172
-933.097887 187.366625
870.697014 1245.772731
-932.762197 757.152152
-964.708701 349.975992
-347.126010 1233.926950
-347.078026 1051.958763
-1758.718530 830.034349
-807.887580 487.811918
-1435.721961 371.627336
-766.947626 397.743958
-602.111166 221.773275
-1684.114352 788.407478
-1715.337494 801.090222
-761.506132 -1653.809158
148.423325 1602.299250
188.001065 1605.161128
-1268.770896 341.427463
-1140.934432 277.946435
983.901642 1958.417626
194.832019 1502.096313
618.461283 1280.899904
-1137.271196 723.197891
-1517.187374 577.609972
-430.990366 -1677.821447
-1390.754797 1088.406502
-893.407622 1302.134749
617.399051 1101.582673
-1090.727853 589.767717
-1140.782559 -52.351564
-685.892284 -288.639600
-678.106437 -1683.134036
-140.817310 -2873.786614
-517.267990 1268.880331
-503.810816 1304.773279
-1185.265665 731.469415
-1145.666935 344.844868
-1091.598119 320.795395
-680.602506 -207.582151
826.125602 1941.182080
-602.325497 1541.611702
-350.143256 1387.844244
-808.282503 1388.922151
-965.360173 1191.441494
-558.305418 818.093642
-1808.408235 818.022582
-1183.649937 547.313551
-685.901285 521.427241
-545.467693 -1245.412408
-429.989341 -2817.938826
-765.134695 1353.356459
-1215.712393 561.749144
-1505.303202 584.707873
-1263.804442 483.473896
-1685.741544 492.195292
-1177.319760 235.693904
-808.448981 -142.930800
-769.247600 -2268.695660
-602.078550 -2479.196180
-307.588695 -2813.350142
-1099.841625 367.639375
-350.295366 998.901738
-393.534450 972.149916
109.555375 1417.940545
-726.914931 1061.973443
-433.623717 1057.967243
-1104.545505 44.769568
-683.342996 -413.115523
-556.774097 -1703.238048
-764.480887 1352.570712
-797.329478 800.992059
-810.023512 791.690504
-589.774865 -2710.815718
567.057702 1537.309822
314.974865 1332.349096
-346.837369 1053.647347
-555.076692 483.441922
-882.155180 619.999178
-970.259408 625.723988
-720.997578 -1678.253170
-1350.649307 907.600828
-670.339540 404.997256
-683.804804 -1762.141722
-546.014353 -2715.995668
-461.977364 1124.911392
-1504.177458 795.981269
-849.352437 668.530386
-1390.654317 547.169633
-138.550909 542.440318
-596.698906 242.998423
-756.573943 1370.817870
-683.535045 878.348408
-476.030302 641.741407
-852.059885 431.312222
-671.279972 -1845.203596
-685.937754 1541.622363
361.655530 1293.514532
-767.272767 218.039157
-507.838018 -338.342207
483.078499 -2482.967655
-841.309556 710.004888
-849.687144 666.914610
-850.362258 668.736716
-1131.589584 350.265911
-1095.437297 297.839123
-1057.883980 277.677257
-680.294165 1323.825409
-680.557898 1292.187732
-724.596216 1388.259487
-638.422964 -2727.033231
-1058.072642 307.868817
192.385263 1418.155253
197.892090 1435.885682
-1226.435641 701.742786
-54.206503 453.253053
-1307.497022 548.652405
-1308.415892 547.677261
731.267053 1032.287211
-557.143767 1267.552092
-511.773446 1376.576829
-514.803225 1322.828830
-852.405110 882.350016
-1516.803830 817.657071
-810.318340 731.626061
-764.451036 -177.933031
-892.877418 -228.898023
-1715.313639 769.948674
-1763.053914 783.307861
525.673113 1237.540999
-847.657041 902.736484
-1340.666911 860.169864
-1557.887757 878.536218
-1352.276788 221.661833
-141.239520 1357.739577
-1182.970911 608.456033
-1136.012254 656.760576
-1058.098650 488.478275
-1014.613551 573.486602
-1100.386905 368.214939
-1060.120345 341.344689
-1219.594567 296.442636
-1011.121583 385.762257
-642.024528 1447.990022
572.335708 1317.358979
-1221.080984 542.933807
-1225.009335 547.825285
-557.048457 967.181038
-385.249085 1045.565385
-596.770794 754.064966
-600.410156 728.531806
-846.819160 692.888624
-852.029292 762.127307
-589.651821 -2681.032006
-587.220929 -2656.572961
72.327816 1616.459491
-1099.341525 787.453389
-266.493373 1267.768312
872.051473 1755.117025
360.944806 1622.645940
-626.977018 1244.469170
-1591.055669 890.018884
-642.032755 787.590308
-1557.989545 457.862274
-726.673363 71.282485
-1182.948283 -202.633459
-390.562430 -2483.327125
-266.890731 -2633.430251
-604.420005 -2715.923192
-1514.152954 393.764810
-687.774255 254.822278
-597.166461 632.801565
-307.065244 1057.119454
-1058.037959 338.218455
-1766.457049 787.934678
-1173.411701 559.378865
-890.951265 577.243530
-1004.498062 375.345885
-224.554188 -2842.779615
-185.228342 -2838.973507
-352.072821 1091.957352
-268.810606 972.337205
246.019296 1454.116345
-1014.254070 542.335299
-1021.191255 614.912638
-461.444467 1305.800025
-309.725497 672.208222
981.124169 1032.051858
1024.143638 1032.282277
-1094.523471 476.737498
-1516.075356 907.085101
814.635157 1031.988687
-726.218046 1632.053608
-1060.554566 491.272110
192.744366 -2812.455026
287.890142 -2775.828391
-852.473579 1601.714250
-850.178613 457.955575
733.276470 1387.878023
-1215.948690 525.114160
-1253.285972 524.813577
-1055.880516 574.369279
-1059.472398 554.503044
60.855529 -2890.643665
-859.481723 428.051360
