-7.009052732075338099e+01,4.412185914766288874e+01
-7.008573816999999906e+01,4.416417435000000324e+01
-7.008982915598160446e+01,4.416070267586935927e+01
-7.009660999999999831e+01,4.415391000000000332e+01
-7.008799000000000490e+01,4.416335999999999729e+01
-7.008760999999999797e+01,4.416093000000000046e+01
-7.009923999999999467e+01,4.414256999999999920e+01
-7.008530696074463151e+01,4.416587023486580676e+01
-7.008986000000000161e+01,4.416174000000000177e+01
-7.008874000000000137e+01,4.412664000000000186e+01
-7.009023999999999432e+01,4.412313000000000329e+01
-7.008942857547917527e+01,4.416152050107989879e+01
-7.008978279158613134e+01,4.416099789170691992e+01
-7.008942887366814034e+01,4.416047287211102201e+01
-7.008461316999999724e+01,4.416579434999999876e+01
-7.008536316999999372e+01,4.416498434999999745e+01
-7.008835999999999444e+01,4.416228000000000264e+01
-7.008908750091958950e+01,4.415960466885923807e+01
-7.009728120435666199e+01,4.414316790212009778e+01
-7.009286000000000172e+01,4.414068000000000325e+01
-7.009286000000000172e+01,4.414014000000000237e+01
-7.008686317000000088e+01,4.416498434999999745e+01
-7.009023999999999432e+01,4.416174000000000177e+01
-7.008604128151016255e+01,4.416182200736423624e+01
-7.008799000000000490e+01,4.415552999999999884e+01
-7.009878543934345885e+01,4.414370360908898050e+01
-7.009016202338005996e+01,4.416045322474067802e+01
-7.009918158665955445e+01,4.414345003973712522e+01
-7.009877545201419480e+01,4.414210070915077466e+01
-7.008986000000000161e+01,4.416174000000000177e+01
-7.009846690602462616e+01,4.414367525660981784e+01
-7.008491789709512432e+01,4.416449858762642577e+01
-7.009772176132936750e+01,4.414342175420804892e+01
-7.009841436412975213e+01,4.414372311123762671e+01
-7.009811000000000547e+01,4.414365000000000094e+01
-7.008533021828345966e+01,4.416177179399458907e+01
-7.009886000000000195e+01,4.414365000000000094e+01
-7.009922063338679266e+01,4.414367962497434661e+01
-7.008911000000000513e+01,4.416038999999999959e+01
-7.008994337493162163e+01,4.416118105419189988e+01
