date:2016-08-22, time:1400, wind_speed:6.52, wind_dir:311.0, temp:21.6
645.893745 1065.025588
-1145.666935 734.942758
-1688.025255 194.807218
-969.832601 514.696209
-937.837005 224.814748
-1345.905927 -385.807009
-968.845170 243.555679
-595.229440 273.513098
-1016.625138 459.682102
-1062.312685 -135.275612
-937.837005 884.980408
-595.195965 543.870753
-720.323057 664.384163
188.001065 1545.146068
-687.774255 704.935228
-52.827986 1324.197620
-1021.191255 824.965348
-604.420005 434.867458
-890.797260 909.084865
-849.470080 189.046857
229.122495 1365.100888
-1095.762813 424.260589
-1104.545505 494.882518
-12.102556 1354.422204
-1479.083935 975.002998
-1145.666935 224.814748
771.480815 1515.138538
-1387.390262 64.281134
817.512907 1029.520003
-812.249935 1245.070768
-1271.254005 674.927698
-1600.042035 849.178117
-812.249935 374.852398
-428.719880 604.006731
-1187.899755 734.942758
-562.187185 -2505.870482
-1349.715127 369.320753
864.078454 1053.773240
-385.702910 -2666.855614
-812.249935 1335.093358
-854.482755 404.859928
-1688.025255 194.807218
-1104.545505 764.950288
-552.892841 1354.212511
-806.965183 1329.414460
-1053.149499 514.343123
104.646815 1395.108418
-1145.666935 644.920168
-1552.521250 514.250569
-1386.609890 1053.797279
-594.821501 1143.657067
-1303.070707 574.441475
-1261.989000 123.724504
-974.481754 1029.843948
-724.373761 338.831440
-845.201108 -2397.562363
-1145.666935 -75.260552
-807.148104 1239.652895
-1062.312685 494.882518
-1387.158536 814.351090
-640.551161 -2721.278161
-678.531017 814.098633
-802.814624 -1976.187322
-807.592962 1359.998583
275.581035 1209.720541
-807.033388 579.435531
-1302.426829 423.723522
-553.105812 1234.859555
-1599.893755 639.530084
-1266.494131 729.839239
-1470.651009 93.527007
-1104.545505 314.837338
-386.057238 904.537944
-635.927107 573.199807
-969.853460 604.716323
-562.187185 1095.033118
-636.289465 724.439821
-1636.738526 364.130052
-762.643155 -86.508543
-636.419002 574.613969
-1095.847717 243.983368
-187.648755 -2805.945782
145.768245 -2895.968372
-395.478685 1125.040648
-1021.191255 314.837338
-478.832935 1155.048178
-719.863378 -26.938303
-1729.146685 764.950288
-978.958435 1275.078298
-1099.958853 489.182620
-1057.397293 459.217274
400.838635 1569.943686
-99.392790 1449.899842
21.292565 1515.138538
-437.711505 -2805.945782
-637.060474 484.297296
-766.613377 399.567339
-553.698987 514.038773
-187.648755 1095.033118
-973.870096 -110.797636
-433.280673 -2661.630293
-1557.444849 789.850843
-1229.021185 764.950288
-428.328885 724.804454
-1562.438185 434.867458
-1229.021185 404.859928
-303.061513 -2816.543161
-135.810238 -2846.354758
-354.357255 1125.040648
-636.213547 1564.947246
-594.932324 -2306.136155
238.150177 -2727.148446
229.122495 1425.115948
-969.628188 154.395325
-1136.150029 94.156309
-807.526822 1179.659848
-890.969066 1359.588682
-845.950876 784.348825
-728.895685 404.859928
-761.771165 124.017341
-850.278319 -291.200687
-891.244830 369.914079
-1512.608085 1143.794476
-387.115140 1144.536297
438.063815 1485.131008
-594.456019 1504.287012
859.892005 1059.756338
-1140.809277 910.015885
-1312.375435 344.844868
-302.108690 -2667.656289
854.835065 1695.183718
-812.249935 464.874988
-1136.910068 93.710417
-386.266081 -1496.382322
-349.273380 -1550.845996
-344.588625 -1526.405160
-1135.779347 994.193977
776.709935 1029.945828
-433.303265 1240.073584
-478.832935 1185.055708
-478.832935 -2775.938252
-354.357255 1425.115948
-307.312181 849.198281
-1219.031802 633.453161
895.956495 1755.198778
979.310745 1485.131008
-1183.058151 789.805000
-1229.021185 794.957818
-521.065755 -2745.930722
-228.770185 -2835.953312
-104.294505 -2865.960842
-136.496567 -2846.622303
-478.832935 1395.108418
-970.126066 694.482768
-478.832935 -1425.599402
688.126565 -2445.855422
-187.648755 -2835.953312
-562.187185 1455.123478
-478.832935 1425.115948
-1140.624082 849.831553
-891.273014 879.616826
-1723.982791 219.092924
780.443883 1925.241517
-771.128505 1215.063238
-307.609188 1239.539556
-604.420005 824.965348
-1724.510741 789.154282
-1312.375435 314.837338
-261.366737 -2455.706765
854.835065 1725.191248
-474.075268 1059.522012
-1516.784736 999.568519
-1136.517782 663.715560
104.646815 -2895.968372
-95.734342 1294.243757
-20.940255 1245.070768
-20.940255 1125.040648
30.080088 1174.352379
-391.246221 1269.628937
-723.961495 1029.670478
-1140.915479 819.803867
-720.027277 544.336692
-845.605743 -236.135153
1062.664995 1035.018058
1030.611754 1024.355876
-679.285468 1473.775464
696.706215 1025.004884
104.646815 1485.131008
-1187.899755 614.912638
-1271.254005 614.912638
30.763021 603.205553
-395.478685 -2775.938252
-1062.312685 -225.298202
-928.980959 544.339359
-728.895685 -375.335852
-723.687765 158.791442
1026.111314 1839.313720
-761.808669 1684.704642
-390.937549 1569.400507
145.768245 1275.078298
-516.178620 279.792743
-645.541435 74.777098
-468.835907 1504.627033
-179.297170 1413.837586
-845.245320 1024.776825
1104.897815 1035.018058
-895.604185 854.972878
-20.940255 494.882518
-719.952924 363.211546
-802.542504 273.160692
-1187.899755 434.867458
-1145.666935 404.859928
-636.468025 1023.968237
-1395.729685 914.987938
650.438272 -1940.690853
-1729.146685 794.957818
-1641.513786 728.940116
-1682.796115 699.612217
-1641.144768 668.971537
-933.514577 879.099088
-395.478685 824.965348
-562.187185 554.897578
-978.958435 -75.260552
-885.977681 -146.032415
233.695990 -2811.396910
-771.128505 1065.025588
-262.388430 1624.246315
-604.420005 -75.260552
-600.172366 -380.744193
525.950307 1419.651809
479.185245 1425.115948
-12.516506 1744.366081
567.805217 1630.201875
151.027680 1509.149055
-53.099227 1474.559501
-973.693098 759.493304
-1141.303973 489.577905
-762.534079 -865.965743
859.650669 -2421.420711
-978.958435 644.920168
-1016.531757 639.297088
-970.273328 604.826766
1104.545505 2115.772592
30.060030 1294.240829
-594.710097 -2486.848917
-890.598994 1269.619597
-803.294473 1203.631142
-928.288523 934.661806
-437.711505 -2685.915662
-761.721265 1263.935334
-812.249935 1305.085828
-724.515140 1239.904212
988.261544 1534.590941
-766.401156 1510.208420
-1354.608255 314.837338
-478.832935 -345.328322
-640.433949 -800.741494
1021.543565 1965.251488
1021.543565 1995.259018
-469.307420 1684.828949
-762.189494 -2576.729111
-145.415935 -2865.960842
-228.770185 1335.093358
822.090901 1144.633076
-973.755079 699.609766
-807.239494 -230.649468
-469.859336 -1706.277070
938.189315 -2055.757532
-20.940255 -2865.960842
-145.415935 -2865.960842
-99.264071 1179.622922
-1052.853989 814.287903
-1179.030488 813.809550
-1057.320323 819.597079
-771.128505 254.822278
-973.939423 728.920365
-1011.772409 754.344854
-812.249935 884.980408
-850.055414 -770.454400
-595.897484 1444.467985
-1145.666935 494.882518
-1016.980562 639.610093
-1062.312685 584.905108
692.699954 1029.801172
-387.053827 1654.762916
-302.647582 1654.849752
-95.024496 -2877.058837
-599.712655 399.185054
-604.420005 404.859928
-1094.668838 934.189121
-626.533854 -14.911819
-1062.312685 494.882518
989.336695 1023.914317
-516.203909 -1701.094025
-478.832935 1425.115948
-312.124435 1455.123478
-354.357255 1455.123478
-437.711505 -1725.674702
-437.711505 -2655.908132
-1312.375435 644.920168
-219.624212 1174.140895
-1021.191255 524.890048
-1057.915719 489.719135
-1016.949225 519.900814
-562.187185 314.837338
1030.607927 1024.195389
276.560168 1539.983498
-135.854337 1143.924890
-969.464955 963.680736
-645.541435 -765.433742
-437.711505 -1605.644582
-228.770185 -2835.953312
654.721756 -2516.787428
688.126565 -2475.862952
780.697188 1173.846665
781.053400 1113.864278
771.480815 1185.055708
821.166076 2135.532801
-1220.535442 1113.743190
-604.420005 674.927698
-521.065755 404.859928
-636.017898 274.581001
-812.249935 224.814748
521.418065 -1755.682232
738.999189 -1736.977498
645.893745 -2505.870482
-927.718601 904.484015
-933.108188 849.218922
-895.604185 854.972878
-469.471089 -1466.837053
-928.738992 633.265320
-969.565677 753.653875
-933.095855 669.872253
-1141.378526 789.639661
-1474.320935 1089.056753
-140.242394 1449.101317
-178.401743 1444.220518
-62.061685 -2835.953312
-895.604185 -165.283142
-1021.191255 -165.283142
-595.448914 243.925102
-1053.031347 513.606415
-1016.572019 549.279233
-1057.331299 579.225427
-1095.256081 483.633073
-1095.145008 513.420545
-390.524782 -2811.552824
-1391.181390 428.983124
192.561979 -2781.393838
233.513815 -2720.895035
271.355315 -2805.945782
895.956495 1995.259018
1530.884974 1655.124216
1026.731166 1029.694078
-637.327912 784.936432
-312.124435 674.927698
-1145.666935 614.912638
-812.249935 554.897578
-1057.890767 489.479212
-640.673859 9.219810
-1223.912105 -141.139843
-562.187185 -1005.493982
688.126565 -1845.704822
-645.541435 -2325.825302
-140.474864 -2451.218854
-687.774255 -2595.893072
-1223.900370 -140.335978
-1187.899755 -195.290672
-11.354753 1174.198907
-1271.254005 704.935228
-1266.816491 669.902943
-1345.328510 663.913195
-1312.375435 674.927698
-1262.657508 513.498739
817.318240 1929.805522
-228.770185 1155.048178
-1521.316755 1095.033118
-1012.343023 1053.743897
-724.421208 -80.589366
-599.549832 -740.890872
863.818041 -2187.148347
-683.118177 -2360.983289
-641.226566 -2601.555926
-266.290789 -2631.730452
-687.774255 1455.123478
-679.340265 1444.638299
771.480815 1365.100888
-933.279923 1360.177606
-595.375821 1144.708304
771.480815 1065.025588
-1349.710222 549.597412
-395.478685 -1485.614462
-344.580977 -2606.927577
-604.420005 -2655.908132
193.289027 1600.157013
66.732982 1479.754135
-470.571121 1233.856348
-1553.694846 904.144556
-1390.951688 759.842208
-1303.739271 694.545250
-562.187185 74.777098
447.774418 -536.489882
-724.060653 -801.437889
-386.423214 -1436.610240
-474.133636 -2481.185292
-349.073396 -2481.004946
-177.726616 -2696.548471
-1179.448321 -145.997773
-1140.805899 -200.522284
-1220.223584 -146.913694
-891.154225 519.418414
-386.825854 -2666.077622
-1229.021185 1095.033118
-1219.732953 -206.971122
733.457660 1780.136989
-302.301967 -1436.003309
-1095.260667 4.116706
-395.478685 -2295.817772
-895.604185 434.867458
-516.033413 -2511.218610
-1057.192552 519.455671
729.247995 1485.131008
692.459305 1510.206605
-1100.100398 729.140902
-1095.232333 753.703790
859.824335 1059.492405
854.835065 1065.025588
-1099.875470 1000.017797
-1104.545505 944.995468
987.693420 1534.745452
988.366162 1533.925834
988.512285 1534.885191
-312.124435 1665.176188
-312.124435 1665.176188
-38.652227 -2900.095226
483.979553 1839.424139
401.116724 1689.405774
-223.825632 1659.669180
-807.457980 1629.495009
-57.057220 1629.210622
317.735553 1479.675669
776.532440 1179.101769
-1308.096180 1029.839061
-599.684722 158.857549
-432.842748 9.061323
-766.881352 -140.273654
526.009653 -1911.011967
233.917513 1599.730198
-891.370081 1389.559314
-516.556015 1359.251960
-307.531200 819.871702
-516.556568 519.397366
-807.256763 219.611136
-1016.681025 39.058735
-1057.471375 -141.253585
192.709666 -921.283639
-557.387672 -1761.358781
1110.113287 1929.575215
609.811331 1749.761327
610.072810 1749.885989
983.817232 1389.831339
775.721325 1329.557109
-932.935972 1209.718123
-974.258713 1029.971257
-1724.043256 789.115812
-974.020607 759.022048
-1100.261199 69.035151
692.437272 -2210.778193
526.500441 -2511.455793
-433.126722 -2721.153843
192.860674 -2781.612625
-16.407920 -2931.702067
