date:2016-08-26, time:0400, wind_speed:2.08, wind_dir:215.0, temp:20.6
593.351010 1058.375216
-1191.482499 642.946475
-1688.025255 194.807218
-1031.053430 369.987942
-1361.121213 -379.717654
-647.438249 163.036001
-1071.530740 338.947121
-1023.557068 794.017361
-773.405901 523.288926
104.646815 1425.115948
-772.965929 553.851501
-740.623876 308.017363
-897.645955 43.971188
-1195.127456 280.386053
-1145.666935 344.844868
-62.061685 1275.078298
-1439.869476 -106.640922
757.384050 1027.129183
-907.322566 1118.609580
-1319.716287 520.003965
-1653.555401 671.677339
-523.163900 433.269624
-1275.011606 641.706024
-647.029986 -2626.848068
805.540174 1060.235491
-447.376232 -2781.612801
-897.648959 1244.029749
-942.632002 252.234034
-1696.383067 190.372730
-1157.893008 669.393279
-651.605228 1181.819638
51.862924 1300.274006
-1439.424877 943.372079
-650.317577 972.523718
-1356.862303 433.559364
-1063.702799 913.575990
-783.481049 157.602625
-1191.862055 -197.501643
-905.031129 1089.758427
-732.888639 671.951013
-856.050432 -2116.882223
-858.487770 402.671216
-609.315085 1122.035306
-1735.137134 519.823008
-1356.234245 554.030010
-1034.304101 488.205513
-699.583493 969.081103
-736.232213 401.270712
-240.484497 -2842.866499
94.888082 -2901.362876
-1066.701475 102.961508
-564.161734 1063.795497
-772.676486 -136.822738
-1735.917624 761.160301
-1109.524439 342.585808
310.795452 1454.259204
-159.931403 1297.716662
-71.039128 1389.330526
-700.023757 368.731081
-274.595322 971.648577
-1074.177172 -202.717972
-1316.475819 641.885338
-523.400285 553.394252
-1609.048347 311.790028
-1277.830475 280.582779
-145.415935 -2865.960842
-698.904484 1448.850088
-1189.883632 -46.529731
-861.134582 1000.722221
-940.205121 1273.653012
-950.271247 668.513851
-819.319558 282.294490
-858.017931 -47.063645
-1232.477495 792.311837
-358.182946 -2809.128646
762.697889 1540.846637
-858.276368 372.950859
-452.139932 -1612.632561
-1191.892306 852.713400
718.895557 1028.897626
-483.259201 1153.069516
-523.493191 1064.177850
-489.787274 -2782.146588
-444.163554 1300.748648
-358.190622 672.138741
-1312.375435 494.882518
848.042081 1661.391623
-573.142410 -2751.778003
-235.142758 -2839.568446
-562.187185 1245.070768
-1025.474972 521.734964
-655.061910 1359.848443
-565.622448 1302.152670
-1194.980368 671.294680
-1035.196675 727.903521
727.300977 1814.063698
-858.300311 1061.472738
-354.357255 1125.040648
-1729.146685 764.950288
-1398.150146 193.807225
-321.255735 -2540.180628
808.363999 1601.716735
-524.655019 882.979014
-1611.147071 880.787636
13.108313 -2900.765108
-106.491738 1153.426133
-441.508612 1093.031950
-775.097563 432.466208
-900.166891 -377.436840
1011.332187 1030.495349
681.793069 1031.289604
60.961604 1333.792986
-63.855614 553.133345
-1149.645438 -347.705419
-980.458841 403.795945
-778.132433 -529.383864
-772.841263 13.604135
-442.303670 1452.329189
100.789687 1152.906319
-608.978978 103.022727
-230.309756 1303.735894
-939.320916 733.540162
-73.983969 487.625802
-741.686230 848.462160
598.757507 -2119.118660
-1733.341072 552.243476
-1022.580687 734.143414
-1067.055060 -168.096982
-654.437748 -201.005955
512.210368 1299.543887
-70.936190 1630.752925
472.140497 1451.609204
-1022.804497 673.710988
-1229.021185 374.852398
-1111.528477 520.004097
-1028.376046 431.188906
1058.243979 1992.797730
-694.844741 -2600.394003
-944.410930 1151.532480
-854.482755 1065.025588
-980.322225 823.246274
-449.795253 -2813.215407
-858.924025 1183.131619
936.075600 1393.570394
-815.801122 1362.675466
-1488.822499 220.977241
-566.590958 -498.223490
-735.281096 -949.778598
-613.093842 1539.441829
-156.795619 -2872.778210
-316.510888 1242.066058
767.198896 1031.944161
-1029.739777 519.709632
-945.982484 -380.587524
891.020879 -2178.811002
-149.886289 1062.469263
-1110.924918 701.228288
-1106.885311 643.704825
-1068.911117 580.896647
-906.751479 818.139346
-699.151935 1327.095438
-1237.647188 339.581187
-1110.433974 460.510874
-1109.100749 461.812187
676.191824 1027.915904
-449.588535 1538.270513
-363.033374 1539.737226
-152.326965 -2870.498536
-697.321415 -139.835267
975.685674 1032.061283
-569.405617 -1879.226220
-525.300065 1273.063929
-356.683617 1334.068040
-405.121156 1300.728266
-490.946511 -2782.939522
974.493195 1031.687728
-190.029975 1033.498404
-988.823328 850.123259
603.004183 -2716.919047
725.350474 1062.368064
-857.956761 72.279850
473.817906 -1850.356796
686.155958 -1846.573672
560.472886 -2627.446055
-985.040959 760.701838
-980.297818 523.698564
-1027.979653 579.880348
-1235.477482 641.007300
-1066.874737 -288.033737
-1106.410256 373.583957
-1108.628194 372.265123
-1109.667574 463.013303
-1153.317908 341.135258
-1187.899755 404.859928
-439.184178 -2807.713899
-1441.611443 252.974862
139.324384 -2900.632148
181.671369 -2810.010990
-691.931404 672.953258
-404.675596 610.527925
-1192.640832 492.145415
-907.035037 427.566624
-1148.052062 343.490613
-697.602438 -110.231402
-1275.292432 -287.989744
-645.541435 -1125.524102
-694.169401 -2419.330550
-196.650973 -2600.547528
-1232.492463 -348.676770
-1359.327934 551.955342
-1402.243547 521.345049
-1402.292872 551.699157
769.182649 1753.791046
-272.548967 1004.019372
-777.428788 -229.370311
-695.800576 -890.995368
-647.305406 -2717.416477
-315.922118 -2777.618700
-742.346655 1326.422536
678.578596 1209.166506
-687.774255 1035.018058
764.957693 1031.834170
-440.021977 -1606.834676
-649.438030 -2718.912478
98.741457 1481.701117
-525.354751 1122.048536
-1442.257091 612.403950
-1357.018468 583.498540
-610.848430 -48.899820
391.778132 -648.824947
-785.959312 -922.053237
-566.391998 -2598.066468
-400.444756 -2568.547110
-275.470988 -2809.335329
-1235.234512 -318.341453
-1277.080279 -289.062559
-978.958435 404.859928
-488.847128 -2781.194092
-1322.263874 970.361652
-1278.103361 -319.539350
-492.488710 -2392.922082
-568.787744 -2659.343022
-1152.618042 340.416208
645.893745 1395.108418
636.365778 1390.778885
-1150.285366 552.416626
-1149.487020 581.672062
-1158.192539 848.630776
934.965010 1392.268959
-405.232486 1539.401900
-114.285388 -2990.580512
392.246068 1692.028284
350.519747 1542.737943
-277.627412 1510.801637
-861.502908 1482.140620
-148.715696 1482.227948
220.574808 1360.231390
678.080029 1029.873342
-698.890018 10.088131
-533.307003 -172.442442
183.048219 1452.844713
-947.667350 1208.891157
-577.005236 1237.672496
-406.036819 756.629746
-564.130259 342.988538
-1110.350181 -138.352469
-1145.666935 -255.305732
139.414192 -1040.279357
-606.229399 -1936.696501
1058.308718 1782.207248
934.360210 1241.891111
-1030.735708 1058.689892
-1025.361723 642.603624
642.061588 -2328.881981
-437.711505 -2805.945782
96.941316 -2899.135394
-63.577918 -2987.225006
-1115.672161 428.983601
-1068.413776 401.020649
-607.781975 222.556099
-824.587005 247.545367
-482.597594 1032.576112
-480.209762 1003.493847
-689.891058 -76.548530
-737.279287 -20.195114
933.256214 1452.403831
979.310745 1455.123478
678.908346 1810.441746
722.863882 1031.314583
-521.065755 1335.093358
-1729.146685 524.890048
-1021.191255 704.935228
-1027.006255 730.745398
-233.650654 1302.771858
-189.278019 1303.579265
-1066.507520 642.054251
-1154.687593 730.435699
-1147.172630 703.075191
517.016279 1722.776767
-566.537904 1693.096656
678.850060 1660.865319
477.784822 1544.098994
-777.707003 1362.327307
7.258613 1328.234734
-733.047165 1182.405441
-1699.618523 878.089228
-1238.160584 880.785080
-1730.616425 823.924803
-774.523602 42.037306
-895.604185 -105.268082
-441.862693 -1488.608432
476.846860 -1727.015831
-481.901645 -2358.042606
-312.124435 -2685.915662
-1028.145307 100.625690
-1022.607736 73.001864
-1023.629553 73.362717
-1323.972149 488.188351
-1356.613361 463.489955
-1069.395790 372.035606
-1117.155840 367.087568
-1235.611540 519.851501
-1152.532982 550.801684
-1241.028561 547.134766
-902.549187 461.386388
-856.682640 463.074651
-1689.509917 793.923626
803.468943 1060.719024
-697.104538 -2420.039239
-1231.146341 -76.092303
-747.875715 613.377816
-741.344450 641.461158
-868.016740 188.221428
1013.534970 1029.056100
-981.325432 707.630318
-944.959156 670.353382
