date:2016-08-08, time:0000, wind_speed:3.13, wind_dir:297.0, temp:19.0
695.759268 1020.911057
737.498678 1022.275585
-1015.346572 1085.635229
-769.194872 -498.298854
-680.417593 420.433541
-515.213818 1325.871723
-1267.740521 -440.536559
694.141015 1024.964268
-1187.899755 734.942758
-1763.537347 241.612160
-887.381944 -117.844234
-977.906596 731.989802
-644.080231 1182.314755
-765.957306 155.790003
106.003421 1421.842219
-1060.183276 341.527926
-1184.056983 1179.575699
-933.701908 459.668414
-684.378157 -651.235644
-1229.021185 704.935228
-1346.611226 -208.573857
231.069479 1212.258259
-889.219210 155.956971
-137.777049 1082.342630
-891.915147 1299.677694
-1422.853947 348.235916
-1062.312685 975.002998
-1015.375990 966.539867
-346.947915 1202.207730
-1062.312685 644.920168
-932.633150 515.451942
-977.022131 11.983723
-725.567232 1029.203821
-639.676182 574.807335
-1102.809509 1241.772350
-1562.438185 1125.040648
-1015.187579 1175.478737
-639.663092 95.663325
-933.553925 -21.334052
-639.249617 275.682318
-1056.931677 665.812583
-1057.583081 634.147755
-632.936776 1132.959479
439.377884 1122.203069
-143.861947 1272.023481
-728.895685 1515.138538
-1223.229017 605.431006
-1182.293555 725.249361
-1096.425326 421.153509
-1600.927122 699.028133
-1267.824385 489.711535
-934.371037 459.442993
-1015.634981 64.098629
-1310.300024 1301.691078
-1347.640273 395.154510
-1264.876313 125.074896
-1097.724049 64.777660
62.413995 1365.100888
63.645775 1331.757722
-890.622162 1145.178423
-1056.640789 966.252062
-1725.254209 758.464553
-891.614653 518.998992
-1723.268469 245.613384
-1013.119713 -208.841801
985.131859 1025.943598
-558.679035 788.828572
-637.515988 871.941374
66.728748 1449.622410
-1220.763094 1321.338326
-1432.061251 304.836065
-1139.140143 185.446966
230.973725 1721.881926
318.504786 1535.461895
-681.740396 936.061196
-852.533674 881.682211
-53.913898 1501.765103
1401.841454 1354.501783
-1556.109268 1116.324390
-1514.800060 364.838705
604.772315 1515.138538
-929.942209 991.473179
-598.396888 636.217365
-845.573738 1561.979515
-353.028678 1182.256206
-764.847761 1115.455432
985.365969 1025.407164
-1684.091596 549.209553
-1098.623247 605.111944
-1058.334180 549.079814
-722.183194 426.375411
-1144.396170 -168.222974
-1348.278653 1264.758526
-1517.985918 849.417715
-1099.466286 605.281671
-1516.384259 395.176607
-1266.360564 215.309218
-389.371357 1534.938449
-848.386360 1386.428399
-1142.856843 -51.571671
-472.977815 1596.935534
-600.842283 698.503697
-1014.539893 -565.326690
-1348.505317 934.570161
-1347.424329 1082.088104
979.310745 1035.018058
149.527046 1659.149774
-1056.661537 664.065172
415.543136 1423.559296
-228.770185 1395.108418
651.754945 1055.893899
1027.055992 1025.935655
-682.639244 875.947677
-681.304094 515.121757
-1021.191255 74.777098
568.799513 1716.186148
-1058.773468 428.899059
-556.651835 1355.129110
-1268.064049 1089.069387
-1015.342274 665.254840
-977.311051 1182.012471
-1054.525907 1171.413548
-1265.732573 1055.520456
66.308907 1539.050879
-600.697966 668.626365
-1469.852141 1167.700271
-1100.111998 398.344523
814.017653 1692.533570
-1307.335624 1506.612716
-1055.906127 1265.883598
-1764.659856 816.618695
-722.405897 575.858093
-1553.597618 392.632216
-1392.056430 309.001313
-1222.988848 184.599622
-1261.873711 1166.877853
985.139872 1025.978176
861.475231 1055.291111
-929.146661 1081.914991
-1766.447081 845.524258
-848.451038 336.514052
-723.419184 66.296704
-430.946382 1566.262509
-1100.571686 849.105901
-1104.545505 554.897578
-1100.315740 1208.476801
-62.061685 1455.123478
-1810.659513 822.145695
-846.453894 -238.526761
-681.312916 785.659699
-556.059837 605.659294
-1431.155166 545.864830
-1015.886706 1174.329829
-931.976183 1145.863238
-806.574588 1744.527920
-1222.037397 1565.204548
-893.545133 1482.430355
-556.324303 1385.021494
-1351.448566 1058.927023
-765.385013 -233.957494
-1340.878612 949.147018
-1348.539608 965.875459
-1055.907738 455.836338
-597.430517 900.779676
-1557.329354 1236.081368
-517.402187 817.912012
-1180.937218 1385.344317
-1603.237111 1092.439367
-1055.050247 661.909496
-933.685553 668.701526
-515.425131 815.117338
663.808079 1423.342521
-1097.621018 1295.562894
-1431.709713 1295.018582
-1639.710828 1055.981462
-763.739444 1561.750913
-686.454959 1541.893088
-687.774255 1545.146068
479.185245 1755.198778
-1432.248240 334.952203
-1348.916164 996.267682
-1097.348092 1356.358027
-1561.383168 1061.967914
-848.893600 575.862430
-763.317410 511.056008
-1516.236534 485.338473
-1186.630697 311.924353
-1139.128586 695.470920
-1227.988904 731.783146
-1222.508359 726.356941
-1595.574585 1111.925525
-1519.926994 1151.511600
-478.832935 1245.070768
-1348.628835 935.147470
571.307589 -1828.593928
775.519274 -2031.285198
-469.631454 842.153412
-514.141304 755.693123
-1181.991984 966.054961
-474.686547 969.312162
-891.968036 578.762455
-598.746955 -114.038669
-807.106974 -2515.410589
-348.427692 -2635.879409
-517.552173 -2632.652920
-683.566263 -171.879521
568.412595 -1735.004183
-639.620170 -2725.123025
-1054.485141 1261.820473
729.247995 1455.123478
-222.899731 1296.434637
29.173301 1322.604744
-387.199379 1231.779713
-727.837951 1092.402129
-974.233849 276.272164
-1015.521844 995.545634
-889.526844 965.867114
863.575299 1678.602690
812.602245 1605.161128
735.306921 1595.666808
63.509797 1452.243249
-804.981688 1235.841456
-848.823497 876.379853
443.809836 -1645.606803
-553.720796 -2248.370910
22.448861 -2869.375082
-98.409239 1625.376376
-853.359062 1421.759676
-971.265018 1261.936313
-264.501925 1146.181175
-931.223427 -114.740794
-725.004556 -892.480829
528.474823 -2070.224276
611.076192 -2365.369337
70.416678 -2908.915007
-937.837005 1395.108418
-1265.554665 575.737962
-517.771295 -1911.265703
-1264.040603 605.585944
-1348.038286 635.634042
-1395.729685 674.927698
-682.018075 1444.558612
-183.363601 1239.218692
939.829670 1061.555036
-430.922434 905.472654
-682.732151 636.219700
-388.478808 -2489.429954
571.229149 -2518.679572
-55.409171 -2814.508090
983.239716 1029.252180
940.191488 1062.019953
651.607717 1624.928465
-304.372619 1231.984309
-1061.088829 432.298340
-1098.402241 185.140276
-887.384726 -87.955741
-1060.520557 -258.564183
401.619245 -1675.315163
-681.784291 -1794.792536
-722.418511 -2306.604304
-1520.191235 1301.628448
-1553.868706 1142.526784
-1804.173115 871.717353
-1765.094568 875.154434
-769.719216 1511.692384
-389.672995 1386.839669
-803.789472 752.590734
-1639.712208 424.811405
-348.105454 -2605.214827
-893.562005 611.497022
-803.889151 631.403973
-888.024969 632.400139
568.772940 1744.904130
-15.731092 1595.338955
-1137.169380 961.582949
-679.816821 -1558.326583
-476.843503 1691.643373
650.991825 1655.853084
-596.027396 1622.373469
-805.501392 1503.300395
-638.968402 1475.953026
-937.837005 914.987938
-811.000367 -738.482222
-225.988759 -2842.700939
-1102.767510 581.270332
-978.958435 674.927698
-1055.852343 635.052774
443.773019 1715.650815
734.875208 1625.473119
62.413995 1545.146068
-684.340402 1179.672784
-1349.433445 515.571700
-929.909492 332.276110
854.835065 1335.093358
-1100.491859 1058.743300
-931.865065 875.688316
-972.795211 455.866868
-345.485522 1321.818353
-352.762928 1151.771155
-1765.283884 936.114075
-803.941999 601.646308
-1432.930298 515.365236
-763.374557 511.350934
-602.285345 281.773791
-1681.880662 905.125263
-1723.732434 905.728240
-769.348856 -1578.329123
147.355439 1662.198388
189.714401 1632.223899
-1268.223507 398.689994
-1139.680870 395.233848
985.140754 2045.740756
773.570985 1841.600482
196.884348 1592.130882
613.451851 1411.800591
-555.278632 1236.149208
-1138.351402 782.671127
-1512.969865 722.056467
-602.435908 -1428.522087
-429.306451 -1588.759819
-351.678177 -2752.408499
-1352.846237 1151.547669
-1392.862917 1149.473349
-640.318511 1205.717662
-683.974113 1208.578934
-888.439057 1415.912993
610.243952 1205.777606
-1096.727902 691.302535
-1138.610345 65.461984
-1262.643826 32.844939
-1393.913704 -18.272866
-684.175216 -201.371376
-686.466302 -1608.967886
-137.522823 -2880.101683
-513.282273 1381.533769
-521.065755 1365.100888
-1186.845366 822.113726
-1264.287596 485.820944
-1144.098496 402.190899
-1095.472817 421.785389
-513.983259 660.598126
689.151510 1031.588772
-687.774255 -105.268082
818.335061 2046.282649
-600.815453 1658.875963
-348.150682 1505.150220
-806.688591 1475.259182
-972.657657 1295.292900
-556.224035 906.037026
-1806.300110 815.433813
-1181.414785 635.932443
-684.588944 608.153582
-560.993161 -1159.009130
-419.590403 -2807.504128
-771.128505 1485.131008
-1223.051220 666.437736
-1512.533642 661.893946
-1263.476024 601.681296
-1686.126468 581.463957
-1183.800841 308.747141
-805.582191 -23.877115
-769.067776 -2239.101731
-603.285070 -2389.174834
-305.135233 -2756.178425
-1101.058656 429.449764
-347.564307 1086.804868
-388.821347 1115.561517
111.161846 1536.068017
-727.517902 1151.700875
-434.432360 1119.802158
-1143.859710 131.919359
-678.924699 -298.612378
-556.232516 -1585.394919
-752.874316 1423.201671
-805.843215 905.763073
-810.211694 881.864981
444.035101 -1705.319205
-598.543401 -2604.924876
-1102.784229 672.080393
-1055.798247 606.272320
568.121377 1626.504008
-1019.762375 1422.129674
317.629728 1416.380712
-353.210050 1152.436819
-1056.183500 754.632440
-562.187185 554.897578
-930.722690 692.099978
-1016.667158 696.691318
-1015.299497 726.549470
-638.913007 -1584.893304
-719.794976 -1617.800014
652.444323 1475.824791
-1348.109580 1025.954617
-686.681288 522.282731
-681.884661 -1675.008679
-600.581862 -2631.519230
691.204865 2049.420073
-478.832935 1185.055708
-1513.681425 871.909082
-847.977128 784.775106
-1389.816003 665.748894
-137.256738 631.412901
-595.509306 331.585897
-764.584330 1446.421907
-680.058023 990.973259
-473.000961 726.374851
-853.364334 491.406599
-727.524007 -1759.073977
-852.607628 1661.835813
-681.099355 1655.778325
354.709565 1395.108418
-765.505323 305.968943
-514.188089 -235.130555
487.055751 -2368.539917
-851.355833 758.147146
-849.228243 756.070878
-848.887645 756.012914
-1137.453200 451.884589
-1100.586356 398.891567
-1053.958324 392.752069
-679.234812 1412.388331
-687.774255 1395.108418
-722.995355 1446.491390
356.180001 1181.697571
-636.966528 -2728.987111
-852.361403 551.531381
-1057.149327 424.480373
-1265.613736 -83.797375
195.046987 1506.543476
189.909283 1541.830082
-1227.235385 732.199782
-60.474915 492.147272
-1304.971120 635.273681
-1306.183111 635.342648
733.587929 1029.347271
-553.094448 1382.911681
-519.229428 1421.798734
-521.065755 1425.115948
360.775508 1594.429657
-847.588086 965.197442
-1513.197846 931.424771
-808.512101 789.370909
-771.128505 -75.260552
-889.092126 -114.867746
-1725.533586 818.674213
-1762.709516 812.188417
527.554137 1355.210573
-853.264660 1032.256130
-1349.069891 965.172986
-1557.046816 936.254968
-1683.923828 758.701655
-1347.328174 304.860242
-1225.920721 278.262421
-139.834688 1445.169842
-1180.116619 721.069095
-1141.609866 729.471249
-1056.433801 604.664949
-1060.764093 671.427576
-1098.331356 485.353508
-1056.196481 456.409436
-1217.116181 382.343572
-1015.621603 455.040068
-639.011406 1565.677780
569.235827 1386.566050
-1229.021185 644.920168
-1270.054231 641.836432
-553.004311 1082.192096
-391.753020 1119.676416
-596.114381 841.477677
-598.228744 845.115037
-894.157501 791.918933
-850.680935 819.751844
-599.580783 -2574.746124
-604.420005 -2535.878012
27.048011 1715.544689
-1098.587699 905.645300
-266.791813 1329.376389
863.831974 1832.972791
354.709565 1725.191248
-637.747779 1352.015258
-1596.868491 991.200788
-639.216979 905.842721
-1556.572156 574.940590
-726.792475 131.475680
-1181.065191 -115.439080
-1225.703417 -201.898684
-388.871843 -2366.333341
-264.914425 -2514.886770
-598.427613 -2725.507006
66.165938 -2872.601897
-1551.294462 471.881051
-806.428291 424.754426
777.432245 1025.083975
-685.720723 371.900972
-641.823617 728.484876
-305.301827 1175.744957
-1056.692816 455.664620
-1764.910880 785.412816
-1145.666935 644.920168
-1181.918956 665.778415
-889.077897 635.610298
-1021.191255 464.874988
-222.223824 -2845.231004
-183.761402 -2842.783102
-350.698120 1149.091680
-267.222742 1119.004828
229.122495 1575.153598
-1021.191255 644.920168
-1019.899065 641.432687
-514.902017 1356.435087
-517.827386 1388.714462
-307.528340 758.608661
980.845424 1031.709566
1025.536713 1029.824558
-1101.086836 577.960371
-1514.369760 1021.225119
814.620440 1031.386764
-724.466347 1749.007946
-1058.942427 578.481608
198.584223 -2697.326067
221.242330 -2704.210426
