date:2016-06-27, time:1000, wind_speed:4.2, wind_dir:180.0, temp:25.9
-1090.239990 -1097.335515
-1323.496569 -405.664423
546.514072 1065.072150
-978.958435 -1455.606932
562.539495 1065.025588
550.913599 1275.653517
835.414305 1094.001084
-674.100337 -854.400971
-892.259664 -1603.042077
850.307590 1244.669213
543.657834 1064.948306
665.574682 1876.348735
-728.182125 -1004.524604
512.617231 -2746.037711
338.282891 1184.314133
869.383805 1693.890683
979.310745 1035.018058
979.310745 1035.018058
490.803403 -2774.506725
960.531708 1034.453565
1324.083968 1335.827007
974.755037 1034.578309
562.539495 1065.025588
479.185245 1095.033118
961.966983 1033.011023
979.310745 1035.018058
960.489097 1036.928048
-28.106742 1065.549234
-221.138600 704.654271
-997.376239 -1456.663606
747.074592 -2234.400465
562.539495 1065.025588
549.152254 1063.161153
545.650428 1065.165889
416.547938 1125.511874
699.252166 1063.908980
960.576447 1033.898652
963.351873 1034.661303
960.495115 1035.461799
-68.963995 1064.138132
160.476522 1214.224443
438.063815 -555.381032
979.310745 1035.018058
962.421353 1033.489404
959.239414 1035.339670
550.725946 1065.114984
562.539495 1065.025588
490.032542 1154.711763
227.552407 -673.311695
-839.126910 -675.619113
-918.564043 1877.704364
962.743715 1034.602848
971.046949 1035.934626
974.379393 1034.473713
-51.443451 1065.167938
812.602245 1095.033118
850.632789 1065.276766
848.604863 1127.779082
704.019984 1067.227732
-7.460093 1093.623569
-7.216930 1033.686855
5.497030 1034.871651
-1113.008702 -2505.805579
422.951501 -497.181679
410.184785 -556.312404
499.689751 -2775.719079
535.116849 -2744.763901
491.075198 -2747.324359
514.136257 -2745.279714
965.469855 1035.358923
979.310745 1035.018058
840.580451 1066.228665
974.681464 1034.670465
747.341285 1066.277173
-66.460281 855.314384
-187.648755 344.844868
-1104.545505 -2505.870482
288.433244 1215.787782
370.480674 -614.148227
915.195546 1065.372457
869.270623 1065.107279
979.310745 1035.018058
970.660792 1065.286014
971.307571 1034.003470
