-1.436037150898237655e+02,-2.986789991377932438e+03
-2.919226678246455720e+01,8.182299220891495679e+02
-6.394679097113551336e+01,6.730046494622603177e+02
5.681461878726987607e+02,1.070470614572710929e+03
1.408467861386903053e+01,8.203563258828406788e+02
5.827019731219152732e+01,1.040055377673237672e+03
5.594218210169540271e+02,1.061516297107554919e+03
-7.019310735020552272e+01,7.887868571907963542e+02
1.613814752704472255e+01,8.197964480261300650e+02
4.796820967203142345e+02,1.088815427375693389e+03
1.027794940539996844e+02,1.002166745310084366e+03
3.459653029198082663e+02,1.182303286735769461e+03
3.465612245658107895e+02,1.180718840513172154e+03
3.495046539292518446e+02,1.175291561164547147e+03
6.797546745951817684e+02,1.032753211699122630e+03
3.525272825675361901e+02,1.181146347262500512e+03
6.857025403214910284e+02,1.032166934349466601e+03
-6.256949665755607271e+01,8.231573837831359697e+02
5.600583653320459234e+02,1.064711110114448047e+03
4.809965333988967018e+02,1.099141040849335923e+03
-2.362054305157766976e+01,8.248735577004788411e+02
-2.414743906177632482e+01,6.711058355697356319e+02
4.791309108537167276e+02,1.092335726833718354e+03
4.776882349861164698e+02,1.099863268765448083e+03
5.596499983298843972e+02,1.062856694294309364e+03
-1.229588682239379523e+03,2.902501383073627039e+02
4.742653447326625837e+02,1.085370354304306602e+03
4.716895843168981628e+02,1.089390090502847897e+03
3.529294144025897708e+02,1.191512795104562201e+03
-2.549086603591986488e+01,6.413741007260347260e+02
6.838476915687641622e+02,1.037757104329579306e+03
-1.079163150303340188e+02,6.481677057981933103e+02
3.465889261945410453e+02,1.179320742550134128e+03
-1.020095321912322902e+03,-4.021015839229980315e+02
-6.912571346445461984e+01,6.084716483283018533e+02
-1.107576796952533186e+03,-4.503180955765083695e+02
-1.901904557359733303e+02,4.627630547335829192e+01
-5.240582829876499318e+02,-1.627191213182788943e+02
6.874376625137927022e+02,1.040494706997690855e+03
-1.063172843886502733e+03,-2.582648198257297167e+02
-1.481608127565204711e+02,4.618819847454516889e+02
-6.613648004464705821e+01,8.281697676802784827e+02
5.617804785741082014e+02,1.063577119933893755e+03
4.743418043767367180e+02,1.096803448511479246e+03
4.394037067399694934e+02,1.130308844180211963e+03
-7.082234646179848880e+01,1.962595217837357040e+03
-1.398652918106668722e+03,-2.017305819794970603e+02
-3.983287056334650060e+02,-1.392091455039451944e+02
4.822588656524526982e+02,1.099890894057206424e+03
-7.739475583637581622e+02,-3.505916184897346852e+02
-1.397671596591897924e+03,-3.096213362933233384e+02
-1.271297315433961103e+03,-4.286702980834986079e+02
-1.358273945594765337e+03,2.528025954965621338e+02
4.750359554041770593e+02,1.099079265161625472e+03
-2.289305493869658790e+02,4.942553274697740449e+02
-4.391780289272659843e+02,-1.312251210118218410e+02
-7.695118823857043253e+02,-3.192876249514679330e+02
1.399656151223469465e+02,1.182715826094745807e+03
4.750431925648189235e+02,1.097035087042396299e+03
5.580863506648242947e+02,1.060231992953602912e+03
-3.079842796636191338e+01,1.000457704739144674e+03
-5.672901053816216290e+02,-2.023721054280193812e+02
-4.331323451153883752e+02,-1.176898134327395837e+02
-2.366730368166284393e+02,-7.930130141716813341e+01
4.735002532478380317e+02,1.098620099426986826e+03
-1.511900630899422708e+02,1.243146250488782016e+03
-7.720243698810878641e+02,5.204954655245583126e+02
2.034464571957732915e+01,8.251310944922465751e+02
1.787117993245010439e+01,9.491847060077213882e+02
3.495820492992262416e+02,1.183687105047976729e+03
-1.065188484242077720e+03,6.747365091036494960e+02
4.720012596505961255e+02,1.087826279103444222e+03
1.684879208332353073e+01,6.690858841972421942e+02
-1.229792255956775989e+03,3.415111183678177440e+02
-1.025776873708417156e+02,6.500141667841764956e+02
5.731098446977138394e+01,9.704045803225477584e+02
-1.083704583912717538e+02,9.408583507908252841e+02
-1.733970426934739351e+01,8.279824480537363343e+02
1.655819168448014977e+01,8.178290666159758757e+02
-1.071981732776267336e+03,5.193681217351195301e+02
-1.190532397617222614e+03,6.478028803973945742e+02
-6.705895217810707720e+01,9.088650953931049798e+02
1.807314750185527714e+02,1.183496464608766473e+03
-7.328057684565378622e+02,7.297480027898191111e+02
-1.954484091295732640e+01,8.222343964329595565e+02
2.257399642213030688e+02,1.215449354077491535e+03
1.915773151834162036e+01,8.238779386523448238e+02
-1.144914290547785413e+03,5.916742431670643327e+02
-8.165517027655254196e+02,-3.165717545554530261e+02
-1.024326470499003563e+03,-3.162551138091900498e+02
-1.151959987559339879e+03,-3.507624888835246111e+02
-1.082676600572306285e+02,9.090259718971140046e+02
-1.311754095589344843e+03,3.915752264418871391e+02
-2.259213687555558749e+02,5.880480915289108452e+02
-1.190491764519485969e+03,4.372466499890284695e+02
-2.797503629334512425e+02,6.675361213119076638e+02
1.411482589385883557e+01,8.209879059225212359e+02
-1.231729693203128818e+03,6.097309670920928966e+02
3.474589210334248719e+02,1.180133350585617563e+03
-1.881553759505802077e+02,4.420696428393446809e+02
-6.432096981594406770e+01,6.494527463231512456e+02
-1.396089930016825519e+03,6.725616143125250801e+02
-1.066169569908005997e+03,6.779715404109239216e+02
-6.836255946531601069e+01,9.114807557733295198e+02
-3.980544302925554234e+02,6.503093264026929319e+02
-6.216912485218995243e+01,1.033912691028151130e+03
-9.824929599066704213e+02,6.801730037163123370e+02
-2.339992623000007654e+02,7.914547251374701773e+02
-1.875577111505675134e+02,7.696470232702752128e+02
-1.399934069843837051e+03,2.291454699480649992e+02
-1.226888115175778239e+03,1.393892909681621575e+02
-1.277027295965163148e+03,1.591641538192882877e+02
-1.151004856370720290e+03,-4.696372326201479268e+02
-8.139857709195007374e+02,7.056070908743753307e+02
3.503356767708705775e+02,1.179979551494262523e+03
-1.022327269662202980e+03,7.044339607650094877e+02
-1.070070466287545742e+03,7.614748004184330057e+02
-9.002886662819439607e+02,7.969657242052487618e+02
-7.716037860810317852e+02,8.896341065629941340e+02
-6.103828291016920105e+01,8.008152420618463339e+02
-1.157222743364783497e+02,7.890042961178186260e+02
-8.073975536352879772e+02,7.078499507380350906e+02
-3.181276459160260401e+02,8.178197099674036963e+02
-1.889084382647170628e+02,9.188413524998238699e+02
-9.855571830114083696e+02,8.790427775546999101e+02
3.586512330397358710e+02,1.189482203341173090e+03
-2.660517300300740828e+01,8.182154387085411145e+02
-2.637896254275808872e+01,6.368253424741471918e+02
4.770814575241305420e+02,1.093494140531247240e+03
5.610786602939529075e+02,1.061156914967112925e+03
1.465269778610169737e+02,1.488235717643622365e+03
1.055533162324524739e+02,1.188312076334778567e+03
2.304463231910812624e+02,1.221826845668325632e+03
1.444732542759456635e+02,1.180002562193278436e+03
-1.228825927583361363e+03,7.925033209591630339e+02
-7.304284246191167540e+02,-3.485008564225224745e+02
-1.661913132334261434e+01,1.022401053483256987e+03
6.866938078281800699e+02,1.039568469847727783e+03
-1.150630534636228049e+03,4.293915099890776901e+02
1.002099639677017535e+02,1.519265893670916967e+03
-8.089383405287339883e+02,-3.123853844980505414e+02
-8.589989340420406734e+02,-2.200582445852664932e+02
-9.017104315934203669e+02,5.517897215917341782e+02
-1.064387876837092335e+03,6.198261257968483733e+02
-1.062076762963558849e+03,6.422976492528908921e+02
4.774206844580764368e+02,1.100667032932881966e+03
-8.972904577578595990e+02,5.542443713856795284e+02
3.526409296956364301e+02,1.189230996256631670e+03
6.854798786116369911e+02,1.033260168098486020e+03
4.743730696067740382e+02,1.090247054917449532e+03
-1.149507408367559719e+03,-4.684468275543800360e+02
3.049985891031187748e+02,1.569837719835189091e+03
4.710144594033792487e+02,1.088484631096560179e+03
4.697828865028088785e+02,1.089196812906213609e+03
3.553892432194800790e+02,1.191818966371766464e+03
1.971756882999395089e+01,1.186727633310426199e+03
9.872088747393503638e+01,1.185500186300516134e+03
4.324296347728773071e+02,1.121713490972823365e+03
2.640072405723676638e+02,1.781876051665344903e+03
4.337510336941315359e+02,1.961296097682171421e+03
-3.955472589213724177e+02,1.536186859228205094e+03
3.510742034490262427e+02,1.962533143353817195e+03
2.683361198733048809e+02,1.721689956529470010e+03
-6.079504830303912399e+01,1.041305335907919471e+03
-2.311920058023559932e+02,9.715881260935927912e+02
-6.167623990186501715e+01,1.033595681857503905e+03
1.819898962971862488e+02,1.842638872099808168e+03
-2.326512078714325753e+02,1.633624307895328229e+03
-8.096938515755011849e+02,1.639274126116723892e+03
-8.553549415002875094e+02,1.671217652009715266e+03
2.251079490110525398e+02,1.811183134513877349e+03
3.937719347310517151e+02,1.971467407319822769e+03
-3.548974702143992772e+02,1.542437180522941162e+03
3.096688559853694187e+02,1.962925028828850145e+03
2.668104844793483608e+02,1.929118314558265183e+03
-7.743417672349689838e+02,1.572972327166460445e+03
-1.900388641537751937e+02,1.665999177559672489e+03
3.107480248768934530e+02,1.938189206532689241e+03
-8.085470275284768604e+02,1.533050888131364900e+03
3.959274870054950952e+02,1.970441569749807286e+03
-8.132269195894667746e+02,1.699515573841963942e+03
3.477713374233599097e+02,1.958799059227289263e+03
2.247367920227754041e+02,1.818378205699707678e+03
-8.134492699071447532e+02,1.665829164119406641e+03
-8.945852015808313809e+02,1.702483834011361523e+03
-8.171579823642346128e+02,1.637588970058997347e+03
-9.400010116564299096e+02,1.670327753356647918e+03
3.550025705550723387e+02,1.969392744089603184e+03
-7.343355426288969738e+02,1.627862925636156433e+03
3.890513735529807491e+02,1.963124667851403046e+03
2.681131998984652682e+02,1.700639417157921343e+03
-6.451771413660031840e+02,1.699809733463282782e+03
3.139664237914856244e+02,1.971190535854575728e+03
-7.705741470400498656e+02,1.694157936462516318e+03
-6.542484947105454012e+02,1.657183539554325762e+03
4.323889598547328319e+02,1.964264383556771236e+03
3.484820339049209679e+02,1.928647450860808249e+03
-7.718822971426993718e+02,1.640816437140474591e+03
-1.887623447560545742e+02,7.333269753434771587e+01
-6.534304559691982206e+01,4.343333787417046210e+01
3.068641481335246795e+02,1.638283496509845236e+03
-2.317099207334825905e+02,1.511390827422477059e+03
-2.285256165432705302e+02,5.221439062050034181e+02
-3.139704059159059852e+02,4.688412139305501682e+02
3.533928847363357590e+02,1.725055124925073414e+03
-9.338500774469680437e+02,1.699828798306765066e+03
-6.489387441066344309e+01,1.961361854833331563e+03
-6.016396056958616612e+01,1.969948950524670181e+03
2.699114215746718628e+02,1.961546299907393632e+03
3.105163863428175546e+02,1.968769302393051248e+03
-7.786231754105904201e+02,1.809552418087960177e+03
-3.158555765712131915e+02,6.713590055585077607e+02
-7.355394123213568491e+02,1.598209903598460414e+03
-7.313923114350254764e+02,1.607310537244352645e+03
-9.396738651835431710e+02,1.700487791049682755e+03
-3.968312718336703711e+02,1.535671011700998861e+03
-4.378061912126986499e+02,1.529672700661694989e+03
-4.383643524624109205e+02,1.546200001570595532e+03
3.102887035196077932e+02,1.937638055605929821e+03
-1.904806092033921345e+02,1.848948860118524181e+03
-2.310132160062256617e+02,1.818101728318245023e+03
3.950083579555429765e+02,2.000640867579858650e+03
4.776554122076692011e+02,2.001235017327921241e+03
-6.884265301538742960e+02,1.810982042703991965e+03
2.286405188348097397e+02,1.727716912920595860e+03
2.735114206188561070e+02,1.728950087475347118e+03
-2.126773698238793315e+02,4.487454741599105290e+01
-1.653738092417798384e+02,5.346718052875365146e+01
