date:2016-08-07, time:0300, wind_speed:2.88, wind_dir:290.0, temp:19.2
-76.970991 -34.829899
14.833859 117.896557
48.172107 108.985562
-89.407688 -43.887846
14.806619 117.905404
36.173621 117.087862
56.253950 106.502559
77.212815 103.219726
48.250267 108.491435
48.036575 109.193355
-135.394933 49.219702
-68.653557 133.246435
-143.530621 -23.118568
-22.162966 42.091742
-110.369648 -253.930760
-135.361897 4.165432
-110.215404 -254.167604
-110.327706 -253.915883
-109.784548 -255.047172
-110.206143 -254.258907
-109.733440 -254.908533
-110.188031 -254.244798
-63.685605 50.772052
-110.266739 -254.189489
-105.619008 -255.033858
35.675428 117.862404
-68.777425 49.488252
-101.977661 172.268064
-160.309974 49.132429
-130.979649 132.868240
-106.118061 -256.929819
-101.841958 126.904665
-110.216733 33.848029
-110.454550 25.482228
-118.789975 34.484487
56.788094 105.318571
-102.119125 85.497288
-60.350066 100.153070
-110.388854 -253.884712
-110.454550 -253.587801
-155.394066 77.803071
-92.989560 86.807262
-106.014810 45.865914
-102.119125 127.507830
-176.883596 42.871032
-64.417005 52.193366
-118.789975 34.484487
-64.204713 27.645124
-85.216823 48.974265
-152.131675 118.505571
-131.144392 163.164081
-131.176033 94.252053
-135.386606 91.148577
-110.385138 49.142634
-105.341885 50.752348
-101.997203 46.181401
-147.908393 115.504818
-109.852578 -255.009469
6.423791 117.926527
-110.454550 -253.587801
-85.370957 169.187947
-92.814956 173.756907
-81.075145 46.161209
-152.131675 118.505571
-126.869316 93.939198
-122.153212 150.165695
-39.435430 169.259326
52.884150 170.987188
-10.340351 178.235978
-110.271597 -254.167235
-80.464122 -23.816482
43.880338 157.203277
-106.100108 -4.878481
-43.618361 154.187298
60.623742 190.170899
64.824420 -173.178116
52.248136 -223.877507
68.911461 -202.879976
-130.925396 54.921062
18.875060 -265.883266
-122.801934 106.221272
-72.889568 -247.586295
-27.100300 121.506324
-80.367634 95.803111
-56.112534 85.233127
-114.476847 49.132161
-109.868255 48.108955
-110.454550 49.488252
-110.146295 57.833667
-110.370879 52.200487
-47.811313 154.193583
-122.782518 31.159452
-122.737397 37.215095
-47.621630 159.964538
-47.883293 154.514607
-47.685687 153.955465
-14.336291 153.898650
-122.063694 17.807967
-126.999448 -13.836827
-131.162721 -10.833139
-72.889568 100.501053
-68.123615 102.097116
-76.997497 100.181991
-130.998891 165.880429
-168.713082 100.209706
-18.764875 70.493523
48.063923 -250.879131
-60.317796 -4.835259
-106.000137 78.906502
64.777111 207.895847
-68.678210 163.191503
-72.795042 82.155670
-131.149327 91.198524
-139.294060 96.845042
-139.432811 88.231892
-135.366205 91.164471
65.398301 128.812307
-160.352581 88.167100
-14.322823 -287.294653
39.684106 -256.897440
39.829226 -254.168032
73.208520 129.953406
64.736446 124.212695
-109.823110 -254.811891
85.483507 -220.579518
61.270738 146.932465
-127.053748 49.169493
-131.175526 52.203872
-110.372980 46.131182
-110.227333 51.826189
-68.624116 163.240508
-22.767663 121.249615
-68.128423 33.112746
-68.777425 163.516866
-72.598094 159.965571
-131.092746 52.214688
-131.237543 52.489005
-130.848654 51.537023
56.557510 183.633725
