8.126022453146123325e+02,1.035018057674441252e+03
1.021543565314599164e+03,1.035018057674441252e+03
1.110192766849419741e+03,1.151767701544175679e+03
6.177007124585292104e+02,1.057846873351361637e+03
1.062664995313437203e+03,1.035018057674441252e+03
7.774454700966448399e+02,1.031936472065888665e+03
-4.738968625510743777e+02,-1.247869177854757254e+03
-1.786802499181669077e+02,-1.219823337721993084e+03
6.945224529090349961e+02,1.033046103619882615e+03
1.116999863957623802e+03,1.057641300848585843e+03
-4.333359978239053021e+02,-1.399228309493922097e+03
1.197637897143916689e+03,1.059724138325193735e+03
-1.185993896561483041e+02,-1.397645115839842219e+03
8.126022453146123325e+02,1.035018057674441252e+03
8.182585443030519627e+02,1.031643529200641524e+03
-1.834508756490993733e+02,-1.337322964400376804e+03
7.845544719067897859e+02,1.026734634389728853e+03
1.026219837933716235e+03,1.032565162659534053e+03
7.614188934539890852e+02,1.210593186465691588e+03
7.176055699479271652e+02,1.150590844411086891e+03
8.258886902545202702e+02,1.028746120909880347e+03
1.033478449587719979e+03,1.028422830639011408e+03
7.758406659209382497e+02,1.032431553851919261e+03
7.292479953134246671e+02,1.035018057674441252e+03
1.192762581502680177e+03,1.452645945154597257e+03
6.881265653145866281e+02,1.125040647674586808e+03
1.026010566583359832e+03,1.032623333829724515e+03
6.586958861406837968e+02,1.057747745319973319e+03
8.126022453146123325e+02,-2.535878012325014879e+03
3.958309953134120178e+02,-2.865960842325548583e+03
6.939336180098232489e+02,1.032072689365177439e+03
7.292479953134246671e+02,1.035018057674441252e+03
1.234529052390803145e+03,1.512163388510852656e+03
1.277977276839231308e+03,1.481960193190627024e+03
7.292479953134246671e+02,1.035018057674441252e+03
1.104897815314207492e+03,1.035018057674441252e+03
9.842295608489459937e+02,1.032440090265187564e+03
-4.267780532919615553e+02,-1.279814698832640033e+03
9.793107453138289884e+02,1.035018057674441252e+03
1.131808375517711056e+03,1.453241275704931468e+03
1.062664995313437203e+03,1.035018057674441252e+03
8.253835826594353193e+02,1.028955581781120372e+03
1.034509404246076201e+03,1.027985832347828818e+03
7.347468031408386651e+02,1.031463417164006160e+03
7.771749674369702916e+02,1.033352668118795464e+03
1.033678569306476675e+03,1.027607967526598486e+03
1.021543565314599164e+03,1.035018057674441252e+03
8.224069410866167118e+02,1.031821654204855349e+03
7.778859026607984788e+02,1.031924504499714658e+03
7.776316686862409142e+02,1.032430653355673257e+03
7.765845920182258624e+02,1.031560145965277115e+03
1.150745689058440121e+03,1.062813047926341596e+03
1.198223647786865286e+03,1.059848001096739154e+03
-1.876487546854255584e+02,-1.395591872325540180e+03
1.115154006107713712e+03,1.450974274403177105e+03
1.111017845478927029e+03,1.483327083114563720e+03
6.513853472065140977e+02,1.122314553476048786e+03
6.976075671040360930e+02,1.121524892603485796e+03
7.767745712096484567e+02,1.031679158183891332e+03
7.775280568750637258e+02,1.032558143357015069e+03
8.174092923754033109e+02,1.032962800598868625e+03
7.764374228647933478e+02,1.032970463807580700e+03
1.239047668187707359e+03,1.511549242478265796e+03
1.194196144714624779e+03,1.541562608210698045e+03
-1.819406475857929308e+02,-1.218675529940649312e+03
-1.815404410499278356e+02,-1.219216653786163533e+03
7.762615170168757004e+02,1.031574553714106742e+03
8.126022453146123325e+02,1.035018057674441252e+03
8.268796512129921439e+02,1.028309104631926630e+03
8.247292758182749139e+02,1.026863753929998211e+03
8.126022453146123325e+02,1.035018057674441252e+03
6.968720606335389220e+02,1.029056387589655515e+03
7.292479953134246671e+02,1.035018057674441252e+03
7.349478930570473949e+02,1.032483317226378858e+03
7.342286202268003308e+02,1.063141498933302273e+03
7.021150083992031341e+02,1.087671600586354316e+03
1.229373495314233423e+03,1.515138537674427880e+03
1.227048797515525848e+03,1.495015664262025211e+03
