date:2016-05-14, time:0000, wind_speed:1.46, wind_dir:286.0, temp:11.6
1342.369491 1996.504147
758.631315 2178.052972
594.331896 1694.184536
-698.463941 -75.159494
845.927846 1994.175386
594.244953 1934.769416
299.393990 -2895.237013
-1112.511777 -2536.494658
1138.515329 2144.541505
384.648661 -552.421773
467.388955 -2805.110626
1062.890712 1632.858226
846.164499 1306.838999
465.863744 -553.719626
-450.379194 -1094.498187
889.385073 1603.791687
555.463647 1062.277751
216.371319 -673.601044
-361.271065 -827.968488
1063.672991 2293.444891
228.700299 1753.077418
678.812500 1576.304839
757.034635 1158.985874
1183.908815 1962.581692
-529.177756 -406.729335
-616.332195 -1034.269013
263.391108 -2896.248614
964.535345 1457.822629
-486.426855 -287.241365
-529.779245 -1336.050245
-1110.598350 -136.001283
-242.160341 -162.982082
-152.058190 -515.262971
549.320969 1786.649820
219.876921 1754.334619
-235.351844 -375.103247
-325.324249 -495.437136
-658.748685 -492.263447
-364.062359 -704.383995
1053.554143 2235.756035
-989.673602 -161.678167
-617.689118 -463.435527
-324.339734 -583.174770
675.391112 1818.100333
-732.513126 -258.200808
-739.091137 -435.536253
1052.464050 1905.885927
1048.828345 1067.322617
-370.514503 -462.062172
-567.293899 -558.292762
677.237189 1966.240523
717.043050 1217.104777
-72.449335 495.540331
562.207400 1062.728888
853.361619 1271.812707
924.702114 2058.603836
-446.166049 -647.691447
427.509170 -554.206722
632.300880 -2745.392727
-1071.823448 -2565.058986
646.606557 -2748.947746
631.931874 -2745.089847
-572.508647 -434.472579
759.364901 1636.363665
631.220479 1576.482658
-201.063830 -584.303978
-75.606617 -223.353527
-478.912087 -318.144788
1090.862028 2145.774103
-274.771673 -407.298071
550.675983 1066.903200
933.745224 2022.336229
512.557354 1875.031976
715.896647 1847.675182
681.295607 1344.364508
470.555815 1104.636222
-904.689644 944.034584
-237.690969 -225.480031
-575.930637 -373.533336
518.552688 -2839.233039
549.696913 1666.199651
1008.900488 1636.280827
95.619332 1243.364237
-575.564190 -315.843120
-490.217683 -372.426964
434.966367 -557.536947
433.668528 -557.347817
475.271209 -558.103315
433.030043 -558.871539
979.497805 2262.767470
640.445208 1617.341764
640.186073 1632.801260
616.296231 -2743.280463
644.451421 -2719.494876
645.371185 -2718.523478
1104.073264 1932.133598
1187.205462 1781.403605
811.585255 1333.119420
937.439484 1092.364180
102.847299 822.305760
394.149420 -529.359757
1062.950683 2232.374823
522.778695 1692.538770
772.731335 1632.213945
1021.744835 1512.486135
-729.613992 -48.689775
1188.959208 2202.961532
1229.805870 2022.911373
605.165624 1932.095804
645.743818 1692.696722
937.804509 1602.499338
771.991552 1512.066308
1063.507616 1061.680070
62.939711 612.385747
979.450968 -2058.378779
688.764237 -2718.721468
730.115202 2083.722940
1229.876375 1783.270827
104.890266 -406.770895
-437.079042 -1097.501375
812.805630 2175.787652
937.837005 2115.772592
562.539495 1635.168658
938.189315 1635.168658
1062.664995 1545.146068
895.956495 1065.025588
-771.128505 -105.268082
-854.482755 -135.275612
-271.003005 -135.275612
-937.837005 -225.298202
-562.187185 -1065.509042
-562.187185 -1155.531632
