-1.524949160232452527e+02,-2.686154859800524719e+03
6.023510998560187772e+02,1.414911683572622906e+03
8.069867804616334297e+02,1.333714382309355415e+03
9.305298400919106143e+02,1.363604104860945199e+03
7.675415359230063359e+02,1.145047197181133924e+03
7.636861855385876652e+02,1.157018881281784161e+03
7.645941140412439836e+02,1.214022131089076083e+03
8.523586701081078445e+02,1.176727953365432768e+03
4.750559510822191100e+02,1.334563819889985780e+03
6.023738054440536871e+02,1.205685544638673264e+03
9.360596238669290869e+02,1.263907788251462080e+03
6.403825609089321915e+02,1.395568842951143324e+03
7.211614445275996559e+02,1.304622658772157365e+03
7.656277337046558387e+02,1.545020424592422842e+03
1.060237484963108272e+03,1.416589681854883338e+03
8.042663919098303040e+02,1.244493077231177722e+03
5.135395564682561371e+02,1.333664979827138268e+03
7.681295208171771947e+02,1.265694078881502492e+03
5.155268462277839490e+02,1.242238298390185719e+03
5.595579672370272419e+02,1.266156576134638044e+03
4.722717929123410840e+02,1.274088640234889908e+03
7.655359886170176651e+02,1.304710177308129005e+03
5.981784217589226955e+02,1.182734656140462903e+03
4.756909105050919493e+02,1.514671317396204131e+03
8.045330861121499311e+02,1.243923183560520329e+03
6.803170478623143254e+02,1.363529829588897883e+03
7.248511792550800692e+02,1.543999799362377416e+03
8.050948765185025877e+02,1.514166861124081379e+03
6.833228640759488144e+02,1.475963868512508043e+03
7.658294531997102013e+02,1.573203867323313943e+03
6.813438353434330566e+02,1.365506197942362860e+03
7.638080836298893246e+02,1.570838814353559201e+03
6.850102244280039940e+02,1.235787953120299107e+03
5.977893975174565639e+02,1.453437016140430160e+03
7.657406219389990838e+02,2.294492652942763925e+03
9.350162620369292199e+02,2.256495726314462900e+03
7.218095061473178475e+02,2.143210111263121689e+03
7.620352150962016822e+02,2.326064578847920529e+03
6.795471948858071300e+02,2.387238858435339807e+03
8.465794535179270497e+02,2.264326154923813192e+03
6.836011411792919716e+02,1.452104118507802923e+03
7.685469386722684249e+02,2.226615764821217454e+03
8.111453215709412916e+02,2.345025434544358632e+03
8.525996445369106596e+02,2.288607571676398493e+03
6.022981696125794997e+02,1.444596399927153925e+03
9.358333424214374645e+02,1.565052445262252377e+03
6.420391571082652717e+02,1.507694468725551587e+03
8.951719969600798095e+02,2.318164663037594437e+03
7.645635099144808464e+02,1.275346335666717323e+03
7.210180713828474381e+02,1.212918965648636686e+03
7.640355718750399774e+02,2.294615054438597781e+03
8.508214995672670966e+02,2.224913873590273852e+03
7.688479888710936621e+02,2.107134600586220131e+03
7.248159226059699449e+02,2.233951022393762742e+03
8.097541755877623473e+02,2.135624631054234214e+03
8.915004269446725402e+02,2.254310342626589772e+03
5.176645808273616467e+02,1.294389731203974861e+03
6.814662060184521124e+02,1.333927714483856789e+03
9.764543427945109215e+02,2.196128951342931941e+03
8.912602439748666256e+02,2.322116896982799972e+03
8.504033201413694769e+02,2.286414971145819891e+03
7.650159328865943280e+02,2.235857044278936428e+03
8.501329199297698551e+02,2.257062999389077049e+03
8.897704452352807039e+02,2.084759782568467017e+03
8.476591669607853419e+02,2.206521626980360452e+03
8.946965452461109862e+02,2.227090623831708854e+03
7.258215873222846994e+02,2.104675547196828120e+03
9.349065623942831280e+02,2.177018603331421218e+03
9.352874453636602539e+02,2.224820754123632469e+03
8.911259117755922716e+02,2.145977483875975850e+03
7.219560899682403488e+02,2.175569251219261332e+03
6.410430391070823362e+02,2.143105441998475726e+03
7.684949429859881320e+02,2.137152120368081341e+03
8.493465366090722455e+02,1.336395054087426161e+03
8.470427002272330128e+02,2.146517408846371382e+03
1.141943344125140811e+03,2.086403078000222649e+03
8.919834957186540123e+02,2.135696323576135455e+03
6.396711683045001564e+02,2.203305542578721997e+03
8.891287650001082739e+02,1.992474183486385527e+03
9.780194148741285289e+02,2.047691363085883495e+03
9.345178733952133143e+02,2.198113823206437701e+03
8.513323993907084741e+02,2.199342587346768141e+03
6.811608150005940843e+02,1.274876899099562024e+03
6.803519648262316650e+02,1.124312262972846383e+03
3.097769422943180757e+02,2.016266505785289382e+03
5.601849302485613862e+02,1.204633861762845299e+03
5.593653927243821045e+02,1.266766162433463478e+03
5.963654855282303515e+02,1.244829812797915110e+03
1.559382951097276646e+03,1.774200608194742699e+03
3.474234992490610807e+02,2.056158776690563627e+03
1.367840693338374933e+02,1.336008663764865105e+03
3.933263633691868790e+02,2.076903274096394398e+03
3.947768984031468449e+02,2.048439489384458739e+03
3.960407115846419401e+02,2.046335853020223340e+03
3.547095653145739789e+02,1.245070767674780882e+03
