-1.474662353896143827e+02,-2.907415103523538164e+03
5.629161620097352170e+02,1.326842199117574864e+03
4.784026447736939645e+02,1.383291974200767072e+03
9.334265089137118139e+02,1.360362221728626309e+03
4.770934331617270345e+02,1.356770619285448902e+03
6.893906013655780498e+02,1.289916552558416697e+03
5.955641381015019533e+02,1.398534203651759071e+03
4.754695923076249073e+02,1.443091277460618130e+03
5.520444694918650157e+02,1.312244318762077683e+03
4.771130337293876664e+02,1.412918653697967102e+03
4.369121437561131529e+02,1.471543647417872535e+03
5.573575192646178493e+02,1.391434522555338845e+03
5.592511785782645575e+02,1.357349757502642433e+03
5.189355103011126857e+02,1.390724458647918027e+03
5.215615600044827715e+02,1.381703945599611643e+03
6.796530059317684618e+02,1.304958605718833496e+03
9.784119957502557554e+02,1.348194498972331985e+03
5.131963373713495002e+02,1.369093301443701648e+03
4.782350201420051690e+02,1.338248314259291647e+03
4.770685804426601067e+02,1.292708800652364971e+03
9.757004254434280028e+02,1.333484111903096164e+03
5.579629639081999812e+02,1.357975696325612716e+03
4.796899565705455188e+02,1.356699641087985583e+03
5.567394618061955498e+02,1.330263598478780068e+03
1.063636131054790894e+03,1.375014532780589434e+03
4.377909018317399159e+02,1.385347763206057152e+03
5.645229787027421935e+02,1.382004742138134361e+03
5.602873871664091894e+02,1.357047254607298783e+03
7.285776668195810544e+02,1.313498583362403451e+03
6.817774856289690888e+02,1.298173025392883801e+03
5.518031367032781418e+02,1.403553537531634674e+03
5.138462451712058510e+02,1.425573314311685635e+03
4.294065096974965741e+02,1.517853740001312417e+03
6.843319426335830258e+02,1.384700865669291943e+03
7.231856598941254788e+02,1.365864314215906234e+03
7.221335873465119448e+02,1.360333481556345987e+03
4.363621932491066104e+02,1.418185020561144029e+03
6.852868531464653188e+02,1.323270443634053208e+03
5.148405823343675820e+02,1.336914682485743242e+03
-7.743180068926257036e+02,1.325440942410755724e+03
5.535457854428937026e+02,1.403631965914959437e+03
-6.879295585541691480e+02,6.635652078272299832e+02
6.848780028192217060e+02,1.351310982420087385e+03
6.790338580992765856e+02,1.306212432478646861e+03
6.808487493278222473e+02,1.337060031024464479e+03
6.033036273906059250e+02,1.331165413144683271e+03
6.459445810780207466e+02,1.294715406746398912e+03
6.847507062248286047e+02,1.323355862897371026e+03
6.867900461245067163e+02,1.323504232157839169e+03
6.850729944800523299e+02,1.298682256477970896e+03
-1.026021578941189546e+03,1.604879117561656585e+03
5.586569606080852282e+02,1.413406973187698441e+03
9.719287997792699798e+02,1.339861337121986480e+03
5.610514618889156964e+02,1.384589737688908144e+03
4.728328071591525941e+02,1.428979659187618608e+03
4.787149460599807185e+02,1.411751666527803536e+03
5.971757887197253467e+02,1.370690500700880648e+03
7.656069776040167199e+02,1.365982776922353196e+03
-1.108204695525711941e+03,3.092106127422146642e+02
5.625394953142080112e+02,1.425115947675071993e+03
-7.734657437661030599e+02,7.217709506476109027e+02
-6.493105220234920125e+02,8.665220459410787726e+02
6.742923770404211155e+02,1.340030167634135069e+03
4.328399710568065757e+02,1.447095988187101057e+03
-7.302931072767157730e+02,9.028408065853727749e+02
6.872741302867455033e+02,1.320146301057914343e+03
-6.399050240719768112e+01,2.104138631631920362e+03
4.311028253215516202e+02,1.364606454346911278e+03
5.258622079004571503e+01,1.133242946341044899e+03
8.560288046975190355e+02,1.381733089747334589e+03
-6.075320275635841654e+02,9.723829752189985811e+02
-1.865877227957493574e+02,1.676345347804329776e+03
3.919843335321257314e+02,1.514577170957341195e+03
-6.960201438635108389e+02,8.597599431623434612e+02
3.533436885188015140e+02,1.459843731520812298e+03
6.788776761654530674e+02,1.308913309811485078e+03
7.619775513129502542e+02,1.370462505283586552e+03
9.687308053321130501e+02,1.373714074897496630e+03
1.017246475233082947e+03,1.356630275505601503e+03
6.380856709633278570e+02,1.337766971335631069e+03
7.292479953134246671e+02,1.425115947675071993e+03
-1.488215098314938132e+02,1.562170889945581166e+03
-6.241399531655815736e+01,2.085765062325076997e+03
-8.156592044582060907e+02,9.073858161657627761e+02
-7.724484543552064224e+02,9.027532596908401956e+02
1.997893325753017280e+01,1.146261657910438316e+03
3.543179566511879557e+02,1.441773860233403184e+03
8.083581728510058610e+02,1.416541323830205783e+03
-5.727538161341816476e+02,9.237543026299520079e+02
8.539784372147864815e+02,1.351870656826570894e+03
-1.190254431765490835e+03,1.283387386433968231e+02
-9.852954401880710975e+02,2.581835399465064711e+02
-4.041842198880678438e+02,9.211649109431441502e+02
6.819068604381399155e+02,1.338065948948589494e+03
7.182767658831688777e+02,1.369235326657750647e+03
-9.401926243360204580e+02,1.417307908536075047e+03
6.881265653145866281e+02,1.305085827674877919e+03
1.878388277173010579e+02,1.728368326586804642e+03
-2.042640228100961508e+01,1.050098862514905250e+03
-2.731719797373326060e+02,8.780089005304977263e+02
5.606731496813993090e+02,1.294051289313583538e+03
1.837318686088017330e+02,1.838212265864071014e+03
9.934480896565443686e+01,1.743569563844284858e+03
7.710053271560284429e+02,1.356190176806624549e+03
6.849681230879098166e+02,1.326850359215875642e+03
1.837459734372506261e+02,1.780335784710172447e+03
1.878782270837878059e+02,1.799706260038885375e+03
5.616394455985513332e+02,1.443358873196046716e+03
9.718338590906454328e+02,1.306980412010965438e+03
2.032535664359373584e+01,1.111568608760245525e+03
1.288892444170424767e+01,1.097031226513666525e+03
-2.804618325310877935e+01,1.148075930836912676e+03
6.771953760085161775e+02,1.342294105357661465e+03
6.835181349554018198e+02,1.357369800020362618e+03
1.854241455871578239e+02,2.164974810394519864e+03
-6.868788877017291270e+02,1.949803224362325182e+03
-2.281611656616840378e+02,1.915815433241759820e+03
3.543576092523343277e+02,1.887598823779743498e+03
2.582376627609687603e+02,2.214745279417295933e+03
1.876487546838461640e+02,2.175787652324432656e+03
4.335041251675679632e+02,1.363568510207102918e+03
5.587221812343211695e+02,1.356293131318464702e+03
6.851618599611938407e+02,1.357921619597464314e+03
6.873893294527981652e+02,1.346240461357599315e+03
-6.872866939386394733e+02,1.949050354697824332e+03
-7.286424505150276900e+02,1.940670761623190174e+03
6.751595961202140188e+02,1.280882591829378043e+03
6.799441958563761546e+02,1.280243602032810031e+03
4.758253708789649181e+02,1.358234466256363021e+03
-9.021221153397664239e+02,1.522241878095229367e+03
3.498031786280936331e+02,1.755202380982530713e+03
4.328826001641618291e+02,2.112973268208377704e+03
3.470474428023455857e+02,2.065464775618234398e+03
-3.169965001723303430e+02,8.849342440774615852e+02
-2.697533551023035443e+02,8.906540742978593244e+02
5.185832504308805255e+02,1.362363620426150192e+03
5.584033487545401613e+02,1.354907188598557923e+03
-6.879016821101640744e+02,1.800667386730777253e+03
-6.073779129483943962e+02,1.798400345360147639e+03
3.525209440742179936e+02,1.975046775207344581e+03
3.949444816361223047e+02,1.977984450164635973e+03
3.526778839541703974e+02,1.973588509404316255e+03
-7.309717123560454866e+02,1.824549605238020149e+03
4.788579577319906093e+02,1.966781980324143206e+03
-2.298150456192891511e+02,1.817793486219075930e+03
4.310542486032588272e+02,1.363856962887384952e+03
4.925661395853225031e+02,1.342075239384834276e+03
4.791852453145997401e+02,1.365100887674974956e+03
4.791852453145997401e+02,1.995259017674414508e+03
3.124767453138036899e+02,1.965251487675155659e+03
