-7.009646207981742805e+01,4.415281459628862848e+01
-7.009281478461956283e+01,4.413230837863577705e+01
-7.008897209638493564e+01,4.415467871498690755e+01
-7.009010333894850930e+01,4.415441932537139991e+01
-7.009014193844591034e+01,4.415443497674769446e+01
-7.008718384921904487e+01,4.415472845246627287e+01
-7.009014217011119285e+01,4.415444073780680156e+01
-7.009873606043531424e+01,4.412579722427990703e+01
-7.009023999999999432e+01,4.415444999999999709e+01
-7.008974247697419457e+01,4.415471345349511978e+01
-7.008977136729140511e+01,4.415470396625637051e+01
-7.008535999999999433e+01,4.415525999999999840e+01
-7.008939853635554584e+01,4.415471430245259654e+01
-7.009015374505723628e+01,4.415442575605435849e+01
-7.008830576604162843e+01,4.415526893812115361e+01
-7.009577734198518328e+01,4.414390842013774119e+01
-7.009023999999999432e+01,4.415444999999999709e+01
-7.008754833390985084e+01,4.415444677496780912e+01
-7.009880746497974258e+01,4.412744699511714686e+01
-7.009009210263813827e+01,4.415440817779911953e+01
-7.009461798536072763e+01,4.413902145387649512e+01
-7.009013654931376891e+01,4.415444752529244710e+01
-7.009918960237025942e+01,4.412826138916467755e+01
-7.009014835917886899e+01,4.415444509777202597e+01
-7.008823228569049490e+01,4.415441173882491910e+01
-7.009987805008658768e+01,4.412851550115299659e+01
-7.008831747233648457e+01,4.415445766541454731e+01
-7.009060999999999808e+01,4.415471999999999753e+01
-7.009356776524838040e+01,4.411934288223954326e+01
-7.009010459053760655e+01,4.415441117892973466e+01
-7.009013296602692833e+01,4.415444411514211254e+01
-7.009013041999912730e+01,4.415443794799943333e+01
-7.009014721213021915e+01,4.415443456339274775e+01
-7.009017966062370419e+01,4.415444871595245502e+01
-7.008976718282495710e+01,4.415499699734004935e+01
-7.009014284909015657e+01,4.415444065301850429e+01
-7.009010608682521593e+01,4.415441962537763487e+01
-7.008900646255321476e+01,4.415471568571692984e+01
-7.009923999999999467e+01,4.412718000000000274e+01
-7.009014808363104976e+01,4.415444412555958564e+01
-7.008760999999999797e+01,4.415444999999999709e+01
-7.008943475382284305e+01,4.415472410184124641e+01
-7.009010988784625340e+01,4.415440984422952653e+01
-7.008750230913496182e+01,4.415444398150785332e+01
-7.008981657858622327e+01,4.415471963061300187e+01
-7.008976815843041663e+01,4.415471487058169942e+01
-7.009014019808948603e+01,4.415443363034908941e+01
-7.008760999999999797e+01,4.415498999999999796e+01
-7.009656492392910820e+01,4.415255734842642710e+01
-7.008826418054648855e+01,4.415444752857580824e+01
-7.008975462166065995e+01,4.415470902660915442e+01
-7.009014814939611426e+01,4.415444560883898362e+01
-7.008485833729668002e+01,4.415549750665540785e+01
-7.009023999999999432e+01,4.415444999999999709e+01
-7.009015057853976316e+01,4.415442995002666748e+01
-7.009014437614509063e+01,4.415442805608861931e+01
-7.008986000000000161e+01,4.415471999999999753e+01
-7.009011283163998485e+01,4.415442425813921545e+01
-7.008648999999999774e+01,4.415471999999999753e+01
-7.009011602204411417e+01,4.415441262976130332e+01
-7.008711952348616592e+01,4.415467223142106690e+01
-7.008934900483733088e+01,4.415468472677797251e+01
-7.009015242141025226e+01,4.415443639847693902e+01
-7.009011420616853627e+01,4.415441333298899451e+01
-7.009019255266848347e+01,4.415444348216228576e+01
-7.008934660591955890e+01,4.415468463285728973e+01
-7.008939453042448520e+01,4.415469626359882938e+01
-7.008948999999999785e+01,4.415471999999999753e+01
-7.009023999999999432e+01,4.415444999999999709e+01
-7.009014100820276383e+01,4.415444652344182686e+01
-7.009023999999999432e+01,4.415444999999999709e+01
-7.009012804622959436e+01,4.415444312769060531e+01
-7.009009675438468889e+01,4.415469835222323525e+01
-7.008755777926670305e+01,4.415445726859397269e+01
-7.008973301589361427e+01,4.415467433894583138e+01
-7.009011253111549422e+01,4.415443485113360822e+01
-7.008901332561616471e+01,4.415470568930046369e+01
-7.009014207400436192e+01,4.415444252177867668e+01
-7.009012535207052963e+01,4.415444296993587869e+01
-7.008835999999999444e+01,4.415471999999999753e+01
-7.009014631191782030e+01,4.415444393617779184e+01
-7.008972839587353576e+01,4.415470440461664481e+01
-7.009014791686247747e+01,4.415445643226545513e+01
-7.009015297237175446e+01,4.415445339742851161e+01
-7.008943428130966424e+01,4.415472171435732207e+01
-7.008906000406722114e+01,4.415472634205021052e+01
-7.009010079117096836e+01,4.415441223527675163e+01
-7.009013460224834091e+01,4.415444281406441007e+01
-7.008751170131790786e+01,4.415443278347719058e+01
-7.008937853161793896e+01,4.415471477866152838e+01
-7.009019538360031731e+01,4.415444973452646593e+01
-7.009013369577307628e+01,4.415443271472214803e+01
-7.008933858436222408e+01,4.415470149055210669e+01
-7.009009068165933343e+01,4.415440034812698400e+01
-7.009013906735516741e+01,4.415445046962429387e+01
-7.009023999999999432e+01,4.415444999999999709e+01
-7.009015307579799980e+01,4.415443255105973464e+01
-7.009014806642188944e+01,4.415443055508955439e+01
-7.008986000000000161e+01,4.415471999999999753e+01
-7.009012427373951937e+01,4.415444964289853402e+01
-7.008948999999999785e+01,4.415471999999999753e+01
-7.009014580095802671e+01,4.415445667925423834e+01
-7.008636605986473000e+01,4.415468690699700005e+01
-7.009019072573521214e+01,4.415444521908780473e+01
-7.008937757664980950e+01,4.415497067853544166e+01
-7.009015826129359539e+01,4.415443461839419825e+01
-7.008943170955961932e+01,4.415471207601549253e+01
-7.009015446834619922e+01,4.415444634962901205e+01
-7.009013261459054434e+01,4.415443893800105712e+01
-7.008638442024827953e+01,4.415498262280908648e+01
-7.009012893848164083e+01,4.415445247208722890e+01
-7.009009174681683874e+01,4.415442303151936443e+01
-7.009014700410735088e+01,4.415443045017149615e+01
-7.009019741935308900e+01,4.415445183788897054e+01
-7.008423999999999410e+01,4.415606999999999971e+01
-7.009650884186328312e+01,4.415253552108483603e+01
-7.009649640308377627e+01,4.415253892076167830e+01
-7.009660999999999831e+01,4.415256000000000114e+01
-7.008936394460187103e+01,4.415522788010932942e+01
-7.008971931722037141e+01,4.415470270844677714e+01
-7.009023999999999432e+01,4.415498999999999796e+01
-7.009023999999999432e+01,4.415444999999999709e+01
-7.008934302690080642e+01,4.415469957741922968e+01
-7.009011427156332275e+01,4.415441087682045662e+01
-7.008905693959401617e+01,4.415472795604544132e+01
-7.009046872788954374e+01,4.415440930793398877e+01
-7.008971810922356838e+01,4.415494463280951010e+01
-7.008748314802475932e+01,4.415441464100845792e+01
-7.008634922098175934e+01,4.415467784420179242e+01
-7.008751860501212150e+01,4.415442116862952560e+01
-7.008750116423878751e+01,4.415443861269955761e+01
-7.008493678094085055e+01,4.415579274876176896e+01
-7.008559289209482301e+01,4.415577666247939703e+01
-7.008499000000000478e+01,4.415606999999999971e+01
-7.008980429884374530e+01,4.415472413280598829e+01
-7.009240409881914502e+01,4.414039892795590703e+01
-7.008896326773805185e+01,4.415495910600684937e+01
-7.008911000000000513e+01,4.415471999999999753e+01
-7.008711202459285516e+01,4.415467694474239835e+01
-7.008799000000000490e+01,4.415444999999999709e+01
-7.009235191839876222e+01,4.414037471383552003e+01
-7.008640685736267528e+01,4.415472085581919970e+01
-7.008835999999999444e+01,4.415498999999999796e+01
-7.008864592168605157e+01,4.415445407230805586e+01
-7.008861200761656107e+01,4.415494999100462081e+01
-7.008823439591341753e+01,4.415495281520782100e+01
-7.008862547393302123e+01,4.415498643853636196e+01
-7.009009710736998500e+01,4.415442373414705202e+01
-7.008829931002685498e+01,4.415498027682743043e+01
-7.008948999999999785e+01,4.415471999999999753e+01
-7.009010184253800446e+01,4.415441849628589210e+01
-7.009014727921872634e+01,4.415443228696445743e+01
-7.009012973366168353e+01,4.415443361709660763e+01
-7.008648999999999774e+01,4.415498999999999796e+01
-7.008640341329096657e+01,4.415470370105695253e+01
-7.008861272704609746e+01,4.415495697432790934e+01
-7.008865363218913558e+01,4.415443721465283744e+01
-7.008977285275572910e+01,4.415497402855231002e+01
-7.008938093727020657e+01,4.415524138299023349e+01
-7.009023999999999432e+01,4.415444999999999709e+01
-7.009015046378553393e+01,4.415442826863696268e+01
-7.008948999999999785e+01,4.415471999999999753e+01
-7.009014437648419005e+01,4.415444342167541691e+01
-7.008861461154032213e+01,4.415495918938537301e+01
-7.008868111941556833e+01,4.415499022679637875e+01
-7.009019296811533195e+01,4.415445934566027830e+01
-7.009014420265631884e+01,4.415443343891290340e+01
-7.009015590294073661e+01,4.415444636324000527e+01
-7.008723999999999421e+01,4.415498999999999796e+01
-7.008686000000000149e+01,4.415498999999999796e+01
-7.008750630964395611e+01,4.415497811138725837e+01
-7.008948999999999785e+01,4.415471999999999753e+01
-7.008971807724171299e+01,4.415470564195002368e+01
-7.009013666122022812e+01,4.415444236964435731e+01
-7.009015247006921356e+01,4.415445960315521035e+01
-7.009014352648617319e+01,4.415443036101703456e+01
-7.009018727791200831e+01,4.415444848830685487e+01
-7.008906154913125874e+01,4.415472308756482533e+01
-7.008940021721079461e+01,4.415498952010555200e+01
-7.008937805940843191e+01,4.415471735319290048e+01
-7.008911000000000513e+01,4.415471999999999753e+01
-7.009988685363208560e+01,4.412852310499036435e+01
-7.009999000000000535e+01,4.412825999999999738e+01
-7.008874000000000137e+01,4.415444999999999709e+01
-7.008905187620290178e+01,4.415498348578264398e+01
-7.008874000000000137e+01,4.415471999999999753e+01
-7.008973873131699861e+01,4.415468140813090514e+01
-7.009009409524939826e+01,4.415468027263951001e+01
-7.008986000000000161e+01,4.415471999999999753e+01
-7.009018720203836494e+01,4.415445684174567731e+01
-7.009012463243625746e+01,4.415442594259723563e+01
-7.009009479943672716e+01,4.415443292817013798e+01
-7.008938790409958131e+01,4.415470251584707739e+01
-7.008948999999999785e+01,4.415471999999999753e+01
-7.009012604631152499e+01,4.415444025156061514e+01
-7.009014889907284385e+01,4.415443932835088248e+01
-7.008972764281040213e+01,4.415469249233250082e+01
-7.009010316148240349e+01,4.415440628935171219e+01
-7.008901776811326556e+01,4.415470943736020359e+01
-7.008934266460485674e+01,4.415467840711894354e+01
-7.008751128187172696e+01,4.415444892014483003e+01
-7.008760999999999797e+01,4.415444999999999709e+01
-7.008747697087804340e+01,4.415442912619713667e+01
