-9.789584346854766181e+02,-1.335576812325443143e+03
-1.688025254686272092e+03,1.948072176746621835e+02
4.380638153141822499e+02,1.125040647674586808e+03
-1.179938258148486057e+03,-3.540202371069383389e+02
-1.303173498651821092e+03,-1.755269587262389450e+02
-8.544827546854508000e+02,-4.653584423256155560e+02
-9.789584346854766181e+02,4.348674576750503320e+02
6.881265653145866281e+02,1.035018057674441252e+03
4.039246862448718502e+02,1.175789126253471068e+03
8.548350653138031703e+02,1.065025587674489771e+03
-9.713928978731985353e+02,-8.411670277052951405e+01
-1.688025254686272092e+03,1.948072176746621835e+02
-1.062312684686664397e+03,-5.253735023249229243e+02
1.062664995313437203e+03,1.035018057674441252e+03
6.047723153133988490e+02,1.125040647674586808e+03
6.881265653145866281e+02,1.035018057674441252e+03
-1.521316754685476099e+03,-1.652831423251303704e+02
6.881265653145866281e+02,1.035018057674441252e+03
-5.210657546854381508e+02,-7.654337423253110728e+02
-1.521316754685476099e+03,-4.525302232493628907e+01
8.959564953142206605e+02,1.065025587674489771e+03
-1.012379264201783485e+03,-6.547256664714025192e+02
1.229373495314233423e+03,1.065025587674489771e+03
1.062664995313437203e+03,1.035018057674441252e+03
-1.178569234287659356e+03,-4.746102846621993194e+02
1.062664995313437203e+03,1.035018057674441252e+03
1.029366954268748032e+03,1.025675261022975747e+03
-1.437962504685867771e+03,1.948072176746621835e+02
1.021543565314599164e+03,1.065025587674489771e+03
6.881265653145866281e+02,1.035018057674441252e+03
6.881265653145866281e+02,1.035018057674441252e+03
9.038323884787427005e+02,1.055394595753283056e+03
7.714808153141948424e+02,1.215063237674732363e+03
8.210237850424764474e+02,1.145504292707662898e+03
1.196110791203286908e+03,1.564303926670120291e+03
1.188252065313815820e+03,1.275078297674829400e+03
9.381893153134114982e+02,1.455123477675120512e+03
-1.521316754685476099e+03,1.476203767437105796e+01
2.129256531456131540e+01,9.149879376750369602e+02
8.959564953142206605e+02,1.155048177674635326e+03
8.206588212208500863e+02,1.295248982255470310e+03
1.188252065313815820e+03,1.215063237674732363e+03
5.705432969155294813e+02,1.055333405733701056e+03
1.236952262824887157e+03,1.415266100012262996e+03
1.229373495314233423e+03,1.305085827674877919e+03
1.312727745313841524e+03,1.335093357674926438e+03
-1.688025254686272092e+03,1.948072176746621835e+02
1.320736396957954184e+03,1.264930244640160709e+03
7.714808153141948424e+02,1.035018057674441252e+03
1.229373495314233423e+03,1.185055707674683845e+03
1.062664995313437203e+03,1.455123477675120512e+03
1.196547365892859034e+03,1.326302383173373073e+03
1.030798314130043536e+03,1.354880308001928825e+03
1.487255483716104663e+03,1.414589799536066266e+03
1.196155411700573723e+03,1.295377164652345755e+03
9.043975724219030781e+02,1.055354083488396327e+03
1.021543565314599164e+03,1.335093357674926438e+03
8.632867870174809468e+02,1.174962475800326047e+03
1.114179612733637668e+03,1.356001564781965953e+03
-1.053687910166914435e+03,-6.554057340354594317e+02
1.479436245314637745e+03,1.455123477675120512e+03
-7.711285046858424721e+02,-6.153960923250684800e+02
-1.604671004686663764e+03,1.047846276745166136e+02
1.229373495314233423e+03,1.065025587674489771e+03
1.237197568242660736e+03,1.385105537906570589e+03
1.396081995313449852e+03,1.335093357674926438e+03
1.029882959302801510e+03,1.235491642938324048e+03
1.312727745313841524e+03,1.215063237674732363e+03
1.446616287719328966e+03,1.445830348789623031e+03
-1.479083934686285147e+03,-1.952906723251788890e+02
-9.789584346854766181e+02,1.476203767437105796e+01
8.548350653138031703e+02,1.065025587674489771e+03
-1.521316754685476099e+03,-4.525302232493628907e+01
1.029670642307289654e+03,1.476151677870888079e+03
9.793107453138289884e+02,1.155048177674635326e+03
1.562790495314245845e+03,1.875228897675010103e+03
-1.013029354391622064e+03,-7.459840036407730395e+02
-8.956041846858682902e+02,-7.654337423253110728e+02
1.062664995313437203e+03,1.665176187674670473e+03
-6.044200046866258162e+02,-5.553810323249714429e+02
7.292479953134246671e+02,1.035018057674441252e+03
1.104897815314207492e+03,1.065025587674489771e+03
-6.044200046866258162e+02,-8.554563323254566285e+02
6.881265653145866281e+02,1.365100887674974956e+03
7.374839287555868168e+02,1.205598809485537913e+03
8.126022453146123325e+02,1.155048177674635326e+03
-1.136435718513930624e+03,-5.051589510970015340e+02
3.124767453138036899e+02,1.215063237674732363e+03
5.625394953142080112e+02,1.065025587674489771e+03
-1.354608254686259443e+03,-3.753358523254700003e+02
6.458937453138163391e+02,1.215063237674732363e+03
7.292479953134246671e+02,1.335093357674926438e+03
1.030927527611846472e+03,1.085537739470372344e+03
-2.094025468620891672e+01,8.849804076749884416e+02
-2.287701846858429917e+02,1.125040647674586808e+03
9.468192392537836213e+02,1.144920481034228033e+03
8.629827104277238732e+02,1.324735096598210248e+03
8.959564953142206605e+02,1.065025587674489771e+03
8.629944106909092625e+02,1.415320278713882772e+03
5.289420373219543308e+02,1.234747925914646885e+03
8.126022453146123325e+02,1.245070767674780882e+03
8.959564953142206605e+02,1.275078297674829400e+03
5.625394953142080112e+02,1.185055707674683845e+03
1.312727745313841524e+03,1.305085827674877919e+03
-1.145666934686272498e+03,-5.253735023249229243e+02
-8.956041846858682902e+02,-7.954412723253595914e+02
-1.062312684686664397e+03,-6.754111523251655171e+02
6.881265653145866281e+02,1.035018057674441252e+03
3.547095653145739789e+02,1.185055707674683845e+03
7.714808153141948424e+02,1.095033117674538289e+03
1.062664995313437203e+03,1.245070767674780882e+03
5.716042483531584821e+02,1.054692902396572435e+03
4.791852453145997401e+02,1.095033117674538289e+03
1.322008006116387378e+03,1.144530036836794579e+03
9.466717150714800937e+02,1.056218146783377279e+03
6.126029149261900102e+02,1.145036091992075626e+03
4.046633546897720635e+02,1.174671588516548809e+03
5.214180653137905210e+02,1.245070767674780882e+03
5.214180653137905210e+02,1.125040647674586808e+03
-8.956041846858682902e+02,-8.854638623255051471e+02
6.539379661821709533e+02,1.295979048280855977e+03
8.126022453146123325e+02,1.065025587674489771e+03
4.380638153141822499e+02,1.185055707674683845e+03
9.793107453138289884e+02,1.155048177674635326e+03
1.021543565314599164e+03,1.125040647674586808e+03
1.354960565314611813e+03,1.245070767674780882e+03
-9.709705061250601830e+02,-6.544857189279550767e+02
-1.271254004686651115e+03,-4.353509123255670374e+02
4.047675362307622891e+02,1.175649206397427633e+03
1.113416544862838464e+03,1.414381776172445370e+03
9.460062458282141051e+02,1.205776710020343216e+03
1.021543565314599164e+03,1.365100887674974956e+03
6.458937453138163391e+02,1.065025587674489771e+03
1.236952438639909587e+03,1.234802871554596550e+03
6.458937453138163391e+02,1.275078297674829400e+03
-9.789584346854766181e+02,-8.254488023254081099e+02
-1.054057507787335680e+03,-7.159588793841896859e+02
-1.012972657711817078e+03,-6.858814111303485106e+02
-1.479083934686285147e+03,-1.952906723251788890e+02
-6.206168468662637849e+01,9.750029976751339973e+02
4.380638153141822499e+02,1.155048177674635326e+03
8.126022453146123325e+02,1.035018057674441252e+03
-2.710030046866132238e+02,3.748523976749532949e+02
-1.312375434685489154e+03,-4.053433823255185189e+02
8.959564953142206605e+02,1.185055707674683845e+03
7.714808153141948424e+02,1.215063237674732363e+03
6.549095640233163067e+02,1.054792430683173052e+03
7.292479953134246671e+02,1.095033117674538289e+03
6.047723153133988490e+02,1.245070767674780882e+03
8.959564953142206605e+02,1.065025587674489771e+03
1.104897815314207492e+03,1.365100887674974956e+03
8.548350653138031703e+02,1.335093357674926438e+03
8.959564953142206605e+02,1.275078297674829400e+03
7.385833317720760078e+02,1.025301881572759839e+03
6.881265653145866281e+02,1.035018057674441252e+03
7.366587833609410154e+02,1.205622365020966299e+03
8.126022453146123325e+02,1.125040647674586808e+03
9.466344020583170504e+02,1.054177971176786968e+03
1.071710588193311651e+03,1.024848258920833132e+03
6.458937453138163391e+02,1.275078297674829400e+03
-1.145666934686272498e+03,-5.253735023249229243e+02
6.535053605713387697e+02,1.415416017811566689e+03
3.547095653145739789e+02,1.185055707674683845e+03
7.292479953134246671e+02,1.125040647674586808e+03
7.714808153141948424e+02,1.335093357674926438e+03
1.188252065313815820e+03,1.275078297674829400e+03
5.214180653137905210e+02,1.305085827674877919e+03
8.126022453146123325e+02,1.245070767674780882e+03
6.970919369753531782e+02,1.264651078860653115e+03
8.548350653138031703e+02,1.065025587674489771e+03
1.062664995313437203e+03,1.035018057674441252e+03
6.142535293510129577e+02,1.085170688069033531e+03
9.793107453138289884e+02,1.155048177674635326e+03
4.791852453145997401e+02,1.095033117674538289e+03
6.959266660283985857e+02,1.115222414450670385e+03
7.292479953134246671e+02,1.215063237674732363e+03
-6.206168468662637849e+01,1.125040647674586808e+03
4.791852453145997401e+02,1.185055707674683845e+03
1.021543565314599164e+03,1.215063237674732363e+03
6.881265653145866281e+02,1.215063237674732363e+03
8.959564953142206605e+02,1.065025587674489771e+03
1.196141813204038044e+03,1.686251519547468206e+03
5.214180653137905210e+02,1.125040647674586808e+03
7.292479953134246671e+02,1.065025587674489771e+03
1.229373495314233423e+03,1.335093357674926438e+03
6.540326413217085246e+02,1.354404025020685594e+03
7.292479953134246671e+02,1.395108417675023475e+03
6.458937453138163391e+02,1.275078297674829400e+03
6.881265653145866281e+02,1.185055707674683845e+03
6.141346058817196081e+02,1.505207441358321148e+03
6.881265653145866281e+02,1.215063237674732363e+03
7.714808153141948424e+02,1.275078297674829400e+03
8.548350653138031703e+02,1.215063237674732363e+03
7.714808153141948424e+02,1.275078297674829400e+03
1.062664995313437203e+03,1.365100887674974956e+03
1.021543565314599164e+03,1.365100887674974956e+03
1.312727745313841524e+03,1.395108417675023475e+03
1.188252065313815820e+03,1.335093357674926438e+03
6.881265653145866281e+02,1.155048177674635326e+03
6.543521615094228991e+02,1.115694538073397553e+03
6.047723153133988490e+02,1.065025587674489771e+03
1.488026087676832731e+03,1.444870151972817439e+03
1.404570202136572334e+03,1.414664060354415597e+03
6.458937453138163391e+02,1.215063237674732363e+03
8.548350653138031703e+02,1.065025587674489771e+03
1.112454181041660149e+03,1.025914234947244040e+03
7.807340041237138166e+02,1.175036424518147442e+03
8.126022453146123325e+02,1.275078297674829400e+03
6.458937453138163391e+02,1.245070767674780882e+03
7.714808153141948424e+02,1.335093357674926438e+03
1.196077453352636439e+03,1.654416295672801652e+03
7.804951353798481932e+02,1.205571933768403824e+03
4.791852453145997401e+02,1.095033117674538289e+03
1.146019245314625095e+03,1.455123477675120512e+03
7.375501439443729623e+02,1.444373607324587738e+03
1.438314815314220141e+03,1.335093357674926438e+03
7.714808153141948424e+02,1.275078297674829400e+03
1.396081995313449852e+03,1.245070767674780882e+03
5.709648922059325287e+02,1.354357073773627008e+03
1.279341809961519857e+03,1.206189370599907306e+03
1.021543565314599164e+03,1.035018057674441252e+03
9.875319612354294350e+02,1.026074055637180663e+03
3.547095653145739789e+02,1.185055707674683845e+03
9.381893153134114982e+02,1.095033117674538289e+03
5.303505286063390258e+02,1.174946886044947405e+03
1.279257128106860364e+03,1.505973857380069603e+03
1.029242346349581112e+03,1.415115741956785087e+03
8.637968516220388437e+02,1.444297458734702332e+03
6.131170587680968538e+02,1.445554147890506556e+03
1.028961704219178046e+03,1.025046863866322838e+03
9.887063226319543219e+02,1.116079839948732797e+03
9.793107453138289884e+02,1.125040647674586808e+03
9.793107453138289884e+02,1.125040647674586808e+03
9.463959724895399859e+02,1.566360547628925588e+03
1.238889037540205891e+03,1.594843374870070875e+03
6.458937453138163391e+02,1.515138537674427880e+03
7.292479953134246671e+02,1.605161127674573436e+03
1.312727745313841524e+03,1.605161127674573436e+03
1.354960565314611813e+03,1.545146067674476399e+03
1.354960565314611813e+03,1.455123477675120512e+03
1.396081995313449852e+03,1.425115947675071993e+03
9.053617926244363616e+02,1.084195898692226137e+03
8.548350653138031703e+02,1.095033117674538289e+03
6.458937453138163391e+02,1.065025587674489771e+03
1.188252065313815820e+03,1.305085827674877919e+03
1.354960565314611813e+03,1.455123477675120512e+03
1.155163221263843297e+03,1.145642228464983646e+03
-6.455414346854639689e+02,-7.954412723253595914e+02
7.292479953134246671e+02,1.245070767674780882e+03
7.790629689764748491e+02,1.266039510909578439e+03
6.551885195130909096e+02,1.235400393698673724e+03
4.791852453145997401e+02,1.185055707674683845e+03
8.200719677867449491e+02,1.266226191678416171e+03
7.797981451843614877e+02,1.295013128377799376e+03
9.475050432001033869e+02,1.054707528437064866e+03
1.229373495314233423e+03,1.425115947675071993e+03
6.458937453138163391e+02,1.125040647674586808e+03
