-7.009359997741471204e+01,4.415607099647773737e+01
-7.009093602694588299e+01,4.415548453842889387e+01
-7.009652816091433181e+01,4.415710036424415819e+01
-7.010477123744036021e+01,4.413360296954247275e+01
-7.008980950288255940e+01,4.415686873619452513e+01
-7.009285030893153134e+01,4.415713636274327314e+01
-7.009019373642864537e+01,4.415603808051916701e+01
-7.009354549384626409e+01,4.415581276725144022e+01
-7.009689311532498834e+01,4.412114866238090372e+01
-7.009127221577416833e+01,4.415577220664525271e+01
-7.009698083767061405e+01,4.414065199162993025e+01
-7.009026106441137927e+01,4.415714026971585326e+01
-7.009430746221643460e+01,4.415956140582149914e+01
-7.009098248106786855e+01,4.415632996404598742e+01
-7.009323149355306271e+01,4.415526318653801496e+01
-7.009099081059775926e+01,4.415606949586280194e+01
-7.009100345517691721e+01,4.415658757497964615e+01
-7.009124981994676773e+01,4.415630848316151003e+01
-7.009241398185706373e+01,4.415682293966448668e+01
-7.009134036848161031e+01,4.415605753164538783e+01
-7.009287445146210871e+01,4.415632720542792100e+01
-7.010441318145049650e+01,4.413336270503076264e+01
-7.008948823316787013e+01,4.415579554825002617e+01
-7.009137562484499995e+01,4.415955864043878876e+01
-7.008912415741029633e+01,4.415659718390921995e+01
-7.009774118580476454e+01,4.414093968742503193e+01
-7.009323728353793115e+01,4.415605523765976415e+01
-7.009348864478526764e+01,4.415655878343996932e+01
-7.009463978281877417e+01,4.415707015282048786e+01
-7.009126499729758564e+01,4.415656969593003112e+01
-7.009100371186262635e+01,4.415632176958160215e+01
-7.009468369912337948e+01,4.412096020021780163e+01
-7.010337228115888308e+01,4.413635296133671915e+01
-7.010447708896076335e+01,4.414093116592997035e+01
-7.009016907859999890e+01,4.415601593686950110e+01
-7.009988805110916132e+01,4.415386918108868031e+01
-7.009201739783593155e+01,4.415687099751187361e+01
-7.009694703133570215e+01,4.415769887259568094e+01
-7.009924932088689786e+01,4.414146815947849234e+01
-7.009168700237555072e+01,4.415605052810386155e+01
-7.009012958909342217e+01,4.415604656178332021e+01
-7.009324142872205243e+01,4.415579486750211657e+01
-7.010513514659285761e+01,4.413308175504261044e+01
-7.009239678085658909e+01,4.415575384401208225e+01
-7.009423493803907945e+01,4.415654264215325497e+01
-7.010476506106672900e+01,4.413519216696150949e+01
-7.010405449333890715e+01,4.413312595105936964e+01
-7.009316046431109726e+01,4.415577056280404378e+01
-7.009091372535114317e+01,4.415656409859631282e+01
-7.009173674376332031e+01,4.415686926094567610e+01
-7.009251428462435740e+01,4.416009746118862012e+01
-7.010487141286394319e+01,4.413418927802520386e+01
-7.009061729894871462e+01,4.416306861629878711e+01
-7.009352345494572489e+01,4.415602715063996442e+01
-7.009467606424638575e+01,4.415686649607350489e+01
-7.008944557650946194e+01,4.416362080080727992e+01
-7.009134814927028856e+01,4.415657846135253806e+01
-7.009100181933801821e+01,4.415685720543378068e+01
-7.009285538762006240e+01,4.416362835272707343e+01
-7.009352465761183737e+01,4.416089387710493241e+01
-7.010107711707472333e+01,4.415304630557813681e+01
-7.009125775951495996e+01,4.415630040844401805e+01
-7.009205396216141537e+01,4.415573859351647457e+01
-7.009912504640816167e+01,4.415359059884976745e+01
-7.010000292942463318e+01,4.415362712778032517e+01
-7.010406605507084521e+01,4.413529213092972014e+01
-7.009091474678757550e+01,4.415706353363835746e+01
-7.008980641496201258e+01,4.415605994750139018e+01
-7.009053276963270207e+01,4.415547503210390801e+01
-7.009360400812990122e+01,4.415634219876816502e+01
-7.009098655548154966e+01,4.415684776515808352e+01
-7.008904175059653596e+01,4.416408823499570957e+01
-7.010486024302012709e+01,4.413393025053140661e+01
-7.010440978762427733e+01,4.413659533466747575e+01
-7.009242518470266248e+01,4.416062483134496119e+01
-7.009467139932181112e+01,4.414089604803442768e+01
-7.009096887025428657e+01,4.416038574024974395e+01
-7.009353546154578396e+01,4.415684085214990517e+01
-7.009279005094364834e+01,4.415578597319694154e+01
-7.009055823592363765e+01,4.415659497935016731e+01
-7.009137588324421131e+01,4.415660391584672340e+01
-7.009726872954168186e+01,4.414040168273138676e+01
-7.010477471604500010e+01,4.413490622855437806e+01
-7.010594900152274533e+01,4.413418347394560470e+01
-7.009089037570335279e+01,4.415575253703583769e+01
-7.009429361777945644e+01,4.416006124111358133e+01
-7.010215674010294151e+01,4.414383448702816537e+01
-7.010374000000000194e+01,4.413528000000000162e+01
-7.009134999889894857e+01,4.415525281048802242e+01
-7.010297976797937736e+01,4.413606815895222724e+01
-7.010442001592613792e+01,4.413656460029478268e+01
-7.009239561535004270e+01,4.415651164893153435e+01
-7.009880921612790416e+01,4.414116760831655739e+01
-7.008941035311765688e+01,4.416302738708830589e+01
-7.009280981749749628e+01,4.416013239270574786e+01
-7.010328293078335093e+01,4.413571147194880950e+01
-7.009388510160377450e+01,4.416057392470840881e+01
-7.009127323249281005e+01,4.415768195309064481e+01
-7.009436342603915193e+01,4.412177740882074772e+01
-7.010591893840572197e+01,4.413444095526160282e+01
-7.009168802646239271e+01,4.415659196575257539e+01
-7.009100507897370846e+01,4.415605049032041762e+01
-7.008974866882650190e+01,4.415627022929476908e+01
-7.009091230767988634e+01,4.416092064235306225e+01
-7.009136165424062881e+01,4.415687367664206420e+01
-7.008980527099714664e+01,4.415607299475699676e+01
-7.009023866819117643e+01,4.416037468559756007e+01
-7.009211644819890807e+01,4.415659413614971385e+01
-7.009173298438282984e+01,4.415660193742243678e+01
-7.009061976176525377e+01,4.415605611997145274e+01
-7.009282043019751995e+01,4.416005811969100137e+01
-7.009240282133426092e+01,4.416033605989893829e+01
-7.009352962253973374e+01,4.415600662680622435e+01
-7.009352199913952575e+01,4.415575052593317196e+01
-7.009135540739102055e+01,4.415550194358680614e+01
-7.009350332378990345e+01,4.415598292560891025e+01
-7.009087230774294142e+01,4.415628193095159304e+01
-7.008903589745845863e+01,4.415550413432987398e+01
-7.009133036038515741e+01,4.415608865835210395e+01
-7.009885393102862849e+01,4.414230544404946954e+01
-7.009806881123621736e+01,4.414169452868420507e+01
-7.009285277172568840e+01,4.415576716511809963e+01
-7.009287166378580025e+01,4.415686833014179768e+01
-7.009277750481780345e+01,4.416054357669686681e+01
-7.009244489621599428e+01,4.416040055671793851e+01
-7.010448999999999842e+01,4.413365999999999900e+01
-7.010479813741844168e+01,4.413447011334461934e+01
-7.009276449586583624e+01,4.415654581441783932e+01
-7.009244696206567937e+01,4.415655355950961081e+01
-7.009474857239325729e+01,4.412093614985449364e+01
-7.009466477179294941e+01,4.412095661248803680e+01
-7.009397525359298697e+01,4.416066208367281831e+01
-7.009398280307161144e+01,4.416011277982487115e+01
-7.009093269509081381e+01,4.415686239770783317e+01
-7.009125604771253393e+01,4.415683526713317519e+01
-7.009285777399608719e+01,4.416037706000494723e+01
-7.009361054010905434e+01,4.416065913290901790e+01
-7.009273228601335859e+01,4.416035833085397400e+01
-7.009285432839611474e+01,4.416065721763661855e+01
-7.009127467345932416e+01,4.415548258298412776e+01
-7.009127355033346873e+01,4.415523776467645689e+01
-7.009136449847422057e+01,4.415523938752885869e+01
-7.010179468280887249e+01,4.414955512896774792e+01
-7.009127988495127681e+01,4.415580400045565312e+01
-7.009437206276372478e+01,4.416036335795837431e+01
-7.009020845282134360e+01,4.416309501192810671e+01
-7.010591375903598532e+01,4.413467057247348180e+01
-7.010399582517371186e+01,4.413660188005704299e+01
-7.010554363879555240e+01,4.413442169343356625e+01
-7.009130740241343460e+01,4.415656995393456441e+01
-7.009660022967587167e+01,4.415713469107727462e+01
-7.009090727833491030e+01,4.416246971508191166e+01
-7.009924919102212471e+01,4.415361917938186309e+01
-7.009089846412202007e+01,4.415570968757606352e+01
-7.009056712045098436e+01,4.415525664024352182e+01
-7.010599427551859719e+01,4.413500538436434084e+01
-7.010137358183465039e+01,4.414959746052723943e+01
-7.009053307317404347e+01,4.415793217358123712e+01
-7.009355909657746508e+01,4.415984809016068624e+01
-7.009358254947123612e+01,4.416011079937073447e+01
-7.009393273378630340e+01,4.415978713508775400e+01
-7.009023250029042629e+01,4.415577845515763045e+01
-7.009060934611400739e+01,4.415580860862762336e+01
-7.009053187503161553e+01,4.415553210416249641e+01
-7.009053315413849816e+01,4.415547309979027091e+01
-7.009390348036041019e+01,4.415656558041762025e+01
-7.009399798040421103e+01,4.415713425744366560e+01
-7.009134515120663877e+01,4.415580181198935605e+01
-7.009128723831204866e+01,4.415546505152040879e+01
-7.009135349021173056e+01,4.415579851880501394e+01
-7.009279771879299403e+01,4.416064932017574307e+01
-7.009168247789544637e+01,4.415738466876781132e+01
-7.008902973583475671e+01,4.415569131954576676e+01
-7.008980367267744782e+01,4.415498756166972072e+01
-7.009131583840705559e+01,4.416147049963221605e+01
-7.009243145125769558e+01,4.415552721354933396e+01
-7.009147622753593510e+01,4.415736329679494077e+01
-7.009173170382821638e+01,4.415731651934702739e+01
-7.009175554649482365e+01,4.415751416741659341e+01
-7.009096534760369934e+01,4.415670979156855935e+01
-7.009103594300516704e+01,4.415678913219368695e+01
-7.009088083697838556e+01,4.415665374982238234e+01
