5.582736319937660596e+01,8.751286093647286179e+02
5.681177612026463919e+01,8.116119719211399115e+02
-1.104545504685855121e+03,3.448448676749047763e+02
-1.319326322575526319e+03,1.247382570606617662e+02
5.514671670703850168e+02,1.058946609998489521e+03
-1.481515839946259575e+03,3.328138430412430466e+02
-1.317707938159339619e+03,4.533156089766797550e+02
-1.031289985682059068e+03,6.346132609863176413e+02
-1.354608254686259443e+03,-2.853132623253244446e+02
3.565978261061766261e+02,1.179599205894777924e+03
-1.238080263506182746e+03,4.855388356673742578e+00
-1.312375434685489154e+03,-2.252982023252274075e+02
-1.615560615751253181e+03,3.485081758483399028e+01
-1.483588102258004483e+03,5.411356470299474495e+02
-1.654955408765183392e+03,3.927393969043699258e+02
-2.348188691968751414e+02,2.752501581569080713e+02
2.129256531456131540e+01,-1.455606932324847548e+03
-1.610568603440430024e+03,4.499720215675039867e+02
-1.318021463228360517e+03,-4.171760782006926433e+02
-1.110119511082284362e+03,5.405467787102613784e+02
-1.237643025548006108e+03,4.268828642846575008e+02
-1.691446334406198503e+03,1.840897924467153928e+02
-1.401364409386050511e+03,-5.776031105282326905e+01
-1.148692518746040378e+03,-3.253949631696620486e+02
-1.145881383278033127e+03,-5.344975469171466784e+02
-6.441085429785914584e+02,5.508866952885306318e+02
-1.145666934686272498e+03,5.548975776744547375e+02
-1.272509581041976844e+03,-4.520826017122464577e+02
-8.605411786765453144e+02,8.139717957652720770e+02
-1.233763865216071508e+03,2.405542699381699663e+02
5.553647790767163315e+02,1.051289215590636331e+03
6.804899505109185611e+02,1.025718803823877579e+03
4.809304235073873315e+02,1.089101894137806539e+03
-1.411028956085775690e+03,4.913963604950603781e+02
-1.446169652096866685e+03,6.022935675451119550e+02
-1.358987838111642304e+03,5.102104114105504777e+02
-1.277517340046449362e+03,5.141129203167242849e+02
-1.354608254686259443e+03,3.748523976749532949e+02
-1.437962504685867771e+03,-2.252982023252274075e+02
6.833366198661155977e+02,1.022215642896974032e+03
-1.152742798727966147e+03,8.141257934115654962e+02
-1.276024341128833157e+03,7.211555653922692954e+02
-1.150716275713262121e+03,-9.067084815635422501e+01
4.706572017725068235e+02,1.082456120412916562e+03
-1.188369086438632394e+03,1.118769738277092074e+01
5.558448912841638503e+02,1.054057687821672289e+03
-1.066890690091870738e+03,8.452474386869597538e+02
-1.400519876150460732e+03,4.518003347368335199e+02
-1.437962504685867771e+03,-2.853132623253244446e+02
6.813002227212919024e+02,1.022356697169683002e+03
-1.489685680816395461e+03,3.935606145929292552e+02
-1.317215579137877285e+03,-8.673553304101061201e+01
-1.271184619950334081e+03,-1.418316264793401444e+02
-1.106004482381865500e+03,-3.250090579331920537e+01
-1.319778165264408472e+03,5.769734176243875936e+02
-1.227610271241937426e+03,6.099269834018764413e+02
-1.153602792591969546e+03,6.111334700246385410e+02
3.447176250210829949e+02,1.177821116640139280e+03
-1.073216977478322406e+03,-2.574599969890989996e+03
5.703847678379676722e+01,8.707996542345900934e+02
6.789531677142300623e+02,1.026278247325768234e+03
9.566910029029818929e+01,-1.553956255086404326e+03
-1.485520927422039676e+03,-2.028293265910830314e+02
-1.111245659548630101e+03,9.130188053332148002e+01
-1.195569574022721326e+03,3.259007188025986324e+01
-8.145504789022288605e+02,7.509259834727874932e+02
6.881265653145866281e+02,1.035018057674441252e+03
-1.278578572544258122e+03,4.847070030040949291e+02
-1.690158411668766803e+03,1.801103772785498052e+02
6.794465356721816534e+02,1.028002574541390459e+03
6.755591130339370238e+02,1.026027446008475863e+03
-1.285000755959557182e+03,-4.412302631797265349e+02
-1.276854344900659498e+03,-4.490545961388864384e+02
-1.271254004686651115e+03,-1.952906723251788890e+02
-1.357968607386642361e+03,-1.762715490129095883e+02
-1.273444664240323846e+03,4.530436199212518886e+02
-1.320756325872437174e+03,4.816703570918814421e+02
-1.530669188634265083e+03,-1.461565461020081784e+02
6.881265653145866281e+02,1.035018057674441252e+03
-1.357705468527050698e+03,5.098234606007091543e+02
-1.358914256501002001e+03,-1.200958308905189540e+02
3.456785129383305843e+02,1.174636236209119261e+03
3.439718521198020085e+02,1.175420632050430640e+03
-1.437962504685867771e+03,6.449201676746002931e+02
-1.358941141146372274e+03,-2.569965380612418215e+01
6.810672613046929200e+02,1.023093902836881057e+03
6.824478231221210081e+02,1.019886476467102739e+03
-1.645792434685501803e+03,4.948825176751473691e+02
4.385958842588153743e+02,1.116998650536413379e+03
-1.320935950451542340e+03,5.143659028385966394e+02
-1.201169640697558407e+03,8.375937796624889131e+00
-8.970251291018598749e+02,5.120892731053694433e+02
-1.278590681285698793e+03,5.438520734199059916e+02
-1.685058820685476121e+03,1.912462933790588977e+02
-1.405622807729735541e+03,-8.748314682597842307e+01
-1.359045804695241713e+03,-5.576756126544900383e+01
1.000089164357396783e+02,-1.588726639311363897e+03
-1.274071382133633051e+03,5.422791969184046366e+02
-1.359010007376913791e+03,-5.804197530359169122e+01
-1.113115916307981706e+03,5.748012852418532930e+02
-1.150954516065975895e+03,5.768092413608484321e+02
-1.277189267396594914e+03,4.802111361318385434e+02
-1.313691204117720872e+03,5.124591922781195308e+02
3.274899070383825972e+01,8.483261175789549497e+02
5.186034922411096204e+01,8.444608504416835331e+02
-1.446079881398711905e+03,5.723609053713364574e+02
-1.529520060146783862e+03,5.723780228943322754e+02
-1.495886238565231906e+03,5.494941564570762011e+02
-1.358168541251835904e+03,-1.481595504029531867e+02
-1.403465818682084773e+03,-1.754964096290297562e+02
-1.355952932491602269e+03,3.914462719097312515e+02
-1.401617035791648277e+03,3.926136118873677674e+02
-1.405826258228628376e+03,3.648039784831803445e+02
-1.355511684874091088e+03,3.908615692068551652e+02
-1.322192127900012792e+03,-2.337919897223886494e+02
-1.365658856271892773e+03,-2.334933290531276384e+02
-1.351342251117654087e+03,-2.382651237709885663e+02
-1.188085445006826149e+03,5.400087884647955434e+02
-1.148402951291844374e+03,5.713918270806493638e+02
-1.148722084168156698e+03,5.685083973263594999e+02
-1.150420775181584986e+03,5.399169868993118371e+02
-8.207073515732788564e+02,1.834898266492946050e+03
-8.205756101955730628e+02,1.804606659293515577e+03
-2.353744635399937692e+02,1.710974546262914146e+03
-8.622889679796192013e+02,1.679571636428125203e+03
-9.014068624269282282e+02,1.648981035280207152e+03
-9.806509136728755038e+02,1.559455277718999469e+03
-1.027238806982269580e+03,1.502560892381271969e+03
-1.191766877003760783e+03,1.381786394522621094e+03
-1.190390925872477965e+03,1.386222892476455627e+03
-1.150640075224943985e+03,1.384753018833201168e+03
-1.102764577792799855e+03,1.387527647724304643e+03
-8.974592748105303599e+02,1.382406883821412976e+03
-1.104448781586146652e+03,1.326163964653229641e+03
-1.023244102678738955e+03,1.258651763919134282e+03
-9.445417669157014871e+02,1.264280006466347459e+03
-9.810516947509250940e+02,1.142364914402110344e+03
9.745974380836318005e+02,1.082912800522183261e+03
1.056279095651347689e+03,1.023804350953801304e+03
-8.188313341163166115e+02,9.949452015841856110e+02
-9.466799960113173711e+02,8.761079493756982401e+02
-9.369852967422581287e+02,8.756280305420324339e+02
-1.030075264256313631e+03,7.520645518208389149e+02
-1.065595805342356698e+03,7.200957725863625001e+02
-1.193979060770671595e+03,6.619351710812566125e+02
-8.518416839709818760e+02,6.609150549257182092e+02
-1.444601035870746955e+03,6.304651054206984782e+02
-1.109131640786041544e+03,6.013889686585887375e+02
-9.854779459656879226e+02,5.731270618638054657e+02
-9.826639448450080181e+02,5.102418554967068189e+02
-9.021604162962972850e+02,3.943832998478713421e+02
-8.576523511140912888e+02,3.645079637890230515e+02
-9.014431623703640071e+02,3.028828765768970470e+02
-1.739791088738367080e+03,2.173509551007669245e+02
-1.734784633605418549e+03,2.145449104181030009e+02
-8.209541289181038337e+02,1.836679804355010447e+03
-6.885285993654749745e+02,1.742823559279518804e+03
-8.572660501520713296e+02,1.591258779715856917e+03
-1.065608194722282633e+03,1.561796804545590931e+03
-1.191393141389889024e+03,1.418649026089975905e+03
-1.109049142765629995e+03,1.380858110634137802e+03
-1.578718157866773481e+03,1.359550213101088957e+03
-1.021191254686246793e+03,1.335093357674926438e+03
-9.838358422047086833e+02,1.266722859350095860e+03
-9.004821985654780292e+02,1.204387991578460969e+03
-9.425590445357144063e+02,1.171588594524147538e+03
-1.529273333939130453e+03,1.144902622436831962e+03
-9.431406188615524115e+02,1.110957509218572568e+03
8.104010430144340944e+02,1.051371315809402404e+03
-9.763927198289158014e+02,8.209805239729907953e+02
-2.536145473990808341e+01,8.106998846854021394e+02
-9.028478967941649671e+02,7.848709841981141153e+02
-9.823349036070899274e+02,7.548895625843938433e+02
-8.619575658952603590e+02,6.295876496056278029e+02
-1.564798464050119719e+03,6.010765609836735166e+02
-1.229021184685880826e+03,6.149126376745517746e+02
-1.023883440293517879e+03,6.011991282638861094e+02
-9.033052963805974969e+02,5.719769779523943498e+02
-1.109552197168057546e+03,5.123489314406308495e+02
-7.762146256172702579e+02,5.120148687063573334e+02
-8.988132577521708981e+02,4.803468397029765811e+02
-9.376684484796605830e+02,4.545297277030508667e+02
-1.025285521770831110e+03,3.011776393018977842e+02
8.801260957819932855e+02,-2.120643871390440381e+03
-1.076247038656053519e+03,-2.572916226528819607e+03
6.035343182065478231e+02,-2.758477270302646502e+03
-7.742030739200470180e+02,1.801640995476675698e+03
-7.669165200219010785e+02,1.778200800192122642e+03
-6.546081629746599901e+02,1.743553555977221549e+03
-3.162746041321655071e+02,1.744485774203608798e+03
-7.315566678947877790e+02,1.714496759718872681e+03
-3.054797135605950302e+02,1.715741557503330796e+03
-9.936107091424111104e+02,1.628521926634494321e+03
-1.149480931388643512e+03,1.591935375396372592e+03
-1.237063258119962484e+03,1.561604322579886230e+03
-1.272427176029684915e+03,1.501456087793745382e+03
-1.109572414264145436e+03,1.475711555938439005e+03
1.485617463880074638e+03,1.449620609833783419e+03
-8.610417150478782560e+02,1.411686291273930237e+03
-1.022308842089148015e+03,1.263154791140456609e+03
-8.635032587194447160e+02,1.264635528825896245e+03
1.108005839666461725e+03,1.089976961549411044e+03
1.139956049730132236e+03,1.055652370162009674e+03
1.023541055998538468e+03,1.030252417858797799e+03
-8.556298298381302629e+02,9.919131020978759352e+02
-1.724967340521769756e+03,9.091195617679285306e+02
-8.935185036979185043e+02,9.076374126528057786e+02
-9.822505831004017409e+02,8.715451514771716575e+02
-9.868329148401453494e+02,8.118584984311734161e+02
-9.417005142564762536e+02,8.119385614177084562e+02
-1.108481828270191500e+03,7.267024529733668032e+02
-8.171129387115124700e+02,6.889596077325453507e+02
-9.404098864956539501e+02,6.610233813549431261e+02
-8.571078243281395999e+02,6.633977044532442733e+02
-9.463969285689126991e+02,5.742598140045606669e+02
-8.149561571122899295e+02,4.799466594882719050e+02
-1.104545504685855121e+03,3.448448676749047763e+02
-9.809461880467868014e+02,2.709972738613994920e+02
9.282619130854232026e+02,-2.095322270491563359e+03
-9.779521010242650618e+02,4.899277362244474716e+02
-8.956041846858682902e+02,4.948825176751473691e+02
-9.024404894044496359e+02,4.840799171831166063e+02
1.132458441241371247e+03,1.056499103401541561e+03
1.101004023809584396e+03,1.048886228180843773e+03
1.146019245314625095e+03,1.065025587674489771e+03
-1.444987968368464863e+03,4.295140126979110278e+02
-1.403067030968191830e+03,4.529659772203409034e+02
-1.405936940471598973e+03,4.538765040695225252e+02
-1.325579002248921597e+03,4.931890095367722324e+02
-1.316812271935988974e+03,5.163296822140166569e+02
-1.110412251135373936e+03,5.793298795943361483e+02
-1.101656557275294745e+03,5.499711479151020512e+02
-8.105230080477648471e+02,7.315945069505286256e+02
-1.154048794513403891e+03,6.026394802804471738e+02
-1.110764328699330918e+03,5.119940432385510576e+02
-1.108107123591283198e+03,5.122671074538792482e+02
-1.230502617723453795e+03,1.592293189284945129e+03
-1.227946065074022499e+03,1.569810131380104394e+03
-1.282092518432201587e+03,-2.636532645618439830e+01
-1.469361931498536933e+03,5.748208963092333761e+02
-1.453658334934902996e+03,5.825751787238283441e+02
-1.227777631681226922e+03,1.597968335441162480e+03
-1.272457988560401418e+03,1.546806389824343796e+03
-1.238968991782467128e+03,1.595774927212400144e+03
-1.271318204709516522e+03,1.599990531859941711e+03
-1.226748565699391520e+03,1.627462105939892126e+03
-1.271254004686651115e+03,1.605161127674573436e+03
-1.269981533429863248e+03,7.577716212676917849e+02
-1.280571204192415280e+03,7.320828662903909390e+02
-1.282728914648813770e+03,7.262967980702190971e+02
-1.309752340154060448e+03,7.267126025142233630e+02
-1.228735718709865523e+03,4.092381497781170197e+02
-1.233830807786820969e+03,4.199484435343849782e+02
-1.220662215584888372e+03,4.297183546811064616e+02
-1.228111214599011419e+03,4.296537305812374825e+02
-1.067138112416077547e+03,8.711722378461878407e+02
-1.068657853368930319e+03,8.414651976366532153e+02
-1.075832716804655092e+03,8.765414560663572274e+02
-1.066735782623091382e+03,8.126948145552067899e+02
-1.696851689813886196e+03,9.036267834731124822e+02
-1.729146684686689468e+03,9.449954676750854787e+02
-1.691441463341857116e+03,9.303284804554718903e+02
-1.035921066947978034e+03,7.584943867582262556e+02
-1.021191254686246793e+03,7.949578176748428859e+02
-1.053022826793076547e+03,7.558820043349782054e+02
-1.026619980504684008e+03,7.383309958437121168e+02
-9.801874382708984967e+02,8.712144840723024117e+02
-9.842519035601695805e+02,8.725232576171160872e+02
-1.021050534783326611e+03,9.247103295150810709e+02
-9.778867459469736332e+02,8.540644576328451194e+02
-1.233834066146058603e+03,4.220898280436585992e+02
-1.269218036323014985e+03,4.297937869407411426e+02
-1.222818984798611382e+03,4.133289765470214547e+02
-1.237725977366987081e+03,4.322756246344763440e+02
-7.753019969328905745e+02,1.709896505102539322e+03
-2.305217056110052454e+02,1.712848878547281856e+03
-3.156197428495922281e+02,1.681500012884877606e+03
-8.155342146859751438e+02,1.591846514062683582e+03
-9.824733529377818968e+02,1.562363979443563721e+03
-8.991915353380943543e+02,1.349363202962710375e+03
-8.588545642925996617e+02,1.322912699710443121e+03
-9.429604090052157517e+02,1.232711338302890681e+03
1.424514528388284020e+02,1.205689685698490393e+03
-8.990061039719063274e+02,1.172240569199621632e+03
-8.570493799093836742e+02,1.171966165507222740e+03
-9.855181466401863872e+02,1.111028563925950039e+03
-7.746857732027731345e+02,1.115457551947550201e+03
5.191112549132662934e+02,1.083773048861449524e+03
9.753647812749883315e+02,1.083217934778625704e+03
1.055621627551243591e+03,1.082023615108519607e+03
1.184936139154936654e+03,1.082842874745494100e+03
-8.178278332140266684e+02,9.332025524445678002e+02
-8.577325794593623414e+02,8.112632739196347984e+02
-9.000622738913120884e+02,7.818125082912346215e+02
-1.525478170781593462e+03,6.300315913330123294e+02
-9.018479916272513037e+02,6.003622596142279235e+02
-1.024722469428657178e+03,5.742632393145494234e+02
-8.596498325791884554e+02,4.505013913111314992e+02
-9.448225978452115896e+02,3.036087889319043711e+02
4.345570768866362528e+02,-6.288975210083899583e+02
-1.029010736501787505e+03,-2.516160126845088143e+03
-1.064891430345768640e+03,-2.575392783307476748e+03
4.815548901790343166e+02,1.090697405416622132e+03
5.161239555566278341e+02,1.082528765886228030e+03
4.834097106545384577e+02,1.099446479047228422e+03
-8.179087705130533550e+02,1.742173784330015906e+03
1.601496963776372013e+03,1.741035542999738482e+03
-8.140612767711447759e+02,1.590653991271573659e+03
-1.024984881501711470e+03,1.563367786973829425e+03
-9.815245941312412015e+02,1.560702904606903530e+03
-8.151590879587770360e+02,1.560838086701451630e+03
-7.760959781083379312e+02,1.499654150432975939e+03
1.601274790715690870e+03,1.500475551241190942e+03
-8.157299237391896440e+02,1.472918943858164766e+03
-1.191249032797278915e+03,1.438718699390247821e+03
-1.151189485034303971e+03,1.351226825525340928e+03
-9.853885731260361354e+02,1.350852460825389926e+03
-8.979568582368478928e+02,1.322115110732365338e+03
-8.578080016954608027e+02,1.320090144919397289e+03
-9.013707975568593156e+02,1.290475955094344044e+03
-1.444239423980316360e+03,1.173095462528767939e+03
8.959963976864460165e+02,1.080149642122877594e+03
-7.334329297576745148e+02,9.602932374153007231e+02
-1.107487637785646712e+03,9.311595889374017361e+02
-8.148718660120814548e+02,8.704856748908164263e+02
-7.754233270601262120e+02,8.410898444658215567e+02
-1.024573280289035665e+03,8.123527151259236234e+02
-8.157442583342880198e+02,6.889048510883355902e+02
-9.408024661272296498e+02,6.644142878006509818e+02
-1.233205985573004455e+03,6.278406665903513613e+02
-1.068398101382741743e+03,6.286176738416284024e+02
-1.565369502551875485e+03,6.030541124500431351e+02
-1.147141282202653656e+03,6.004514887547636590e+02
-1.190703585548556930e+03,5.706665622107105946e+02
-7.327053310905497483e+02,5.410481873479989190e+02
-1.066517339793064366e+03,4.553118747723187312e+02
-8.586585219585792856e+02,4.500267822312363251e+02
-7.715534463796105911e+02,4.509438004056182194e+02
-9.405963973887284055e+02,3.898294994342284667e+02
-1.023423990106190786e+03,3.598071960485721092e+02
-7.728421160785819666e+02,3.627939644073273371e+02
-1.024392598649727233e+03,-2.519378047871614399e+03
-1.923061037966341189e+02,1.770598850199587787e+03
-7.744191076109254936e+02,1.740608034293558376e+03
-1.493657276496180089e+02,1.741971797542239074e+03
-1.107303961074515428e+03,1.499671494372755888e+03
-1.149715493379127338e+03,1.378367835665617804e+03
-1.067919570987721954e+03,1.291928675383994005e+03
-8.173276462695033615e+02,1.292816389105933922e+03
-9.827781563867276873e+02,1.110257978777219250e+03
6.419521881973867039e+02,1.078578092866936913e+03
-8.586246310374178847e+02,1.050115745389387484e+03
1.142082997382599387e+03,1.052505690940185559e+03
8.126022453146123325e+02,1.035018057674441252e+03
-9.422845871064841958e+02,9.597911666871764282e+02
-1.106847838544890010e+03,9.289421148636284897e+02
-8.982598345545599159e+02,9.302966907622368353e+02
-7.749818264353862105e+02,8.389216547216235540e+02
-1.065466083405953896e+03,8.110600463826319810e+02
-1.231950246505194173e+03,6.881467130206062848e+02
-1.146649662691215326e+03,6.585750404788427659e+02
-9.416060412460143425e+02,5.993029715355841063e+02
-1.148945377795918603e+03,5.396886489270912080e+02
-1.147616563376729800e+03,4.802872940250629199e+02
-1.066064504771717111e+03,4.535629929716986908e+02
-9.394864782540836359e+02,3.922817326335610915e+02
-7.300947761349434586e+02,3.613768675683583638e+02
-9.420227378281846313e+02,2.985791246966217614e+02
-9.006609719502688449e+02,2.994855329953126102e+02
-9.089602783096887606e+02,1.210100981324819713e+03
-8.982823587002408203e+02,1.173977306184968029e+03
-9.033590903586296008e+02,1.203276338163553646e+03
-8.984099546203453883e+02,1.172111616998631007e+03
6.468218632639311636e+02,1.084354361840141564e+03
6.419274561445452036e+02,1.114934249005944594e+03
6.362814005121449554e+02,1.084978801240630901e+03
6.435500046060585646e+02,1.061476886683037719e+03
3.921215597844870899e+02,1.953686505444037721e+03
4.756192997382264593e+02,1.949873282060692645e+03
-7.741579576316303246e+02,1.802635854153542596e+03
3.937429872951306606e+02,1.772656229792341946e+03
-1.498078014093147488e+02,1.741637796168465002e+03
1.600462451981111826e+03,1.502137033103866315e+03
-1.190636116491423536e+03,1.442244856929675507e+03
-1.147653520798762202e+03,1.442931863219433353e+03
-8.572294618327667877e+02,1.382828751008431936e+03
-9.420248758904156148e+02,1.352782119681203085e+03
-8.593572158756911676e+02,1.353139931077513666e+03
-1.027038040275159574e+03,1.261169285691217510e+03
-7.327073728927173306e+02,1.142131994661405770e+03
-9.821018653078430134e+02,9.324598144012759349e+02
-1.025275084556929869e+03,8.710155338569317109e+02
-9.420087219125224465e+02,8.416525043296510376e+02
-7.748511479979160868e+02,8.410333745976456612e+02
-9.420480732958599219e+02,8.124281835983767905e+02
1.778739884253127457e+01,8.117134380795849893e+02
-8.990605376431348077e+02,6.637193361316974460e+02
-9.395345651212954863e+02,6.314745497627828854e+02
-1.150608617607447968e+03,5.726808932395824741e+02
-7.742066839456551861e+02,5.437662910499768714e+02
-7.332432781502336638e+02,4.223451271601079497e+02
5.183752556935255598e+02,-5.675824823059887194e+02
3.935351131339762105e+02,-6.267836047531030772e+02
-1.066121446048551434e+03,-2.578431287026435712e+03
-1.646615927473582815e+03,3.947673494808312853e+02
-1.685735963366154920e+03,4.068691691275458879e+02
-1.646863832225783653e+03,4.236987413377976281e+02
-1.646755098990077386e+03,3.948596576941042144e+02
-1.269161850278934253e+03,1.060393888153880937e+01
-1.313510337754106331e+03,-2.886097276482562535e+01
-1.312243780825977410e+03,-5.488547572006680753e+01
3.098552322741884950e+02,1.924345629467985418e+03
-8.141946071632519306e+02,1.775314180793478499e+03
-6.475735142565722526e+02,1.653981282859930843e+03
-8.152897566025106926e+02,1.623350164291239480e+03
-1.144856974229753405e+03,1.353534841101131633e+03
-8.139160529213301061e+02,1.265055160207582958e+03
1.437426798054361825e+02,1.205454961786791500e+03
-8.956644107860345230e+02,9.952176428295845199e+02
-1.022611023283701002e+03,9.648402015126229117e+02
-9.808338057621467669e+02,9.637574071333586971e+02
-8.115495791996005437e+02,9.635979860416123302e+02
-9.816156024380242116e+02,8.153362270657099771e+02
-8.978970546856349983e+02,6.027526320296357198e+02
-8.552030728047807315e+02,5.748168227916097521e+02
1.044891127388922456e+02,5.734765571135254731e+02
-9.390781634836041576e+02,5.136650871363459601e+02
4.786248336123833269e+02,-5.370756442525316743e+02
9.354204693260038539e+02,-2.127326227939181535e+03
6.044746465375355911e+02,-2.784578493532858829e+03
-1.187899754685463449e+03,1.476203767437105796e+01
-1.229021184685880826e+03,1.476203767437105796e+01
-1.179452697821718630e+03,-1.328204432238254640e+01
-8.873877800790776291e+02,6.862837312243609631e+02
-8.534491826324546082e+02,6.665221526876193820e+02
-8.670491811523545493e+02,6.684506437078721319e+02
-8.595130936919637179e+02,6.530025832127271315e+02
-8.532658838512070361e+02,6.975226621737713231e+02
-8.145505430945570424e+02,7.446614073527078972e+02
-8.526397899536347040e+02,6.989141395235475329e+02
-8.530972564441910890e+02,7.007965265820897685e+02
5.229876009618687931e+02,-5.608026580429583419e+02
5.243138773613273997e+02,-5.594165413037842427e+02
5.171666152257862450e+02,-5.505708630838405497e+02
5.347600044581873817e+02,-5.524680320898105492e+02
3.566177044062629307e+02,1.988510901009226927e+03
-6.461042478731524170e+02,1.805862760650607697e+03
-2.270545187184883673e+02,1.807592928136172759e+03
-6.016848787661903089e+02,1.777817175162099829e+03
-8.530202467857067177e+02,1.598575002319686291e+03
-8.093853890912007500e+02,1.508161501776151908e+03
-9.352195666168870503e+02,1.446252600362242219e+03
-1.018172709312730944e+03,1.417536420274072498e+03
-8.931917462184736678e+02,1.358349513953538690e+03
-8.546337858830283949e+02,1.327734591371094439e+03
-8.942318910595206489e+02,1.297061400406819530e+03
-1.020339100478519640e+03,1.235982385965623280e+03
2.304654636110639672e+02,1.237516050537529509e+03
-9.349497990181224623e+02,1.208355582836135909e+03
1.051792929392186835e+02,1.177180466801284410e+03
6.483694253903796607e+02,1.058272144226654518e+03
1.023007601585283851e+03,1.058147032369125327e+03
-7.676993581473882386e+02,9.667170491731470747e+02
-7.267096159726328324e+02,9.366462647725297757e+02
2.370039854309287364e+01,8.474095382716824361e+02
-1.561686583456363223e+03,6.372925673254663934e+02
-1.103517721803535323e+03,6.069246913247867496e+02
-8.524340691399526122e+02,5.761338722443554161e+02
-7.267481330262776282e+02,5.786495377630137682e+02
-8.926557877058370423e+02,5.474804427763298236e+02
6.415646168356471435e+01,5.489842974704449716e+02
-8.103153336955765553e+02,3.972513224349769416e+02
-9.774944256148775139e+02,3.691670229843898596e+02
-9.353037983371388009e+02,3.675985732889063229e+02
-9.366545426775879832e+02,3.381486294830870065e+02
-8.521078657623540948e+02,3.374988574901840366e+02
6.480925671011118538e+02,-2.784367436413655923e+03
-1.240983062815352696e+03,6.145801390541715818e+02
-1.260965627968168519e+03,6.048410756599238312e+02
-1.213788239226444830e+03,6.113016008318819559e+02
-3.111648625845799074e+02,1.689873070145540851e+03
-3.175107111947525595e+02,1.726610071819456380e+03
-3.081835972199192497e+02,1.713062137943154767e+03
-7.711285046858424721e+02,1.125040647674586808e+03
-7.770824017302390985e+02,1.098478701821506775e+03
-7.635809817516714020e+02,1.097275908882541671e+03
3.148012217544817872e+02,1.931608361527461966e+03
-6.867848769995372322e+02,1.780483999829452159e+03
-9.356960990675474932e+02,1.600092127566256522e+03
-1.019609624185797202e+03,1.540843061374572926e+03
-1.144109929917949557e+03,1.510881390981640379e+03
-1.103198174011414267e+03,1.511792061607327696e+03
-8.935220452779277593e+02,1.511761736171674102e+03
1.565740089175428693e+03,1.451695448192784625e+03
-8.946919804014755755e+02,1.419938893617726990e+03
-1.101799516914624519e+03,1.390120807271289550e+03
-8.945650709447527333e+02,1.390481153367473098e+03
-1.103099205626933554e+03,1.329987651296823969e+03
-8.105176144502281659e+02,1.301035374359136085e+03
3.988697615909014758e+02,1.179706990219918225e+03
9.819833267777227093e+02,1.090167771859646336e+03
-7.685799657293279097e+02,1.060758794649534593e+03
-9.350572660062996420e+02,9.997755101100810862e+02
-1.518550839035835907e+03,6.398713137071372330e+02
-1.142889079833757251e+03,6.093802871129724963e+02
-1.518986168545231067e+03,5.815160462078149521e+02
-8.532199738405416838e+02,5.798316444478489302e+02
-1.143975305819209325e+03,4.903936788575451828e+02
-7.279795144601679340e+02,4.914364158310460198e+02
-9.347665544980604864e+02,4.602126754982841135e+02
5.639748433900140299e+02,-5.006509602257021925e+02
-1.312375434685489154e+03,-4.053433823255185189e+02
-1.271254004686651115e+03,-4.053433823255185189e+02
-1.316753707771786367e+03,-3.838744995283929597e+02
-1.229021184685880826e+03,2.548222776747592206e+02
-1.229021184685880826e+03,2.548222776747592206e+02
-1.237402355025117458e+03,2.370555008624420452e+02
-1.233951741342748619e+03,2.697388541345070507e+02
-1.021191254686246793e+03,1.485131007674379362e+03
-1.012944131785617174e+03,1.511297572870658541e+03
-1.030067842639860146e+03,1.480737623796327171e+03
-1.021191254686246793e+03,1.515138537674427880e+03
-8.546324499485074284e+02,1.326173149250442293e+03
-8.544827546854508000e+02,1.365100887674974956e+03
-8.390211343988506769e+02,1.302773051905655166e+03
-8.544827546854508000e+02,1.365100887674974956e+03
-8.612612840123008482e+02,3.336033878617399751e+02
-8.439311718431540612e+02,3.181713117877596346e+02
-8.544827546854508000e+02,3.148373376748562578e+02
-8.661486267015379781e+02,3.358295085184461186e+02
3.958309953134120178e+02,1.815213837674913066e+03
-8.956041846858682902e+02,1.605161127674573436e+03
-1.021191254686246793e+03,1.575153597674524917e+03
-1.021191254686246793e+03,1.485131007674379362e+03
3.958309953134120178e+02,1.185055707674683845e+03
-8.956041846858682902e+02,1.035018057674441252e+03
7.292479953134246671e+02,1.035018057674441252e+03
7.714808153141948424e+02,1.035018057674441252e+03
-8.956041846858682902e+02,1.005010527674392733e+03
-1.104545504685855121e+03,9.449954676750854787e+02
-1.062312684686664397e+03,8.549728776749399231e+02
-9.789584346854766181e+02,8.549728776749399231e+02
-8.544827546854508000e+02,7.349427576747458488e+02
-8.544827546854508000e+02,7.049352276746973303e+02
-1.312375434685489154e+03,6.749276976746488117e+02
-1.021191254686246793e+03,6.749276976746488117e+02
-9.789584346854766181e+02,6.149126376745517746e+02
-9.378370046866384655e+02,6.149126376745517746e+02
-8.956041846858682902e+02,6.149126376745517746e+02
-1.104545504685855121e+03,5.548975776744547375e+02
-8.122499346862599623e+02,5.248900476744062189e+02
-9.789584346854766181e+02,4.348674576750503320e+02
-7.711285046858424721e+02,4.048599276750018134e+02
-8.544827546854508000e+02,3.748523976749532949e+02
-1.021191254686246793e+03,3.448448676749047763e+02
5.625394953142080112e+02,-4.953659723248744058e+02
6.458937453138163391e+02,-2.775938252325403027e+03
-1.694438927038144357e+03,9.301417057443112526e+02
-1.693123796697365378e+03,9.292201643909223776e+02
-1.683017853495118061e+03,9.185267672244742698e+02
-9.922638232230088988e+02,3.499154550081852335e+02
-1.035022543371597749e+03,3.392821169145520912e+02
-1.022313486457155022e+03,3.480473074234112119e+02
