1.220433750690517400e+03,2.321982445488992198e+03
1.265497574690914917e+03,2.266393761388615985e+03
1.150815677039017828e+03,1.918263755941563431e+03
8.085426690235447040e+02,1.936898926740908564e+03
-1.852216472949974673e+02,-2.034445410988434730e+02
-6.375594804985823316e+01,-1.930999314673834419e+02
-6.232689025994912413e+01,-2.429681966499823886e+02
8.131445229526279945e+02,-2.433656388027951834e+03
9.332171412053704671e+02,2.106022443962623584e+03
1.059622372835509395e+03,2.013360048164910495e+03
9.346164163610069409e+02,2.027682250983661106e+03
1.439757544400614961e+03,1.915291792973765723e+03
1.097328715491310504e+03,1.863509482899471777e+03
1.220940913689392119e+03,1.861505409361302327e+03
5.752845931663716783e+01,7.413740533887606716e+02
-2.296855528699032334e+01,-1.765127446157440829e+02
5.558830134264291019e+02,-4.361317615770752809e+02
7.213700206505935739e+02,-2.536163299784477658e+03
1.176693853987409057e+03,2.323444625703673864e+03
1.392209462803068391e+03,2.331254316064119848e+03
9.812722330362437333e+02,1.977903421229181504e+03
9.299738529711551109e+02,1.839379644308301522e+03
3.057884588455520998e+02,1.360165160623316297e+03
1.022588514846535418e+03,1.258722423329763387e+03
1.222149944488308392e+03,1.310919742603290388e+03
1.224289099445015836e+03,1.187094641483339728e+03
-2.429363544494634652e+01,-1.927138279705295076e+02
6.449948728002341340e+02,-2.606197015873480268e+03
1.314130032702845938e+03,2.228601193522055837e+03
9.802688742829084276e+02,2.068511661815382467e+03
1.097452696887732145e+03,1.988140004231731837e+03
9.324486588623668695e+02,1.800786130932523065e+03
3.047862509391741241e+02,1.457975823182127442e+03
3.877636514568486064e+02,1.389753075117607750e+03
1.228432208053091699e+03,1.230281963735112186e+03
1.095194494737826062e+03,1.215509691957500536e+03
-1.901898823072518212e+02,-2.951848658206340588e+02
4.734008143754772959e+02,-3.675128713631274309e+02
9.367789225768997312e+02,2.045075811777654508e+03
1.016798165819829251e+03,2.030960567761055245e+03
1.344794716864861812e+03,2.376215153510211621e+03
1.261603373341872611e+03,2.198967885341750844e+03
1.099537651667197906e+03,1.934401095881770516e+03
7.215450162938153653e+02,1.239936640084963983e+03
9.343248743341194995e+02,2.063482220892612077e+03
1.057561385919466602e+03,2.088799478768431072e+03
1.054714480469043792e+03,1.868874544258914966e+03
9.790103788839629715e+02,1.656567624543283500e+03
7.198421855322450256e+02,1.278130689091418844e+03
7.255125172835952299e+02,-2.579889023241177711e+03
5.257348814952631528e+02,-2.732306286100907982e+03
1.063360358169283245e+03,1.856309621228487231e+03
1.141406587685945624e+03,1.851127990012869077e+03
1.262919240138154237e+03,2.352253352498631557e+03
1.392413837615260263e+03,1.237941944758644240e+03
1.058551228237701935e+03,2.062729081711621347e+03
1.357295630603902964e+03,1.923609960156284387e+03
1.395115607408457890e+03,1.892608229799775245e+03
8.538205942563016606e+02,1.854183402861926425e+03
1.013513937502171757e+03,2.076967387059875819e+03
9.298157638394193327e+02,1.870826166827617271e+03
-1.497338766420041907e+02,-1.176510301895691555e+02
5.161754060977269774e+02,-4.608784397792443315e+02
1.014962541093154300e+02,7.073542997915578781e+02
1.274901279031961167e+03,2.283501968422345726e+03
1.095959665349597799e+03,1.926607231007882319e+03
1.013481733486974719e+02,6.773058861630119054e+02
-1.126046386834986492e+02,-1.983765097657468175e+02
-1.484929077781404203e+02,-1.918339893753758361e+02
1.023258360989774587e+03,2.102316114047130213e+03
1.015591477931912323e+03,2.071418129129207045e+03
6.350059108150248903e+02,-2.633767667646024165e+03
6.835425954006541360e+02,-2.609657375792499806e+03
9.289353940995000585e+02,1.834639871620766598e+03
9.348119824755767695e+02,1.818732964352338513e+03
9.875202955654081904e+01,6.956377865782696972e+02
1.012117514076971702e+03,2.047350074002615202e+03
1.017702072228690895e+03,2.028809532982219253e+03
1.018430916178652296e+03,2.028745599702452182e+03
1.022266858071731235e+03,2.040843926341415681e+03
7.205638743608886898e+02,-2.564733600160731839e+03
7.188680341271096950e+02,-2.569287132035521154e+03
7.633681723322679318e+02,-2.586150010302710598e+03
7.714808153141948424e+02,-2.565885542325063398e+03
-1.532620706745130974e+02,-1.255713511156658626e+02
-1.515102225381028802e+02,-1.288763870580820310e+02
-1.433689272716645746e+02,-1.238935813689280820e+02
4.791852453145997401e+02,-4.353509123255670374e+02
5.496094006022971143e+02,-4.316047018482989870e+02
5.320242015380160865e+02,-4.944317928297047615e+02
4.791852453145997401e+02,-4.953659723248744058e+02
