date:2016-07-10, time:1200, wind_speed:1.8, wind_dir:71.0, temp:14.6
97.629608 118.109327
-56.527565 -73.324606
47.668802 148.304150
-156.639715 28.364763
35.426725 145.193693
-35.222571 -110.637133
97.523646 118.478394
39.147038 132.982608
-6.706853 163.397203
-6.212636 -77.137403
-93.419415 -180.010619
97.708152 118.300831
43.240469 127.682488
43.588091 -271.579463
97.732967 118.305127
97.795250 121.082292
97.488434 115.341905
-39.902412 -76.647736
-10.524789 103.188519
26.937811 136.360919
68.508446 117.957538
-19.007592 69.985501
2.292920 171.836252
97.505850 118.351178
97.776171 118.206314
-18.414808 72.683981
-22.621741 63.254588
56.121116 118.120090
31.505838 -53.847094
-160.631342 37.336155
98.231971 117.033313
94.252772 120.084141
55.716940 121.244414
-114.848935 163.030255
-89.842092 46.405013
-85.792512 43.796873
-118.958130 34.010073
-77.650002 179.002500
-81.512168 160.650623
5.996876 141.994741
-73.092769 120.630397
-148.116240 82.130423
-131.452740 64.484989
-60.758184 25.411415
27.427574 162.664029
-89.854689 157.018322
26.706879 154.384250
-93.978382 145.295197
-94.085642 43.241695
-148.222268 40.188535
-118.563574 -0.108698
68.564300 118.244400
64.527843 126.774148
69.263665 117.128402
18.790675 162.963149
152.443683 168.908039
-56.543064 157.224788
-147.849760 133.002484
-114.736340 36.997705
-81.406039 22.127689
97.878142 118.043694
97.588824 118.453130
-114.816933 172.669601
97.675264 118.365737
89.465265 124.366537
-81.311978 190.249334
68.525766 178.552809
-143.487788 108.350419
-81.155412 97.061920
-123.368179 77.091819
-65.029785 58.326283
-81.255261 43.083913
-69.190246 140.285071
-64.815472 118.196647
-110.578724 106.375566
-81.218785 96.426231
-122.792134 81.900653
43.576969 -49.804540
30.836623 -49.484569
31.183392 199.274724
-122.624005 153.799057
-114.871835 124.573222
-119.165430 55.947177
-94.211127 37.669156
-89.735195 13.133225
-35.489730 189.945002
-85.491502 187.281347
-89.561500 151.171217
-73.290903 106.409408
-110.429851 60.746730
-81.446859 61.182098
-110.365269 46.114777
-85.474005 42.717565
-152.752480 26.023815
-98.105455 37.362494
52.419588 210.165834
-14.366666 159.796304
-80.992786 87.390414
-68.909162 76.456365
-98.256816 -187.896973
39.273688 184.204153
-64.690581 147.837651
39.435615 133.436984
-84.947717 134.965132
-94.016970 124.193421
-148.095345 106.246614
-56.299884 84.668504
-110.583560 75.987667
-135.626162 67.123345
-114.817262 46.410268
-101.844430 39.276775
-5.882417 188.472070
-60.517159 177.771137
-143.545422 87.287614
-148.272349 82.450634
-56.489782 76.184359
-144.145821 136.393750
-148.099621 139.223059
-148.040123 130.131123
68.884557 114.983083
-14.798276 142.146393
-35.390165 186.799007
47.701259 190.128675
-102.192703 154.119398
14.567355 126.263787
-106.252993 115.118188
-68.516671 45.715816
-168.799972 100.022164
-168.985551 100.134413
-168.485525 105.192810
-97.896120 9.807320
-102.025939 10.115562
39.623099 184.058970
-72.578752 62.758082
-73.395898 64.887019
-114.776846 48.160857
-114.576398 44.502851
27.567867 198.316895
-76.634869 81.253069
-93.447227 36.386443
-68.495350 30.044097
2.582974 192.101813
-110.129105 174.115166
-18.450693 146.938376
-155.992257 110.977455
-139.228942 84.060421
-159.970204 65.917083
-64.235461 29.903261
-122.615216 26.896571
-76.836873 15.027330
-80.874865 12.064162
-85.117452 -2.846320
31.688979 182.919264
27.464808 158.817523
-110.102636 155.815301
-18.473870 146.843068
-118.455753 140.830811
-72.525007 140.914074
-22.365140 134.877168
-47.461526 80.908092
-93.374801 68.762859
-160.074790 63.023401
-147.730780 56.699946
-160.154205 47.899241
-85.128771 8.792559
-26.737281 182.739371
-97.606950 179.537342
-80.844185 176.527099
-14.230931 167.534779
-76.728666 122.535181
-76.821370 59.576930
-51.934782 44.543060
-89.182866 41.525201
-72.609218 -6.452253
39.927126 197.493644
-80.817025 176.439786
-101.816134 167.446931
-30.832791 167.377289
-101.831098 158.450379
-72.647204 128.342448
-105.796832 107.533161
-85.203350 56.518481
-60.003146 32.397265
-80.809881 14.297094
10.773485 185.215614
-35.127147 173.432658
-85.109923 170.272474
77.487606 170.255566
-64.182776 152.349809
-151.814117 119.353084
-114.320554 104.378494
-130.888030 68.252798
39.138964 135.071059
39.830339 134.182095
55.634170 121.537080
56.643740 119.065992
52.563932 200.136621
-130.875698 155.144040
-110.112953 146.123061
48.188547 113.127018
-51.772998 95.324308
-139.200510 47.114911
-130.981620 44.205731
-60.105574 41.207208
-76.817815 35.137113
44.150550 -60.866082
-98.093723 -188.503888
