date:2018-07-11, time:2200, wind_speed:3.03, wind_dir:352.0, temp:19.7
-108.926901 49.628322
-79.916031 37.602900
53.737862 109.679304
-75.954776 102.682088
103.536292 103.448139
103.539507 103.587401
6.685919 144.981791
6.575642 -92.007545
61.676598 106.504319
-34.478090 21.498630
69.100391 -265.598698
2.504361 -107.048816
-17.950979 93.690133
120.598408 106.538641
7.551841 -92.413993
14.757835 -94.965037
6.571155 -85.635092
60.662727 106.154473
2.900734 -83.428002
103.485811 103.559925
-85.088136 46.487221
65.770390 244.633441
65.848978 244.660808
-105.933696 -1.598838
40.773375 117.588222
48.957241 111.595806
129.718925 151.154031
62.003270 106.481022
-164.201721 19.415223
-113.763709 60.783337
70.229669 241.897235
-10.185439 93.926811
103.371984 103.419240
-34.958721 -31.863181
99.124720 105.700192
39.829217 178.046550
-42.732093 -32.493121
-163.354376 19.518235
-109.349043 51.715739
-112.842581 52.413022
61.940743 106.490586
61.986342 106.588862
57.614832 105.744388
62.081857 106.711951
52.485335 -241.588510
-109.502831 -17.286483
-108.864194 -4.279231
-163.262495 19.576867
-30.217626 -47.532745
10.614396 -97.998278
-106.231268 -256.588554
35.470957 -67.541115
27.304326 -70.936901
82.028474 102.736680
40.772613 117.899775
-163.085648 19.567438
-163.066522 19.579227
-163.395024 19.437118
73.500374 265.093853
-164.579243 19.480722
