date:2018-09-14, time:0700, wind_speed:0.63, wind_dir:342.0, temp:16.2
-159.938236 19.166275
47.790628 120.709527
81.973446 157.385526
69.447158 252.922309
27.611342 180.743204
89.108568 213.504248
-72.175941 159.777691
56.791167 117.487918
40.233164 162.699435
-22.108355 28.201663
-47.103306 153.726275
-176.705452 102.545004
106.230920 219.994250
-47.591471 132.650224
-143.191975 -8.050108
39.145209 129.483359
93.447343 225.536463
92.897833 225.497290
27.852718 190.095960
81.094410 180.544433
122.559305 195.732549
-172.295083 93.606677
-168.147208 88.292141
105.949516 186.403896
-172.629457 96.571128
-172.162713 99.823896
82.076952 268.046375
23.483731 159.787621
56.853330 120.736416
-60.149604 135.509551
44.420039 -278.376123
123.819794 168.823192
15.086279 171.690239
-47.124812 148.106218
111.228474 223.161868
23.592423 147.853469
114.281682 195.647502
101.517255 231.328267
102.725503 234.620055
15.385520 159.973995
15.007706 177.570541
2.190164 144.705236
22.463890 165.673244
122.464791 192.410533
115.292994 192.775048
69.596144 199.144992
-151.331921 124.070768
-148.328671 120.421780
-151.745289 135.547517
40.076362 -233.588964
-159.904523 63.997695
80.620342 -227.561159
-172.158930 36.979982
52.677787 120.703531
52.939433 120.824261
56.867833 121.431155
-44.181704 -191.461594
-84.870195 -170.329065
-56.695114 -203.467262
-172.387728 36.709549
27.162902 189.673035
-147.306248 123.666294
-139.916151 60.702765
-159.724735 114.710133
-159.865429 117.817447
-151.374264 10.298740
36.075864 -275.118834
32.257073 -224.175575
-113.959228 -110.284766
-6.345429 -233.521265
-64.911834 -140.541655
51.525851 -272.699338
40.440666 -275.043798
-73.571844 -107.422326
-88.871964 -236.354149
-130.653921 120.804465
2.230633 141.587848
1.947080 144.439925
15.254753 159.716587
81.994498 -232.922846
81.806329 -232.708115
61.055116 117.830579
55.813811 120.372322
-147.348434 -8.210004
-147.616337 6.526994
-147.044169 13.107778
-84.741081 -107.276846
-47.221618 -229.943083
51.690187 123.484519
48.786995 120.820172
14.132262 162.655491
31.119380 126.601535
-10.833693 -245.875558
-163.908396 75.990070
-59.719559 -113.147843
-142.967480 81.923175
31.827133 -260.284771
-172.678880 87.533728
2.288521 -248.527603
-97.972680 -101.194208
-69.208913 -116.414263
-38.891941 -161.134609
11.138519 214.070903
-80.435986 -184.946063
-80.516137 -196.727109
-164.661057 57.449525
1.986418 -278.452576
-89.259306 -125.386057
-151.770565 81.645571
69.090157 273.778420
-185.148604 48.535081
-155.816251 111.881378
-151.821978 105.653989
-72.160608 -239.407658
44.623224 -239.189508
-63.769431 -95.094527
-130.502730 144.755039
-38.959534 -278.467549
-147.364972 129.704765
-130.404463 150.938498
-84.749953 -101.209938
15.179504 177.665956
14.763655 178.500331
-172.778918 86.606106
-171.503013 85.734584
-176.529600 88.165372
-172.178877 87.935120
23.321876 -265.673711
-97.376857 -145.783846
-80.824216 -142.750922
-56.012778 -202.718886
-118.490905 -37.679766
10.755360 127.380587
-110.201520 -22.635122
-85.138901 -142.702963
-60.229285 -145.577917
-47.775565 -160.557582
-97.790398 -61.588773
-177.108801 31.432667
-31.212443 -181.569729
-52.106575 -172.567470
