date:2018-09-30, time:2000, wind_speed:2.8, wind_dir:270.0, temp:12.0
-94.359533 153.525404
80.566133 213.670675
55.650507 169.952123
-178.403958 88.733430
-11.127805 151.941482
9.298138 -289.237026
89.287743 216.676859
-15.261354 133.890239
-2.707512 156.528210
-165.158086 111.360252
-157.068165 127.654501
-177.342427 60.906029
55.882229 -238.164536
-186.285978 31.869781
-77.529038 -199.076209
-94.923766 -178.294246
-156.954432 121.858866
-165.136257 107.199601
-86.382406 -151.091452
17.983718 -278.366756
43.690182 111.907977
-148.157018 -17.473282
-77.440021 -242.475974
-177.956470 78.434489
22.548356 -272.526794
-60.734482 -167.514407
-114.678640 -119.135713
60.366572 265.016777
-186.070674 45.410378
-85.734960 -245.520379
-90.110242 -103.205439
-160.896360 120.571929
-115.455060 -112.205004
-19.184894 164.122377
-182.107337 84.546966
-97.969939 -146.305926
-77.351131 -209.517121
-140.432306 -32.406307
-98.486709 -146.614491
-186.085281 30.475713
-77.853149 -190.011557
-148.354069 -8.530405
-177.716587 100.966056
-177.863134 91.988193
-181.717460 93.627731
-6.695559 195.391641
-115.404756 -113.565558
47.540784 -250.287577
-2.494268 -250.232980
52.156530 -271.958302
-31.314024 -281.266341
47.567249 -250.398369
39.193211 -245.563319
51.222780 -256.009083
47.203052 -244.123451
-81.204259 -253.886204
6.089946 171.868283
84.969549 178.841539
-152.949814 -5.455397
-148.862431 -13.206727
-161.496214 43.924274
-69.264093 -230.609532
-60.637031 -110.380690
-81.749088 -71.558137
-89.835146 -245.515791
5.671820 124.733286
-94.176133 -145.370205
-152.689932 -17.536850
5.629703 123.516407
55.652663 -236.626847
-77.892947 -251.576907
-153.016406 131.104195
-89.958752 -127.277373
-90.472824 -179.545527
84.710251 105.478417
-81.713809 -176.703570
-81.966312 -181.296804
-82.245289 -184.361939
-85.981546 -176.592538
14.099915 181.972333
17.936408 178.985590
-85.951087 -113.495956
-94.974063 -148.222959
-94.377712 -146.645413
-94.215737 -146.611161
1.621575 126.494611
-85.651806 -125.195067
-90.298814 -125.520178
-144.828759 145.987781
-144.343240 141.498579
-90.364751 -203.681549
-90.423681 -206.664917
-114.745856 -116.422038
-114.886637 -119.439150
-98.078681 -146.528965
-98.230015 -146.523385
-177.641448 102.627450
-177.699373 99.373123
-81.545317 -254.488978
-77.622421 -254.569652
-77.751962 -257.612762
-77.668125 -257.744239
22.276110 -275.675408
26.563905 -275.559656
26.110570 -277.101502
-73.430441 -205.347453
-81.698447 -58.025691
18.095391 -268.107054
-73.451061 -232.192571
-77.620671 -65.560776
51.353917 120.518409
-185.473375 46.487499
-181.370791 45.835221
-185.544011 42.848188
-186.991420 43.255980
18.769461 -268.927674
18.817558 -265.875926
19.295815 -269.868262
17.833838 -268.587260
-147.879456 -7.821096
-146.786429 -8.094302
-147.486410 -7.703443
