date:2018-07-08, time:1000, wind_speed:1.77, wind_dir:223.0, temp:26.5
-105.943300 55.881829
-81.220624 46.812139
47.554142 109.107972
-72.753883 106.878988
97.931075 103.501806
97.931075 103.501806
10.269217 148.882415
10.576449 -88.353032
55.832921 105.376048
-31.133387 25.945387
1.543574 101.800183
69.116004 -262.533608
60.647827 -238.228375
-2.449468 -102.018689
-14.755757 98.100350
118.449120 105.719723
10.640045 -88.330070
18.393090 -87.442228
14.706455 -82.231901
56.253950 106.502559
10.764806 -79.500799
97.906417 101.335488
-93.824222 49.599221
-85.954944 53.772174
59.994428 243.355452
60.032317 243.844360
35.342615 118.395166
73.027342 -235.353479
-102.242236 5.453955
35.058464 117.725472
43.444091 111.756258
43.342461 111.800466
131.272457 154.726956
56.253950 106.502559
56.030465 104.561648
-168.802525 19.480722
-110.204424 64.579756
64.129502 242.675746
2.026356 101.036577
39.159129 -65.140824
97.580260 103.219281
-26.911856 -28.163958
93.351044 105.346523
47.813584 182.112028
10.305550 176.318688
31.337992 178.818305
-31.090854 -28.205078
-169.146733 19.214966
114.549380 266.145721
-106.450592 56.449867
-110.423471 55.875846
56.138505 106.349198
55.988096 106.190122
55.823201 106.025829
55.708474 105.769699
60.436149 -238.208788
60.597430 -235.274024
-101.936811 -9.329720
-101.902108 -1.501301
-169.078209 17.579346
-169.228144 18.775524
-23.321660 -39.486773
14.206764 -90.617539
10.172462 -82.163814
-106.656377 -257.151590
43.415328 -62.136011
35.617008 -67.393520
85.180674 105.748869
60.164481 244.021176
43.505463 124.184073
