date:2018-10-25, time:1000, wind_speed:7.29, wind_dir:312.0, temp:5.3
70.113734 122.282910
-8.943423 85.458241
-138.306168 65.391137
-151.587939 60.883727
-80.737005 -248.201767
-118.789975 -43.535091
-106.231268 -121.554669
18.800107 118.505571
-26.568830 15.833367
-129.333671 4.275370
-50.340759 -10.595124
-34.848050 108.868477
2.129257 112.504065
45.249392 -238.108171
-85.448275 -19.529067
-62.920650 -259.436326
-71.136382 -253.439991
-108.968608 -52.501683
-10.429450 115.504818
-93.236204 -245.199825
-79.581389 -241.483491
-13.235664 -285.750511
-5.660650 -287.245495
-10.429450 -7.526055
-59.684103 114.335237
14.576825 -289.596837
40.139165 129.873016
24.546753 -241.462539
35.989506 -242.163888
-76.598466 -248.199675
-89.023263 -245.185376
70.443982 193.964152
-72.330829 120.930853
47.918525 -244.585542
-75.428479 -244.588286
-42.015535 49.149173
-42.126678 142.639777
-38.994727 -236.167766
-13.952734 129.868282
23.488871 147.956579
24.632677 -241.813940
-18.764875 133.509336
-31.212443 133.509336
