date:2018-09-06, time:0300, wind_speed:4.14, wind_dir:217.0, temp:23.6
-165.742764 6.754238
43.806382 112.504065
43.771898 111.633110
35.470957 118.505571
64.589375 157.515360
60.442000 244.585542
13.772173 178.037518
81.280563 214.578012
71.803151 219.848852
-85.448275 154.514607
42.661303 111.712569
29.807707 156.754528
-31.430292 21.608481
98.424013 240.818799
60.063492 244.289955
5.518436 133.006784
1.947918 141.680327
-65.282888 150.998304
-182.339986 99.701564
-53.345841 156.878716
35.122826 118.186724
92.396562 216.824978
-52.865015 130.023727
85.049415 223.285518
23.726817 159.594880
76.789052 241.273678
106.662240 222.730081
-22.153941 123.471217
-152.551487 -16.839911
-173.334920 52.228227
27.135532 127.507830
5.042223 117.811246
88.899111 226.048276
82.009877 219.533424
-93.334204 120.465574
9.745046 187.025567
64.250333 160.202677
76.799869 178.226579
26.713213 124.199986
113.521094 192.728779
-181.250093 82.496535
-176.325378 78.618087
97.217205 183.935945
-182.470701 93.762130
-181.192708 93.389489
-181.912206 93.942611
-122.902118 154.514607
67.713873 264.945145
17.327319 156.794129
51.720521 118.214973
60.442000 211.577259
-182.392515 93.778101
-73.657629 132.882077
39.583100 -286.596084
-84.085290 166.067627
-31.942532 147.980290
109.768766 163.061611
0.995253 168.919266
-65.233965 138.635542
-57.072887 145.029023
97.951413 223.580271
14.576825 145.512348
64.589375 145.512348
34.712256 117.956815
72.924800 103.501806
106.266500 193.524396
2.129257 157.515360
89.232124 226.290187
93.440488 232.287888
2.129257 160.516113
59.719939 244.041328
1.282855 168.958794
-7.019272 141.950461
114.266584 256.272551
10.499695 165.658691
1.740102 169.217388
106.672070 192.599305
106.266500 190.523643
105.861132 190.245235
-2.094025 163.516866
43.806382 112.504065
55.846036 193.272828
18.709043 156.626531
17.927947 156.653707
-160.467100 121.506324
-156.994006 117.987682
-157.068974 129.995949
27.135532 -232.582530
-173.953051 57.739616
-114.512020 129.474500
72.924800 -232.582530
-186.611187 27.725200
43.806382 112.504065
46.780778 108.862676
43.448945 112.257863
42.568833 111.735002
38.774164 -275.036858
-128.170346 -44.173815
-53.274019 -197.338955
-94.896956 -173.285763
-139.974397 133.180617
-61.651960 -206.310292
-17.985984 -245.556727
89.615988 229.581777
-181.921986 27.909802
-98.614304 -125.075401
18.800107 187.522890
18.448084 187.196651
-161.211850 120.973785
-161.654676 117.787920
42.167195 111.969463
-147.192079 60.609395
-110.801310 -22.839505
-169.956439 114.778768
-165.316036 112.042753
-164.943790 7.246607
-160.836834 4.228714
43.392205 -265.832676
24.285494 -281.030604
22.577271 -226.859082
-164.918742 28.196183
-117.489263 -113.104300
-146.475644 132.809116
101.021533 222.899315
-11.186777 -236.156953
-73.729527 -146.034616
38.835132 -275.114956
29.983693 -278.352304
30.069834 -275.344240
-76.259344 -125.471935
-78.283753 -113.299735
-106.231268 -235.583283
-147.243730 120.493346
-5.488260 141.712505
-7.267318 141.781652
-11.180463 142.036234
0.930072 159.866206
71.761828 -233.221241
68.812657 -232.582530
72.924800 -235.583283
47.574939 112.234020
47.535589 112.237844
-152.131675 -16.528314
-153.894270 -16.263021
