date:2018-08-04, time:1900, wind_speed:1.73, wind_dir:350.0, temp:21.0
69.074218 103.292711
57.128461 106.437517
-51.679943 -111.450759
44.790790 112.030718
-172.937370 23.292101
69.392560 103.485107
47.617304 109.964992
-181.060235 32.664860
48.606758 109.301974
-164.129206 7.404801
-110.463059 -254.169187
-43.542116 -87.773376
-160.639252 4.726784
48.151418 109.203461
56.332429 106.290151
48.591743 109.106865
48.279957 109.479008
43.630995 112.806866
44.610779 112.078567
48.323163 109.666743
56.781937 106.309822
89.834635 106.398976
48.892392 109.259444
69.068941 103.153830
56.525248 106.535488
60.457070 265.201060
43.732249 112.720675
44.283900 112.164227
44.381826 112.368881
43.901061 112.477138
43.865987 112.665085
48.927643 109.141246
-67.822439 10.395227
56.833273 106.378197
48.852658 109.286567
-5.292469 196.201846
-5.221193 -73.966028
43.550139 112.931899
-172.607651 22.372272
56.279986 106.077767
44.428879 112.252993
48.625491 109.152912
-18.645432 -32.746450
-22.433971 159.016065
-18.384041 155.209040
36.491072 193.147895
48.211584 109.438532
-9.528915 40.371355
-35.262045 104.031780
-39.286767 110.568890
-22.312783 -53.950532
73.550596 103.159475
-5.727378 47.884241
19.134683 -99.299713
-17.822114 -16.939202
72.979937 272.832135
-10.263940 35.645084
44.326883 112.464756
44.217326 112.315880
44.454685 112.241324
69.457898 103.247054
10.546342 59.402466
27.212370 191.726306
69.651587 262.212374
47.847962 109.900555
-6.051589 173.790248
-109.955062 -253.554939
-110.688361 -253.550115
98.976000 244.187414
44.043105 147.109685
131.384968 264.242340
115.516599 175.275136
-5.345476 169.091356
-88.893865 160.402238
-106.776644 -253.152245
115.587711 265.164462
-10.271735 40.876494
-34.340969 106.302186
44.082329 112.052276
86.520867 202.329139
-68.713636 175.050927
-59.941853 159.798110
106.328350 274.039175
-110.066338 166.279794
6.876814 166.351107
44.170282 112.622888
44.498776 112.157838
43.932289 112.384504
44.480841 112.016803
-35.232165 178.346942
60.580213 148.281329
98.215128 106.351857
11.458384 57.981002
114.581731 211.515015
-6.188332 181.714904
110.553810 193.514787
-43.682684 181.502606
77.660624 283.510022
64.756144 232.494532
