date:2018-10-05, time:1100, wind_speed:3.24, wind_dir:9.0, temp:12.0
64.280900 172.969179
97.492008 220.854289
-7.220330 136.902064
10.781587 157.599054
-160.852647 115.685133
-143.403883 130.541928
-73.474059 -199.194144
-81.817570 -178.127841
-148.513142 124.793370
-156.089983 112.802573
30.359756 -274.197768
55.339645 115.921096
-72.979050 -238.503309
-168.134011 82.724088
-85.531936 -241.078378
-15.072100 163.840253
-172.342626 88.608176
-92.017191 -139.442360
-69.919653 -205.060970
-127.522008 -31.162544
-85.917158 -142.293551
-176.351609 34.573852
-69.334689 -190.203150
-144.220880 -7.358003
-168.679667 91.938369
-176.967146 97.862039
-103.129443 -109.060853
55.204159 -247.211534
1.519785 -247.343295
55.994914 -271.379072
-23.521191 -280.376220
55.295103 -247.245527
59.413611 -253.129007
-73.538695 -250.348575
89.109305 181.820764
-148.084041 -4.397352
-144.298928 -10.315483
-152.630095 46.953682
-64.633608 -226.373364
-73.419169 -70.147355
10.523640 127.679938
59.951450 -232.172252
-69.281558 -247.196543
-81.573075 -178.330644
-81.224993 -172.567470
-77.522819 -181.307938
-73.060316 -184.428952
-81.794686 -172.207248
22.885709 178.808051
-85.448275 -109.551657
-73.233373 -124.223551
-135.460825 145.512348
-77.660125 -205.286154
-72.927339 -250.335727
-64.686231 -256.198031
-69.200346 -256.505678
-65.242528 -202.071347
-73.547745 -232.464278
-68.571982 -61.322336
-177.651886 49.768224
23.103398 -268.239874
23.506144 -268.348747
-139.654439 -4.345897
-143.403955 -4.457910
-139.741942 -7.347448
-23.346219 -277.262664
-123.016716 148.756367
-150.873430 64.508274
-29.422532 -199.189821
59.935030 -193.252793
-36.935836 70.807103
9.874737 187.892238
-68.794642 -226.239030
-131.834179 55.792544
-123.614761 148.796645
-119.197331 148.630442
-56.218718 181.521384
-60.952072 52.717339
60.396925 184.786470
-69.325537 61.954248
-148.336426 34.770436
-80.905602 -208.471107
-18.071164 118.737904
-10.910013 76.748002
-40.136451 -1.092025
27.004474 184.711176
-148.152938 133.606765
-147.921899 127.687715
-148.642486 133.774766
-2.700639 115.775192
2.129257 -184.570482
-64.476857 -229.297771
-65.046250 -229.190209
-127.134480 31.830859
-83.714032 -241.670504
-82.346853 -241.245310
-69.710489 -178.254680
-77.008494 -178.146624
-77.496231 -181.119851
6.302350 -283.165135
14.058012 -283.312031
-126.462710 61.484506
19.190887 -283.551947
14.065216 -283.254343
-57.736802 34.882035
-119.123492 -7.299045
-27.678921 163.763689
-22.782587 -241.267173
-22.519711 175.539878
-22.948853 181.699441
-80.708711 -241.253424
-84.236321 -241.363092
-82.314053 -244.168695
-84.749520 -241.529891
-84.241929 -244.587290
