date:2018-07-26, time:0600, wind_speed:3.9, wind_dir:179.0, temp:20.3
76.706546 106.543986
-81.697754 94.911107
73.265355 106.777077
-48.732357 -91.528755
-38.681965 -94.223055
60.442000 247.586295
58.940642 247.671224
43.806382 115.504818
47.001389 109.597682
-173.921470 22.494456
68.672657 106.793193
47.788998 109.997001
-10.586709 178.950103
-160.467100 52.489005
47.918525 109.503312
47.918525 109.503312
-11.170341 -241.253503
-161.816279 16.552873
-110.454550 -253.587801
-29.414231 -70.391449
-2.782716 121.886306
-161.378708 16.469715
-177.616982 25.460542
-52.083126 31.869429
47.918525 109.503312
56.253950 106.502559
-3.437747 190.549659
47.032420 109.503784
47.010522 109.527181
42.437180 112.442892
41.813546 112.494889
46.047367 109.633271
41.874941 112.492617
56.253950 106.502559
3.328525 124.743169
64.957359 106.735149
97.839184 112.933269
-22.516563 121.736894
46.945256 109.495734
47.918525 109.503312
75.282599 106.538461
58.116659 109.583778
59.028405 268.543030
43.806382 112.504065
42.290306 112.552293
46.461835 109.536969
-54.426328 -31.386604
42.417469 112.486167
43.368046 112.498712
42.885049 112.496114
43.425277 112.504870
54.391472 109.498316
-56.218718 31.483734
55.872307 109.479005
51.978605 110.004062
-8.050503 196.580846
8.039366 -58.447367
-25.249679 -16.397328
47.918525 109.503312
42.910552 112.510752
42.395237 112.469647
55.391560 106.514364
-174.909783 22.595374
-172.914668 22.481475
42.384950 112.629335
42.960297 112.556503
55.835337 106.459681
41.887130 112.705088
47.918525 109.503312
