date:2018-10-27, time:1700, wind_speed:7.16, wind_dir:49.0, temp:1.8
72.924800 115.504818
-10.429450 79.495782
-131.237543 55.489758
-147.388017 47.117354
-80.739985 -249.957536
-118.789975 -46.535844
19.833916 119.681389
-126.631800 -9.875727
-47.883293 -16.528314
-34.880218 101.109701
2.636361 92.047308
48.484046 -244.036676
-85.448275 -25.530573
-68.302928 -255.975593
-109.955470 -48.881851
-9.917570 101.073061
-93.228758 -237.983814
-77.112850 -250.587048
-9.889504 -285.973859
-6.206168 -292.597590
-9.919689 -18.915632
-55.724216 104.086624
15.498584 -288.372567
27.135532 -250.587048
35.470957 -250.587048
-76.594811 -253.012828
-89.007848 -241.000309
77.148082 187.522890
-68.291237 110.138324
52.141807 -256.588554
-68.777425 -250.587048
-35.435725 43.486746
-39.073688 131.060377
-34.946490 -247.007921
-10.429450 124.507077
27.604749 140.092776
27.135532 -250.587048
-14.541593 124.507077
-30.696246 122.117054
-5.668760 77.058891
-9.894775 74.055744
-56.218718 133.509336
-84.876570 -240.984981
-89.046185 -244.031344
