date:2018-07-28, time:0300, wind_speed:1.8, wind_dir:183.0, temp:19.8
71.862802 103.517239
-86.659513 91.636699
63.365609 106.226706
-57.284851 -94.553915
-45.064351 -94.748670
59.041220 244.098789
59.132419 247.129992
42.703274 112.058167
47.144557 109.122255
-173.854982 21.950604
67.977872 103.126621
46.504594 109.145824
-15.774358 175.812375
-170.245230 49.177845
45.836258 109.499589
46.098357 109.380414
-15.698913 -241.555836
-161.791813 16.093154
-112.210487 -253.891067
-38.279579 -73.731652
-9.518543 121.359255
-161.696158 16.166201
-178.529925 25.008777
-57.715001 28.108535
46.025090 109.483821
54.427947 106.321236
-2.897921 189.998962
46.699414 109.111009
47.134671 109.191726
42.606685 111.978348
41.887856 112.306694
46.579995 109.164268
42.141832 112.271629
-3.538799 124.269409
57.067504 106.187347
92.696564 109.123378
-27.960725 121.222426
47.151645 109.151751
45.953934 109.495605
67.582138 103.421541
56.095152 106.514798
59.591644 268.335747
42.166458 112.123836
43.013299 112.113754
46.550853 108.954904
-57.411243 -35.011190
43.034944 112.116134
42.712809 111.982141
42.545765 111.994908
42.551486 112.201471
47.286244 109.604332
-64.700996 28.505729
54.848108 106.109771
48.821721 109.146478
-7.991080 196.171502
0.952990 -58.547089
-32.039876 -19.375221
47.687580 109.483895
42.794178 112.076586
42.924451 112.220505
-174.859784 22.402193
-173.447318 22.270292
42.709224 112.225660
42.684845 112.003538
55.468605 106.019949
42.522166 112.046231
46.318312 109.266407
-11.891849 -16.805418
-15.124835 175.676674
-11.806798 169.243410
29.962963 124.149138
75.948472 106.239886
38.273073 199.097039
-15.698359 52.258792
22.006985 193.555318
43.204389 112.421993
46.847197 108.978440
