date:2018-10-11, time:0200, wind_speed:2.7, wind_dir:51.0, temp:11.5
65.592877 173.216891
98.678389 222.993595
-5.466973 138.849187
-142.865521 125.695028
-71.450509 -199.054753
-147.185906 125.510340
-155.576330 114.742271
32.018326 -271.964371
-85.247085 -244.327424
-176.537534 85.067202
-76.334828 -212.521951
-130.112105 -30.928100
-84.462567 -143.187476
-180.031117 37.377619
-67.935001 -188.084094
-142.818256 -3.341255
-108.691787 -118.736350
52.141807 -268.591566
-17.841654 -278.369591
-63.213044 -247.234904
20.073487 128.240255
61.447447 -229.379408
-84.699375 -179.124164
-76.679994 -179.508315
-72.889568 -181.569729
-80.486235 -170.375215
27.700885 180.538393
-72.051253 -125.163869
-84.043386 -205.323100
-72.203671 -248.529314
-184.859616 48.601545
15.609478 -268.306406
-138.711775 -4.818855
-147.226790 -4.673297
-26.906769 -280.308549
-122.061431 147.841434
-34.962828 72.685114
12.077184 184.798844
-63.664636 -227.663961
-130.814258 57.866185
-118.281256 150.789396
-64.225079 180.992847
-67.567086 49.976153
65.920940 184.979093
-68.243796 63.732119
-142.919561 37.010530
-80.540801 -208.958485
-147.188391 137.544511
7.438080 -184.439821
-67.928534 -229.971116
-60.013703 -227.216421
-121.774884 34.046461
-88.012401 -241.949474
-84.422100 -240.424326
-76.269490 -184.229015
-76.870678 -182.406971
12.382640 -280.535307
11.380075 -286.598281
-59.583938 33.827908
-26.200065 166.541157
-22.440818 -242.437650
-13.647390 175.027309
-88.322315 -240.730567
-84.971473 -242.309641
-84.861384 -239.490645
-88.956477 -240.682044
57.483810 -196.709875
-105.415305 143.656045
39.862134 -185.316850
-64.554143 -229.581777
-34.807594 64.062967
-30.607012 -271.965799
-55.054525 -261.703505
-101.355487 115.004091
-59.594148 57.902166
19.222559 180.550937
-64.084897 -200.567773
-68.384936 -200.508018
7.290119 -283.599942
-9.479416 -97.541435
-92.815211 28.939821
-26.409042 -194.447358
-30.578536 -230.420484
-50.915696 -39.608118
-71.883884 -227.083558
-63.801328 -229.990136
-72.291139 -227.396201
-17.774409 180.948138
-17.896479 187.390634
-18.141642 186.710812
-117.621493 -7.236447
-21.457952 178.871531
-64.387423 -235.360647
-68.777425 -238.584036
