date:2018-10-28, time:0800, wind_speed:4.3, wind_dir:25.0, temp:2.4
73.822569 115.854920
-10.013905 79.699908
-130.289634 55.919992
-147.014035 46.894326
-80.741431 -250.339526
-118.399196 -46.339332
20.099940 122.111517
-125.847141 -9.883905
-46.553482 -15.866414
-35.052359 100.700510
3.487993 95.106558
48.354949 -244.436876
-85.034630 -25.300753
-67.396872 -255.969365
-109.611859 -49.080701
-9.114551 104.139278
-92.977315 -238.186917
-76.713475 -250.347696
-9.060904 -286.025890
-5.336467 -292.276531
-9.030791 -18.944310
-55.797394 106.704278
15.025255 -286.445488
27.513360 -250.410998
36.309735 -250.238069
-75.701529 -252.980541
-88.726072 -241.149930
78.446638 188.162810
-67.335112 110.169807
52.629041 -256.339044
-68.396691 -250.411273
-34.596720 43.941383
-38.199766 131.150579
-35.435725 -244.585542
-9.963299 124.730296
27.135532 139.510842
28.000089 -250.132736
-14.060721 124.711172
-29.791363 122.235790
-5.294676 76.888973
-9.941794 73.642647
-55.788251 133.752399
-84.615343 -241.192638
-88.687300 -244.191773
