date:2018-05-14, time:0100, wind_speed:3.16, wind_dir:198.0, temp:6.2
44.237900 -281.107889
92.765610 250.023818
-56.817425 127.334290
-56.685122 157.301735
-69.414092 142.264712
22.153356 -278.055483
-98.232045 -208.634857
38.926821 -284.190421
-61.459397 118.176920
-84.499844 103.206013
11.317846 -74.042900
44.756814 -280.990001
17.612074 -20.154410
9.508149 -71.222510
-49.118329 97.042836
21.938822 -139.924333
72.232244 286.329647
18.350539 -290.000213
99.047795 265.239400
-86.334511 -220.858950
-65.665919 142.091002
-1.036524 186.982544
84.506621 247.148209
9.436781 -70.601460
67.547421 247.106722
1.050059 -283.893367
-98.559162 -208.851727
88.854221 262.316612
77.978729 238.225341
68.317014 256.289887
-9.482879 187.211699
17.882606 214.313063
57.248707 -256.984997
-67.695432 142.118858
55.530523 112.299253
1.467714 193.297433
16.959814 -70.774590
31.268013 205.575753
106.842576 253.242944
64.609713 253.587801
-68.777425 136.510089
-86.463799 -221.075956
-88.667655 -224.106952
-86.562473 -220.963288
-33.618930 103.368663
-31.015232 145.306748
