date:2018-10-25, time:1200, wind_speed:6.44, wind_dir:313.0, temp:4.9
71.095950 121.268283
-9.961122 84.920227
-137.212444 64.354081
-152.131675 58.490511
-81.224993 -250.587048
-117.852724 -44.657693
-105.274004 -122.578503
19.833885 117.358419
-26.655388 15.926849
-126.679519 3.900313
-47.404775 -11.070067
-34.999741 109.000637
3.134891 111.351939
47.918525 -238.584036
-84.418036 -20.677209
-59.927906 -260.140068
-68.321513 -254.079956
-109.994484 -53.070393
-9.419963 114.433150
-93.329262 -245.153038
-76.662311 -242.130312
-12.184360 -286.763817
-5.762709 -287.126509
-9.388309 -8.522969
-59.940463 111.959463
15.541336 -290.616535
39.583100 127.507830
27.641016 -242.083260
35.969350 -242.108442
-76.657140 -248.110630
-89.044649 -245.068763
71.463721 192.982835
-72.889568 118.505571
48.928169 -245.709028
-72.404888 -245.113143
-39.024103 48.976438
-39.056874 142.013853
-39.547868 -238.584036
-14.017610 129.975826
23.351965 147.955752
27.648607 -242.089992
-17.735053 132.423225
-30.136541 132.385996
