date:2018-05-29, time:0600, wind_speed:1.88, wind_dir:295.0, temp:14.9
77.203330 226.179925
-68.688433 97.041638
-72.924245 132.971158
11.040535 -285.032542
14.577049 -284.148379
-77.016917 76.046139
2.331444 -166.954781
-18.662731 163.168489
59.624324 249.462139
31.337853 -284.135296
43.837793 114.943412
60.519827 250.369420
-86.055773 108.400526
-93.948652 -239.314164
-110.334414 -250.887866
-55.922030 72.178412
-52.172238 123.869843
-109.973978 -248.967831
-111.255282 -245.818790
-85.393062 108.955228
-14.493130 -95.089996
-64.438953 163.024902
-15.704672 144.521723
-43.842241 128.987537
1.765227 -110.469770
-35.367996 147.025833
-22.753796 163.011890
-22.622305 158.984197
-2.037018 157.358489
-6.236841 198.974025
-89.578036 115.023096
22.838842 -284.102075
-57.286776 159.427938
86.046404 111.093976
110.409920 271.027289
14.584956 -283.982454
-10.590079 -293.290294
-5.902873 -165.122408
-61.289406 159.261227
-10.472391 -293.242776
-42.853107 126.361453
73.106503 108.003812
-77.234229 171.985321
-77.076972 135.802978
-81.213702 171.881581
56.294557 112.153711
-31.126774 184.192350
-56.099890 163.218489
35.468427 -20.097681
-56.360573 162.775398
