date:2018-10-15, time:1600, wind_speed:5.32, wind_dir:185.0, temp:12.5
60.989254 163.748462
94.152953 211.635275
-8.705191 127.469629
-145.456029 118.536715
-150.442505 115.633570
-159.253241 103.609056
27.510709 -280.498284
-88.408544 -244.515702
-177.137950 79.495782
-82.861531 -220.495619
-128.307685 -43.521446
-89.739341 -151.345772
-111.014312 -121.597262
49.574040 -280.445661
-22.355214 -283.449153
-68.209935 -256.398310
15.706450 118.635416
-87.586702 -187.516673
-74.993909 -136.460401
-86.048033 -214.674164
-187.117745 37.629881
11.368369 -283.381288
-149.034666 -19.496585
-125.079236 136.637863
-38.196808 61.638058
5.800052 172.858843
-66.723094 -238.498029
-138.470870 46.685350
-68.777425 169.518372
-71.256015 40.564624
-71.995264 52.709868
-148.543795 25.478756
-84.764573 -217.476773
6.921258 -202.429298
-64.967587 -241.424809
-88.904464 -244.297194
-79.649604 -193.335759
11.546534 -289.455538
7.478047 -289.509316
-30.629564 154.715438
-27.019536 -253.313581
-17.570974 160.514670
-93.286397 -244.232218
-89.174990 -244.506937
56.508590 -208.567561
36.609354 -199.521476
-36.331271 -280.259031
15.160444 166.541696
-72.262824 -214.435128
6.986021 -289.404469
-13.565499 -109.316991
-93.649518 19.765552
-29.761162 -208.501091
-68.233744 -244.517224
-78.018668 -238.269764
-20.919501 175.701463
-118.582759 -16.198093
-22.694196 169.821389
-68.764716 -247.400896
-71.840933 -250.336583
-96.553977 -244.368759
-88.008248 -244.524222
-29.245857 169.576937
-21.415020 163.612932
-85.184525 16.694927
-117.070970 13.650700
-21.405931 -283.412035
-14.541593 -286.596084
-22.406876 28.829532
-73.248629 154.822153
-152.388698 106.533486
26.769245 -235.595732
-65.242796 184.651288
11.431695 -286.589330
-21.888494 169.741761
-22.340721 169.792397
-66.561093 49.639103
-72.334416 49.595675
-11.256542 37.855083
-17.064059 103.614114
32.357709 178.529167
7.414869 -193.480371
24.012966 -199.387570
