date:2018-06-01, time:1400, wind_speed:3.21, wind_dir:184.0, temp:24.1
67.615170 229.709655
-78.913055 133.324204
4.708861 -283.670063
-82.934444 73.361797
60.442000 247.586295
43.153393 115.511634
58.979453 253.540804
-93.783700 106.502559
-110.766183 -244.604059
-111.576201 -247.482729
-110.454550 -250.587048
-89.560418 109.503312
-23.549741 -94.538370
-27.429622 145.528639
-54.020894 127.353044
-6.884799 -115.607521
-28.817626 163.372109
-11.458039 154.673183
-8.029918 199.407833
-99.800005 115.331433
13.101603 -283.549164
75.534737 109.246415
101.049652 271.660524
-11.103533 -169.582072
-64.554143 160.516113
-15.954761 -292.537284
-53.253205 124.655313
68.039745 103.480073
-88.455114 133.883048
-91.075073 172.563702
47.210900 112.529379
-35.435725 187.522890
-65.610443 163.543598
-73.626441 157.518843
-6.853881 -289.549229
21.154440 -268.639118
-74.278209 154.503113
-36.174163 154.587564
-16.021078 37.385960
