date:2018-10-14, time:1100, wind_speed:3.67, wind_dir:287.0, temp:10.4
65.120615 167.023323
98.301828 215.270659
-5.472214 130.363221
-143.383272 119.668953
-147.148738 118.440003
-155.873654 105.110743
31.976653 -279.823159
-85.292499 -244.994300
-176.877289 77.658496
-76.917073 -219.509654
-126.568305 -40.168808
-85.191401 -150.383389
-110.454550 -121.554669
53.053571 -277.849507
-18.654036 -283.980856
-64.180946 -253.134763
19.262852 121.977324
-76.468706 -187.671299
-81.156446 -183.714156
-72.517318 -132.840682
-85.047031 -211.695478
-185.047887 41.309509
14.931586 -280.541428
-147.513511 -15.908296
-122.756520 140.463073
-34.665434 64.369669
10.502361 176.588971
-64.337767 -234.641527
-130.801742 49.190700
-63.637954 172.435365
-68.262453 43.707839
-68.487975 54.260506
-142.878855 28.164673
-81.049776 -216.391873
10.932898 -198.815653
-59.572712 -239.275924
-85.251722 -245.288558
-76.486819 -190.569099
14.835734 -288.590723
10.626986 -289.963267
-60.254173 26.334407
-26.751550 155.728705
-22.777689 -252.381119
-13.768604 163.646998
-89.340762 -245.331868
-85.313845 -244.929289
-85.448275 -244.585542
60.688942 -204.909739
-105.465519 133.377450
39.991409 -196.718718
-31.185450 -279.644318
19.038262 169.772908
-68.288217 -211.126122
10.615055 -290.303813
-9.706974 -106.386095
-89.222238 20.714686
-26.400948 -205.802269
-64.248550 -243.375938
-72.396324 -236.083644
-18.483999 176.524237
-114.056469 -13.002821
-18.469133 173.033263
-64.417001 -246.410428
-68.172009 -247.067170
-89.292727 -246.201104
-85.056046 -246.219657
-22.667951 170.896773
-18.094469 166.053668
-80.713881 20.299503
-113.814438 16.262096
-18.360151 173.087659
-18.545450 -285.494291
-14.541593 -286.596084
-18.673834 30.188976
-68.050068 157.000271
-147.023780 108.782730
32.149872 -233.148371
-59.861011 186.894323
15.058378 -283.745975
-18.250637 172.488166
-18.172152 173.114845
-64.291728 50.516892
-68.377104 50.546637
