date:2018-05-22, time:0900, wind_speed:2.06, wind_dir:157.0, temp:17.0
35.613895 -288.556412
90.606154 242.273200
-59.586269 115.554852
-60.173209 146.508661
-96.962613 -207.584913
27.233915 -288.531147
32.174219 -289.300723
2.087182 -33.642242
6.398714 -81.436638
-63.575533 88.782260
11.363841 -151.362638
81.677473 254.421875
-93.415060 -234.625061
-80.432833 127.448315
-10.340195 173.786170
61.372010 245.673137
-1.971778 -294.529409
81.544728 248.648868
7.104050 202.797885
39.874429 -273.675903
48.676231 110.344568
60.719397 245.707747
-68.603250 125.543355
-85.594720 -225.555278
-101.953748 -240.644970
-93.449474 -234.504958
-39.588950 89.431405
-35.538576 137.348570
-97.460728 -234.410319
-97.866943 -234.508215
81.497877 251.644186
-92.888679 163.710746
-63.829680 124.734770
81.735719 257.660017
73.954117 250.808296
2.076427 -81.593907
-47.664051 176.580715
-1.862763 158.556725
-34.502741 175.342013
-31.310117 137.470705
18.602166 -93.597540
-18.404687 161.569434
-9.569278 175.873819
-10.160581 176.534707
11.453043 169.662150
6.336138 200.739976
6.480267 203.556888
-52.553241 109.884822
-78.848261 125.975246
