date:2018-06-01, time:1700, wind_speed:2.73, wind_dir:156.0, temp:24.1
66.659824 229.679019
-79.829756 133.316450
3.864675 -283.625628
-81.780850 73.609291
59.516226 247.674253
42.301998 115.555807
60.197993 253.717465
-94.614269 106.374356
-111.735431 -244.573421
-110.454550 -247.586295
-111.341726 -250.599624
-90.479106 109.497353
-24.439760 -94.536218
-28.348612 145.511051
-54.854157 127.356771
-7.865617 -115.620007
-29.646759 163.436390
-12.308266 154.646328
-6.725279 199.573471
-102.661218 115.586576
12.261200 -283.542180
76.610757 109.588936
100.164854 271.640455
-12.002118 -169.656055
-65.490117 160.602294
-14.541593 -292.597590
-54.208356 124.641274
67.094969 103.485203
-89.289241 133.797803
-91.910827 172.551206
46.271622 112.561617
-36.343761 187.518955
-66.570218 163.506233
-74.525111 157.618786
-7.710201 -289.572576
20.243994 -268.613154
-75.208921 154.528695
-37.112688 154.628602
-14.815202 37.568081
