date:2018-10-19, time:2200, wind_speed:4.48, wind_dir:204.0, temp:9.8
60.477232 136.510089
-10.429450 94.499547
-147.908393 82.496535
-160.931864 73.343584
26.694801 -289.749310
-89.983721 -244.786723
-86.786347 -245.185686
-127.125400 -43.535091
-111.336627 -122.038103
46.657979 -284.086490
-23.348420 -283.822889
14.576825 118.505571
-185.935297 28.319820
9.959448 -289.763951
-148.350941 -19.762616
-35.435725 34.484487
2.129257 142.511595
-135.460825 19.480722
-68.777425 10.478463
6.241400 -229.581777
-77.112850 -223.580271
9.961529 -289.784468
-39.978062 124.304532
-31.212443 -277.593825
-14.541593 130.508583
-93.783700 -244.585542
-94.241478 -244.790277
35.470957 -226.581024
-77.112850 -244.585542
1.625678 -289.746944
-89.560418 -4.525302
-27.549789 -238.737360
-68.777425 -259.589307
-82.547914 -254.140895
-22.877018 142.511595
-114.566693 -43.535091
-22.877018 136.510089
-77.533832 -256.798303
-98.831715 -245.014378
-90.852788 -245.154850
-31.212443 142.511595
-90.007900 -10.683529
-22.877018 -283.595331
-15.804224 -287.045374
-22.877018 4.476957
-72.889568 130.508583
-152.557568 79.286122
31.247675 -265.590813
-73.368615 154.286538
6.241400 -289.596837
-23.351468 139.264286
-22.877018 142.511595
-68.777425 22.481475
-68.777425 19.480722
-18.764875 73.494276
27.135532 148.513101
10.464682 -223.580271
22.912250 -226.581024
-85.934856 -244.738490
-90.468000 -245.014304
52.106575 208.576506
-22.877018 136.510089
-72.889568 136.510089
-32.171283 145.138514
