date:2018-06-22, time:0000, wind_speed:2.8, wind_dir:360.0, temp:14.1
74.250185 199.085307
-88.010735 88.028350
-89.277512 37.488603
-21.169100 -139.924931
-17.476491 -157.883056
-18.764875 -223.580271
-54.595774 75.932709
49.228599 109.143582
-43.512063 130.510407
-67.187316 127.024823
103.118509 103.234905
60.792465 265.617118
102.518795 103.485342
-38.244612 139.274008
152.805596 139.452931
23.168329 151.468779
32.777836 175.037396
35.470957 -67.541115
36.683921 178.207005
35.805447 193.552045
140.924030 127.134523
70.113772 247.312731
61.471673 106.222505
40.238127 -64.619556
36.488860 -67.715500
52.842705 -283.721454
32.493351 157.173754
36.750562 166.069523
28.483343 160.136104
65.949667 241.288516
-5.862419 46.458925
24.208374 -88.876437
103.430265 103.152961
102.863186 103.407431
35.796677 -67.555717
