date:2018-09-06, time:0800, wind_speed:2.83, wind_dir:262.0, temp:27.7
-165.200063 6.258077
43.806382 112.504065
43.626096 111.804354
35.470957 118.505571
64.589375 154.514607
60.442000 244.585542
14.262518 177.620452
81.280563 211.577259
72.224857 219.228270
-85.448275 154.514607
43.252532 111.273646
30.620435 156.215745
-31.463443 21.501833
97.585206 239.354999
60.282697 243.929579
5.920691 132.574122
1.848614 141.477858
-64.820023 150.519559
-181.830306 99.207678
-52.547789 156.160500
35.330151 117.920822
93.215880 216.209374
-52.384079 129.503677
85.380100 222.978609
22.630119 158.038512
76.969371 241.006446
105.829403 221.236183
-22.989413 121.898057
-152.306477 -17.117545
-173.028643 51.823040
27.135532 124.507077
89.289322 225.581907
81.047591 218.006800
-94.168806 119.009609
10.230863 186.582679
64.517150 159.921375
76.973273 177.885049
26.978808 123.863760
114.042400 192.171007
-181.250093 82.496535
-177.233438 79.205749
97.588329 183.588948
-182.194703 91.778252
-181.591037 93.532807
68.280784 264.310677
18.305727 156.314705
51.982741 117.816832
60.442000 211.577259
-181.829265 93.210806
-73.100830 132.505360
39.583100 -286.596084
-85.063262 164.567224
-31.554657 147.600382
110.114883 162.526239
1.635123 168.229990
-64.880055 138.566651
-56.518584 144.631850
97.951413 220.579518
14.576825 142.511595
64.589375 142.511595
35.085862 117.670020
72.924800 103.501806
106.266500 193.524396
89.504154 225.988893
93.617130 231.887232
2.129257 157.515360
60.155486 243.516169
1.832498 168.469758
-6.658569 141.529730
114.398542 255.970982
9.543292 164.108634
2.017533 168.918206
105.735131 191.044626
106.167205 190.188859
106.077730 190.002087
-2.094025 160.516113
43.806382 112.504065
56.043881 192.874464
17.826084 155.106000
18.299941 156.144496
-160.529502 121.247440
-156.629445 117.479509
-156.633408 129.517033
27.135532 -235.583283
-173.526699 57.172852
-115.523496 128.000724
72.919483 -232.939928
-186.032801 27.132233
43.806382 112.504065
43.699321 111.863673
43.204799 111.309952
39.315518 -275.639392
-127.796811 -44.818998
-52.667675 -197.926134
-94.466585 -173.804570
-139.771873 132.787496
-61.033270 -206.753179
-18.967868 -246.964811
89.615988 226.581024
-181.448927 27.596769
-98.224643 -125.646288
18.731151 187.249746
18.670688 186.935281
-160.788780 120.445247
-161.091713 117.168820
43.309547 111.166085
-148.098271 59.037700
-110.526592 -23.083713
-169.396568 114.259400
-164.803856 111.532069
-164.695269 6.879239
-160.645853 3.855845
43.628185 -266.186613
23.410546 -282.621892
22.760216 -227.208505
-164.753586 27.833436
-118.340883 -114.602941
-147.529979 131.327695
101.614738 222.271794
-10.728241 -236.521053
-73.234828 -146.536820
39.306662 -275.509056
30.760741 -279.008044
30.658544 -275.800441
-77.219489 -127.062203
-77.777068 -113.915931
-106.231268 -238.584036
-148.074458 118.991425
-6.362739 140.240608
-6.796970 141.274939
-10.755710 141.490033
1.625158 159.259557
72.322015 -233.907040
68.812657 -235.583283
72.924800 -238.584036
47.713859 111.927055
47.755662 111.874984
-152.131675 -16.528314
-152.492916 -17.474346
