date:2018-06-01, time:1600, wind_speed:2.7, wind_dir:182.0, temp:25.7
66.969540 229.521743
-79.547695 133.189266
4.096397 -283.800485
-81.538123 73.469489
59.769783 247.511941
42.525272 115.465831
60.442000 253.587801
-94.384332 106.285144
-111.403033 -244.740621
-112.221528 -247.533070
-111.116557 -250.734738
-90.244382 109.369450
-24.170051 -94.684833
-28.121015 145.359737
-54.597825 127.195446
-7.553060 -115.707487
-29.343335 163.268904
-12.060167 154.532629
-6.499463 199.469817
-102.384738 115.448860
12.512351 -283.721147
76.848050 109.513408
100.416048 271.537085
-11.681204 -169.724858
-65.241057 160.425993
-16.627635 -292.690013
-53.888515 124.547106
67.393216 103.359172
-89.048459 133.709481
-91.625132 172.445651
46.560092 112.405123
-36.037004 187.341067
-66.238147 163.436716
-74.193150 157.452499
-7.434751 -289.713343
20.562576 -268.746458
-74.933277 154.392283
-36.834338 154.454081
-14.541593 37.485240
