date:2018-06-19, time:1400, wind_speed:6.6, wind_dir:325.0, temp:23.7
74.142896 210.687657
-88.445476 96.589042
-88.987620 43.061568
-21.639187 -131.410051
-17.683113 -149.376253
90.817781 237.736330
-21.605815 -212.459773
-55.642735 88.042176
47.918525 109.503312
-46.603880 138.648458
-71.632023 138.616182
97.931075 103.501806
28.274411 174.646193
60.442000 265.590813
99.171801 102.572878
-38.341486 147.683015
152.166907 139.510842
23.502808 157.123353
32.447202 183.750660
31.853109 -68.002691
28.286326 174.623595
11.712604 162.619741
36.597953 183.666213
35.470957 193.524396
11.683669 -116.404731
140.884865 138.645816
70.016577 255.781830
57.462502 105.690441
40.729596 -65.355797
35.470957 -67.541115
53.377873 -284.416367
36.679407 174.684195
32.403792 168.636857
36.640041 174.701567
28.276440 171.659950
65.782447 252.796824
-5.024102 45.651292
24.110597 -80.321247
97.931075 103.501806
99.111224 102.652097
