date:2018-06-09, time:1400, wind_speed:4.97, wind_dir:300.0, temp:21.4
73.768136 239.953603
-85.448275 127.507830
2.129257 -289.596837
-84.922931 69.448847
61.305634 245.865235
48.758181 116.829241
-109.899647 -248.656530
-109.966169 -251.603790
-96.724488 107.278571
-30.402876 -102.188871
-6.206168 -115.553163
-26.466653 165.497597
-14.541593 151.513854
-2.094025 199.525902
-110.454550 106.502559
11.882203 -289.348887
98.707296 266.898341
-18.291683 -173.580834
-60.442000 163.516866
-52.106575 124.507077
-93.783700 130.508583
-93.783700 172.519125
43.806382 112.504065
-43.771150 175.519878
-64.554143 166.517619
-81.224993 148.513101
-76.292958 146.892652
-34.574001 152.840455
-18.764875 28.482981
69.557928 261.007749
65.420832 260.952094
102.154357 103.501806
-6.206168 46.487499
11.771078 -87.896276
22.912250 121.506324
35.470957 193.524396
60.442000 265.590813
102.154357 103.501806
-39.547868 175.519878
152.166907 163.516866
27.433799 181.090882
-9.575252 29.827681
-9.563993 23.836338
40.354432 -63.164357
39.583100 196.525149
44.620664 -60.171795
2.129257 100.501053
106.266500 103.501806
31.247675 196.525149
27.135532 190.523643
39.583100 196.525149
39.583100 196.525149
47.918525 -55.538103
43.806382 -61.539609
-9.530160 44.806463
10.464682 -85.545633
156.279050 160.516113
153.007487 164.835204
60.477232 106.502559
