date:2018-10-17, time:1000, wind_speed:2.87, wind_dir:209.0, temp:7.9
60.477232 151.513854
93.818932 202.526655
-10.711282 112.305229
-147.908393 103.501806
-152.131675 103.501806
-160.786235 91.316950
27.135532 -289.596837
-89.888147 -244.763599
-177.137950 79.495782
-85.685225 -235.741275
-127.765044 -43.920046
-93.783700 -163.565211
-110.699111 -121.732503
47.648010 -283.748746
-22.877018 -283.595331
-68.777425 -259.589307
14.576825 118.505571
-85.710269 -226.773388
-185.473375 28.482981
10.464682 -289.596837
-148.225913 -19.739154
-127.456005 124.398978
-39.547868 49.488252
2.129257 160.516113
-68.777425 -253.587801
-139.572968 34.484487
-68.777425 157.515360
-73.195851 28.357981
-85.768624 -229.761895
6.241400 -214.578012
-81.532043 -205.708736
10.464682 -289.596837
-31.212443 142.511595
-31.212443 -265.590813
-18.993691 148.377035
-94.013242 -244.704003
-89.560418 -244.585542
34.854009 -211.831256
-39.803155 -280.771254
-73.441219 -226.848831
6.241400 -289.596837
-14.541593 -121.554669
-93.783700 10.478463
-31.212443 -220.579518
-69.027110 -256.715141
-81.553394 -250.782588
-22.877018 163.516866
-119.016079 -25.687904
-22.877018 157.515360
-72.889568 -256.588554
-72.889568 -256.588554
-97.895843 -244.585542
-89.858865 -244.716866
-31.769054 157.146791
-23.128992 151.339841
-85.448275 4.476957
-23.140589 -283.749966
-14.791627 -286.698655
-23.381089 16.119520
-73.180473 145.369706
-152.442292 97.293985
26.866408 -247.775210
-69.075852 169.308346
10.134392 -289.792234
-22.877018 157.515360
-22.877018 157.515360
-68.777425 34.484487
-72.889568 37.485240
-14.541593 28.482981
-18.764875 88.498041
31.019554 166.355818
5.945739 -205.685279
22.301519 -211.887945
-85.448275 -244.585542
-89.560418 -244.585542
47.938863 223.580271
-2.094025 -181.569729
