date:2018-07-26, time:1300, wind_speed:3.4, wind_dir:246.0, temp:25.2
77.148082 103.501806
-81.224993 91.498794
68.706824 106.136248
-51.521339 -92.831085
-39.547868 -94.547892
60.034919 246.742297
60.235740 247.285461
43.419664 114.637010
47.763511 109.165649
-173.018480 22.144399
68.812657 103.501806
47.918525 109.503312
-10.429450 175.519878
-164.916845 51.684072
47.496176 108.716780
47.536918 108.710683
-10.582223 -241.898223
-160.674599 16.150398
-110.791588 -254.425849
-31.988449 -71.925273
-2.232959 121.115562
-160.620854 16.174833
-177.137950 25.482228
-52.106575 28.482981
47.481884 108.734192
55.808710 105.765692
-2.227793 190.184376
47.754860 109.185885
47.752871 109.213041
43.604471 112.198395
43.444720 111.750052
47.552858 108.826752
43.347788 111.737582
2.129257 124.507077
60.274180 106.179696
97.931075 109.503312
-23.041768 121.190192
47.757840 109.170256
47.569252 108.739793
72.677944 105.359158
55.603197 108.278351
60.253530 268.273706
43.414123 111.651960
43.681191 112.111981
47.775328 109.173000
-57.068531 -32.891790
43.598886 112.200749
43.806382 112.504065
43.689037 112.110701
43.806382 112.504065
51.743480 108.093646
-60.890172 30.730782
56.253950 106.502559
52.141807 109.503312
-6.553922 195.717490
5.269222 -59.705700
-27.775819 -17.791078
47.513419 108.699826
43.634223 112.125602
43.671611 112.178352
-173.286162 21.738806
-173.521476 21.328427
43.635981 112.180810
43.692826 112.179710
56.253950 106.502559
43.428897 111.709563
47.608798 108.758477
