date:2018-06-09, time:0400, wind_speed:3.16, wind_dir:281.0, temp:12.0
74.044298 241.907898
-85.095681 132.597907
2.389897 -284.583160
-85.379741 72.946290
60.647659 249.665981
49.023019 118.908893
-110.282466 -245.163032
-110.321728 -248.282617
-97.235621 110.476999
-30.910288 -98.612112
-6.021315 -110.531966
-27.028274 168.890731
-14.191239 156.531390
-1.849005 204.582077
-110.169771 111.497621
11.414754 -285.984113
99.019128 269.034384
-18.651548 -170.231263
-59.941412 168.244150
-51.724777 132.021161
-93.470592 135.593964
-93.519806 177.529976
44.151788 114.575106
-43.563995 180.525833
-64.262488 171.618747
-80.920813 153.463884
-76.042652 151.963797
-35.214127 156.512564
-18.437337 33.569688
69.162887 264.628847
64.881288 264.563895
102.528400 102.596101
-5.874849 45.582177
11.019272 -84.487121
23.209342 120.653685
35.767822 195.655033
60.479214 265.211140
102.295386 102.846165
-39.228185 180.585270
153.096556 166.918207
27.824752 185.630542
-10.169155 33.449249
-10.118972 27.414632
40.759789 -58.162821
39.916001 195.597817
44.143045 -56.494306
2.445207 105.539210
-1.066444 31.883562
-18.531014 33.565398
106.421281 102.834343
31.488011 201.576015
27.208591 195.827519
39.934475 198.449935
39.820453 195.565245
48.118396 -53.448068
44.151928 -59.502171
-10.136935 48.529439
10.806752 -80.579050
156.645227 165.456388
152.398314 168.551714
60.543225 106.145452
