date:2018-08-14, time:0500, wind_speed:1.75, wind_dir:59.0, temp:19.6
68.008032 110.046958
-61.313346 -129.798552
67.969939 110.207356
47.136693 116.181570
-181.147968 33.197058
-164.432092 9.415964
-110.287149 -248.863833
47.946870 114.450418
47.988909 117.378996
48.166029 114.306047
47.135319 116.172411
55.178822 113.277842
47.125712 116.046185
43.138328 119.496982
43.789279 117.370583
42.729311 119.186799
43.853335 117.520829
-73.825967 -3.711071
-7.032497 206.459878
43.114757 119.689481
56.158634 114.477873
43.716077 117.440190
47.735483 117.392392
-23.900392 -45.714584
34.570911 200.140216
-48.583777 94.937184
-27.390938 -60.280798
71.903035 110.224721
-5.919110 54.075764
-14.497784 24.325254
42.903909 119.506744
43.646481 119.818350
68.424371 110.713086
9.796658 65.834022
18.105099 182.091242
47.673979 117.548659
-111.062590 -247.125037
93.212819 230.189900
43.105046 131.538096
123.148308 246.461967
118.886998 261.493827
-14.460963 30.307265
-39.381382 86.954488
80.835376 186.778112
97.354696 264.025842
-115.321037 149.178998
1.499722 152.780012
42.914682 119.030756
43.725634 117.533909
43.014420 119.235799
-40.219767 164.028130
55.554366 131.433906
97.290375 110.456097
9.707062 65.163408
110.510092 198.373702
110.019524 176.613861
76.238231 275.512760
55.807203 215.694986
6.348126 60.138795
43.711447 174.476781
43.862083 117.502813
-60.990900 182.424766
42.947055 119.437493
43.549398 120.495241
30.300724 161.573075
114.034690 248.517472
110.654832 252.208756
110.380511 248.974335
105.744233 257.806914
122.285105 209.169684
6.415754 87.256446
43.633892 162.661608
-152.927858 119.250659
38.816890 125.559150
43.086347 119.557613
42.864292 119.295912
109.620807 161.664709
-43.723949 147.527092
-11.376813 149.065366
48.007223 117.594697
135.122660 255.003276
-118.787023 153.174544
-56.250653 192.432883
142.978800 218.718435
47.877895 114.449086
47.123113 116.380600
134.771842 230.848774
-181.831746 104.002838
105.473508 275.462055
76.273927 188.421418
114.706376 258.505978
110.628257 264.597799
118.051151 257.455939
109.885935 260.777850
2.296407 63.293478
5.401995 62.126069
-2.038076 63.431972
-161.242623 119.165793
127.010582 279.493343
72.164331 284.529077
76.952618 279.759091
39.714374 171.498160
43.011746 176.395594
47.976028 114.329856
88.757245 158.698807
143.607144 279.610643
94.053934 159.324172
113.860077 227.421794
-139.566358 111.476619
118.281571 209.961238
34.722071 176.445129
80.235710 212.450830
88.899994 173.253279
-35.490744 192.543770
31.387656 204.621759
22.175934 197.576423
43.733101 165.549845
68.721737 108.518157
68.453837 113.633414
84.647793 296.359946
-161.217027 124.988441
73.095550 213.380287
46.941227 173.618842
67.983361 167.367348
56.312442 144.281061
22.021635 194.601592
102.136639 294.486461
-144.601877 131.177749
-52.025495 183.483854
-31.211204 192.415677
60.428114 150.375031
130.622750 245.788850
43.824393 156.458609
-110.387729 180.212009
114.381256 254.817894
113.919884 257.479362
114.172531 257.818752
118.717936 258.789440
114.299500 254.705901
22.617867 185.512673
122.526791 242.702601
-40.103458 167.578621
-39.296733 165.313533
-39.919191 167.602493
-35.841890 167.822288
27.266044 195.385203
26.308914 197.346942
23.092494 201.101557
22.799082 192.691662
97.211074 158.611150
43.297381 149.370664
126.084959 266.452535
-90.581267 176.239924
72.853070 -257.916674
118.270432 252.752209
43.544244 120.606809
44.041136 120.153867
56.761317 113.678571
-89.062430 176.513210
-180.757517 101.545884
48.230120 179.422365
48.288168 191.261561
