date:2018-09-30, time:1300, wind_speed:2.75, wind_dir:237.0, temp:17.7
-94.199401 153.657514
80.940872 213.548278
56.909779 171.445418
-177.199295 90.262772
-9.782626 153.275463
10.648385 -287.786503
89.614211 219.481166
-14.042569 135.344389
-2.400102 156.657116
-164.896897 114.368290
-155.966942 129.172525
-177.477993 61.095389
56.950609 -236.799651
-185.087435 33.399572
-76.279787 -197.704419
-93.679569 -176.788259
-155.835568 123.353656
-163.863612 108.601984
-85.145535 -149.638468
18.439257 -278.536174
44.486301 111.227551
-148.436467 -17.058841
-77.374251 -239.868859
-176.249660 78.290291
22.569499 -272.466564
-60.850123 -167.057805
-114.781485 -118.807887
60.287154 265.377827
-185.976398 45.863231
-85.106201 -245.766534
-89.046082 -101.765038
-161.002226 120.776819
-114.017694 -110.641752
-18.035490 165.600088
-181.735379 84.605771
-97.230099 -146.825177
-77.519292 -209.180125
-138.693043 -32.789261
-98.012815 -146.659469
-185.865018 30.663035
-76.649069 -188.627248
-148.279099 -8.353114
-176.383422 102.261310
-176.773434 93.357162
-181.650017 93.542182
-6.561022 198.376543
-115.010601 -113.479406
48.764819 -248.723247
-1.293549 -248.848903
52.141807 -271.592319
-31.368480 -280.844821
48.787568 -248.864821
39.130808 -245.298432
52.586501 -254.615099
48.378874 -242.754321
-81.224993 -253.587801
5.908517 172.061357
86.164390 180.256272
-152.612002 -5.475572
-147.586399 -11.716714
-160.297121 45.315588
-69.237122 -230.337504
-60.789130 -110.064814
-81.741397 -71.306643
-89.083657 -245.776717
6.999068 126.283605
-92.945014 -143.898522
-152.558310 -17.378165
5.660029 123.945687
55.769581 -236.408127
-77.688837 -251.354467
-151.708907 132.630552
-88.796962 -125.887672
-90.066635 -179.440581
86.282456 105.227814
-81.666308 -176.279171
-80.708509 -179.658020
-81.037043 -182.923492
-85.707089 -176.542260
15.425574 183.360218
19.106696 180.355982
-85.673402 -113.429543
-93.828754 -146.773097
-93.934336 -143.622038
-94.316137 -146.306390
1.979359 129.508797
-85.606919 -124.865909
-89.938718 -122.570789
-143.475407 147.441890
-144.283028 141.918394
-90.060338 -203.423956
-90.172606 -206.309969
-114.976519 -116.077644
-114.206986 -119.817207
-98.344990 -146.211528
-97.598892 -146.664178
-177.635886 102.741831
-177.295619 102.333821
-81.236985 -254.802199
-77.310715 -254.650389
-77.370162 -254.766338
-76.817659 -257.860862
22.643415 -272.802541
26.830168 -272.555217
27.362169 -275.661770
-72.180363 -203.899004
-80.451499 -56.706107
19.334214 -266.695798
-72.216054 -230.640995
-77.579800 -65.280959
51.646203 120.584980
-187.041617 45.970442
-181.551030 46.048245
-186.258144 43.782701
-185.711306 44.778772
18.302749 -267.982972
18.800107 -265.590813
20.519124 -268.441102
18.941781 -267.172477
