date:2018-05-16, time:0500, wind_speed:3.55, wind_dir:22.0, temp:6.4
43.806382 -283.595331
93.783700 250.587048
-60.442000 124.507077
-64.554143 154.514607
-97.895843 -208.576506
35.791494 -286.422797
-89.560418 100.501053
14.576825 -76.543374
39.583100 -283.595331
16.050172 -21.800098
6.581564 -73.377824
-52.106575 97.500300
18.800107 -142.559940
14.948335 -289.400640
89.615988 262.590060
-85.448275 -223.580271
-67.434513 140.106459
-6.206168 184.522137
6.241400 -73.542621
64.609713 244.585542
-2.094025 -286.596084
85.448275 259.589307
77.112850 235.583283
64.609713 253.587801
14.597163 211.577259
47.918525 -262.590060
-71.470280 140.135975
52.141807 109.503312
10.464682 -73.542621
31.650648 202.712885
102.119125 250.587048
60.442000 250.587048
-68.777425 136.510089
-85.448275 -220.579518
-93.783700 -226.581024
-85.448275 -223.580271
-39.547868 100.501053
-31.212443 142.511595
-93.783700 -226.581024
-93.783700 -226.581024
