date:2018-07-10, time:0400, wind_speed:2.48, wind_dir:313.0, temp:19.9
-114.293769 54.564111
-89.340138 42.361371
48.052769 108.555902
-82.063012 105.495140
98.290871 102.717993
98.079528 102.444138
1.129800 147.458888
2.502478 -88.997135
56.342629 105.524692
-39.435416 24.469182
60.107024 -263.423623
-5.938853 -104.407360
-23.330062 96.627701
114.942243 105.717887
1.775875 -89.608534
10.605917 -91.778380
6.478425 -82.763914
56.110191 105.333485
-1.802062 -79.995033
98.266577 102.531280
-103.019372 48.448214
-93.783700 49.488252
60.550185 243.454306
60.493515 243.615341
-114.420376 1.222915
34.751920 117.206208
43.201877 111.233118
43.219591 111.249323
122.412758 153.558830
56.318107 105.423282
56.284647 105.301930
-168.522913 18.576119
-119.111588 63.430012
64.938505 240.583133
-14.301255 99.619580
30.431604 -68.815237
97.291659 102.098438
-35.943630 -29.625750
93.886200 105.448089
35.821887 181.112435
19.040495 178.271158
-43.806065 -29.774151
-168.475189 18.575800
-115.435935 54.516831
-118.473065 55.029009
56.493796 105.584996
56.076647 105.314137
56.441803 106.254729
56.482598 105.959477
48.259553 -239.084870
51.505680 -236.358037
-114.345731 -13.713318
-114.250874 -2.061015
-168.569726 18.600064
-169.361885 18.272088
-35.436651 -44.652894
5.272702 -95.549879
-106.378822 -257.817081
35.860249 -65.238073
26.530700 -68.579945
76.008154 102.644394
60.539454 243.495922
35.367250 120.441879
-168.491930 18.484511
-168.533417 18.448461
-168.663292 18.556133
73.262250 108.817141
67.720994 267.545097
-169.331673 18.203948
