date:2018-07-08, time:0000, wind_speed:1.53, wind_dir:302.0, temp:16.4
-105.771709 57.750060
-80.961583 48.826221
48.132469 109.130337
-72.539875 108.919281
98.822391 102.245094
98.639523 102.243165
10.760449 150.994782
11.009681 -86.229847
56.719792 105.756874
-30.978449 27.925334
2.853352 102.437127
69.420484 -260.378298
60.931449 -236.179571
-1.445686 -101.457752
-14.459927 100.187231
119.189597 106.022760
11.000448 -86.189407
19.705676 -86.653073
15.158365 -80.217144
56.378051 106.304587
11.015997 -77.521043
98.094660 103.242703
-93.336789 51.746007
-84.700038 54.379583
60.881309 243.954627
60.794077 243.963286
35.573673 118.326927
73.481985 -233.224879
-102.119125 7.477710
36.006139 117.836902
44.197031 111.878015
44.162582 111.977828
131.685895 156.707864
57.145258 105.303977
56.299998 106.407794
-168.721395 19.314124
-109.873335 66.654188
65.503928 246.263466
2.480439 102.935956
39.877678 -64.923217
98.140219 103.190668
-26.751928 -26.076955
94.400127 105.694812
48.053462 184.154168
10.654206 178.265353
31.596998 180.956709
-30.660632 -26.066316
-168.691694 19.153818
114.919156 268.056278
-106.125024 58.367295
-110.140480 57.964236
56.506290 106.112618
56.432497 106.227261
56.591611 106.031122
56.667676 105.780187
60.876762 -236.154824
60.958618 -233.116335
-101.680507 -7.423766
-101.485722 0.555280
-168.802525 19.480722
-168.447431 18.754000
-22.044422 -38.785605
14.576825 -88.546386
10.675913 -80.088094
-105.854419 -257.156616
44.073598 -62.097561
35.834152 -65.204997
85.693579 106.027699
