date:2018-09-26, time:2200, wind_speed:3.9, wind_dir:269.0, temp:20.6
-98.239408 156.438734
18.380046 165.837175
-181.254108 103.045107
80.934968 216.902115
51.755772 177.781919
-181.212313 91.092700
-15.122812 156.368039
10.134731 -281.272279
85.144347 222.491779
-18.764875 139.510842
-1.715025 162.453567
-165.017640 117.824186
-156.664699 135.819385
-177.131742 64.050948
51.697832 -233.832453
-185.473375 37.485240
-76.736459 -191.572352
-93.835223 -172.983303
-160.509109 124.029822
-169.561264 111.245206
-32.062714 -239.625805
-85.734542 -143.739476
18.800107 -277.593825
42.416681 114.684381
-152.445782 -14.177166
-77.246810 -233.810425
-177.855934 78.726562
22.274240 -266.549769
-60.836313 -161.583011
-114.844660 -119.129911
60.011915 267.961591
-185.456973 48.999811
-94.657139 -239.562792
-89.560418 -97.548645
-160.467100 124.507077
-114.319710 -104.569748
-27.834586 171.388234
-181.235883 85.112947
-97.895843 -142.559940
-81.547606 -209.211968
-140.551051 -26.576665
-98.675847 -143.336686
-185.495965 31.059690
-76.104726 -182.639212
-152.932756 -8.285902
-177.158469 106.051782
-182.137809 96.661943
-181.635747 99.407377
-181.578297 96.751472
-6.206168 199.525902
-118.788287 -112.974845
44.013119 -245.654350
-6.206168 -244.585542
47.477636 -269.747277
-31.024163 -278.736534
47.918525 -244.585542
39.441000 -239.524471
46.978288 -248.854676
47.895342 -239.030994
-81.563607 -251.319200
1.776403 177.359367
-152.098757 -13.935017
76.319846 231.529498
85.483507 184.522137
-152.131675 -4.525302
-152.162838 -8.007468
-169.672893 48.559678
-68.913698 -227.710232
-69.814114 -107.618958
-85.679061 -65.785710
-94.540928 -242.657097
1.656192 132.398012
-98.340899 -137.258869
-152.483354 -14.153111
1.223743 129.329074
52.141807 -235.583283
-82.134776 -251.412823
-157.069255 135.686149
-98.806167 -119.342338
-89.329252 -173.553205
76.726901 111.357225
-80.237532 -173.649419
-81.646435 -173.246593
-81.623945 -176.280844
-85.682444 -173.607540
9.636227 186.507073
14.188397 186.657257
-89.974627 -110.737300
-98.284557 -143.243517
-98.624235 -143.458935
-98.762952 -143.426477
2.129257 130.508583
-90.425919 -122.664508
-98.287623 -119.939688
-143.796250 151.513854
-144.143614 150.825957
-88.794318 -203.493924
-88.724180 -206.564624
-118.758451 -112.931521
-119.680116 -113.371276
-98.194779 -143.178525
-97.884607 -142.986475
