date:2018-07-09, time:1900, wind_speed:3.7, wind_dir:182.0, temp:24.4
-111.309320 55.513794
-90.448436 43.477168
46.666254 109.644060
-80.865237 106.837629
97.123832 103.512877
96.994568 103.566962
2.309473 148.686793
4.935778 -88.388502
55.439526 106.497056
-40.479155 25.469940
61.116871 -262.133862
-7.069662 -103.503204
-22.283715 97.882085
114.225032 106.484130
2.860834 -88.157192
10.408088 -91.334285
9.093928 -82.365198
54.811717 106.647315
0.742535 -79.409167
97.033326 103.533959
-101.958832 49.629468
-93.756744 49.650652
59.563559 244.520690
59.124578 244.825836
-111.854034 1.661114
33.598972 118.811040
41.988263 112.783254
41.931297 112.836720
123.526880 154.921061
55.404813 106.522659
55.451039 106.446042
-169.709202 19.552152
-118.083901 64.716892
64.238455 241.536952
-11.201085 100.553988
31.376816 -67.382656
96.210731 103.769049
-34.885633 -28.197911
92.923459 106.610940
38.277110 181.642046
5.329337 172.572579
21.520570 178.668814
-40.758946 -28.455857
-169.655940 19.449676
-114.310858 55.911313
-115.944048 55.582412
55.478111 106.468153
54.837989 106.630695
56.253950 106.502559
55.895834 106.521747
50.828880 -238.475189
52.655105 -235.245219
-111.753517 -13.350636
-111.845696 -1.375931
-169.682552 19.494398
-170.652759 19.838748
-36.358254 -43.612060
6.423552 -94.183850
2.405061 -82.271213
-107.522972 -256.446528
35.069205 -64.586231
27.487183 -67.290428
77.065428 103.791776
59.100293 244.664458
36.328841 121.879052
-169.220198 19.422021
-169.620516 19.514919
-169.202323 19.418721
72.509659 109.437965
26.972688 -67.321177
68.763195 268.894621
-170.604436 19.682635
