date:2018-09-28, time:1200, wind_speed:1.0, wind_dir:37.0, temp:13.2
-92.983611 157.967904
82.234102 218.120772
52.141807 178.520631
-181.122028 94.618612
-10.092062 157.829264
10.464682 -280.594578
85.714223 223.717918
-17.207847 143.094671
-0.901129 160.914172
-163.216770 118.942077
-154.617336 137.019657
-176.239865 65.025661
56.253950 -232.582530
-183.936538 41.038576
-75.619011 -192.961810
-92.858199 -168.978867
-155.387273 127.990357
-163.751541 112.954833
-85.397509 -142.477326
20.136847 -274.029898
43.845473 118.589136
-151.928270 -13.371694
-75.661707 -234.947268
-177.055695 82.508875
24.043550 -268.175524
-59.200367 -159.885611
-113.126360 -114.921916
60.442000 268.591566
-184.352479 49.935469
-89.503036 -238.475466
-88.657944 -94.049639
-159.205990 127.960034
-113.664658 -103.013935
-22.877018 172.519125
-179.986334 88.979141
-96.423533 -138.928092
-75.749024 -205.132317
-139.572968 -25.530573
-96.448278 -144.939159
-184.052754 35.062736
-77.039766 -181.557217
-145.438813 -7.351436
-176.167251 110.071377
-175.849602 101.047396
-179.916920 98.029655
-5.255167 203.065871
-113.209603 -108.914794
49.617699 -244.114496
-6.108441 -241.519550
52.191379 -268.516416
-29.906323 -277.003077
47.918525 -241.584789
41.083865 -241.036738
53.088032 -247.037637
47.918525 -235.583283
-80.291995 -250.193407
7.596132 179.118031
85.483507 187.522890
-150.826292 -0.931492
-146.361871 -3.965349
-162.263476 49.557240
-67.875167 -226.142897
-64.554143 -106.550904
-79.842295 -64.094754
-88.053154 -241.037051
6.241400 133.509336
-96.248855 -136.002757
-150.814500 -13.175655
7.159861 130.832010
52.141807 -232.582530
-76.670818 -250.264814
-149.610392 136.752043
-92.311673 -117.917600
-88.145525 -174.855623
81.491091 112.682267
-79.642487 -172.140189
-80.083623 -171.994877
-80.023495 -175.052203
-84.136885 -172.035667
15.274945 188.020375
14.617684 187.621281
-84.072570 -108.971273
-96.335589 -141.923724
-93.318052 -142.226626
-93.558501 -142.361430
3.335065 134.063387
-83.935066 -120.946830
-93.678194 -118.456509
-142.829299 155.044768
-142.589352 149.119110
-88.673513 -199.028825
-88.692221 -202.073282
-114.441581 -109.529940
-114.359109 -112.376684
-97.767120 -142.532732
-96.423721 -138.946695
-175.641631 107.079038
-181.196368 106.599270
-79.846299 -253.039911
-76.592264 -249.865600
-80.848624 -250.207577
-77.112850 -250.587048
