date:2018-09-26, time:1800, wind_speed:5.47, wind_dir:189.0, temp:21.0
-96.844001 157.307568
18.182082 166.063867
-181.880706 103.386978
80.713797 217.001060
55.113894 178.336512
-181.820037 91.442876
-13.634153 157.349619
13.337106 -280.831976
86.551608 223.337385
-18.599287 139.295758
-0.384658 163.319753
-165.147032 117.992643
-157.455661 136.323483
-177.740326 64.341578
53.089649 -232.796240
-185.473375 37.485240
-75.260057 -190.701299
-94.345280 -172.659513
-161.029386 124.361562
-168.140406 112.288879
-30.654884 -238.733718
-84.295785 -142.838340
21.638716 -277.719993
43.806382 115.504818
-153.449379 -13.646780
-75.925072 -232.846980
-178.936026 79.287663
23.651788 -265.739632
-59.290446 -160.698641
-115.079729 -119.007840
59.909072 267.964940
-186.037461 49.344141
-93.249675 -238.633125
-89.544924 -97.851219
-160.467100 124.507077
-112.933288 -103.674964
-26.462421 172.317573
-181.882599 85.377088
-97.895843 -142.559940
-81.763453 -208.963201
-139.143634 -25.742058
-99.787956 -142.658764
-186.076993 31.387291
-74.779170 -181.636343
-154.036879 -7.695709
-177.623805 106.105905
-183.131651 97.446667
-180.235801 100.361540
-181.712552 97.044644
-6.206168 199.525902
-119.418028 -112.648680
45.463868 -244.740938
-3.371495 -244.749600
48.909570 -268.810420
-29.553635 -277.712731
50.908172 -244.703220
40.770919 -238.634989
48.353247 -247.936668
47.392364 -238.947263
-82.381049 -250.736221
3.245157 178.274128
-152.757091 -13.602801
77.762181 232.432657
88.347431 184.394395
-152.131675 -4.525302
-152.771267 -7.571822
-168.107019 49.519245
-67.591535 -226.868654
-68.310257 -106.753324
-84.291079 -64.803366
-93.121773 -241.775392
3.118905 133.228713
-99.135904 -136.692766
-152.750669 -13.926975
2.713589 130.311077
52.288897 -235.837747
-82.983721 -250.667965
-158.078778 136.314951
-97.417240 -118.531517
-87.808020 -172.673464
78.218868 112.293751
-78.889560 -172.760188
-81.761991 -173.112616
-81.885245 -175.991853
-84.316337 -172.770702
11.001002 187.311715
15.614901 187.442146
-88.511546 -109.898263
-99.046170 -142.630946
-99.808279 -142.650927
-99.803165 -142.594774
2.302875 130.327750
-88.988763 -121.631994
-96.767280 -118.947674
-143.796250 151.513854
-145.025335 151.324041
-87.284897 -202.627712
-87.407801 -205.668685
-119.348180 -112.682778
-120.581124 -112.625668
-98.837509 -141.752029
-98.441086 -142.601756
