date:2018-06-18, time:1400, wind_speed:5.55, wind_dir:244.0, temp:33.6
68.777425 217.578765
-89.560418 103.501806
-90.152230 48.459545
-22.877018 -124.555422
-14.797970 -143.117999
-31.890945 144.556300
85.448275 244.585542
-22.877018 -205.575753
-56.895836 93.495222
47.918525 109.503312
-44.017268 144.996906
-72.889568 145.512348
-31.212443 4.476957
97.931075 103.501806
27.135532 181.521384
59.814015 264.601689
97.293435 102.557521
-39.547868 154.514607
152.166907 139.510842
22.642168 162.976713
31.247675 190.523643
31.247675 -67.541115
27.135532 178.520631
10.464682 169.518372
31.247675 190.523643
35.470957 193.524396
10.464682 -109.551657
138.055637 142.587687
64.609713 262.590060
59.881845 -275.578516
55.604359 105.566420
39.305524 -65.104445
34.866041 -68.539204
52.141807 -283.595331
35.470957 181.521384
31.247675 175.519878
34.760679 180.562807
27.135532 178.520631
64.609713 259.589307
59.783568 264.633811
-6.813713 48.473449
22.236369 -74.543918
