date:2018-07-23, time:2100, wind_speed:3.57, wind_dir:162.0, temp:20.9
92.238358 107.008155
-15.705435 145.954283
-48.484032 95.439209
93.914075 107.308834
-27.100300 -91.547139
-6.206168 -94.547892
59.684935 247.824627
59.292349 248.012347
43.806382 115.504818
52.141807 109.503312
-172.903585 23.213248
92.241111 106.981250
-66.123241 -30.910940
71.382172 110.062325
8.936748 179.044381
-139.640153 53.401323
47.749144 110.440196
47.918525 109.503312
47.918525 109.503312
14.195242 -241.459942
-160.467100 16.479969
-110.454550 -253.587801
-11.526365 -70.158769
26.708043 121.644667
-161.566655 16.898046
59.332794 269.025786
-178.672088 26.037530
-32.297848 31.900016
47.565087 109.595782
50.566779 110.061661
67.704922 106.834807
-41.063347 -7.008557
-3.252334 190.981870
52.141807 109.503312
55.138530 109.877404
42.279088 112.914073
43.128800 112.786672
47.918525 109.503312
43.806382 112.504065
63.879480 106.831469
25.689268 125.131875
89.408905 107.402368
4.621554 -82.062117
121.795079 112.929272
0.481783 122.076449
52.129922 110.419460
47.489842 109.581109
50.761178 110.064057
96.818719 107.018757
84.361643 109.831494
60.052809 268.744728
42.706064 112.890192
46.515547 112.963361
50.608854 110.062533
-31.969361 -30.409329
42.354750 113.038941
43.388589 112.632617
43.806382 112.504065
42.301891 112.982338
76.078696 109.937925
-36.200825 31.816031
80.908959 109.638290
77.723918 110.332090
-6.538231 196.612955
21.405426 -58.101888
-7.762835 -16.049505
47.918525 109.503312
47.547166 112.572784
46.379885 112.993498
55.166120 106.909112
-174.329260 23.000714
-173.270527 22.608164
42.250335 112.977476
42.239025 113.133599
