date:2018-10-14, time:1000, wind_speed:3.26, wind_dir:281.0, temp:9.1
64.988195 167.408952
98.221825 215.704301
-5.580497 130.729923
-143.450720 120.111939
-147.271729 118.788120
-156.038745 105.546209
31.818672 -279.453344
-85.448275 -244.585542
-177.043393 78.101796
-77.037786 -219.080353
-126.719332 -39.830106
-85.311517 -149.955694
-110.145114 -123.150633
52.894876 -277.409682
-18.764875 -283.595331
-64.347823 -252.700509
19.092027 122.326228
-76.615338 -187.238873
-81.281151 -183.296108
-72.608572 -132.426880
-85.175250 -211.355150
-185.162284 41.738445
14.790501 -280.135177
-147.649727 -15.471548
-122.916539 140.818849
-34.768253 64.763008
10.415753 176.988343
-64.461659 -234.259969
-130.972128 49.622744
-63.771305 172.792214
-68.356726 44.089947
-68.564194 54.606545
-143.022268 28.575078
-81.121115 -215.990446
10.839858 -198.439502
-59.696217 -238.837169
-85.391607 -244.899186
-76.552444 -190.196103
14.692796 -288.246311
10.464682 -289.596837
-60.363203 26.669729
-26.891656 156.158038
-22.881293 -251.992700
-13.888635 164.011481
-89.484098 -244.904184
-85.448275 -244.585542
-85.328659 -246.358731
60.568594 -204.571522
-105.615365 133.719253
39.870774 -196.277297
-31.351034 -279.217587
18.917050 170.206929
-68.449238 -210.738529
10.515718 -289.949208
-9.841991 -106.017346
-89.300514 21.065081
-26.476619 -205.414806
-64.418513 -242.937387
-72.473167 -235.703557
-18.639040 176.929013
-114.226559 -12.658707
-18.533303 173.418939
-64.494006 -246.066109
-68.257684 -246.663035
-89.393226 -245.851938
-85.181077 -245.848529
-22.756483 171.270573
-18.240995 166.446465
-80.837066 20.636126
-113.942083 16.663531
-18.515595 173.519741
-18.620318 -285.083892
-13.860767 -287.797605
-18.820715 30.587983
-68.134635 157.345640
-147.104815 109.184000
32.008650 -232.708696
-59.941892 187.265496
14.989067 -283.372344
-18.344424 172.832344
-18.337341 173.557220
-64.384450 50.914171
-68.517750 50.900127
