date:2018-06-14, time:0900, wind_speed:3.0, wind_dir:300.0, temp:21.0
72.945138 229.581777
-89.063228 116.513120
-1.591012 -297.528694
-93.529510 56.236577
-22.878838 -114.865655
-9.612238 -135.254640
-31.212443 151.513854
-21.960542 131.754593
6.241400 -289.596837
89.615988 253.587801
-22.343396 -193.767432
-68.558680 149.250794
-56.094707 103.203445
43.806382 112.504065
-55.800131 156.956179
-72.682270 155.485331
-80.391686 131.741136
-30.845217 10.236673
98.859250 102.578472
31.340838 191.332564
60.442000 265.590813
97.931075 103.501806
-39.371960 164.273702
148.201365 146.284923
23.746947 167.802773
-10.429450 10.478463
36.110550 194.539410
39.828008 -63.987387
98.744294 102.119435
27.994369 183.434742
19.717363 183.519795
35.470957 193.524396
36.182974 194.802880
-18.522417 28.263403
2.129257 -97.548645
144.647909 153.255881
60.442000 265.590813
68.812657 -274.593072
56.253950 106.502559
60.442000 244.585542
35.568749 -66.878408
39.995775 -63.466292
35.470957 -61.539609
56.693720 -279.454820
31.440072 191.138801
27.392824 182.133103
32.048401 188.821071
31.716441 191.471110
