date:2018-06-25, time:2300, wind_speed:3.0, wind_dir:300.0, temp:12.6
-85.940938 84.263297
-85.870290 33.226866
-18.764875 -142.559940
-15.176086 -227.660738
-56.775112 72.446663
52.881991 108.583152
-38.516265 126.531076
-64.963339 123.430753
106.451248 103.260996
64.867788 265.082842
106.541703 102.877596
-40.230022 135.329763
147.943625 136.510089
23.380695 147.806486
30.607272 171.532047
35.846770 -68.107202
39.703289 175.243492
31.457026 190.231768
61.451997 105.561870
35.615488 -67.803013
30.846330 153.319964
68.777425 241.584789
-9.321084 42.591148
19.273017 -89.337630
106.405737 103.206925
40.445460 -65.419412
18.446386 117.331937
90.124804 -239.323051
98.044635 -214.880792
68.812657 -271.592319
31.750676 120.749073
22.912250 -79.544127
14.942621 117.856373
147.943625 121.506324
52.439340 -284.121279
123.409390 105.680871
40.568974 -65.673414
39.918199 -65.130360
40.334732 -65.534128
23.843745 -89.661399
43.932673 -58.801166
68.986190 112.240334
-160.271431 25.212730
10.659229 85.232408
6.594654 81.598928
36.153354 -68.578805
32.095398 -68.541244
102.493733 105.982530
102.553183 102.946520
-60.147757 73.028791
-56.487854 75.991417
