date:2018-08-11, time:1900, wind_speed:1.63, wind_dir:191.0, temp:19.6
67.357402 103.693450
-61.337841 -136.510458
67.463000 103.674889
46.504572 109.750698
-182.157944 28.447275
-165.543334 7.543716
-111.376535 -253.551973
46.561419 109.529343
46.592716 109.704095
46.946747 109.562506
47.918525 109.503312
54.915791 106.609586
46.566882 109.721332
41.972680 112.685076
42.838673 112.586380
42.416592 112.665827
42.360615 112.730091
-74.311984 -10.339236
55.376063 106.519829
46.917884 109.556478
-7.656808 196.727593
42.404162 112.572658
54.277704 106.689812
42.376592 112.587455
47.041328 109.599826
-24.124211 -52.358582
-28.517210 142.654169
34.504152 193.588644
-47.129705 88.446304
-28.051183 -67.582965
71.558775 103.669932
-7.552923 46.612343
-12.298201 16.724674
42.470454 112.577808
42.930258 112.555783
67.872543 103.565369
7.299306 58.416037
19.644595 175.503414
46.982782 109.521416
-111.804221 -253.374765
92.354067 223.671767
44.465206 124.535456
122.011028 241.713377
-95.163767 145.687416
117.378214 250.733157
-15.407413 25.498747
-40.436403 82.584354
80.315083 181.576445
97.038405 256.713785
-113.677948 142.420148
2.914038 145.289144
42.778492 112.557058
42.813311 112.503434
42.311064 112.661476
-41.026623 157.722085
57.090016 124.615896
97.032350 103.458801
9.076561 58.656701
109.567034 193.499600
107.388351 169.294110
75.801014 268.836803
57.070652 208.581159
5.225435 55.402366
42.389874 166.731671
42.416509 112.741672
-59.508260 172.439546
42.422098 112.672101
42.551190 112.667839
29.822487 154.822169
-7.637990 142.770154
113.577855 241.667485
109.566684 247.527493
109.434929 241.604865
107.131939 250.520349
113.162965 247.745139
72.022191 130.568818
123.825542 202.389610
6.241400 82.496535
42.889907 157.614484
-153.479983 112.569392
38.262782 118.698712
42.343380 112.711739
41.895624 112.764864
113.179394 154.664095
-44.976012 142.644457
-11.729662 142.703149
46.557973 109.711212
136.388859 244.429948
-120.132230 148.633418
-57.607896 184.782724
144.727346 211.582606
46.484092 109.781979
46.460288 109.755770
136.207221 223.678052
-180.367090 97.280172
104.898822 268.852922
75.731097 181.830889
113.726686 250.759878
109.427302 253.653332
115.882814 250.481451
110.984969 250.783913
4.738781 55.755488
4.791268 55.636224
0.710384 55.558333
-161.903291 112.689323
129.342894 268.703813
73.811234 277.375969
76.079330 274.673746
40.455511 163.512292
42.433317 169.732701
47.038286 109.524590
125.751892 187.628679
88.677215 151.636389
142.453640 274.738554
92.924795 154.464195
115.689567 217.505973
-140.985638 103.828993
119.534990 202.590063
38.178270 169.655577
81.919096 205.519456
90.458070 166.551051
119.290098 109.625322
144.443332 223.737890
-34.681168 187.760704
32.103591 196.666363
23.717650 190.721821
44.277561 157.647102
67.413216 103.810731
68.379938 103.515888
