date:2018-06-23, time:2300, wind_speed:0.54, wind_dir:338.0, temp:12.6
64.906751 199.282615
-94.486063 89.047012
-94.183216 37.826429
-27.688671 -139.084998
-23.464960 -222.889148
-61.142233 76.995750
46.997739 110.006638
-48.709193 130.888168
-73.485510 127.980747
98.665950 104.436390
60.315663 265.725455
97.327159 103.857348
-44.383538 140.134158
140.213206 140.592376
18.198172 151.864709
22.213152 176.194464
34.786944 -66.997082
30.444856 178.968034
26.591167 193.884900
56.794467 106.221029
35.164049 -64.317673
30.796404 -67.281613
44.721736 -282.758366
22.086130 158.070126
26.313014 160.844812
63.899439 242.000973
-10.955390 46.782938
15.533743 -87.640314
96.902739 104.165257
97.292523 104.048335
30.790853 -67.212721
38.760683 -61.182953
14.117422 121.983080
89.855827 -235.691808
93.999288 -211.510388
-6.131164 40.470784
64.637157 -268.650869
22.912250 124.507077
