date:2018-10-08, time:0400, wind_speed:2.72, wind_dir:36.0, temp:8.0
69.701000 175.141142
103.695096 223.643453
-0.799889 139.246631
19.921559 158.488792
-138.672090 133.183435
-71.559740 -196.719094
-142.820570 127.146956
-150.571837 115.828650
32.751309 -271.461599
57.758826 118.353190
-67.302489 -235.739529
-80.258048 -240.801617
-177.137950 88.498041
-84.543883 -137.102219
-72.399694 -208.196662
-126.045271 -28.865263
-80.498236 -141.949841
-175.802880 36.881112
-67.383068 -187.451999
-138.618188 -4.625591
-163.243567 94.517312
-171.644396 100.261544
-105.969938 -112.420373
57.772258 -244.624028
57.428957 -268.767602
-17.125948 -277.620482
57.667739 -244.811039
65.733287 -250.969146
-67.072353 -247.547580
94.616380 182.066989
-142.270320 -1.487184
-150.731112 49.337248
-67.412462 -67.393469
20.235977 130.224328
61.864956 -229.863559
-67.969141 -246.856691
-80.220395 -177.867309
-76.225654 -171.879964
-75.636042 -178.226644
-67.576727 -181.874061
-75.929558 -169.621393
24.445129 181.695761
-67.829730 -123.900038
-129.890839 148.249311
-81.017797 -205.408552
-71.637063 -247.889752
-67.264498 -253.779351
-180.990905 49.719436
19.064740 -268.447051
-138.581686 -3.745019
-143.033473 -4.011247
-21.929350 -276.859171
-118.789975 148.513101
-25.645237 -196.793921
65.975387 -190.824500
-29.890550 73.494667
11.935707 190.215121
-63.032252 -223.110077
-125.546202 58.318961
-117.476953 151.177178
-59.782092 181.962449
-64.134027 52.830920
66.102911 187.704020
-63.381489 64.197399
-142.267388 37.507989
-75.736587 -205.883128
-21.912147 119.335987
-14.347967 73.713506
-142.457401 136.652985
-142.423114 130.619232
-142.454281 135.958175
-1.199857 118.318643
7.547691 -181.996210
-63.973470 -229.186994
-58.722279 -226.799240
-121.571443 34.263766
-84.989237 -244.184985
-80.761488 -241.182024
-72.217185 -181.102486
-71.604396 -178.645234
15.929265 -280.833486
15.774356 -282.600106
10.763526 -286.411477
-55.713182 34.803544
-117.383086 -4.516533
-25.775458 166.211824
-17.853789 -238.873818
-13.196915 178.296891
-17.641288 184.267424
-80.525496 -241.014922
-84.309308 -238.880531
-80.175866 -241.846926
-81.001131 -239.449374
-88.264940 -241.913277
61.514397 -196.990032
-101.377989 141.821062
43.806382 -181.569729
-64.011854 -229.302384
-29.884807 64.399214
-26.278755 -268.123893
-51.894691 -259.439343
-100.576279 118.246727
-54.589969 58.768423
24.033106 181.567091
-59.234787 -199.868847
-64.322518 -199.366060
-147.025604 -1.683621
11.327951 -282.849274
11.417483 -282.593888
-5.920475 -97.378352
-88.926177 29.024709
-22.113663 -193.061375
-26.481804 -229.000966
-47.226636 -37.033249
-67.571632 -225.583940
-67.797200 -225.892275
-63.779189 -226.118226
-59.721948 -226.067719
-68.192010 -226.306093
