date:2018-06-01, time:0100, wind_speed:3.89, wind_dir:209.0, temp:17.8
69.298981 229.043409
-77.112850 133.509336
6.241400 -283.595331
-81.598981 73.322445
59.737294 247.191698
42.251714 114.917535
60.442000 253.587801
-94.606127 106.046120
-108.750581 -241.919602
-110.454550 -247.586295
-52.472840 70.240634
-111.240785 -250.990815
-110.872543 -247.841268
-89.680656 108.978258
-24.392766 -95.189729
-27.874704 145.039526
-52.612506 127.206599
-4.436678 -112.965246
-26.966451 163.007828
-9.930971 156.846786
-6.206168 199.525902
-97.490460 114.915227
15.133717 -284.087990
-67.760350 159.901865
76.747768 109.295417
102.119125 271.592319
10.406118 -280.997402
-9.463922 -166.932753
-65.245797 160.048804
-14.541593 -292.597590
-51.081354 126.931286
74.289341 105.995827
-84.278818 135.954206
-89.333974 172.144300
49.687204 115.132359
-35.482478 187.129585
-63.673933 165.954294
-67.661336 160.008364
-0.657434 -286.993999
22.502664 -268.750500
-73.264331 154.301276
-29.772000 157.063809
-14.180022 36.981163
