date:2018-10-20, time:0200, wind_speed:5.61, wind_dir:211.0, temp:9.4
60.477232 136.510089
-10.429450 94.499547
-147.908393 82.496535
-160.970029 73.157103
26.565374 -289.863032
-90.053989 -244.915696
-85.448275 -244.585542
-127.125400 -43.535091
-111.487860 -122.059828
47.918525 -283.595331
-23.462658 -283.895109
14.576825 118.505571
-185.983418 28.204619
9.978810 -289.961191
-148.455597 -19.826087
-35.435725 34.484487
2.129257 142.511595
-135.460825 19.480722
-68.777425 10.478463
6.241400 -229.581777
-77.112850 -223.580271
9.960809 -289.928270
-40.108326 124.142241
-31.212443 -277.593825
-14.541593 130.508583
-93.783700 -244.585542
-94.335113 -244.961702
35.470957 -226.581024
-77.112850 -244.585542
1.615053 -289.868193
-89.560418 -4.525302
-27.629047 -238.915698
-68.777425 -259.589307
-82.713600 -254.298289
-22.877018 142.511595
-114.566693 -43.535091
-22.877018 136.510089
-77.634061 -256.921889
-98.912077 -245.012809
-91.042894 -245.260846
-31.212443 142.511595
-90.067186 -10.861605
-22.877018 -283.595331
-16.015000 -287.295393
-22.877018 4.476957
-72.889568 130.508583
-152.633892 79.196553
31.247675 -265.590813
-73.422055 154.160306
6.241400 -289.596837
-23.450324 139.221033
-22.877018 142.511595
-68.777425 19.480722
-18.764875 73.494276
27.135532 148.513101
10.464682 -223.580271
22.912250 -226.581024
-85.957369 -244.954000
-90.585003 -245.078665
52.106575 208.576506
-72.889568 136.510089
-32.321034 144.916780
36.067533 -227.090549
