date:2018-10-13, time:0100, wind_speed:1.9, wind_dir:252.0, temp:6.9
64.687332 174.334864
98.020141 222.335324
-5.469675 137.927958
-143.829219 126.920518
-147.697796 125.974743
-156.402207 112.150792
31.374181 -272.909249
-85.439197 -242.257079
-177.205722 84.828497
-77.256780 -212.288159
-126.951729 -32.915146
-85.500504 -143.056666
-143.771778 -8.174117
-109.821714 -120.348767
52.677183 -270.350963
-18.760523 -281.231206
-64.359511 -246.056704
19.100984 129.238992
-76.647743 -180.294840
-81.218643 -176.227334
-72.908942 -125.197161
-85.010888 -204.013909
-72.290384 -249.300560
-185.568863 48.838494
14.868898 -272.929633
-147.909048 -8.210683
-123.022789 147.811307
-35.057935 71.597418
10.465553 183.762051
-64.639315 -227.219859
-130.518188 56.532036
-118.284655 152.754440
-63.944476 179.779378
-68.441345 51.044217
64.839182 186.125010
-68.896262 60.887013
-143.244566 35.621005
-81.297623 -209.295726
-143.716462 132.386476
10.555959 -191.688665
-59.822634 -231.506088
-81.145433 -242.742521
-85.292317 -240.014441
-76.836184 -182.986367
14.523880 -281.287851
10.455296 -287.241246
-60.400800 33.955585
-27.121768 162.787055
-22.879640 -245.216358
-14.283074 171.099303
-89.582910 -245.278501
-85.549324 -244.741236
-85.535909 -239.207467
60.513503 -197.727329
-105.719974 140.742276
39.824392 -189.115560
-64.579723 -233.221662
-35.502730 60.809137
-31.318194 -272.177409
-60.573549 54.835768
18.975313 177.131273
-64.049732 -204.313840
-68.456686 -203.881728
10.647400 -284.850943
-10.218203 -98.947205
-89.601288 28.274998
-26.466524 -198.389509
-72.982133 -227.260412
-64.572943 -236.246468
-72.210578 -228.399251
-18.801043 183.896526
-114.527725 -5.664998
-18.461512 180.045528
-64.624495 -239.289758
-68.629100 -239.784735
-89.591311 -239.147708
-85.272018 -245.656514
-22.998662 177.823823
-18.145783 173.755405
-81.238934 27.331750
-114.086546 23.701845
-18.710420 180.550299
-17.983797 180.213984
-18.769300 -278.156822
-15.395386 -279.881447
-18.879614 37.337722
