date:2018-05-16, time:1100, wind_speed:2.91, wind_dir:176.0, temp:15.2
43.969526 -282.642916
93.678489 251.644965
-60.359855 125.453599
-64.620347 155.352267
-97.780688 -207.676547
35.772320 -285.586508
-89.549516 101.548997
14.550058 -75.536263
39.628742 -282.757975
14.321948 -21.779442
6.595584 -72.304781
-52.024989 98.520293
18.841365 -141.658177
14.949362 -288.374279
89.796592 263.561232
-85.389784 -222.597849
-69.026141 140.248712
-6.028775 185.427980
6.196147 -72.506912
64.577135 245.569391
-2.124283 -285.721293
85.586359 260.661901
77.298946 236.611252
64.729401 254.537618
14.598592 212.668334
47.966413 -261.676620
-73.165703 140.218237
52.158288 110.539415
10.495518 -72.562468
31.779676 203.633368
102.172925 251.476115
60.504323 251.397870
-68.744687 137.549926
-85.565544 -219.693944
-93.701431 -225.587799
-85.455612 -222.549033
-39.548704 101.367488
-31.221377 143.501543
-93.846289 -225.713205
-93.705690 -225.754638
-6.802475 202.826454
