date:2018-10-20, time:2200, wind_speed:3.38, wind_dir:326.0, temp:7.3
61.370413 129.412095
-13.600663 90.621387
-147.465265 75.105025
-159.821534 69.410994
27.790597 -290.758447
-88.964858 -245.898673
-84.576399 -245.503590
-126.913788 -45.492766
-109.804716 -122.972169
48.864798 -284.523114
-22.109015 -284.210391
15.341318 117.970622
-184.741959 27.475669
11.360357 -290.547759
-147.247453 -20.732413
-34.603208 27.884202
2.218023 137.786481
-135.369778 14.681303
-68.700370 5.702167
6.325158 -234.336386
-76.862908 -228.392402
11.036565 -290.879812
-43.122918 120.123337
-30.474691 -281.191980
-14.370546 125.693682
-92.977868 -245.310613
36.277563 -230.491328
-76.812872 -249.365502
2.817578 -293.750977
-88.720633 -11.160310
-26.342992 -245.174277
-68.615714 -261.406364
-80.404579 -254.758144
-22.084335 138.642565
-113.738740 -47.476179
-22.734270 131.797032
-76.438972 -257.886185
-97.801036 -246.268877
-88.906802 -245.914867
-31.070296 134.660548
-90.524436 -17.472738
-21.925371 -284.218606
-14.378161 -288.279019
-22.035496 0.960652
-72.442354 122.969044
-151.276539 72.811300
32.068753 -269.614835
-72.178570 150.222698
7.242530 -290.477064
-22.292962 135.299976
-22.148662 139.158568
-17.906639 69.480044
23.112858 143.616068
11.279054 -230.413075
23.533791 -229.943635
-84.717464 -245.137150
-93.053396 -245.834867
52.347093 203.659594
-76.236601 132.688701
-34.673084 141.222485
35.669876 -231.279300
-88.781994 -245.158373
-88.720422 -245.524969
