date:2018-08-26, time:1400, wind_speed:3.82, wind_dir:174.0, temp:25.6
-164.973483 7.567390
42.270292 112.261716
34.326600 118.407518
34.670299 118.468196
42.654404 112.441490
43.041560 112.455632
-22.877018 34.484487
55.461528 106.421306
7.110120 163.242516
93.783700 250.587048
-39.547868 16.479969
63.444611 165.919048
34.706438 118.519363
21.531456 120.986909
71.853926 106.473516
84.145420 178.193327
63.450870 262.503673
30.186161 199.088043
21.444182 147.835546
-80.872690 166.106255
88.518795 228.998653
84.115465 232.430452
94.195163 244.209960
104.820329 202.230026
-18.764875 73.494276
118.286702 244.150846
-77.112850 172.519125
43.346619 112.600063
114.622263 220.579518
-182.085303 94.507233
54.554725 175.444477
95.207082 247.202841
-19.399016 46.031490
107.092456 265.426459
63.906493 259.463720
26.700425 154.541854
21.774183 163.413400
119.555630 259.280225
18.122112 163.477793
71.485074 157.037557
-56.218718 172.519125
76.650776 283.669356
-170.323806 115.371672
-45.215807 175.031796
47.447533 136.579373
104.420423 235.256956
-128.616234 163.151659
100.313469 241.386606
-2.500475 169.524385
96.935845 232.117511
-48.711722 154.439020
100.504537 238.397218
34.703862 118.466874
33.251556 178.369981
-164.579243 88.498041
60.041475 205.633156
-164.579243 112.504065
75.491667 241.264121
23.941214 175.363996
31.247675 178.520631
-181.250093 106.502559
87.688009 265.473798
110.033534 244.638285
43.077986 199.429859
-7.021530 145.510353
108.723633 229.423853
-153.267932 -10.657198
75.200754 145.265370
102.956590 241.272387
-161.798609 70.024409
29.716444 145.378213
25.996583 139.356551
25.622255 141.884740
30.447128 145.157434
100.969689 247.489979
96.326948 244.134514
-78.304837 142.366193
36.251150 196.024603
76.425995 181.462989
92.339499 195.925227
47.950832 142.198596
34.275972 150.917742
-153.702972 139.330053
132.032191 208.426096
13.037245 181.009851
-139.572968 145.512348
-164.065982 100.122348
-105.849778 175.171442
34.314118 154.006702
-10.860045 49.524446
-11.895691 48.964147
-14.012163 52.097779
-178.547710 78.808795
81.306430 142.216704
79.721274 141.888553
14.576825 145.512348
103.565418 196.264222
-157.670706 114.963198
-169.531098 112.435919
-166.851894 112.332786
-164.955297 112.569630
-170.659099 112.280152
-107.633968 171.843906
6.028853 181.036378
83.919863 280.358336
27.297763 175.033222
26.725409 178.517853
59.378543 127.364757
69.290645 139.130927
65.162879 136.162131
47.209336 220.502157
71.389058 232.240027
19.487678 148.091806
21.832009 148.075259
20.613859 148.180506
-169.568914 112.415514
-172.535175 109.227716
-51.198263 160.159637
-53.413883 154.105376
51.718156 -278.068698
-65.710679 187.493351
-23.627067 172.509400
10.069789 181.542295
3.209182 184.201711
1.715525 178.611801
51.667211 148.605834
121.491651 183.749867
42.061926 181.043886
2.129257 184.522137
-57.021085 163.534084
-49.062293 160.241072
107.925433 244.546071
108.573008 244.419104
109.303023 241.477462
24.281802 166.466570
17.995074 166.482466
76.758675 166.571711
-10.429450 187.522890
