date:2018-06-23, time:1000, wind_speed:1.58, wind_dir:162.0, temp:17.8
67.542537 199.168352
-94.609480 88.356646
-94.173655 37.423843
-27.826056 -139.690806
-23.578271 -223.644502
-61.325968 76.290267
46.901495 109.296677
-48.509974 130.447196
-73.784122 127.328321
100.651832 103.185996
58.587798 265.229544
97.563807 103.485947
-44.479510 139.414316
142.284025 139.219038
18.474380 151.591005
26.123983 175.261394
35.044886 -67.521678
34.251012 178.170652
27.135532 193.524396
55.058740 106.250055
35.470957 -64.540362
31.042764 -67.519168
46.474390 -283.956264
25.887956 157.336431
26.223130 160.224367
63.711258 241.294646
-10.601646 46.569707
17.369822 -88.956291
96.689452 103.290268
97.575974 103.602635
30.952013 -67.529612
39.295975 -61.436699
14.209227 121.524005
