date:2018-06-24, time:1800, wind_speed:0.8, wind_dir:180.0, temp:19.4
64.774258 196.802687
-94.495004 86.391184
-94.233500 35.199944
-27.996951 -141.722061
-23.400252 -225.471884
-61.438565 74.429362
47.521129 109.302887
-48.676145 128.480815
-73.650042 125.404051
97.612144 103.094115
60.121560 265.313473
97.814459 102.899016
-44.504052 137.510796
139.759166 138.061990
18.184663 149.238506
22.017071 173.788313
35.109245 -67.627149
30.389066 176.210215
26.391422 191.027190
56.129977 105.451627
34.865497 -66.765003
30.869144 -67.919848
43.528446 -283.994056
22.023728 155.557396
27.110461 159.525108
64.310304 240.993934
-10.985594 44.449845
14.235909 -88.989575
97.493800 103.291852
97.686329 103.099313
31.042231 -67.544346
38.682365 -63.643936
13.831277 119.356930
89.664681 -238.162455
93.584542 -214.078246
-6.127939 37.943227
64.547154 -271.252208
23.059551 121.789681
18.605465 -78.904910
14.117450 118.449266
147.772515 121.974877
51.837700 -283.706750
122.937350 106.502559
39.508236 -64.523524
39.081750 -66.173503
39.514282 -65.944436
19.004039 -86.980979
43.806382 -58.538856
