date:2018-07-11, time:1300, wind_speed:1.8, wind_dir:360.0, temp:27.4
-110.278022 50.387386
-81.077891 38.581631
52.502817 110.409710
-75.836036 104.317234
102.258210 104.253233
102.356064 104.399188
7.279113 146.368236
6.805981 -90.407269
60.463366 107.374619
-33.814930 23.072868
65.853589 -265.119995
2.623617 -105.404801
-17.496622 95.325434
119.306980 107.546216
6.241400 -91.547139
15.517201 -93.630288
6.845802 -85.482274
60.979412 107.626553
3.304832 -81.638218
102.354549 104.475645
-84.784843 46.519731
64.657443 245.541204
64.575339 245.509317
-109.289504 -1.092673
39.583100 118.505571
49.528010 113.026795
128.454511 151.981743
60.690228 107.321210
-164.184977 19.534510
-113.108945 62.063978
68.999505 242.649689
-9.217960 94.950419
102.087462 104.315484
-34.137657 -31.076200
97.931075 106.502559
40.164545 179.580007
-42.244701 -30.912574
-164.638262 20.377616
-109.198398 53.412438
-114.147804 53.391181
60.651463 107.352217
60.783938 107.421554
56.253950 106.502559
60.577258 107.481765
53.047426 -241.244056
-109.450097 -15.434336
-110.115577 -3.386823
-164.528358 20.528591
-31.212443 -46.535844
11.401236 -96.771691
-105.823449 -256.531603
36.069513 -67.368086
28.429505 -70.183636
82.727875 104.035306
39.583100 118.505571
-164.341851 20.445297
-164.574007 20.347186
-164.548638 20.231003
73.752118 266.699974
-164.579243 19.480722
