date:2018-08-06, time:2300, wind_speed:2.0, wind_dir:273.0, temp:24.6
68.805981 103.015369
56.240764 105.965996
-52.106575 -121.554669
43.869454 112.307817
-172.848147 22.250845
68.780713 103.282875
47.812906 108.721471
-181.820291 26.850793
47.894925 109.244575
-164.572089 6.978375
-110.451746 -253.756942
-43.782538 -94.727456
-160.409800 4.257123
47.899477 108.989870
47.879720 109.016108
47.736784 108.397433
43.627426 111.724602
47.861052 109.004700
56.162719 105.721410
89.524356 105.948655
47.835728 108.678742
68.860681 103.046517
60.401225 264.892691
43.613143 111.685720
43.620115 111.766797
43.774871 112.250581
43.596543 111.349215
47.883719 108.660928
-68.955645 3.341072
56.117791 105.711459
47.883996 109.004572
-6.267901 196.098007
43.813007 111.933846
55.725419 104.891999
43.834852 112.315177
47.888466 109.005583
-19.421611 -38.908097
-23.490891 152.819245
-19.526772 149.732152
35.493003 193.026217
47.780256 108.711381
-10.404696 31.280276
-40.108118 101.813590
-23.463305 -57.307263
72.441915 101.915768
-6.352024 45.682626
18.781950 -106.813080
-18.764875 -25.530573
-11.010928 26.765675
43.803258 111.986493
43.741981 111.699378
43.820580 112.273469
68.804506 102.987890
10.442722 58.300985
26.456129 185.980925
68.370246 255.176537
47.901824 109.045789
-6.605203 165.144023
-110.432149 -253.863615
-110.716012 -254.676122
97.432593 236.893349
47.260759 140.871198
131.045312 258.186546
114.558442 169.083519
-2.366575 162.042503
-89.536678 154.125816
-106.589690 -258.020561
118.731815 259.162965
-11.083511 35.857391
-35.385373 100.304089
43.625141 111.732348
85.286860 195.023034
-69.979678 166.277815
-60.555311 153.440488
105.847231 267.019772
-110.833927 156.028526
5.994533 159.325183
43.561790 111.329800
43.778741 112.253485
43.543000 111.328426
43.759469 112.119940
-35.419551 172.344963
59.096076 139.001060
97.880657 102.998955
10.242385 57.748685
114.032987 207.130113
-6.579899 174.091948
110.480228 181.251594
77.135190 277.383985
64.077517 221.920854
6.217480 55.317780
47.520226 179.922252
93.844515 136.259012
-148.262867 114.067379
43.757788 111.958267
47.880960 109.283287
-52.798537 185.790341
-156.923826 131.601619
43.808902 112.334250
43.765615 112.115509
43.445023 110.897935
43.864589 112.282443
89.422212 105.774160
85.272265 105.704131
93.790434 105.946981
39.583100 163.516866
-2.792093 158.736146
-2.128251 163.345200
-2.466083 158.985823
-2.467416 162.006619
-2.519356 162.082162
-147.856891 73.298038
51.335862 158.886632
118.328168 255.070617
118.788997 259.331951
118.218616 254.885216
114.676320 262.381617
118.785920 259.346439
77.155238 145.279516
131.324257 214.372490
10.528752 82.219498
51.480272 170.894920
-147.842056 121.260187
43.842097 121.302507
43.456453 110.911077
43.252650 110.995162
43.785644 112.248152
