date:2018-10-23, time:0500, wind_speed:1.81, wind_dir:96.0, temp:2.3
60.413576 122.601388
-14.183113 86.393176
-147.467067 68.223780
-159.992966 62.181433
-88.701402 -244.290481
-126.672533 -43.167341
-109.763491 -121.295571
48.537731 -283.155277
14.829823 119.226353
-185.075191 29.246157
10.568151 -288.326735
-35.018741 19.932782
-135.083645 5.156331
-59.765160 -7.301201
-68.786026 -240.236716
10.760287 -288.805223
-43.628913 110.761142
-5.469464 112.663363
35.959277 -238.096377
2.371079 -294.951610
-89.114991 -15.874223
-27.129684 -249.496743
-68.683788 -258.858069
-80.722826 -252.891024
-114.698770 -51.194479
-18.583234 119.229842
-97.283985 -244.247928
-89.462208 -243.100725
-22.229808 -283.201599
-13.861650 -286.185524
-22.936548 -6.149782
-72.668212 116.859388
-152.106570 68.725170
31.540585 -276.755066
6.731173 -289.177152
-22.709711 131.687963
-22.150908 133.277597
31.892346 130.965511
10.517224 -240.231316
23.451081 -237.966847
-84.589044 -244.162237
-92.927559 -244.187125
60.495185 191.719377
-76.757662 125.236312
-35.432052 131.841958
40.449555 -244.317282
-89.169818 -244.077412
-89.326340 -244.376036
-47.985291 50.881340
-52.113305 143.987976
-52.097352 -231.423491
-22.335482 133.721221
-22.867773 127.726773
14.544460 149.353838
9.287226 -241.874621
