date:2018-05-14, time:2200, wind_speed:3.06, wind_dir:191.0, temp:11.7
42.408906 -280.744599
89.013140 250.593640
-60.705664 127.617006
-62.210154 157.313245
-99.291238 -208.836228
34.865144 -283.756546
-64.979769 118.536979
-90.319302 103.259644
9.146800 -73.647365
38.902712 -280.789832
13.809345 -19.712574
5.431109 -70.676100
-52.838136 97.264360
18.109685 -139.716717
14.386292 -289.757123
90.999511 265.556856
-85.448275 -220.579518
-69.785395 142.377149
-5.231375 187.486400
5.915474 -70.456423
63.869952 247.315817
-2.517067 -283.750362
84.939777 262.534935
71.594823 238.346332
64.455462 256.552257
-15.248970 187.128085
14.277120 214.493927
49.379684 -256.593976
-73.605401 142.408631
51.936065 112.436185
9.463621 -70.778506
29.819310 205.396248
100.698564 253.424401
60.990910 253.586182
-70.239545 136.263556
-87.601524 -220.523324
-94.658728 -223.929242
-85.835429 -220.664513
-39.816612 103.477294
-36.823840 145.285406
-92.855739 -223.827529
-94.083289 -223.677027
