date:2018-10-05, time:2100, wind_speed:0.5, wind_dir:307.0, temp:10.8
65.678739 173.362254
98.683778 221.408999
-6.089854 137.529871
11.882859 158.144144
-159.508427 116.136388
-142.139470 130.883622
-72.390853 -198.624976
-80.738789 -177.687122
-147.344876 125.340144
-154.996911 113.251325
31.712122 -273.746746
56.489432 116.418054
-71.781692 -238.042715
-168.672952 82.711526
-85.298571 -241.747372
-13.856418 164.534054
-172.794123 88.360162
-90.803895 -139.011594
-68.892665 -204.570262
-126.293723 -30.513410
-84.529648 -141.819443
-176.880251 34.564944
-68.090623 -189.673875
-143.062994 -6.756280
-167.600247 92.305730
-175.791701 98.212989
-102.036138 -108.630647
56.590155 -246.692205
2.721506 -246.797394
57.252847 -270.848669
-22.228313 -279.832703
56.462513 -246.665743
60.629245 -252.586355
-72.322851 -249.915822
90.286996 182.434195
-147.005512 -3.771094
-143.087697 -9.839129
-151.392465 47.495237
-63.474569 -225.833159
-72.281290 -69.463720
11.759846 127.983132
61.032814 -231.672443
-68.043163 -246.828895
-80.261557 -177.902691
-79.943969 -171.897352
-76.286679 -180.635915
-71.857338 -183.966142
-80.599376 -171.619586
24.085783 179.339250
-84.373064 -109.027087
-71.843744 -123.830421
-134.336408 145.999601
-76.512402 -204.710078
-71.784272 -249.903923
-63.400228 -255.760357
-68.001376 -255.851004
-64.068971 -201.841921
-72.366608 -231.856136
-67.393606 -60.704178
-176.388280 50.364421
23.009366 -268.736929
23.168470 -268.394536
-138.413283 -4.025981
-142.179798 -4.094139
-138.752418 -6.800812
-22.124675 -276.638268
-121.886294 149.452744
-147.621042 64.862459
-26.249139 -198.925096
61.183845 -192.583473
-35.624670 71.534547
10.931373 188.352616
-67.808489 -225.643715
-130.769523 56.393225
-122.258823 149.337508
-117.981999 149.263121
-55.018365 182.138287
-59.914022 53.172315
61.509243 185.411082
-67.978917 62.327210
-147.109183 35.331431
-79.660559 -207.993382
-18.530944 118.790542
-9.833676 77.216102
-38.969346 -0.380542
28.323076 185.404915
-146.945466 134.171504
-146.939521 128.100850
-147.300549 134.298633
-1.529648 116.174533
3.309916 -184.232163
-64.496049 -229.671149
-63.760759 -228.593625
-126.043900 32.442042
-82.430295 -241.156569
-81.170118 -240.722723
-68.602237 -177.840464
-76.888902 -178.746170
-76.610458 -180.548507
7.640354 -282.782920
15.308375 -282.581244
-127.084135 61.435970
18.847633 -283.671698
15.321983 -282.783641
-56.605117 35.374944
-118.122257 -6.589742
-26.435208 164.315038
-22.696943 -241.764435
-21.361707 176.092097
-21.849570 182.208563
-81.000410 -241.465744
-85.161747 -241.101711
-81.015002 -243.756757
-85.448275 -241.584789
-85.231853 -244.343891
60.477232 -199.574247
-106.231268 139.510842
