date:2018-05-30, time:1400, wind_speed:4.0, wind_dir:183.0, temp:21.5
80.418895 229.516074
-65.372805 97.450286
-69.668911 133.538231
18.800107 -286.596084
17.575517 -283.601195
-72.889568 76.495029
5.364324 -163.550946
-18.764875 163.516866
64.609713 247.586295
34.570875 -283.607887
47.063582 115.473801
63.808335 253.520877
-81.224993 106.502559
-97.895843 -241.584789
-107.500344 -247.586785
-47.883293 70.493523
-48.787125 124.453734
-106.231268 -250.587048
-110.948411 -247.576837
-82.207529 109.526787
-11.269027 -94.526258
-64.554143 163.516866
-14.541593 145.512348
-39.547868 127.507830
6.241400 -112.552410
-31.212443 145.512348
-19.702817 163.516911
-18.764875 157.515360
0.845753 157.495471
-2.949003 199.496985
-86.324122 115.411603
25.915189 -283.593704
-56.218718 160.516113
85.483507 109.503312
113.707259 271.590919
17.534649 -280.682809
-10.429450 -295.598343
2.129257 -166.565964
-60.442000 160.516113
-7.091839 -292.625806
-43.771150 127.507830
81.260225 106.502559
-73.814245 172.427751
-73.687351 136.508384
-78.002023 172.433351
59.233690 115.414428
-27.982710 187.523128
-52.530374 166.532004
35.470957 -22.529820
-56.218718 160.516113
10.464682 -286.596084
31.247675 -268.591566
-62.441666 154.591958
