date:2018-05-30, time:1900, wind_speed:3.34, wind_dir:171.0, temp:14.0
78.581330 229.648737
-67.357122 97.662660
-71.815709 133.739916
14.576825 -286.596084
15.440597 -283.617645
-74.814598 76.634829
3.332070 -163.389237
-18.764875 163.516866
62.680581 247.687621
32.419090 -283.486677
45.136627 115.500135
61.788326 253.637453
-83.201488 106.710954
-99.828667 -241.497261
-109.576727 -247.365837
-47.883293 70.493523
-50.788399 124.558273
-108.257430 -250.410201
-110.805054 -247.473821
-84.306064 109.589277
-13.339415 -94.394252
-66.572253 163.579992
-16.616854 145.597495
-41.501731 127.607990
2.129257 -112.552410
-33.245054 145.673122
-21.777050 163.691563
-20.725455 157.508617
-1.104901 157.670399
-5.010634 199.688650
-88.260855 115.520036
23.930758 -283.446350
-58.266962 160.651463
85.483507 109.503312
111.539051 271.889553
15.494393 -280.408893
-12.524452 -295.480118
0.183629 -166.395649
-60.442000 160.516113
-9.031008 -292.583159
-45.859105 127.692180
79.340352 106.696170
-75.859855 172.587774
-75.693244 136.641483
-80.095866 172.516960
57.048941 115.510599
-30.082179 187.630695
-54.655360 166.615953
33.490362 -22.414627
-58.312329 160.598925
8.407048 -286.514620
27.135532 -268.591566
-64.367171 154.926333
