date:2018-06-27, time:0100, wind_speed:1.87, wind_dir:286.0, temp:13.2
-86.507752 79.912163
-86.504260 28.975081
-19.243941 -143.172740
-14.991840 -230.331698
-57.191405 68.072444
51.868094 108.858719
-39.739860 126.900569
-65.490751 119.103980
105.638375 102.750671
63.546134 263.256955
106.337242 103.254760
-39.410670 133.033333
147.483292 135.808689
22.266254 145.621314
30.958724 165.863991
35.339859 -67.987477
38.655619 172.829796
30.363924 187.684292
60.429158 105.842866
34.524470 -68.529713
30.167560 149.095883
68.542220 240.956733
-10.465096 42.825214
18.211040 -94.275834
105.874947 102.638228
39.452626 -65.037833
18.215241 117.756550
88.354675 -239.446406
97.218911 -215.389681
68.644712 -275.228648
31.291533 121.315284
21.868169 -82.087992
14.641172 118.331563
147.609587 120.912526
50.931083 -284.501698
122.993484 106.081673
39.353111 -65.276907
39.227178 -65.203088
39.554280 -64.991715
22.669731 -92.121975
42.891466 -61.137193
67.751013 109.671610
-161.427871 23.075808
9.666664 82.505840
6.293378 82.157912
35.449244 -67.914964
31.276820 -67.963402
101.280852 103.726969
101.380830 102.672044
-60.586474 70.000138
-57.297331 73.740522
-2.495060 36.798846
64.406364 261.973501
63.660833 263.073481
63.480182 260.041174
63.831740 259.617122
68.235526 264.760377
39.543986 118.137424
97.788052 -209.134561
14.598776 118.142679
10.269341 114.831972
18.652675 117.823257
-39.638605 132.956747
-85.392945 28.102487
-86.114699 26.756256
41.211964 117.763056
40.226892 115.096967
41.826472 117.739919
