date:2018-09-07, time:0600, wind_speed:1.93, wind_dir:21.0, temp:15.3
-162.586733 7.422318
45.026532 112.678293
36.583261 118.700102
69.562601 151.682137
62.175934 244.557186
15.576254 175.698650
86.466990 208.872341
74.001490 217.607977
-80.806191 151.599123
45.889250 112.601772
32.217162 154.593254
-30.102095 19.529639
98.202886 235.684755
61.493757 244.657390
7.234462 130.688142
-63.032428 148.638190
-179.887002 97.523987
-50.703036 154.597536
36.464005 118.615894
95.244514 214.563531
-50.989706 127.531527
25.052144 154.403218
78.274012 238.764709
110.894487 217.737373
-147.175640 -16.429419
-171.746709 49.578331
32.333436 121.514464
90.858687 223.766369
86.218681 214.669019
15.441003 184.588108
78.296168 175.691190
28.199738 121.674655
115.743014 190.536977
-180.240526 82.682122
-175.706260 79.631005
99.070228 181.578545
-179.723837 88.549652
-180.156296 91.562135
69.764614 262.733905
19.897253 154.763222
53.131299 115.583109
61.842869 211.766280
-71.476535 130.548665
40.752200 -286.472994
-84.707909 163.691721
111.468903 160.608769
3.196507 166.703945
-55.100575 142.628813
103.323897 217.697925
19.875576 139.541798
69.251523 139.615689
110.899879 190.679766
90.651550 223.728019
94.789499 229.740191
7.321822 154.520875
61.554440 244.664659
3.269388 166.533396
-1.276011 139.692004
15.969493 160.628834
10.906418 166.685106
111.967298 187.602156
107.377942 187.725674
107.305630 187.544629
4.631763 157.407705
44.887963 112.599261
57.395053 190.622729
24.363243 154.531720
-159.468685 118.540332
-155.035132 115.629592
-155.174507 127.699348
32.299589 -238.508704
-171.829425 55.503536
-109.315928 124.618465
77.625379 -235.434987
-183.011520 28.403505
44.912894 112.676730
45.482500 112.420684
45.946279 112.417927
40.699159 -277.354873
-126.064938 -43.405162
-50.587078 -199.526206
-92.673067 -175.435062
-138.472942 130.527329
-59.310603 -208.398777
-16.763043 -250.504708
95.156269 223.796902
-179.442765 28.520962
24.994796 184.550104
19.789148 184.609038
-159.337442 118.652403
-146.467718 55.624992
-109.349109 -25.385949
-167.811787 112.671239
-163.509247 109.605723
-158.968518 4.598471
44.880135 -268.499678
27.593045 -283.514818
27.354754 -229.510594
-163.500746 25.492158
-117.745351 -115.489874
-147.101646 130.640535
-9.307811 -238.520825
-68.033543 -148.367710
40.562677 -277.391799
32.223675 -280.449638
-75.084832 -130.565231
-76.148115 -115.449619
-100.368838 -241.511983
-143.077992 115.686154
-5.969516 136.561289
-5.055037 139.552782
-9.320659 139.619156
3.280442 157.661785
74.003858 -235.474358
74.402766 -238.596270
74.725947 -238.563370
52.951769 109.741404
49.044373 109.671201
-150.688242 -16.561196
-157.997382 4.518175
-158.001271 4.360044
