date:2018-07-24, time:0000, wind_speed:3.41, wind_dir:175.0, temp:20.6
93.017399 106.594676
-14.922492 145.597813
-48.227664 94.584641
92.816903 107.525741
-28.268026 -91.399566
-7.287539 -94.316365
60.442000 247.586295
60.022017 247.656234
42.576244 115.802205
50.956798 109.710580
-174.127437 23.482593
92.991368 106.623207
-65.300138 -31.385905
72.042444 109.683433
9.641826 178.624442
-139.572968 52.489005
47.918525 109.503312
46.727203 109.704437
46.725159 109.564341
13.019146 -241.219159
-161.597967 16.625343
-111.597333 -253.322915
-10.780695 -70.454609
25.533629 121.897268
-160.815375 16.507667
60.115003 268.601024
-177.907241 25.649642
-31.581312 31.535380
46.320002 109.779482
51.379085 109.592463
68.416083 106.586241
-40.320844 -7.351977
-2.521311 190.511939
51.008100 109.753534
55.854811 109.533861
43.007172 112.594598
43.806382 112.504065
46.773451 109.736369
42.646000 112.704977
64.589375 106.502559
26.330974 124.690434
89.595650 106.502559
5.482869 -82.453734
122.521130 112.487528
1.394233 121.600287
52.141807 109.503312
46.350408 109.685873
51.363417 109.644590
97.522553 106.494129
85.094040 109.539350
58.898358 268.983474
43.404204 112.548433
47.156863 112.624933
51.297630 109.679751
-31.951010 -31.485610
43.110458 112.624203
42.188038 112.815775
42.694721 112.666874
43.032317 112.660401
76.751460 109.492908
-35.435725 31.483734
79.793663 109.796591
76.491764 110.475862
-7.788466 196.846101
22.176241 -58.434841
-6.965337 -16.401709
46.637956 109.689028
46.296698 112.849484
47.191017 112.551117
55.849503 106.489430
-173.702359 22.596989
-174.532282 22.836015
43.069456 112.665839
42.939272 112.655016
