date:2018-05-09, time:0100, wind_speed:1.27, wind_dir:225.0, temp:7.7
54.657416 -278.067802
100.617283 253.068656
-49.331026 133.418501
-46.146682 160.193297
-65.977289 148.438205
38.163306 -274.792207
-98.142308 -208.682674
50.230827 -280.819062
-49.050984 121.430107
-70.411421 106.060975
47.677999 -55.834682
24.517295 -70.955061
-46.514524 130.174306
58.971810 -277.886981
29.944926 -10.701767
38.101318 -260.023922
25.317136 -67.844607
-32.664723 103.570182
36.685017 -136.701012
27.135532 -274.593072
