date:2018-08-18, time:1300, wind_speed:3.91, wind_dir:3.0, temp:22.4
45.152648 112.185500
-180.795027 28.466692
-164.156995 7.472341
-110.045241 -253.558205
43.806382 112.504065
36.995612 118.032019
43.806382 115.504818
-1.633462 202.560400
36.149712 119.636604
53.639564 109.040454
43.806382 112.504065
45.144739 112.112723
-26.665241 -49.563247
31.855181 198.083418
-47.883293 91.498794
68.812657 106.502559
-9.634351 46.382039
35.901687 118.539380
61.017799 107.835943
19.232856 175.594652
43.806382 115.504818
-106.231268 -247.586295
39.583100 130.508583
112.051848 256.091850
-25.722799 28.207145
-47.070721 79.513002
77.635635 178.532166
93.783700 256.588554
35.470957 118.505571
36.685271 118.493758
-46.390949 160.102373
53.264817 124.332298
91.044653 106.036309
2.129257 61.491264
103.024350 190.496983
111.281767 175.450754
70.218300 274.328544
48.504251 213.267847
-5.815589 55.523181
36.366326 166.399116
-68.325780 175.578781
118.789975 244.585542
102.119125 244.585542
102.596649 241.649959
103.305025 253.507114
115.039952 208.636205
-0.458148 84.954698
37.073492 157.127917
-43.315019 145.578273
-21.270757 141.919105
43.806382 112.504065
131.733542 250.592750
-64.065525 184.553992
144.205792 217.588012
44.267570 112.545695
44.660903 112.438566
127.125400 232.582530
-180.783024 103.473576
77.148082 187.522890
107.963027 256.120409
110.927683 259.613101
-1.616504 55.555394
2.129257 61.491264
-1.263495 60.240942
-156.243818 115.504818
122.957688 274.593072
72.945138 274.593072
39.976795 163.552499
36.873844 175.127636
44.220124 112.497869
86.339667 154.458142
135.790469 273.233272
82.749372 157.156670
106.632440 225.206127
27.612570 175.499246
89.595650 169.518372
-39.547868 184.522137
31.908755 198.016708
19.225576 193.579096
48.401002 163.498832
68.812657 103.501806
85.919971 292.594242
-160.467100 121.506324
69.238328 207.091940
69.253735 163.520696
53.653121 141.820837
102.119125 289.596837
-150.535717 130.002075
-34.039260 187.258982
61.171552 147.298793
123.428445 244.613615
40.502452 154.555560
-118.789975 178.520631
106.286838 250.587048
111.835779 253.220305
110.965209 249.223400
19.219862 178.518398
115.030343 241.575942
-39.547868 166.517619
-46.559922 166.044750
27.135532 190.523643
22.912250 196.525149
19.207880 184.560650
99.411092 157.261990
-96.762519 169.269398
111.496021 250.424161
39.583100 118.505571
-97.421242 169.592535
44.669399 176.840108
48.334936 184.574433
52.623755 109.482502
-155.343014 99.345489
110.489782 196.525149
72.945138 211.577259
-160.005069 106.484170
-156.243818 124.507077
-147.908393 97.500300
31.247675 175.519878
47.918525 139.510842
94.204426 256.584695
144.271341 247.628910
44.787891 208.495097
44.178222 186.117904
48.671893 190.502619
47.918525 190.523643
-163.760297 113.840895
-147.440258 112.545973
106.286838 271.592319
123.594810 252.269527
52.106575 211.577259
12.009981 157.114633
35.470957 145.512348
123.708159 234.172307
-151.682448 -2.315366
123.249098 204.153237
27.611013 144.275355
85.764146 150.080418
115.058038 255.452732
-150.554579 82.008804
44.248066 154.555343
39.583100 151.513854
35.470957 154.514607
43.806382 154.514607
47.918525 163.516866
48.819830 160.791315
