date:2018-07-02, time:2200, wind_speed:2.93, wind_dir:188.0, temp:18.9
-98.954141 73.465247
-27.758243 -148.685413
-73.926285 64.422798
46.972464 109.455240
-64.909114 121.448653
97.311114 103.444651
97.615455 103.500379
-57.166886 127.387879
17.767447 157.402670
17.800824 -70.551346
17.781301 166.383994
55.274510 106.527042
-23.867920 37.325554
21.829193 -67.651542
5.255038 115.501065
72.187199 -247.676040
70.387911 -217.353874
51.149750 -277.620851
17.755965 121.407645
3.767016 -85.408986
-10.792028 115.473000
130.258530 118.531634
26.856241 -286.684408
22.262618 -67.624947
25.437799 -67.524675
9.476519 -97.701594
26.133011 -64.701867
55.974146 106.445527
-7.269010 82.490294
-15.593516 76.495865
17.763020 -70.639778
97.593700 103.497251
-86.046812 64.483236
-73.876684 67.362734
-23.818960 31.348415
59.517383 253.505876
63.947492 253.534673
63.563189 256.484130
34.442541 118.516749
76.364827 -213.890417
-2.702080 115.452471
1.121434 115.495028
-65.482416 124.391644
-106.521865 22.385930
-98.641561 20.094956
34.536508 118.491937
46.927481 112.421003
42.812013 112.453183
67.877704 109.377031
135.145178 166.513662
55.198669 106.413622
55.146461 106.463207
-169.732623 19.417103
-102.773133 70.474032
-98.892196 70.360457
50.483911 -277.467901
63.690910 262.539481
9.803442 118.503977
63.552095 256.537244
47.264362 -52.671996
97.568007 103.451578
-22.877018 -13.527561
99.993162 109.657696
46.196715 193.709317
25.290675 124.647831
-7.944633 -16.540542
25.824766 193.462886
37.863510 199.605954
-28.091087 -10.694049
