date:2018-05-11, time:0400, wind_speed:5.94, wind_dir:316.0, temp:10.3
49.146075 -280.328716
98.678061 250.838727
-51.526358 130.860924
-52.106575 157.515360
-71.114739 145.560538
31.672426 -277.426861
-97.445477 -209.009305
48.394505 -283.434266
-54.832031 118.829718
-72.439544 103.036174
19.262649 -73.194523
-56.218718 130.508583
57.542927 -279.693879
24.699431 -13.380252
19.608811 -70.572564
-39.046619 99.987886
31.247675 -139.559187
23.257520 -277.499294
72.945138 286.596084
27.541108 -289.421024
106.857293 268.776068
-84.593378 -220.316363
-59.634817 142.753188
3.293030 191.126099
94.428430 247.702155
14.576825 -70.541868
78.284193 247.658492
7.521962 -283.431562
-92.985342 -208.193689
103.670528 262.716231
86.869196 238.817289
111.463730 262.758591
78.273861 256.781189
-2.094025 187.522890
