date:2018-08-22, time:1300, wind_speed:2.64, wind_dir:143.0, temp:19.6
-182.157112 35.538536
-164.579243 7.477710
-111.611570 -249.525533
43.014245 116.289921
35.057958 124.934272
39.583100 121.506324
43.806382 115.504818
43.200181 113.017223
64.589375 106.502559
-14.541593 49.488252
34.857950 119.089574
55.858591 106.934520
17.756508 176.510806
-110.775411 -244.234756
35.104950 133.894397
105.495485 260.373321
-27.388594 28.855724
76.098379 179.605513
89.110214 260.223310
35.470957 121.506324
30.127205 122.582563
52.141807 127.507830
89.595650 106.502559
96.836262 194.528985
68.481075 274.998454
43.250101 215.115047
35.094734 166.959909
-73.070695 181.692599
114.365672 244.770152
97.444785 245.225959
97.951413 247.586295
101.015914 257.602015
113.485819 215.616349
-6.622660 85.811096
34.993360 161.158237
-48.518757 146.161440
43.372592 115.837134
126.859734 256.760534
-68.777425 187.522890
42.924339 116.434071
122.090138 233.587753
-182.100365 104.415754
68.812657 190.523643
110.454550 262.590060
-6.828182 62.048977
-6.417385 61.723145
-160.467100 115.504818
118.178373 275.223192
68.445755 274.993333
35.470957 166.517619
35.283209 175.663080
81.013238 154.743606
130.345954 275.735165
22.912250 175.519878
85.262899 172.737614
-43.771150 187.522890
64.241579 106.928379
85.448275 295.598343
-160.467100 127.507830
64.609713 211.577259
-156.243818 130.508583
-35.657035 190.687489
56.253950 148.513101
118.545005 247.763222
-119.797152 179.579361
101.767181 253.961590
110.181607 253.736191
10.211517 181.648603
110.167874 244.734961
-44.176197 166.820550
-48.225625 166.851290
22.466607 193.932150
18.181721 197.221581
14.576825 184.522137
-98.203555 169.961717
110.218483 250.713998
35.146993 121.859966
-102.119125 172.519125
43.469581 181.888301
43.487520 190.967847
51.198899 116.579455
-156.972503 104.446076
68.777425 217.578765
-156.435983 124.671254
-148.181171 100.903248
89.615988 256.588554
143.565287 247.764265
39.603438 211.577259
39.033270 188.057114
43.463405 190.999325
-169.371579 116.041058
-148.821022 119.602329
101.897038 277.732096
118.391676 254.006164
47.605335 211.977457
10.071473 157.964090
30.234766 149.547286
118.456275 241.890272
-152.849393 2.210071
85.068387 154.921856
114.381790 256.768918
-152.438794 82.888317
39.080614 155.048581
35.028607 154.893689
35.470957 154.514607
39.583100 160.516113
43.806382 166.517619
43.259543 161.135876
-103.197118 170.447715
109.782430 260.397701
109.757258 257.393231
106.097235 259.763165
-69.185838 154.968103
47.938863 211.577259
89.262013 196.920445
102.119125 211.577259
5.889962 121.987148
60.061191 157.906734
56.022021 154.729951
101.900422 286.745117
46.761904 167.561318
60.245928 229.704890
-144.223660 151.918689
143.796250 220.579518
22.912250 196.525149
127.160632 196.525149
-127.822005 158.351107
-152.892928 113.400406
-152.992372 101.336746
68.812657 -265.590813
93.818932 181.521384
151.419165 152.328815
-94.526932 185.327410
71.971198 140.593477
51.292478 167.369969
-2.765043 59.265682
-2.806588 62.260315
-2.473681 61.932065
-173.941133 92.638087
92.659231 155.575375
110.454550 256.588554
89.595650 157.515360
21.934549 158.469850
110.454550 208.576506
121.857272 221.639703
-144.557106 125.359692
-156.496563 127.706969
-157.059491 125.398952
-157.114917 125.387466
-156.429147 124.653198
-98.222406 184.970851
18.366607 196.828445
18.800107 196.525149
94.597891 293.873180
97.260394 293.400031
-90.560593 182.611611
-173.188015 90.107218
47.918525 190.523643
43.806382 190.523643
