date:2018-05-13, time:1800, wind_speed:4.36, wind_dir:171.0, temp:11.0
46.970330 -280.408975
95.459229 250.517480
-56.218718 127.507830
-53.937174 157.799186
-68.725784 142.653685
24.810865 -277.604861
-99.751503 -208.298807
41.632906 -283.734958
-58.628869 118.703455
-81.757410 103.594908
14.067360 -73.462893
-64.449888 130.655511
47.416782 -280.488866
20.483614 -19.551846
12.348681 -70.657704
-46.307074 97.486796
24.687928 -139.408510
18.359166 -277.483214
72.945138 286.596084
20.998208 -289.306134
101.695257 265.697549
-85.894617 -220.553981
-62.885682 142.558867
1.696453 187.586318
87.268916 247.700628
12.227351 -70.188091
70.407840 247.727586
3.991567 -283.474770
-97.895843 -208.576506
93.783700 262.590060
80.748421 238.636245
104.401287 262.771687
71.101266 256.900790
-6.723848 187.641289
20.480513 214.900355
59.968818 -256.499272
-37.774357 169.610201
-65.041847 142.565773
60.460258 112.457674
2.129257 193.524396
-29.885102 115.529459
19.754282 -70.277768
30.289554 205.752451
109.536363 253.762356
63.687397 253.786421
-68.049173 136.806586
-87.330440 -220.276620
-85.910796 -220.495117
-85.873109 -223.479504
-85.971254 -220.507705
-84.954566 -223.120615
-30.867324 103.872575
-28.426623 145.838376
