date:2018-08-09, time:0800, wind_speed:2.5, wind_dir:254.0, temp:23.8
68.751624 103.221800
-56.218718 -127.556175
68.782338 103.275384
47.861817 109.250901
-181.292094 28.249102
-164.711094 7.156591
-110.705576 -254.073167
47.829286 109.241662
47.825891 109.238976
47.810660 109.222674
47.807324 109.210792
56.194375 106.290221
47.643173 108.904175
43.721279 112.278343
43.684272 112.264101
43.741992 112.289146
43.729118 112.185814
47.843065 109.221944
-73.080600 -2.059056
56.253950 106.502559
47.851213 109.279495
-6.276175 196.292126
43.806382 112.504065
56.188618 106.276462
43.492149 111.943462
47.642149 108.933977
-23.159802 -44.155346
-27.398589 147.956868
35.470957 193.524396
-42.097046 93.959721
-23.004513 -61.856383
72.924800 103.501806
-6.306057 46.272394
18.711511 -112.870728
-10.533906 22.207555
43.700782 112.253878
43.484604 111.856508
43.782214 112.205882
68.687099 103.258116
10.334620 58.204214
22.912250 181.521384
47.838976 109.216090
-110.558259 -253.855214
-110.496621 -253.879068
93.684554 232.313338
45.343219 132.951699
127.081345 250.299521
-94.080851 151.005196
118.706069 256.314804
-14.624896 31.167458
-39.547868 94.499547
81.056359 189.951423
-71.484065 159.785813
-64.619058 148.242002
101.824483 261.996844
-110.774210 147.924860
6.174541 154.296394
43.598550 111.912704
43.690168 112.216485
43.719074 112.201136
-39.547868 169.518372
60.152518 132.947098
97.614415 102.878388
10.375264 58.277646
110.392677 199.211736
-10.690183 165.974281
110.361813 178.227264
77.019264 274.312347
60.366419 214.263365
6.161780 55.278236
43.606832 171.908503
89.484767 133.196965
-152.207167 106.185238
43.743946 112.201183
-56.307337 178.296532
-156.851941 126.825803
43.728407 112.227386
43.762264 112.292123
43.725154 112.273816
93.758946 106.225451
35.470957 160.516113
-6.020786 153.722734
-6.421734 159.974878
-6.469494 156.955601
114.491702 247.309795
116.219468 256.070148
114.556016 250.265831
110.356222 256.352026
114.566353 253.314498
72.874172 139.194301
127.067657 208.330899
6.140511 82.205498
47.819764 163.276117
-152.206366 118.220944
39.315221 117.973364
43.268144 111.844071
43.677985 112.274305
43.680160 112.226035
114.579460 163.236877
-44.732167 150.988340
-13.112230 147.858481
47.814462 109.222264
136.921854 252.902934
-119.652563 156.924990
-54.934853 190.186991
-31.212443 154.514607
147.123161 222.920072
47.918525 109.503312
46.707169 108.774937
138.255727 228.836358
-177.137950 103.501806
77.003932 286.294825
57.995430 166.043990
106.196858 274.339227
77.074521 187.217295
115.253268 255.581123
114.465724 258.644634
118.224137 255.943892
114.594876 256.347167
6.206603 55.235951
6.140552 55.222444
3.317241 54.929175
-160.467100 118.505571
125.723904 276.804524
143.796250 271.592319
71.606795 159.879170
