date:2018-09-21, time:1200, wind_speed:4.57, wind_dir:170.0, temp:15.1
80.480046 212.031010
-78.109024 160.765679
55.549792 118.773655
34.837976 164.021660
-181.250093 103.501806
99.290485 220.811868
-152.599012 -7.469687
84.866998 227.060004
17.926859 190.933599
74.104814 181.889393
-179.435730 88.850225
98.815157 187.913044
-177.628176 97.619139
80.916459 269.141412
0.993386 160.767265
30.766618 -277.503582
-1.149856 169.559120
109.661577 224.008901
103.428796 196.700826
88.549386 232.815607
96.903839 235.954215
-2.923680 145.905090
15.767136 166.792733
105.119179 193.775092
59.711720 196.942720
-160.942638 124.571560
-152.594764 122.054735
-156.789768 133.576728
-167.908496 64.516055
67.698629 -226.454794
-175.979520 37.746551
47.359851 121.916171
-52.877016 -190.124069
-89.847860 -169.127996
-65.266218 -205.221181
-152.587890 124.952846
-165.311707 119.064478
-13.266039 -235.307278
-69.821959 -139.263499
38.826179 -274.117984
34.300820 -274.313398
-81.998712 -106.171635
72.279692 -232.152055
55.556988 115.824481
-152.131675 -10.526808
-52.635180 -229.098516
-11.048957 -244.218052
-172.914668 76.495029
-68.777425 -112.552410
-151.349367 79.522415
30.730650 -262.520926
-73.565729 -118.157643
-40.209033 -163.162681
-9.318787 -277.402829
-98.731627 -123.996249
-156.824401 82.653534
64.083487 272.082263
-185.473375 49.488252
-80.257704 -238.505894
-65.342992 -94.136701
-46.785492 -277.580642
-156.747429 127.546830
-135.886753 152.041392
-98.968638 -100.434320
6.026934 178.948094
-9.618180 178.904454
-181.250093 85.497288
-180.415186 85.682048
-181.797046 85.542562
-180.116161 88.938013
-99.037170 -145.383514
-69.814824 -202.223395
-121.494957 -22.185997
-94.326492 -142.164831
-107.263836 -64.120010
-187.283149 31.719303
-60.679429 -175.152388
84.463303 -235.181885
-153.003539 -7.113610
-148.540165 -7.077760
-159.279544 103.735703
-163.295702 103.820066
-165.704112 106.704730
-163.685506 106.885892
-48.889038 -202.113537
-2.837950 199.862048
-118.789975 -115.553163
-94.104513 -58.152823
72.392769 -241.275627
15.827288 -241.350096
68.518302 -265.083156
26.124527 190.697245
-9.234804 -280.436657
-13.440901 -277.598677
-11.033103 -277.224701
67.504855 -241.291035
68.028998 -241.152279
59.962324 -238.509713
64.080108 -241.504962
-110.685185 -79.077602
63.953416 -238.179679
72.462849 -238.030947
-77.898323 -253.276303
-177.654033 37.595775
19.573617 187.991893
72.431549 -235.237027
68.292795 -234.922066
-152.131675 82.496535
27.110706 179.124276
