date:2018-07-09, time:0000, wind_speed:2.66, wind_dir:214.0, temp:18.3
-107.007259 54.918140
-88.653214 45.496729
47.918525 109.503312
-78.236405 105.558166
97.085170 102.943607
97.204111 102.912804
6.241400 148.513101
5.535499 -89.395349
55.761916 106.127047
-36.193045 24.924700
64.055863 -263.686032
-6.625641 -104.443476
-19.963313 96.787382
114.772558 105.605212
5.413132 -89.737945
14.777151 -89.444055
9.687232 -83.690063
55.009156 105.818506
5.358268 -80.165800
97.439212 103.089409
-97.895843 49.488252
-89.563155 51.536611
59.892650 244.229322
60.442000 244.585542
67.897943 -236.596246
-105.642111 3.574190
35.470957 118.505571
43.806382 112.504065
43.609148 112.390961
126.160586 153.391500
55.491462 105.960613
55.719011 106.128602
-169.587785 18.988640
-115.629635 63.385294
64.609713 241.584789
-7.031260 100.012984
35.803383 -65.538389
97.931075 103.501806
-32.276291 -29.423204
93.384858 106.137826
42.497395 180.719117
7.021140 174.608038
26.187790 177.677052
-36.417185 -29.682941
-169.884129 18.807627
109.144199 264.830508
-111.739211 54.731952
-115.556387 54.579206
55.408644 106.032875
55.067867 105.727584
56.253950 106.502559
56.253950 106.502559
55.113451 -239.386801
55.388390 -236.505555
-105.576391 -11.504230
-107.137785 -2.605641
-169.359747 19.155735
-168.802525 19.480722
-30.528005 -41.372835
10.488335 -92.519087
6.241400 -82.544880
-106.231268 -256.588554
39.617211 -62.402860
30.316986 -68.660890
81.168101 105.529882
59.357270 243.808028
40.267205 123.571183
