date:2018-06-14, time:1200, wind_speed:3.7, wind_dir:289.0, temp:23.0
73.234302 228.518948
-88.738057 115.375368
-1.337037 -298.684234
-93.263976 55.160079
-22.616557 -115.961614
-9.302315 -136.356104
-30.935467 150.451738
-21.699568 130.644260
6.433484 -290.600342
89.922069 252.466037
-22.052316 -194.933649
-68.196425 148.192183
-55.816253 102.196992
44.173079 111.454205
-55.419157 155.899404
-72.407962 154.335664
-80.096043 130.642108
-30.567551 9.145555
98.177606 102.781710
31.599415 190.273713
60.763611 264.493212
98.207869 102.432926
-38.982212 163.223694
148.487790 145.255031
24.082663 166.712612
-10.200245 9.320140
36.435104 193.485289
40.192312 -65.008410
98.139031 102.650610
27.365190 183.674645
19.123850 183.718136
35.867661 192.400129
36.617894 193.654312
-18.231545 27.213932
2.460080 -98.580940
144.065694 150.675527
60.814631 264.497717
69.203788 -275.606604
56.539975 105.412072
60.823480 243.495302
35.900775 -67.909684
40.396408 -64.528995
35.854812 -62.562204
57.030513 -280.678208
31.732965 190.021010
27.613973 181.009863
32.379835 187.765710
32.040387 190.444368
