date:2018-10-07, time:1200, wind_speed:3.61, wind_dir:19.0, temp:16.3
66.197843 172.232107
99.877140 220.668222
-4.469502 136.395961
15.244661 156.736972
-142.399548 129.964000
-75.306939 -199.646316
-87.637852 -178.580200
-146.304384 124.316476
-154.256120 112.571401
29.034852 -274.539019
53.944598 115.391671
-71.079351 -238.702484
-83.486645 -241.355713
-176.753543 88.644913
-88.013288 -139.861929
-72.044876 -208.284951
-129.488619 -31.588514
-83.610764 -142.541632
-179.712755 34.107908
-71.062722 -190.629711
-142.225042 -7.844762
-166.895433 91.401503
-175.347984 97.407304
-105.060064 -112.085615
53.966560 -247.686531
3.751484 -247.858335
53.647369 -271.803420
-20.921763 -280.596792
53.760419 -247.773126
62.073454 -253.893200
-71.058497 -250.587003
91.311771 181.432287
-145.992657 -4.634551
-154.473338 46.377499
-67.034764 -226.679467
-71.054452 -70.511239
16.366047 127.371503
58.031293 -232.610516
-67.032737 -247.419148
-81.224993 -178.568976
-79.314672 -172.354816
-79.417537 -181.553024
-71.221322 -184.656447
-79.513052 -172.691059
20.609966 178.612301
-79.421203 -109.509002
-70.971718 -124.364265
-133.637748 145.328010
-80.510212 -205.370474
-75.293372 -250.869937
-62.689998 -256.604665
-71.044246 -256.798856
-67.020803 -61.559876
-179.723716 49.040899
19.630103 -268.313740
-139.572968 -4.525302
-141.982437 -4.161578
-21.101785 -277.551312
-121.179205 148.598136
-150.610923 64.204994
-29.558950 -199.787972
62.283265 -193.685949
-33.801000 70.400699
8.074339 187.498576
-66.763169 -226.460555
-129.468860 55.268548
-121.229958 148.196902
-58.642227 181.511368
-63.766528 52.783894
62.494164 184.579377
-67.060057 61.363657
-146.089747 34.368731
-79.448142 -208.685419
-21.374008 117.860117
-13.684143 73.774057
-146.059716 133.582328
-146.013130 127.587933
-146.365312 133.164991
-4.679641 115.192891
3.700159 -184.949723
-63.471468 -230.410556
-62.672578 -229.642141
-125.371629 31.360358
-84.335790 -244.153888
-79.776712 -242.100258
-71.660359 -181.096067
-75.337563 -181.792714
12.097881 -283.743740
-129.913934 60.972337
14.976506 -283.420773
11.270196 -286.237021
-59.003275 34.348242
-121.092469 -7.518404
-29.548352 163.313116
-21.493049 -242.023743
-17.052297 175.240189
-21.248709 181.559275
-83.900731 -241.706983
-88.000348 -241.855071
-83.853865 -244.628023
-84.887627 -242.235626
-91.913008 -244.854980
57.750444 -199.975655
-105.171569 138.788457
44.650349 -182.112749
-63.283972 -230.221133
-33.598902 61.438062
-27.100300 -268.591566
-55.030262 -260.071370
-104.400993 115.435079
-58.390910 55.567876
20.571949 178.239676
-63.063193 -202.881986
-67.108945 -199.780734
-150.617724 -4.832390
10.464682 -283.595331
10.818949 -283.509761
-9.171671 -98.023675
-88.246157 27.919072
-25.307111 -193.450366
-29.405677 -229.322519
-27.100300 -172.567470
-50.185089 -37.315716
-68.777425 -226.581024
-68.777425 -226.581024
-66.980242 -226.171167
-62.740799 -226.198680
-67.774831 -226.471856
