date:2018-07-09, time:0500, wind_speed:1.91, wind_dir:223.0, temp:17.6
-106.472523 55.176616
-89.493099 44.609141
47.108295 108.547196
-77.748436 105.648800
97.664347 103.190694
97.620347 103.203087
5.395540 147.739559
5.767242 -88.975923
56.063358 106.388498
-35.686625 25.247172
64.215824 -263.056199
-6.511155 -103.910649
-19.307263 96.896236
114.601925 106.502559
5.639808 -89.173207
13.700393 -90.325044
9.850362 -83.200863
55.680156 105.833327
5.753162 -80.054698
97.754409 103.343375
-98.718444 48.580597
-90.403869 50.727738
60.234201 244.489184
59.548379 243.827761
-106.531034 2.646665
34.428232 117.549553
42.989301 111.596123
42.714183 111.630607
126.392269 153.851611
55.932737 106.187167
56.089610 106.316932
-169.084588 19.176454
-115.155340 63.738431
63.636758 240.672739
-6.442817 100.147346
34.839166 -66.416463
97.015422 102.715697
-31.931401 -29.252254
93.691466 106.409705
43.172427 180.892633
6.227428 173.713188
26.716737 177.951763
-36.036343 -29.166034
-169.257688 19.030114
-111.233573 54.843587
-115.303658 54.881907
55.911128 106.227350
55.734338 105.799515
55.359184 105.661036
55.252387 105.614847
55.574473 -239.253779
55.652130 -236.199121
-106.536717 -12.366770
-106.884245 -2.038928
-168.914285 19.353686
-169.593674 18.673589
-31.480568 -42.293167
9.717404 -93.423087
5.344366 -83.347747
-107.113310 -257.444763
39.583100 -64.540362
30.687643 -68.281799
80.297095 104.629972
59.835280 243.990786
39.321970 122.817217
-164.579243 19.480722
-168.802525 19.480722
-168.802525 19.480722
