date:2018-06-28, time:2100, wind_speed:1.36, wind_dir:216.0, temp:17.8
-92.798895 79.724256
-20.435728 -145.530656
-24.585208 -232.668375
-66.603847 67.598627
47.830183 109.420974
-46.819288 124.637240
98.816104 103.629747
62.628134 262.424119
100.115296 103.428550
-51.045050 130.586070
140.671000 133.805176
25.576650 163.505857
23.995841 -67.389578
29.321846 172.643870
24.108443 187.603936
55.458496 106.627802
24.529614 148.558750
66.901865 238.641040
-17.754251 40.624705
32.175276 -64.386814
11.393763 118.764207
79.373750 -238.823099
86.508250 -214.307310
62.069916 -274.429468
24.066738 121.544150
15.619220 -82.341788
3.105068 118.714710
140.660735 121.565083
41.754640 -283.559370
108.541108 106.408782
32.996948 -64.618881
32.151907 -64.390313
15.662474 -94.323686
29.421888 -61.560436
61.509265 109.557674
3.056520 82.515282
-8.203451 82.467098
20.959303 -67.563175
97.854735 103.405393
97.212543 103.569656
-71.205657 67.493557
-67.701164 73.495608
-13.464614 34.632907
64.081093 259.736896
64.217129 262.461236
63.936295 259.695261
62.568187 262.692413
34.940479 118.642150
86.333662 -211.449963
7.426214 118.654457
-0.994605 112.549886
11.539654 118.569839
-50.492048 130.595039
-96.261107 25.423240
-95.669454 25.445112
33.537728 118.600560
43.467273 115.566396
42.687260 115.799118
74.622174 112.654730
149.233246 169.776745
65.261544 109.806506
57.861438 109.642815
-168.802525 19.480722
