date:2018-06-28, time:2200, wind_speed:1.71, wind_dir:249.0, temp:17.9
-92.848800 79.560240
-20.544243 -145.747269
-24.639165 -232.859909
-66.717109 67.416532
47.714201 109.287049
-46.845653 124.448861
98.796330 103.447369
64.609713 262.590060
102.154357 103.501806
-51.155254 130.453636
140.571281 133.578557
25.524162 163.373681
23.974407 -67.576338
29.290322 172.433091
24.019887 187.382736
55.356914 106.411436
66.799433 238.499771
-17.767821 40.396641
32.096439 -64.574029
11.329105 118.629904
81.260225 -238.584036
86.400831 -214.472555
62.033590 -274.627084
23.963465 121.339481
15.507421 -82.569187
2.990286 118.580601
140.550925 121.425501
41.639342 -283.730344
110.489782 106.502559
32.951342 -64.745031
32.043130 -64.589784
15.581547 -94.456210
29.346038 -61.758031
61.493943 109.371902
3.032984 82.354049
-6.206168 82.496535
22.912250 -67.541115
97.823745 103.210565
97.138564 103.363848
-71.240120 67.292000
-67.758391 73.355504
-13.498262 34.487938
64.011208 259.531115
64.167574 262.228824
62.507688 262.497048
34.850249 118.420220
86.248687 -211.614389
7.376771 118.491486
11.505422 118.359525
-50.584104 130.369889
-96.381434 25.210485
-95.695555 25.319585
33.442848 118.384576
43.422416 115.382858
42.584314 115.658323
74.564639 112.450522
149.118663 169.592831
65.217503 109.650306
57.813214 109.493433
-168.863066 19.346779
