date:2018-06-12, time:1500, wind_speed:5.72, wind_dir:251.0, temp:28.6
76.919800 234.927676
-85.448275 124.507077
1.451837 -294.162401
-89.560418 64.492017
-110.971258 -254.789479
-110.647603 -254.148320
-97.895843 103.501806
-23.531028 -108.132590
-6.688094 -122.721073
-27.356989 159.968044
-19.802505 145.617117
10.464682 -289.596837
93.600323 261.991095
-18.973703 -179.163957
-64.554143 157.515360
-52.604292 117.315666
43.298118 111.284188
-48.712581 169.826112
-68.777425 160.516113
-77.372928 141.855817
-73.287251 141.296421
-18.764875 19.480722
72.792619 256.026167
68.553029 255.983255
97.931075 103.501806
18.360141 117.259853
35.470957 193.524396
60.442000 265.590813
101.998576 102.947335
-36.147576 170.850892
152.166907 157.515360
26.949923 177.940437
-6.642511 18.241601
39.124907 195.384482
43.806382 -61.539609
-2.094025 94.499547
101.982285 102.897468
30.518602 191.900603
22.912250 187.522890
39.340839 195.943715
39.583100 196.525149
47.452283 -56.744609
43.303647 -62.705008
-15.572528 37.875976
5.291206 -91.132410
155.830490 153.258873
147.689072 159.954288
56.076340 105.901115
60.442000 265.590813
59.943195 264.387321
68.812657 -271.592319
55.596777 107.972943
60.246511 243.971366
38.197672 -64.724782
42.466158 -61.553486
43.374564 -62.661057
59.250801 -274.677638
35.470957 193.524396
30.138432 188.094618
35.245759 192.950393
35.231652 192.886907
