date:2018-10-09, time:2300, wind_speed:3.94, wind_dir:234.0, temp:19.6
64.346574 175.126808
97.161370 222.530798
-6.206168 139.510842
-143.796250 130.508583
-72.889568 -196.573494
-148.181583 127.207387
-156.990336 114.380086
30.405118 -272.636725
51.399505 117.398087
-69.551849 -236.583021
-86.305050 -242.745609
-177.879588 84.435934
-89.762611 -136.964136
-77.112850 -211.577259
-131.537917 -28.899428
-86.344725 -143.564029
-181.765988 36.737555
-69.613653 -188.588113
-143.796250 -4.525302
-168.802525 94.499547
-110.454550 -118.553916
51.340602 -245.600587
52.141807 -268.591566
-19.500703 -278.656944
-64.861352 -247.887280
-152.924250 48.478721
18.800107 130.508583
60.169448 -229.925476
-86.334491 -179.620524
-77.112850 -178.568976
-72.889568 -181.569729
-82.017694 -170.481310
27.135532 181.521384
-73.765657 -125.566486
-85.755101 -205.919204
-72.889568 -247.586295
-185.473375 49.488252
14.335517 -268.936403
-140.163529 -5.227859
-148.771370 -5.598367
-27.987578 -281.586741
-123.719319 147.568688
-35.435725 73.494276
10.260541 187.165943
-64.554143 -226.581024
-132.019147 57.424703
-118.789975 151.513854
-65.292006 180.543568
-69.044389 52.160742
64.349893 184.149617
-68.777425 64.492017
-144.623946 36.561069
-81.932854 -209.564340
-147.908393 136.510089
-144.537743 129.462557
-139.834112 136.156272
5.950769 -181.908319
-69.612782 -230.561453
-61.295121 -227.556108
-123.400315 33.786039
-89.560418 -244.585542
-85.448275 -241.584789
-77.560745 -182.260269
-77.112850 -181.569729
10.464682 -280.594578
10.011178 -284.221804
-61.292102 33.496666
-27.375402 166.144992
-22.877018 -241.584789
-15.367220 174.510201
-89.560418 -238.584036
-85.448275 -241.584789
-85.448275 -238.584036
-89.829447 -241.901937
55.970999 -196.939243
-106.231268 142.511595
39.583100 -184.570482
-65.320451 -230.656405
-36.310926 63.457672
-32.008877 -272.665624
-56.432948 -259.910512
-102.891710 114.496151
-61.288512 57.448368
18.800107 181.521384
-64.554143 -199.574247
-68.777425 -199.574247
5.724606 -284.225229
-10.739208 -97.868021
-93.783700 28.482981
-27.931785 -194.547371
-31.212443 -229.581777
-52.106575 -37.533585
-73.715829 -227.546894
-65.379396 -230.717301
-72.889568 -226.581024
-19.688372 180.422608
-19.309331 186.748521
-19.683810 183.549698
-19.586205 186.441195
-119.016436 -7.923388
-23.085841 181.210232
