date:2018-05-24, time:1900, wind_speed:3.52, wind_dir:187.0, temp:11.8
81.221746 238.869128
-66.985911 112.535299
-73.290947 142.515317
18.432469 -289.280770
22.542063 -286.537795
-73.272493 85.557084
1.781947 -154.631730
72.372023 253.359819
-106.536004 -238.502827
-14.944729 172.464442
58.578159 244.631797
72.732982 244.618983
-2.433788 199.820947
35.283949 -277.601666
46.083770 109.596917
58.518598 244.744425
-77.117458 121.706511
-94.010196 -229.705637
-110.671320 -244.357384
-106.688361 -238.503598
-48.126086 85.829132
-48.164471 133.507570
-110.487202 -238.441352
-110.981920 -238.475414
68.301714 247.760644
-99.090938 160.574679
-73.139783 121.731762
-10.736559 -85.400505
-56.571165 172.864434
-14.890908 154.534617
-46.130694 172.685681
-39.858045 136.441728
6.235770 -97.361245
-31.532951 157.633327
-19.079609 172.575296
-23.259429 172.680779
7.845349 166.607690
1.826757 196.683768
-2.484262 199.671198
-60.543450 106.812577
-85.914535 124.489955
22.746937 -289.221481
31.103560 -289.113055
-54.646998 172.662407
91.921542 109.548552
110.348920 283.865548
22.764204 -289.194473
22.486133 -289.639538
-7.703363 -299.162616
