date:2018-08-06, time:2100, wind_speed:2.75, wind_dir:251.0, temp:25.9
68.812657 103.501806
56.253950 106.502559
-52.825221 -119.732739
42.733789 111.386747
-173.916790 21.284274
67.757451 102.392528
47.825830 109.162634
-181.844508 27.408870
46.924912 108.354452
-164.579243 7.477710
-111.375607 -254.763466
-44.521021 -92.814808
-161.506800 3.329921
47.918525 109.503312
47.918525 109.503312
47.742902 108.836034
43.658567 112.195661
47.918525 109.503312
56.181218 106.213636
89.595650 106.502559
47.859506 109.207541
68.812657 103.501806
60.339945 265.335487
43.684990 112.206640
43.673891 112.232462
42.762704 111.342819
43.650846 111.817501
47.862959 109.223709
-68.923931 3.814269
56.172210 106.183096
47.918525 109.503312
-6.206168 196.525149
43.806382 112.504065
55.724706 105.335028
42.777968 111.393862
47.918525 109.503312
-19.375132 -38.487041
-23.458164 153.376679
-19.443926 150.236681
35.470957 193.524396
47.834701 109.167258
-11.320433 33.240724
-40.038223 102.341894
-23.374217 -56.766412
72.488394 102.408351
-6.288738 46.205773
17.980749 -104.889229
-19.479376 -23.622398
-10.965019 27.252423
43.806382 112.504065
43.761801 112.250751
43.026982 111.260709
68.812657 103.501806
9.452913 57.284478
26.509322 186.400252
68.458934 255.631484
47.918525 109.503312
-6.551524 165.548070
-111.153699 -254.829130
-110.634199 -254.161419
97.490375 237.415730
47.400631 141.423325
131.074723 258.637967
114.601925 169.518372
-2.389438 162.519293
-89.560418 154.514607
-106.589491 -257.490298
118.789975 259.589307
-11.016195 36.329125
-36.320384 99.332980
43.694703 112.212078
85.272882 195.563498
-69.944206 166.705376
-60.532104 153.903267
105.903771 267.595227
-110.766327 156.530389
6.032347 159.892971
43.625367 111.794061
42.885346 111.345642
43.570928 111.863882
43.806382 112.504065
-37.032364 172.156765
59.088211 139.459969
97.931075 103.501806
10.335376 58.211498
114.027606 207.512988
-6.549521 174.499033
109.666764 183.230450
75.385440 277.266703
64.150216 222.405220
5.249365 54.341165
47.518258 180.382572
92.469994 135.663563
-148.265345 114.525487
43.806382 112.504065
47.119942 108.299014
-52.712389 186.321367
-156.955006 132.109858
43.091684 111.275460
43.806382 112.504065
43.523779 111.405742
42.740107 111.437830
89.475389 106.213285
85.392120 106.240221
93.818932 106.502559
38.837406 162.464300
-2.773417 159.293843
-3.159488 162.435715
-2.382728 159.482768
-2.429193 162.471199
-2.445156 162.652413
-148.872054 72.389355
51.382891 159.381898
118.440333 255.628986
117.354012 259.000229
118.247921 255.456524
113.587057 261.419846
117.868075 258.497558
76.231185 144.273783
130.508259 213.460545
9.465535 81.359479
51.534113 171.340749
-148.753121 120.369135
42.733372 120.436280
43.457068 111.468671
43.261856 111.462647
45.598925 113.384773
