date:2018-10-30, time:1600, wind_speed:3.75, wind_dir:316.0, temp:5.4
73.584705 108.876958
-10.429450 70.493523
-130.944105 43.198998
-80.223276 -254.560206
-118.540525 -46.796646
19.437043 117.774569
-126.424080 -14.080161
-47.317742 -23.178556
2.706650 90.960010
-68.457213 -259.838616
-109.454482 -53.704097
-10.121703 100.215175
-93.438288 -244.900423
-76.835267 -256.854040
-10.126055 -286.916670
-5.564416 -299.267212
-55.885841 100.234105
15.212894 -290.273065
31.520304 -259.840939
36.556215 -257.621773
-77.112850 -256.588554
-89.560418 -244.585542
77.442103 181.248554
-68.522712 106.171233
52.718159 -263.165673
-68.095220 -260.240655
-34.849478 36.860726
-39.211344 124.195851
-34.715199 -254.212277
-9.788950 117.870253
27.469490 133.230998
27.388400 -253.882061
-10.429450 118.505571
-30.489917 117.857700
-5.851241 67.234515
-10.104894 67.207506
-55.545683 126.836932
-84.834969 -245.199474
-88.630730 -245.628519
-10.106883 76.235459
2.394044 -217.813738
-59.495538 48.417614
-134.382464 63.492020
-10.429450 76.495029
-10.429450 73.494276
-9.782157 72.802091
-5.228283 75.487939
-10.429450 73.494276
-64.233288 -265.896597
-1.784841 -178.870250
-80.162069 -215.587742
-113.618567 0.519477
-117.749904 81.429733
-84.456977 -32.681592
2.801120 -218.290168
2.793305 -215.170314
-113.856372 84.780291
