date:2018-07-13, time:1700, wind_speed:3.88, wind_dir:168.0, temp:23.5
-106.231268 46.487499
-77.112850 34.484487
50.568492 109.770571
-81.937343 103.973183
96.786006 104.102192
97.813015 103.992996
4.574479 145.867062
4.977343 -91.381954
59.428449 107.219854
67.543227 -265.397458
-3.064844 -105.930149
-23.606447 94.977745
115.273220 106.760873
-1.269777 -91.308455
10.464682 -94.547892
4.536334 -85.278866
-3.426476 -82.388619
105.898183 103.628252
62.973745 244.747321
62.917846 244.673907
34.791800 119.043156
42.860486 113.196055
129.593703 151.700183
56.253950 106.502559
-166.173552 19.670451
-116.371754 61.741583
72.945138 238.584036
105.112857 103.681000
-36.707163 -31.463151
92.831522 107.030639
38.005735 178.825487
-48.772274 -31.077981
-162.021330 19.584680
-115.259069 53.045017
-114.566693 49.488252
60.477232 106.502559
56.253950 106.502559
55.853417 106.630575
60.477232 106.502559
50.437723 -241.270851
-115.441824 -15.876959
-106.231268 -4.525302
-160.467100 16.479969
-32.735087 -46.269892
8.911957 -97.317254
-107.766041 -256.457652
25.496498 -67.282138
25.487985 -70.347172
76.572186 104.188967
34.730713 119.009657
-162.341359 16.805853
-160.467100 16.479969
-165.400465 20.005233
71.403837 265.743559
-169.913224 19.568284
-15.649965 34.905001
59.560647 268.702498
42.485371 202.662195
67.137922 271.847710
29.978040 121.639725
