date:2018-08-04, time:0500, wind_speed:1.08, wind_dir:158.0, temp:21.4
68.459423 103.416145
54.952493 107.277326
-52.280360 -111.494070
42.569873 113.162586
-173.748592 22.917561
68.547674 103.484139
46.944436 110.002074
-181.698053 32.760402
47.855999 109.289033
-164.781148 7.654453
-111.162580 -253.861257
-44.474717 -87.618517
-161.161883 4.835428
47.557636 109.188241
55.712138 106.467070
47.675044 108.968775
47.651667 109.334173
42.896693 113.123878
42.528942 113.211013
47.517345 109.588000
55.984194 106.319374
89.106022 106.425342
-35.991516 108.035684
46.694974 110.468095
68.392823 103.265965
55.722779 106.421922
59.986555 265.305385
43.025478 112.491648
43.580263 112.397080
43.534448 112.404312
43.197889 112.696754
43.199628 112.515802
46.807961 110.171316
-69.344455 11.920643
56.011654 106.522878
46.592540 110.346250
-7.305774 197.218285
-7.076315 -72.842199
42.732832 113.075667
-173.212549 22.451624
55.639517 106.014237
43.562276 112.321789
46.931290 110.203555
-19.425731 -32.949904
-23.360839 159.032050
-19.139384 155.426352
34.511843 194.350859
47.345176 109.495518
-11.131888 38.892274
-36.074949 104.116328
-40.019874 110.707621
-22.916777 -53.892819
71.816851 104.231159
-6.728094 47.746226
18.166685 -99.228258
-19.389887 -15.506394
72.415535 272.893320
-10.952972 35.826616
43.528400 112.619273
43.565100 112.335833
43.593568 112.134840
67.403697 104.159170
9.950810 59.328661
26.584243 191.605278
67.983587 263.874492
47.442833 109.710253
46.980405 110.025270
-6.682653 173.688205
-110.725637 -253.542315
-111.297851 -253.324296
96.971980 245.450312
43.316815 146.995580
130.651531 264.284110
113.829640 173.894009
-7.464312 170.080058
-90.776996 161.326034
-107.251588 -253.084681
113.792884 266.478359
-10.985735 41.114629
-36.017124 107.927003
43.240490 112.218585
84.187341 203.166592
-69.382326 175.018289
-60.789007 159.946292
105.661694 274.296786
-110.764227 166.389209
6.000130 166.579523
43.293243 112.572074
43.538675 112.376223
43.317661 112.405224
43.617488 112.202716
-35.975962 178.582984
59.999564 148.284576
97.584825 106.615966
9.464237 59.136476
113.732449 211.690595
-6.851060 181.712690
109.963212 193.576784
-44.317772 181.506706
77.112850 283.595331
