date:2018-09-05, time:1300, wind_speed:3.16, wind_dir:215.0, temp:30.0
-164.894529 7.079342
45.196615 112.150772
47.202993 111.722035
37.008668 118.091629
70.615492 157.305546
64.367256 244.428426
17.667640 178.028006
84.891930 214.405735
77.112850 220.579518
-81.694374 154.154827
47.918525 112.504065
35.226789 157.286777
-27.700469 21.880357
105.801356 241.034789
61.720309 244.138502
13.242517 132.987396
5.686478 141.742142
-61.589491 151.353600
-179.320994 100.337566
-47.883293 157.515360
42.637687 118.328255
97.759598 217.337854
-49.086762 130.575736
84.784307 223.067443
26.070025 159.724721
80.491087 241.376587
110.122739 223.056504
-14.541593 124.507077
-148.465260 -17.002247
-165.949221 52.451512
31.097009 127.211144
14.576825 118.505571
96.651866 226.018181
85.448275 220.579518
-85.998200 120.819257
17.356069 187.390108
71.486490 160.351153
80.407867 177.932927
30.734643 124.114971
118.825207 193.524396
-181.626191 82.189010
-172.914668 79.495782
105.154841 183.623560
-181.523724 93.923597
-175.758092 93.945362
-174.067567 93.614744
-119.033540 154.360062
72.945138 265.590813
22.624342 157.353960
55.137149 118.325044
64.183100 211.339453
-177.650471 93.860848
-69.860735 132.880086
42.800169 -286.676027
-78.667832 166.563307
-28.039413 147.831809
109.327398 163.107739
35.070591 165.933330
5.136429 168.608521
-61.685702 139.096800
-57.238368 144.730158
101.704708 223.185681
18.547565 145.282038
68.637117 144.965355
14.281270 148.380177
38.540325 117.697220
76.821591 103.310436
110.148212 193.365710
10.126137 160.427195
5.840040 157.079320
90.997069 226.022025
99.309634 231.985347
5.758811 160.333701
63.124013 244.601151
5.238772 169.004420
0.895241 141.819125
116.064345 256.075460
13.795762 165.882634
5.682719 168.982957
112.214010 193.293323
110.230075 190.305589
109.812013 190.429167
1.886005 163.407481
47.633463 112.323889
59.967793 193.028909
26.198114 156.956794
21.600477 156.945648
-156.879423 121.000278
-157.501303 118.135868
-153.145539 130.054611
31.031044 -233.132528
-173.257796 58.342313
-109.020181 130.021639
76.562741 -232.780354
-185.769401 28.240061
45.649767 112.164834
47.576178 109.248188
47.444315 111.948578
47.918525 112.504065
38.353275 -274.983286
-122.902118 -43.535091
-43.771150 -196.573494
-89.560418 -172.567470
-135.988677 133.136584
-52.106575 -205.575753
-14.541593 -244.585542
89.370522 232.406658
93.504718 229.364459
-182.108065 27.784287
-173.193118 64.307299
-99.091766 -125.438456
22.382115 187.347696
19.978165 186.701656
-161.756315 121.214437
-156.243818 118.505571
47.612354 112.293412
-139.572968 61.491264
-106.720093 -23.002715
-160.467100 115.504818
-157.248528 111.585531
29.489053 199.082922
-165.554661 7.523345
-161.383082 3.981952
46.803242 -265.953662
29.823214 -280.419666
30.096382 -226.533806
-161.737092 28.327908
-112.078698 -112.372603
-140.955307 133.312538
110.454550 223.580271
-3.803760 -236.082329
-66.326839 -145.884879
38.747874 -275.400033
35.470957 -277.593825
39.583100 -274.593072
-68.777425 -124.555422
-68.777425 -112.552410
-102.119125 -235.583283
-139.572968 121.506324
-3.254639 141.573927
-3.373489 141.634524
-3.260174 141.670014
6.514096 159.476062
75.610351 -233.096023
72.632634 -232.774203
76.897935 -235.815842
