date:2018-06-03, time:2300, wind_speed:1.7, wind_dir:140.0, temp:9.0
77.013188 235.733017
-77.290402 133.676487
6.105603 -283.512375
-77.483454 73.669208
64.609713 247.586295
51.997152 118.608786
-90.874087 110.040509
-106.231268 -247.586295
-106.404099 -250.502966
-95.154482 110.001275
-23.548071 -94.195929
-57.655197 124.995724
-6.206168 -115.553163
-27.100300 163.516866
-6.206168 154.514607
-2.073687 202.575000
-93.960150 115.646511
14.477237 -283.495597
106.136772 271.748787
-10.763046 -169.339974
-60.442000 160.516113
-48.060119 124.625635
72.767831 103.582987
-85.546071 133.659921
-89.740132 172.587196
47.573929 112.708152
-35.435725 190.523643
-60.442000 163.516866
-74.160223 158.043965
-3.738004 -292.071163
22.776928 -265.506641
-68.777425 154.514607
-31.338018 157.630498
-14.871572 37.725425
68.612012 262.659943
