date:2018-07-05, time:0700, wind_speed:2.08, wind_dir:215.0, temp:26.7
-102.973054 63.613280
-78.096753 57.256382
46.970075 108.328925
-70.503729 118.997907
97.224675 102.600805
97.160697 102.642347
-61.275621 123.688896
14.576825 154.514607
14.393471 -73.655642
13.777939 159.665620
55.330091 105.354256
-27.931040 36.290179
18.018226 -71.404155
1.035542 111.405948
67.957423 -251.852477
67.929443 -221.274710
43.806382 -280.594578
18.276746 117.947261
2.129257 -85.545633
-15.533043 111.382459
127.160632 112.504065
26.283389 -287.827521
18.121391 -71.414073
21.270126 -73.813669
10.464682 -97.548645
22.158732 -68.505861
55.435487 105.429673
-18.764875 73.494276
13.635840 -71.746838
97.318133 102.920471
-89.560418 61.491264
-77.923676 63.580346
59.638669 252.205050
59.590204 246.637179
63.659691 252.390355
34.601352 117.319358
71.893189 -221.711918
-7.840165 109.989021
-7.039869 111.582760
-111.440407 21.266882
-98.730922 15.302732
34.583553 117.186685
43.107279 111.821833
43.806382 112.504065
134.655685 162.441772
55.556394 105.766617
56.253950 106.502559
-168.802525 19.480722
-106.231268 70.493523
63.777822 258.750559
6.241400 112.504065
64.609713 253.587801
42.940457 -53.755582
96.948927 102.448549
-23.681081 -14.657079
96.897425 108.384252
43.592346 190.361635
21.918210 120.301240
21.690151 187.281111
33.878983 193.122901
-27.100300 -13.527561
-169.653864 18.407492
118.789975 280.594578
-107.181752 66.245221
-102.849258 66.509124
63.558649 105.344025
55.390275 105.217598
56.253950 106.502559
55.417926 105.599835
55.496203 105.727190
-32.130010 27.560685
67.107834 -223.608485
67.894206 -221.648866
-98.729983 9.598554
-98.921425 9.321193
-169.696827 18.262915
-169.535994 18.451136
-15.378530 -29.401563
18.108481 -71.336275
14.023438 -71.137588
13.880484 -74.562172
-107.281895 -257.703703
43.048735 -53.431481
39.356944 -52.675593
93.818932 109.503312
