date:2018-07-28, time:1200, wind_speed:2.1, wind_dir:183.0, temp:27.4
70.062004 103.239021
-88.322433 91.273610
59.528019 106.154119
-59.025696 -94.850932
-46.557128 -95.036864
59.341887 244.236031
59.306006 247.149628
42.751578 112.087809
47.279089 109.270494
-173.915114 22.120666
67.984999 103.236020
46.993172 109.171359
-15.673181 175.093057
-171.858204 48.726645
46.345360 109.262190
46.638166 108.928858
-161.494088 16.072432
-111.767958 -253.784931
-39.958737 -74.013415
-11.393434 121.067784
-161.397587 16.251842
-178.113746 25.033427
-57.509961 28.065143
46.577767 109.212569
55.040665 106.003269
-2.663055 190.371434
47.011328 109.214037
47.424723 109.485672
42.944324 112.175859
42.393082 112.147965
46.913826 109.062181
42.537710 112.120832
-5.454537 123.987936
55.187537 105.878805
92.983798 109.101395
-27.716425 121.337204
47.259373 109.289767
46.414037 109.187890
68.113557 103.081319
54.306008 106.283832
60.016875 268.563178
42.463114 112.189306
43.023959 112.272180
46.641921 109.174381
-57.228882 -34.928018
43.124041 112.336646
42.742439 112.039295
42.735593 112.071473
42.934906 112.031798
47.683433 109.497298
-64.554143 28.482981
55.106076 106.016369
46.995316 108.681279
-7.569439 196.120973
-0.889516 -58.962163
-33.815226 -19.680138
46.016703 109.262492
42.780612 112.213707
43.120864 112.260936
-174.084958 21.983828
43.025153 112.132455
42.759538 112.165551
55.692830 106.296871
42.771204 112.053072
46.930306 109.218326
-13.821989 -17.072595
-16.899513 175.437199
-11.376358 169.185039
30.181076 124.138818
72.257728 106.238269
38.600918 199.208153
-17.565299 52.043226
20.277968 193.147063
43.399024 112.391433
46.896634 109.205591
-102.975273 -251.001354
-6.968559 46.241756
-28.487334 118.582953
-28.134673 123.335078
