date:2018-07-22, time:1200, wind_speed:5.24, wind_dir:114.0, temp:22.7
-98.610392 103.844547
97.458259 106.002342
-15.206634 145.447676
55.790373 109.405277
55.578981 -265.181385
-44.259625 94.040560
97.467852 106.013360
-23.264267 -91.980833
-2.602135 -94.961218
-14.924632 -85.935760
97.299731 105.986343
59.728956 247.551157
59.990772 246.822376
43.156117 115.227645
55.666049 109.450949
-169.151835 21.893654
97.452510 105.735612
-60.980286 -32.303473
80.802660 108.640349
14.197115 178.007864
-169.419603 21.925599
-135.952244 52.495334
55.955092 109.700200
55.916707 109.529860
55.775476 108.697824
22.413337 -242.128248
-161.083329 16.445161
-106.759795 -254.596270
1.572862 -71.451705
34.902247 121.835547
-160.867528 15.749637
-160.777576 19.484021
59.528747 269.165558
-169.141964 22.553305
-27.586179 31.768887
22.456279 202.455381
55.702631 109.487042
55.742580 108.549284
68.147304 106.636669
-35.819444 -7.981733
-2.470115 191.498270
55.773642 109.028010
55.203227 109.832733
47.305078 111.768650
47.345128 112.783704
55.902776 108.719538
55.749499 108.799704
47.342717 111.711847
68.356772 105.953989
93.258862 -211.649910
34.962666 123.870493
97.420229 106.453599
101.630868 106.586767
13.913149 -83.138235
159.866326 172.974368
89.344241 299.160097
122.402782 112.623887
14.086078 121.576132
55.772168 108.524169
55.637247 108.966746
55.396381 109.884439
55.787191 108.700336
97.506811 106.747095
89.058169 109.816094
59.918433 267.852361
51.592166 111.204520
51.676682 112.054872
51.629389 111.585359
55.777945 108.562217
-23.530551 -31.006274
47.468870 112.407978
51.567830 111.718458
51.521902 112.878133
47.239332 112.698757
51.792220 112.037610
76.265282 109.852360
-169.367845 22.953508
64.057390 -274.821495
-27.529580 33.880244
-31.793517 31.089069
84.932158 109.405585
85.004916 108.680787
1.271379 196.916764
30.565660 -60.940541
122.140847 109.831675
-6.076275 -17.179274
