date:2018-05-28, time:2300, wind_speed:2.6, wind_dir:196.0, temp:10.7
76.470826 226.497771
-69.373788 97.387037
-73.361381 133.134796
11.921193 -283.992312
13.996325 -284.077928
-77.646100 76.303550
1.651862 -166.957882
-19.279760 163.357002
60.442000 250.587048
30.710273 -283.925695
43.113278 115.194521
60.197539 250.493386
-87.001064 109.192083
-94.411171 -239.136872
-110.990828 -250.769497
-55.061861 73.131004
-53.012256 124.332904
-109.070694 -247.945120
-110.454550 -244.585542
-86.021474 109.012484
-15.363765 -94.778845
-65.167704 163.159195
-14.827960 145.424291
-43.021818 130.019391
0.929058 -109.845320
-34.400410 148.091245
-23.699873 163.252939
-21.908714 159.931545
-2.638960 157.330514
-7.045389 199.270087
-90.047362 115.263769
22.307208 -283.786035
-56.501897 160.458680
86.837633 112.184617
109.912847 271.079237
14.086300 -283.751423
-11.344980 -292.825035
-5.092248 -164.009581
-60.713888 160.422527
-11.417062 -292.782447
-41.903703 127.307475
73.993909 109.148947
-78.003058 172.200096
-77.668689 136.174078
-81.948648 172.302636
55.554291 112.544789
-31.531237 184.181340
-56.579494 163.289582
34.849601 -20.067190
-57.185601 163.153834
