date:2018-07-02, time:2000, wind_speed:3.1, wind_dir:180.0, temp:19.7
-98.244820 73.530235
-27.100300 -148.561446
-73.270892 64.453211
47.566608 109.471794
-62.235887 121.862960
97.931075 103.501806
95.928410 103.681412
-56.551491 127.468177
18.429117 157.475341
18.400547 -70.546552
18.470382 166.493926
55.907134 106.491285
-23.259059 37.430291
22.523639 -67.584115
5.911930 115.547233
72.924800 -247.586295
71.110143 -217.269170
51.776084 -277.557751
18.475764 121.529616
4.345229 -85.259919
-8.056262 115.815293
130.918214 118.527726
29.393174 -286.232108
22.912250 -67.541115
26.077227 -67.418476
10.067939 -97.586786
26.743244 -64.579588
54.329119 106.797687
-6.539430 82.492917
-14.926506 76.549047
18.448816 -70.571232
96.191189 103.752207
-85.448275 64.492017
-73.258271 67.439607
-23.177255 31.428867
60.097879 253.625535
64.609713 253.587801
64.221127 256.622594
35.073818 118.540470
77.023385 -213.787056
-2.094025 115.504818
1.823136 115.504398
-64.845222 124.451617
-103.960334 22.744506
-98.030879 20.201983
35.180631 118.542459
47.627011 112.467321
43.447292 112.461792
68.433558 109.474376
137.759054 166.851207
55.906703 106.448619
55.861037 106.528408
-169.151467 19.515815
-102.119125 70.493523
-98.189133 70.445322
51.088516 -277.471795
64.312412 262.579512
10.464682 118.505571
64.232307 256.643374
47.918525 -52.537350
100.364949 103.887218
-20.206821 -13.198924
100.755860 109.744740
46.852012 193.724287
25.983479 124.665009
-7.293751 -16.470573
26.459789 193.516110
38.525221 199.678073
-27.415217 -10.520161
