date:2018-07-20, time:1700, wind_speed:3.96, wind_dir:170.0, temp:24.6
-98.339685 31.578645
-94.651271 100.697096
97.509734 103.616683
-15.434153 142.724040
55.400877 106.704165
59.598069 -268.358336
-42.325145 91.379056
101.691035 103.550491
-21.448524 -94.656547
1.164439 -97.338940
-13.131848 -88.676763
97.455279 103.588162
59.522844 244.794142
59.953289 244.684668
42.471527 112.793417
55.295461 106.773862
-169.283990 19.570292
97.449270 103.524113
-60.442000 -34.532832
84.562640 106.647986
20.048798 175.362271
-169.273673 19.527953
-128.057209 49.630039
55.294304 106.656695
55.426482 106.795254
55.841891 106.578031
24.609669 -244.357889
-161.304940 13.657914
-106.640827 -256.548333
1.685770 -73.446624
34.170515 118.768736
-161.395681 13.624916
-161.353405 16.645326
59.136960 265.880671
-169.762334 19.685366
-23.756838 28.717978
22.030518 199.755132
55.277285 106.712932
55.849102 106.529464
71.930004 103.626094
-32.101715 -10.334683
0.740585 190.828145
55.353846 106.685667
101.157650 286.819734
-2.552361 -19.488799
54.829392 106.914126
47.067804 109.745890
46.953022 109.653146
55.847174 106.612893
58.086035 106.375622
47.057084 109.679397
67.951306 103.666610
92.890092 -214.347130
39.583100 121.506324
101.693490 103.558184
105.837639 103.538021
18.390565 -85.461992
163.751497 169.665040
88.703164 298.768426
126.761445 109.594622
18.409407 118.636530
55.861563 106.546595
55.806314 106.560183
56.253950 106.502559
55.765749 106.610408
