date:2018-09-24, time:0900, wind_speed:3.32, wind_dir:44.0, temp:9.2
-80.699121 155.076980
28.083017 164.285689
-180.626708 101.044901
90.434833 215.408319
65.166154 176.055454
-176.470186 82.970311
-176.884957 88.792647
-1.537455 155.067545
23.160615 -283.352279
98.890941 221.395215
-13.540584 140.362875
7.192020 161.312079
98.586816 191.085865
-159.939206 121.979586
-155.353458 116.329510
-155.665449 134.029191
-176.097839 62.219863
65.194937 -232.099293
-180.697794 34.945883
35.713474 118.760559
-59.894536 -195.977515
-93.133123 -175.043497
-71.945170 -207.780726
-159.952325 122.089045
-160.219734 109.722710
-18.232047 -237.975277
-76.504042 -141.994971
31.477278 -280.287432
-92.854835 -111.703735
47.918525 112.504065
-151.149302 -15.687486
-59.927002 -234.951161
-17.770586 -249.841813
-171.626760 77.392442
31.829503 -265.074231
-80.743047 -121.077747
-47.356053 -163.033625
-101.491424 -124.041464
69.262290 263.150170
-184.491834 47.338978
-84.814016 -240.972562
-76.085088 -99.665469
-151.880265 121.764969
-143.264902 149.139682
-101.489030 -106.063151
2.711426 172.998304
-18.249344 173.081888
-180.430160 83.269958
-97.895843 -145.560693
-72.269921 -211.054570
-126.272975 -27.645095
-97.342515 -145.004674
-109.491065 -69.768544
-185.164953 28.758284
-63.996653 -181.035563
-146.945526 -12.764420
-163.986759 101.105507
-172.311500 98.018066
-167.826745 98.204227
-168.224319 98.018903
-2.094025 196.525149
-118.135020 -115.048130
-97.414059 -64.032065
60.704584 -247.371515
6.789811 -247.152963
65.266211 -271.011540
23.834746 185.222927
-18.175306 -280.081090
-18.251158 -283.056886
60.995135 -244.068529
53.169812 -240.867022
57.182502 -249.784297
57.230128 -240.779183
-80.965630 -253.318029
-184.871212 34.961987
15.160410 179.023629
69.450824 -240.975607
65.250728 -234.996285
-155.596385 73.969103
-151.591517 -15.922771
82.251754 230.294552
98.228731 181.771430
-151.601998 -6.951379
-147.308624 -6.972668
-152.131675 -10.526808
-159.971394 50.051644
-55.728163 -228.965870
-59.835118 -106.033783
-72.342051 -67.046647
-76.845252 -232.284643
-55.944738 -274.338407
-85.177959 -244.284392
15.208534 131.017510
-96.954500 -144.822819
-93.783700 -142.559940
-144.066616 -15.322341
-147.001619 -15.765950
