date:2018-09-24, time:1300, wind_speed:1.33, wind_dir:77.0, temp:13.2
-81.224993 154.514607
27.234598 163.882889
-181.250093 100.501053
89.768425 214.990042
64.589375 175.519878
-177.137950 82.496535
-176.287371 89.479164
-2.094025 154.514607
23.683784 -282.533709
98.022636 220.889574
-14.239030 140.104058
6.393450 160.735514
97.977589 190.711564
-159.496657 122.644858
-156.150283 115.774561
-156.243818 133.509336
-177.064441 61.865934
65.556411 -231.338281
-181.250093 34.484487
36.300587 119.403804
-60.442000 -196.573494
-93.781963 -175.401131
-72.757821 -208.250902
-160.467100 121.506324
-159.697547 110.518830
-18.764875 -238.584036
-77.112850 -142.559940
31.968907 -279.621444
-93.705352 -112.227296
48.417681 113.252010
-151.847911 -16.006223
-60.442000 -235.583283
-18.576337 -250.368631
-172.656643 77.040235
31.247675 -265.590813
-80.250344 -120.422544
-47.883293 -163.565211
-102.120702 -124.390079
69.684046 263.891105
-185.233225 47.032636
-85.448275 -241.584789
-76.856619 -100.098564
-151.308638 122.538658
-143.714101 148.623446
-102.119125 -106.550904
2.129257 172.519125
-18.764875 172.519125
-181.143154 82.775522
-97.381575 -144.911492
-72.828648 -211.386224
-126.903349 -28.213659
-97.895843 -145.560693
-110.397256 -70.209940
-184.642885 29.366368
-64.554143 -181.569729
-147.821600 -13.203069
-164.570638 100.699528
-172.914668 97.500300
-168.644730 97.899877
-168.802525 97.500300
-1.551028 197.199082
-118.774275 -115.462833
-97.045993 -63.323240
61.255747 -246.644436
6.241400 -247.586295
64.589375 -271.592319
23.044008 184.869742
-18.764875 -280.594578
-18.764875 -283.595331
60.477232 -244.585542
52.171869 -241.222765
56.399858 -250.361105
56.411328 -241.225340
-80.400299 -252.646443
-185.473375 34.484487
15.588732 179.647955
68.812657 -241.584789
64.677021 -235.450183
-156.243818 73.494276
-152.131675 -16.528314
81.391268 230.000403
98.645570 182.462812
-152.131675 -7.526055
-147.895770 -7.397735
-151.671585 -9.825754
-159.536386 50.692343
-56.218718 -229.581777
-60.442000 -106.550904
-72.858935 -67.380901
-76.281733 -231.598137
-55.618980 -273.560176
-84.631232 -243.641346
14.651540 130.617244
-97.794736 -145.184032
-93.242555 -141.763477
-143.639521 -14.496359
-147.845202 -16.237959
