date:2018-05-29, time:0800, wind_speed:3.89, wind_dir:316.0, temp:22.3
77.596640 225.657584
-68.355130 96.481156
-72.556015 132.510810
11.335712 -285.545998
14.889591 -284.634490
-76.701762 75.652462
2.751644 -167.448384
-18.323173 162.705090
59.933301 248.948900
31.708584 -284.625122
44.275917 114.467030
60.928440 249.875285
-85.671254 107.895848
-93.581960 -239.900067
-109.993473 -251.296575
-55.617021 71.784517
-51.810532 123.363207
-109.555152 -249.464520
-110.904782 -246.351951
-85.028652 108.448234
-14.155263 -95.641681
-64.024428 162.508495
-14.261632 145.213477
-43.533749 128.484029
2.145745 -110.971774
-34.971503 146.551285
-22.428329 162.491209
-22.235608 158.468953
-1.697812 156.884102
-5.844111 198.446384
-89.203630 114.528442
23.232858 -284.665393
-55.897744 160.237564
86.428691 110.564242
110.766877 270.545364
14.905112 -284.386384
-10.241343 -293.754861
-5.645735 -165.591231
-60.098407 160.252727
-10.121903 -293.802839
-43.491445 127.202226
73.407690 107.542062
-76.854983 171.425813
-76.745879 135.283163
-80.805434 171.409058
56.589164 111.663813
-30.797032 183.705530
-55.761000 162.676536
35.826818 -20.671535
-55.955945 162.314022
