date:2018-09-26, time:1300, wind_speed:4.51, wind_dir:167.0, temp:23.4
-93.783700 157.515360
21.256681 166.266363
-181.250093 103.501806
83.781501 217.308322
56.337663 177.884029
-181.250093 82.496535
-181.250093 91.498794
-10.429450 157.515360
14.688467 -281.255553
89.615988 223.580271
-15.597775 139.530150
0.656429 163.299169
-162.088944 118.208855
-156.760280 136.627472
-177.137950 64.492017
56.253950 -232.582530
-187.023053 37.287556
-70.345891 -190.833411
-93.783700 -172.567470
-160.467100 124.507077
-165.118397 112.578122
-27.581919 -238.416883
-81.224993 -142.559940
23.076715 -278.191956
42.309560 115.238710
-152.634099 -13.452528
-72.889568 -232.582530
-178.176816 79.443800
26.637408 -265.497488
-56.218718 -160.564458
-112.028289 -118.791273
62.891551 268.302596
-185.473375 49.488252
-90.025119 -238.502920
-86.420255 -97.582496
-162.149674 124.314359
-107.698000 -103.694125
-23.363089 172.652521
-181.250093 85.497288
-99.444307 -142.771268
-78.664936 -208.722795
-135.977415 -25.417598
-98.885723 -142.603114
-185.473375 31.483734
-73.375545 -182.363077
-153.125836 -7.595390
-174.580708 106.347191
-181.633450 96.682016
-177.137950 100.501053
-178.688542 97.279033
-7.700510 199.307463
-118.789975 -112.552410
-106.231268 -61.539609
50.564927 -244.760137
-1.965337 -245.189589
52.141807 -268.591566
17.163463 187.351141
-24.460735 -277.866888
52.241040 -245.369303
43.806382 -238.584036
51.602681 -247.526960
50.562971 -238.817597
-81.672449 -250.426360
6.241400 178.520631
55.282951 -232.600602
-164.579243 76.495029
-152.131675 -13.527561
80.766347 232.727802
89.904284 183.890430
-152.648611 -7.460138
-153.809599 -4.657268
-152.131675 -7.526055
-165.106219 49.636170
-64.554143 -226.581024
-65.086637 -106.464296
-81.224993 -64.540362
-90.040365 -241.486136
6.241400 133.509336
-98.405461 -142.428122
-98.410373 -136.396290
-149.586228 -13.707516
5.760242 130.611518
55.263624 -235.558661
-82.241039 -250.565396
-157.306201 136.435138
-94.240820 -118.414066
-82.847325 -172.809090
81.260225 112.504065
-73.902528 -172.694110
-78.680704 -172.875367
-78.691153 -175.835125
-81.224993 -172.567470
14.046178 187.586998
18.800107 187.522890
-85.448275 -109.551657
-98.385566 -142.496008
-98.848692 -142.580554
-98.929445 -142.650858
5.315808 130.493088
-85.978813 -121.419446
-93.783700 -118.553916
-145.825543 151.371627
-144.248892 151.633678
-82.110881 -202.688974
-82.230431 -205.697405
-118.727668 -112.339646
-119.656200 -111.852712
