date:2018-10-18, time:1100, wind_speed:8.13, wind_dir:314.0, temp:3.7
61.071925 141.813177
-10.429450 100.501053
-147.272288 87.820976
-151.480909 90.864987
-160.467100 79.495782
27.720623 -290.284298
-88.976686 -245.183171
-85.448275 -244.585542
-126.506658 -44.202912
-93.143884 -176.208112
-109.861256 -122.181656
47.918525 -283.595331
-22.299393 -284.266108
-68.173828 -260.256313
15.159743 117.832311
-80.647743 -242.185048
-184.827003 27.785358
11.147461 -290.289198
-147.292409 -20.212852
-34.862613 39.833042
2.129257 148.513101
-68.179719 -260.221142
-134.783505 24.854907
-68.142593 141.880882
-68.777425 16.479969
-85.448275 -241.584789
6.825792 -224.285083
-77.112850 -217.578765
11.139703 -290.296426
-30.573942 129.888806
-30.606834 -275.235198
-14.541593 136.510089
-93.783700 -244.585542
-88.888146 -245.224323
35.470957 -220.579518
-38.954334 -281.266951
-72.889568 -238.584036
6.832049 -290.301760
-9.754962 -131.202034
-88.932735 0.868854
-27.100300 -232.582530
-68.132638 -260.214641
-81.224993 -253.587801
-22.253019 147.908618
-114.566693 -37.533585
-22.267245 141.904320
-72.246562 -257.208066
-97.280968 -245.253335
-89.560418 -244.585542
-30.554794 147.847829
-84.853450 -5.193930
-22.286948 -284.296526
-14.541593 -286.596084
-22.252589 6.783600
-72.268421 132.817482
-152.131675 85.497288
31.885698 -260.189239
-68.777425 160.516113
11.085684 -290.268650
-22.877018 145.512348
-22.280017 147.894377
-68.148536 24.838651
-68.777425 25.482228
-13.941779 12.774194
-18.099172 78.812963
31.247675 154.514607
10.464682 -217.578765
23.561980 -221.175965
-84.807237 -245.251914
-88.912988 -245.271282
52.716240 213.952954
-22.250953 141.911002
-72.889568 142.511595
