date:2018-06-01, time:2000, wind_speed:2.41, wind_dir:175.0, temp:20.9
65.906415 229.846833
-80.529517 133.372859
3.116110 -283.418495
-82.593069 73.822197
58.725676 247.709998
43.592780 115.556004
59.498812 253.923242
-95.285544 106.558187
-112.474576 -244.429480
-111.219086 -247.364644
-112.259593 -250.419498
-91.275241 109.594922
-27.361647 -94.550905
-29.186419 145.708570
-55.634564 127.507141
-8.657623 -115.426529
-30.432975 163.607721
-13.162180 154.834363
-7.478491 199.814613
-103.463990 115.805666
11.484059 -283.329334
75.855878 109.720609
99.324455 271.888488
-12.695359 -169.587422
-66.344679 160.769594
-15.366176 -292.343208
-54.915108 124.808592
68.560212 103.572455
-90.028681 133.917723
-92.678825 172.799058
45.524598 112.642403
-37.007925 187.679655
-67.353394 163.730859
-73.143638 157.517662
-6.206168 -289.596837
19.392359 -268.357678
-75.917132 154.700315
-38.032965 154.767766
-15.606322 37.792802
