date:2018-08-14, time:1300, wind_speed:3.68, wind_dir:158.0, temp:22.3
68.420070 112.608356
68.812657 112.504065
46.834730 119.240753
-182.161435 34.887117
-164.929883 7.624282
-111.375075 -247.204664
47.067541 116.038912
46.767724 119.155341
47.077676 116.018412
47.918525 118.505571
56.253950 112.504065
46.869132 119.172041
42.089107 121.165980
42.725643 119.023338
43.806382 118.505571
42.906419 119.329442
-6.241400 208.576506
42.152153 121.400054
55.215896 116.354528
42.648679 119.204244
46.680864 119.147058
-22.877018 -43.535091
34.361002 203.268946
-48.962817 95.206942
-28.464769 -58.670066
71.752817 113.497413
-7.022955 55.930017
-15.618805 26.036744
43.806382 121.506324
67.335756 112.503555
8.739957 67.671039
18.449735 184.715054
46.606095 119.179650
-110.454550 -244.585542
93.783700 232.582530
41.961235 133.356166
117.863978 263.079569
-15.539952 32.065971
-40.284049 88.772378
81.260225 187.522890
96.062742 265.736599
-114.964754 151.634846
0.381757 154.582925
42.668039 119.324656
43.806382 121.506324
-39.547868 166.517619
56.253950 133.509336
96.349071 112.178341
10.464682 67.492770
109.556991 200.127204
108.999386 178.377339
77.112850 277.593825
54.807117 217.331040
5.134204 62.050370
42.524633 176.309658
-60.442000 184.522137
41.848416 121.258703
42.563364 122.229043
113.131997 250.233653
109.503338 253.843945
109.201604 250.674021
104.671627 259.330940
122.529686 211.729326
5.351132 89.027413
42.610748 164.404200
-152.131675 121.506324
37.942130 127.439132
41.928773 121.297885
-44.791637 149.195639
-10.429450 148.513101
46.901618 119.335753
134.115797 256.741949
-119.889243 154.745553
-57.158477 194.230864
141.974525 220.437611
46.832307 116.131665
47.578675 118.674195
133.789919 232.598917
-181.250093 106.502559
105.943849 277.789853
77.148082 190.523643
113.565455 260.206639
109.382304 266.345710
118.789975 259.589307
108.671082 262.469074
1.220426 65.092909
5.176169 65.139506
-3.143234 65.294523
-160.467100 121.506324
126.007316 281.171699
71.132001 286.233698
75.736886 281.436695
38.607188 173.335036
43.806382 178.520631
46.880976 115.910073
87.690159 160.611632
143.796250 277.593825
92.914360 160.961149
114.622263 229.581777
-140.625409 113.137339
117.204504 211.733597
33.637965 178.228939
87.911593 175.052285
-35.435725 190.523643
30.257641 206.393410
21.015453 199.205324
42.604193 167.291163
67.747641 110.340535
67.328141 115.222169
84.464452 296.317043
-160.859984 127.665160
71.886485 215.184662
47.918525 172.519125
68.812657 169.518372
55.232359 146.278443
18.800107 196.525149
102.119125 292.597590
-143.796250 133.509336
-53.151303 185.237103
-31.212443 190.523643
59.438796 152.151452
129.669305 247.580039
42.725622 158.015817
-111.642329 181.968209
113.306136 256.615870
112.819353 259.204308
112.997818 259.576150
117.652907 260.649660
113.342755 256.445747
21.394833 187.288150
121.479536 244.476679
-41.093412 169.419695
-40.629493 167.057359
-41.142802 169.364134
-36.925070 169.699797
26.100664 197.151674
25.268444 199.253975
22.011083 202.860028
22.912250 193.524396
95.977613 160.413600
42.224708 151.182347
-89.560418 175.519878
71.723019 -256.018279
118.789975 253.587801
42.530627 122.192526
42.932052 121.912441
56.253950 112.504065
-90.090497 178.305007
-181.758861 103.318487
47.120970 181.266205
47.236004 193.088926
41.426625 118.562815
