date:2018-09-24, time:0400, wind_speed:3.0, wind_dir:30.0, temp:8.5
-80.561582 154.825554
28.272937 163.900620
-180.664172 100.729152
90.731577 214.911527
65.157053 175.873002
-176.464119 82.806412
94.484997 181.805633
-176.822728 88.628018
78.238801 269.017138
-1.358592 154.795439
23.198227 -283.471294
99.075005 220.964375
-13.495194 139.879054
7.294829 160.857563
98.637361 190.795248
-159.881333 121.704901
-155.286325 115.887929
-155.517860 133.770079
-176.160630 61.786915
64.889458 -232.439572
-180.978183 34.680794
35.470957 118.505571
-59.770427 -196.312510
-93.086539 -175.304363
-71.839599 -208.129202
-159.758491 121.844904
-160.233309 109.633994
-18.197256 -238.301669
-76.462655 -142.316261
31.247675 -280.594578
-92.640891 -112.199710
49.437544 113.088742
-151.066480 -16.248798
-59.780851 -235.390516
-17.653326 -250.352016
-171.211755 76.818171
-76.824205 -118.361143
31.572082 -265.470342
-80.615305 -121.329365
-47.142901 -163.245910
-101.465927 -124.211125
69.369290 262.920084
-184.498608 46.879279
-85.134964 -241.395593
-76.024188 -100.236499
-151.871290 121.618234
-143.209780 148.715431
-101.505720 -106.210784
2.804610 172.716226
-18.186195 172.759857
-180.229640 82.815540
-96.429108 -145.179421
-72.242446 -211.351879
-126.120949 -28.226060
-97.186986 -145.270902
-109.538830 -70.199906
-185.473375 28.482981
-63.856266 -181.345214
-146.883139 -13.102341
-163.928641 100.815433
-172.202346 97.721087
-167.750566 97.854299
-168.104370 97.783978
-4.407215 196.897116
-118.525267 -115.341520
-97.194894 -64.204731
60.771517 -247.459448
6.871722 -247.374868
65.235622 -271.250191
23.608358 184.869353
-18.130998 -280.345893
-18.033543 -283.364341
61.135714 -244.334582
53.205797 -241.185338
57.240700 -250.286852
57.263702 -241.265560
-81.224993 -253.587801
-184.876431 34.788319
15.208174 178.723403
69.461977 -241.335147
65.177386 -235.344013
-155.683392 73.809689
-151.844742 -16.396450
82.337294 229.956727
98.176346 181.697555
-151.487990 -7.228128
-147.173226 -7.239599
-151.309917 -9.573906
-159.772258 49.802034
-55.922864 -229.419824
-59.761317 -106.381458
-72.548236 -67.356193
-77.112850 -232.582530
-55.970875 -274.422654
-85.141438 -244.408371
15.280463 130.766060
-96.853679 -145.133152
-93.422757 -143.434191
-145.628511 -16.602701
-147.639547 -18.441170
