date:2018-08-15, time:1900, wind_speed:2.28, wind_dir:293.0, temp:24.4
44.061130 117.224772
-180.959919 31.852753
-164.302406 6.980058
-110.400756 -250.094590
44.316723 113.948770
44.620983 115.797355
52.988771 110.245715
47.573586 115.816416
39.907936 120.342545
43.509889 115.922136
44.530581 116.359968
44.113223 117.282040
-5.687847 206.061330
39.852780 120.629143
52.618905 113.494117
44.066441 116.936714
48.393770 117.288343
-26.165470 -46.093925
36.047783 200.851007
-48.189362 91.732059
69.332718 111.182788
-6.401473 52.834627
-22.391654 23.855792
40.164568 119.550167
64.202824 109.916379
15.362059 182.193205
44.814726 115.913329
-109.911196 -246.677299
90.533245 230.124588
40.113577 131.492376
119.079030 258.542059
-22.412758 29.884450
-47.191305 86.677142
77.802854 185.158545
94.547352 263.516433
-113.990620 148.968303
39.896165 117.017804
40.142340 118.869896
-43.503673 163.025134
53.116796 131.273260
98.063718 111.397788
7.309977 64.803246
106.760708 197.818274
106.616094 176.939284
73.766650 275.047292
52.401770 216.056033
-1.944086 58.775158
39.858550 174.196062
-63.785958 181.969403
40.003687 119.613526
40.032425 119.724264
115.042703 248.628730
106.706918 251.668245
106.195013 248.284510
106.637582 258.205896
119.129425 209.101707
2.597323 86.788660
39.925505 161.745478
-155.184513 118.837223
35.667740 126.352286
40.440792 119.452501
-44.152750 145.798524
-13.539939 146.130201
44.099779 117.108894
130.828937 254.251477
-59.969467 191.876058
140.386354 218.489052
48.310598 114.123373
44.209933 116.117034
131.644154 231.558247
-181.001038 105.114449
102.692036 275.125145
77.670159 188.022528
110.789971 257.782398
110.802514 261.809509
115.268433 257.138379
106.543809 261.193607
-2.146264 61.875064
6.590697 63.212644
-1.682418 62.795370
-159.835315 119.522023
127.396364 276.409184
73.442519 284.501609
73.057218 279.034054
39.943376 171.064481
40.427796 176.157155
43.642361 112.988492
86.072316 158.641978
140.541416 275.136022
85.889695 157.839807
111.362383 227.117399
-143.364931 110.566586
114.844632 210.856625
31.819380 176.476799
86.039357 173.417988
-39.283177 186.171556
31.531712 203.897182
19.448336 196.975679
44.119977 164.722716
69.121964 107.929916
65.049397 113.766800
85.688228 294.510054
-159.988513 125.194068
72.643834 211.961008
44.681372 170.065037
65.348670 166.835116
56.537183 144.103459
15.097626 194.906129
98.647282 290.621874
-147.010520 130.994765
-51.842370 183.355540
-34.355631 188.347852
60.913835 149.739368
127.407394 246.088174
35.688103 156.025601
-114.514673 178.706957
110.080088 254.377349
111.079273 257.574255
110.750033 258.872500
114.913325 258.267136
114.930169 252.197802
18.595082 184.733978
119.184931 243.509284
-44.108059 166.857262
-43.364539 167.884760
-39.191773 165.850657
27.682518 194.396088
19.160938 197.919563
15.082680 200.695469
19.508679 190.975144
94.572195 158.498312
39.837577 147.528665
-92.815318 173.045504
73.424532 -258.032824
115.361069 250.939805
39.882096 119.986928
-93.669775 175.538874
44.417209 179.559702
48.091121 190.937085
39.636036 118.276823
48.684776 110.510588
-156.540684 103.892840
114.418414 202.926493
76.929722 217.934495
-164.753034 110.008156
-156.481722 124.952156
-143.850266 100.943689
119.037799 211.953956
35.660231 175.829306
47.899207 143.136851
93.933105 256.940536
144.125399 248.047932
48.563107 212.063146
48.195865 190.027695
48.456315 191.357676
48.563471 193.432574
39.292762 132.702819
39.583100 133.509336
