date:2018-09-09, time:0300, wind_speed:2.5, wind_dir:358.0, temp:10.2
-162.944266 7.689520
45.024567 112.786751
36.673355 118.550756
75.269564 151.523530
62.741113 244.460143
19.390984 172.492293
88.392534 205.408597
-74.728137 151.440353
48.691680 109.620504
33.682389 154.399702
-25.527000 19.660000
64.609713 244.585542
-59.251251 145.619778
-176.362417 94.441988
102.898284 211.597877
-49.420177 124.339260
30.271075 151.367002
117.067820 217.441204
-143.796250 -16.528314
33.640256 121.467507
92.538562 220.454749
91.168211 214.748572
20.354688 184.633438
83.770525 172.470432
29.888443 121.256115
121.568339 187.477118
-179.671664 82.697857
-175.969991 79.530835
102.714671 178.517912
-179.924132 85.603485
-178.629914 91.314171
75.333910 259.541170
21.616024 151.298996
54.934264 112.388471
-63.659691 127.550358
40.942011 -286.373116
116.664776 160.497438
7.080167 163.608076
-53.560425 139.584447
109.085935 214.440859
24.579120 136.678065
71.292692 139.384954
112.825569 187.505265
98.513356 220.566050
100.175177 226.468079
13.209371 151.471373
7.679855 166.666621
-1.475515 136.546207
19.726280 157.500090
117.448561 184.425029
111.091747 184.442134
12.866255 157.406225
52.444863 112.510337
65.578188 187.520650
24.121935 151.561238
-158.088752 115.467608
-151.544860 112.434832
-153.827878 127.543648
37.760659 -241.643730
-163.269743 52.531012
79.829724 -235.889893
-174.884520 28.377031
46.348551 112.356560
51.054815 112.376257
50.258316 112.377181
46.416933 -280.762832
-46.594414 -202.433233
-86.788426 -178.651448
-134.929169 127.464880
-57.647714 -211.845516
-12.925096 -253.331293
-175.828918 25.646835
23.238313 181.497420
-151.568467 115.473671
-142.676775 52.533235
-161.419694 109.260532
-162.212987 109.599600
-158.067029 4.523549
33.562366 -283.614841
29.583207 -232.583221
-155.321716 22.521154
-116.350178 -115.603228
-141.582948 130.423089
-7.902044 -241.733608
-66.378156 -148.630774
44.686638 -280.531282
38.409709 -283.619895
-74.803332 -115.553227
-95.754848 -244.529265
-139.044872 112.485109
0.216256 133.454501
0.689890 136.452428
8.963205 154.306847
79.717401 -241.765421
75.701969 -241.646940
54.599155 109.558818
49.914284 109.571925
-149.742691 -16.599811
-149.666063 4.463836
-149.810581 4.358088
-86.566935 -115.751336
-54.547153 -241.450564
7.887555 130.744633
49.600930 112.598700
45.812721 112.629564
12.059554 151.742317
