date:2018-07-03, time:1300, wind_speed:2.56, wind_dir:301.0, temp:32.0
-100.802783 72.653106
-29.891506 -149.340468
-75.858628 63.794164
47.103797 108.862934
-68.703303 120.768724
97.508494 102.988829
97.685716 102.674296
-60.630630 127.155506
13.958813 156.786299
15.905389 -71.317796
15.749641 165.769805
55.401764 105.696759
-27.780167 36.835281
17.910950 -68.187213
3.244874 114.983235
68.812657 -247.586295
68.460997 -218.018096
49.232800 -278.203956
15.862183 120.781139
1.684847 -85.886866
-14.541593 115.504818
128.442519 117.921083
26.992963 -287.253454
18.629087 -67.866539
23.531175 -68.080100
9.590626 -98.152842
22.457367 -65.447582
56.288718 105.943516
-9.320593 81.754502
-17.530273 75.750923
13.784079 -71.132154
98.048802 102.840280
-89.560418 64.492017
-77.898093 66.884296
-27.703313 30.840624
59.978862 252.901824
60.442000 253.587801
63.572781 255.781521
34.821590 117.969421
76.188857 -215.181118
-6.206168 115.504818
-0.983594 114.866164
-69.677756 123.894589
-110.439437 21.791204
-99.089735 18.830076
34.641362 117.905647
44.626723 111.830372
43.086271 111.969366
65.930027 108.711782
135.474954 166.163056
55.567972 105.736479
55.419528 106.009955
-169.472555 18.943434
-106.336679 70.242086
-98.523846 69.871853
48.379961 -278.131974
63.916662 262.066510
7.783486 117.845506
63.792696 256.037824
43.362947 -53.128268
98.013805 103.017818
-22.888082 -13.831570
98.002376 109.140756
47.918525 193.524396
23.534072 123.870426
-9.756609 -17.042964
23.892446 192.682899
35.875795 198.902581
-28.021632 -11.068695
-168.843517 18.864702
118.888193 286.155763
-106.393317 70.017739
-107.341608 70.906955
-102.231819 69.942661
64.414745 105.969360
54.673819 106.306069
56.395487 106.311251
57.764036 106.376154
56.427518 106.312285
