date:2018-09-12, time:1400, wind_speed:1.75, wind_dir:301.0, temp:23.3
-157.831678 19.318366
49.120023 121.568616
79.848187 157.382394
67.126953 253.456470
28.903218 181.786157
90.885353 214.546231
-72.631416 160.224579
56.487017 118.192787
37.935349 163.270606
-20.368781 28.412395
-49.395214 154.092974
-175.621424 103.684898
107.477149 220.543832
-47.476261 133.201986
-143.274418 -7.725617
38.384518 130.118298
94.839226 229.519101
94.309945 226.303708
27.748346 190.427504
82.515238 181.605577
123.940965 196.550964
-172.462727 94.256049
-170.327450 88.469405
107.436886 187.657931
-171.061625 97.750948
-174.667623 100.255556
79.700026 268.104411
23.408019 160.203959
56.716500 121.201018
-59.053650 136.715272
44.192886 -277.890068
121.594181 169.474329
13.329033 172.282402
-49.260508 148.275897
111.398879 223.612545
23.665147 148.409595
73.134759 148.126235
115.749065 196.726686
102.953560 232.624814
102.518767 235.257172
15.391423 160.566871
12.974988 178.468621
3.578645 145.740342
23.782050 166.552533
121.563752 193.269339
114.990006 193.201646
14.967745 166.224618
61.225009 121.350344
67.360525 199.372979
-153.661631 124.247089
-146.994754 121.512098
-151.783877 136.197398
39.768686 -232.864569
-159.986862 64.278125
82.385978 -226.403239
-172.087570 37.481735
52.490761 121.207769
54.809758 121.370806
55.058354 121.347091
-41.048878 -190.626598
-85.038421 -169.921734
-55.132773 -202.568067
-172.688803 37.236412
28.221899 190.650320
-147.550595 124.056593
-138.303909 61.583933
-160.118584 115.140714
-159.877631 118.262171
-153.388687 10.128656
36.412510 -274.723315
32.013769 -223.583069
-111.997562 -106.560739
-4.771783 -232.478128
-63.456018 -139.558072
50.796996 -272.008933
40.091780 -274.886659
-70.031162 -106.769253
-91.429274 -235.882328
-132.752529 121.352573
3.303984 142.624631
3.283847 145.682141
12.969463 160.421110
82.162802 -232.606278
79.948935 -232.756955
58.881841 118.156550
57.035606 121.482089
-145.194081 -7.621804
-145.955395 10.646377
-145.071361 13.227799
-84.902724 -106.804534
-47.354963 -229.859385
13.225616 142.301936
53.137009 124.576878
48.437853 121.165821
15.465651 163.444546
32.449744 130.583377
-9.565181 -244.610891
-161.992231 76.304651
-62.091552 -112.611632
-141.866449 82.604387
31.359338 -259.806685
-171.460764 88.701942
3.740195 -247.218710
-96.655412 -100.510031
-67.964596 -115.490462
