date:2018-10-13, time:0600, wind_speed:0.76, wind_dir:203.0, temp:7.2
64.450915 173.992715
97.709772 221.902638
-5.824386 137.545830
-144.090330 126.515774
-148.020558 125.530112
-156.761706 111.847853
30.899047 -273.387398
-85.754723 -242.627529
-177.500459 84.387818
-77.584676 -212.672232
-127.304988 -33.461572
-85.771448 -143.429174
-144.197415 -8.740740
-110.053970 -120.742691
52.388829 -270.927936
-18.888943 -281.682731
-64.678919 -246.372579
18.677019 128.831178
-76.839579 -180.772283
-81.503156 -176.719796
-73.182151 -125.529137
-85.451407 -204.519247
-72.632852 -249.691137
-185.864132 48.336946
14.603672 -273.454627
-148.070459 -8.727517
-123.272084 147.331830
-35.441256 71.211182
10.100227 183.274396
-64.925578 -227.758498
-130.795958 56.100805
-118.684422 152.273710
-64.328979 179.336208
-68.809470 50.706700
64.644345 185.683967
-69.312081 60.584863
-143.690885 35.188001
-81.661775 -209.710748
-144.099954 131.877606
10.119655 -192.037854
-60.156421 -232.070742
-81.468800 -243.219810
-85.546404 -240.445070
-77.126331 -183.394137
13.998419 -281.723774
10.116255 -287.782916
-60.727498 33.400328
-27.471556 162.291425
-23.201002 -245.570301
-14.513231 170.753762
-89.945571 -245.681984
-85.831416 -245.235190
-85.806954 -239.715436
60.193002 -198.143545
-106.032031 140.344439
39.511819 -189.545911
-64.799203 -233.652001
-35.907790 60.451195
-31.662362 -272.736178
-60.918870 54.458972
18.612578 176.708421
-64.354274 -204.877523
-68.798943 -204.324222
10.258246 -285.403867
-10.589692 -99.484871
-89.810931 27.901368
-26.826112 -198.836853
-73.184766 -227.616917
-64.902691 -236.621002
-72.440991 -228.727032
-19.081189 183.328236
-114.991202 -6.150257
-18.840951 179.632279
-65.033330 -239.647498
-68.943922 -240.235462
-89.837523 -239.631790
-85.611080 -246.135476
-23.401814 177.463807
-18.380018 173.295781
-81.459439 26.934644
-114.418488 23.269823
-18.999305 180.168737
-19.114266 181.233659
-19.126565 -278.644834
-15.774892 -280.312036
-19.248090 36.804734
-69.008921 166.369993
-35.570546 109.463840
-147.942072 115.470950
31.247675 -226.581024
