date:2018-10-16, time:0400, wind_speed:6.89, wind_dir:283.0, temp:6.9
60.893751 159.994972
94.251165 207.821378
-9.991976 120.362260
-148.106729 112.887931
-151.716901 111.431843
-160.333029 99.379836
27.552501 -284.037368
-89.560418 -244.585542
-176.941285 78.777082
-85.480647 -226.178060
-126.726842 -45.076252
-93.253630 -155.068465
-110.068821 -123.105518
48.307814 -284.798222
-22.666948 -284.331299
-68.284301 -260.105419
14.707010 117.809848
-77.677056 -142.058108
-85.150998 -218.840510
-185.549366 32.883881
10.336968 -288.062371
-147.443450 -21.061873
-126.798849 132.178233
-39.235041 57.402974
2.348683 168.820404
-68.354264 -245.256465
-139.206264 42.285640
-68.425262 165.958693
-72.630063 36.292850
-73.017625 47.735670
-85.614758 -222.108645
6.172694 -207.101271
-64.302631 -245.775008
-80.920834 -197.834400
10.585409 -290.391999
6.241400 -289.596837
-31.458870 149.893053
-30.630182 -257.044208
-18.961477 155.993506
-93.639194 -245.331110
-89.338186 -245.280459
35.369506 -204.222322
-39.547868 -280.594578
15.094423 162.983273
-73.005839 -219.360483
6.241400 -289.596837
-14.624622 -114.117755
-93.184210 15.829118
-30.971381 -212.709333
-68.314436 -248.179952
-80.543753 -243.964306
-22.488788 171.372692
-118.278177 -20.127206
-22.366022 165.906196
-72.450923 -251.170005
-72.511194 -254.751224
-97.488113 -246.175233
-89.135064 -246.140558
-30.965888 165.098016
-22.517172 159.445066
-84.935618 12.921373
-118.481185 9.383874
-22.492659 -285.086371
-14.416887 -287.329094
-23.054531 23.845984
-72.386165 150.951304
-151.593822 103.053168
27.431734 -239.716514
-68.292648 177.922091
10.290683 -291.162147
-23.087436 164.895095
-22.936137 164.886269
-69.174504 44.103899
-72.372261 45.930144
-13.799226 32.235581
-18.458903 99.323864
31.164538 173.989172
6.165360 -198.141132
22.826032 -204.272085
-85.247388 -245.356212
-89.560418 -244.585542
