date:2018-08-20, time:1000, wind_speed:2.92, wind_dir:59.0, temp:22.5
48.396183 112.968594
-180.583147 32.252145
-164.579243 7.477710
-109.674016 -249.813090
44.493854 113.410091
40.242731 122.199528
44.615874 119.206858
-1.268221 206.247095
35.812093 118.917113
56.828849 110.152566
44.370705 113.152944
48.095062 112.765644
31.247675 199.525902
-47.364008 95.028030
69.659380 107.527534
-9.844209 47.349209
40.547056 119.397584
60.600081 106.806641
19.997010 176.423933
44.642090 119.136793
-105.272064 -243.788619
40.112352 134.036792
110.566400 259.857862
-22.877018 28.482981
-47.020835 83.362679
77.327315 178.803528
94.062372 260.121041
36.350873 119.305526
36.470014 122.365191
57.218156 128.641621
94.205359 107.075228
103.027797 194.383808
73.364801 275.049107
47.938863 214.578012
35.647190 166.830444
-68.045284 179.267060
119.263028 245.217385
102.587704 245.196302
102.922374 245.381053
107.025526 257.471501
115.351276 212.514723
-1.628234 86.028909
40.037967 160.939910
-43.771150 145.512348
44.883512 114.754767
132.094583 254.458167
-63.866654 185.481807
144.524490 218.385055
44.796804 116.358401
127.636076 233.187185
-180.333889 104.349773
77.957603 191.372235
111.259661 260.621025
-1.385505 59.186586
-1.627472 61.911469
-155.397114 116.513637
123.179322 274.900205
73.456819 275.103042
40.147219 164.520363
39.714436 175.852917
48.529130 113.198231
85.483507 154.514607
136.347534 275.699877
27.899374 176.493458
90.643662 173.171226
-38.479433 188.115371
31.368259 199.782136
69.641827 107.507638
86.249781 296.610136
-159.657682 125.571987
69.417137 209.725000
56.636764 145.948314
102.739770 290.172175
-152.131675 130.508583
-30.489522 188.192099
60.477232 148.513101
123.638361 245.431549
-118.141199 179.376194
107.064281 251.357657
114.622263 253.587801
110.811528 251.148136
19.618080 179.401810
115.329147 242.631311
-39.134014 166.991290
-43.363197 167.031831
27.658508 191.132056
23.228077 196.968643
18.800107 184.522137
-93.607778 169.849766
111.344851 251.648959
39.986936 119.069477
-97.141569 170.425354
44.938945 180.768530
48.538738 188.354419
52.761552 113.129776
-155.480011 101.912530
73.521326 215.194614
-159.754824 110.325193
-155.631062 125.044031
-147.502903 98.050771
31.730295 176.123932
48.500225 140.197507
94.681114 257.367058
148.926607 248.240906
44.646639 212.436626
44.167404 187.980055
47.918525 190.523643
48.282834 191.032123
-164.424934 115.759067
-147.353122 116.487500
107.047750 275.434038
123.116402 253.913072
52.684826 212.074508
14.798048 157.754420
36.063816 146.206498
123.439957 239.282858
-147.309111 -0.647964
122.957688 208.576506
90.157946 152.120301
119.171073 257.035155
-147.747783 82.739747
43.806382 154.514607
40.102377 155.028763
36.323334 155.510187
44.544170 158.341714
48.454685 164.092620
48.284490 160.976443
-97.154113 170.184745
-101.409079 170.181492
112.285179 259.596147
111.346703 255.298307
111.785498 260.200743
-64.386704 154.758911
52.106575 211.577259
93.986841 196.755066
106.286838 211.577259
10.464682 121.506324
18.800107 -88.546386
66.246388 158.037382
60.477232 154.514607
106.286838 286.596084
53.656744 167.156043
65.007330 230.002642
-143.473888 152.052740
