date:2018-09-02, time:1700, wind_speed:3.45, wind_dir:163.0, temp:21.7
-164.968818 7.554266
42.706304 112.870431
43.431783 112.626339
42.961095 112.721430
85.045983 238.687711
34.789569 118.688034
15.368376 118.858190
67.180402 104.030104
70.257604 160.801844
59.779205 247.890213
18.485141 184.595100
82.696170 218.130563
74.500860 223.950013
-25.569104 58.795123
-84.168927 157.730157
43.484350 112.657042
38.314086 163.897740
-23.280546 28.573810
103.612071 247.845301
60.070016 244.745060
15.768961 136.670568
9.244802 145.977350
-58.962460 154.850630
70.184548 269.086099
-182.053708 103.728577
-50.503954 160.771245
42.244559 125.075896
95.241212 221.049895
94.980923 229.944149
-49.059870 136.933347
86.504694 226.800859
60.093103 193.660456
15.423624 163.818136
26.369528 163.723492
80.123482 247.918962
107.431133 226.670178
46.161521 196.975084
-19.176281 130.585682
-152.478590 -16.452828
-169.118817 55.596216
32.748088 130.841772
11.916010 121.962270
97.606968 232.706823
85.036963 226.658292
-88.418430 124.844485
18.412011 190.661257
75.537784 167.085139
85.140298 181.624231
34.698515 127.737669
115.602802 196.872828
-180.118046 82.767088
-110.801373 157.622976
25.997459 139.915430
-177.526918 79.652248
72.608950 130.628943
101.442632 187.713049
-175.931539 97.738983
-172.091422 97.769731
-170.392442 101.118935
-117.237192 157.915843
75.460367 272.142222
19.819758 160.815793
49.345290 112.924789
55.845457 124.575048
30.062822 205.933956
64.287618 217.736207
14.186348 136.641510
-167.560712 97.698533
-182.002215 97.788234
-69.189446 139.576482
42.745284 -283.160007
-74.144400 172.839551
-31.560644 154.608808
115.749236 169.676900
32.114104 169.824162
-1.068022 172.790033
-60.824466 145.661141
-59.326331 148.898312
101.369621 226.759931
97.614159 223.721011
16.032071 148.874214
74.053390 148.723208
-17.368009 169.890028
16.210644 151.823429
38.442039 118.858241
74.323815 103.767804
68.451997 103.654219
109.710441 196.717756
72.536486 181.665565
7.507638 163.753953
6.241400 163.516866
94.946437 229.754239
94.857878 235.795352
2.987441 163.641706
60.036118 244.656615
57.526124 196.774352
7.750946 172.947120
1.792947 148.625465
114.622263 262.590060
10.464682 172.519125
5.914074 172.654499
115.732447 196.774050
113.370731 196.822284
110.075941 196.631789
-0.809169 169.831021
-0.797513 166.734834
43.393359 115.667294
61.533132 196.746488
27.933449 160.706278
22.515706 160.607662
24.316276 157.858128
-156.243818 124.507077
-154.719493 124.822437
-160.885147 124.615333
-156.630965 121.583664
-152.443922 136.676696
28.467946 -229.107696
-142.287199 148.752165
-171.452442 61.798850
-108.954823 133.790308
78.342603 -229.230228
-184.111846 31.772490
44.756998 112.631993
47.143064 109.720978
43.028128 112.722581
43.406201 112.608265
42.961289 -271.323589
-123.318503 -40.452685
-48.614212 -193.369205
-94.205285 -166.427719
-136.317889 136.664526
-146.496193 -4.016667
-52.468753 -199.410156
-13.430823 -241.213838
91.156868 232.995608
91.110200 232.917555
-182.093885 31.623194
-173.297123 67.590783
-102.469702 -124.476435
-85.850746 -214.483461
21.762797 190.835809
22.531310 193.642849
-161.303589 124.698043
-159.123972 124.759307
-161.259979 121.717428
