date:2018-06-28, time:0300, wind_speed:3.75, wind_dir:171.0, temp:15.8
-86.663208 79.536297
-86.701403 28.520388
-18.764875 -145.560693
-20.403738 -232.822582
-57.022436 67.633163
46.671366 109.512090
-45.308605 124.193806
-65.723527 118.408700
100.573703 103.194889
63.808818 262.682576
105.884661 103.621945
-45.072495 130.526807
146.339212 133.245859
17.582141 145.623476
31.247675 163.516866
29.981267 -67.603203
38.822239 172.608557
30.033903 187.461531
59.312063 106.496375
31.247675 -67.541115
30.360705 148.602725
67.961981 238.718514
-16.197876 40.319234
17.988279 -94.390406
106.266500 103.501806
38.279408 -64.577199
17.111847 118.245072
88.810619 -238.578811
92.165398 -214.744215
67.659430 -274.565975
30.043007 121.465245
21.690661 -82.522788
9.171445 118.489874
146.693372 121.448241
51.381834 -283.487466
118.015794 106.565550
38.387774 -64.561062
38.418860 -64.542782
38.362432 -64.477054
21.736389 -94.547143
38.810680 -61.447576
68.812657 109.503312
9.266433 82.479540
1.370772 82.528322
34.305498 -67.554936
30.363515 -67.446629
100.985709 103.461248
100.511003 103.204765
-65.889828 67.435001
-61.656454 73.467599
-7.816209 34.386195
63.402737 259.581575
63.364005 262.477359
62.694262 259.289445
68.017953 262.686056
34.155643 118.539665
92.564907 -211.577525
13.413914 118.344042
4.530110 112.269240
17.621405 118.509415
-44.934160 130.466732
-90.717057 25.494015
-86.233801 25.615093
39.185429 118.607944
42.586372 115.530463
43.806382 115.504818
80.456546 112.567512
43.379807 196.630158
155.074073 169.527850
