date:2018-06-28, time:1900, wind_speed:2.27, wind_dir:139.0, temp:18.9
-92.426628 79.746399
-20.093965 -145.464294
-24.235010 -232.602241
-66.238190 67.523344
45.726913 109.504113
-46.586954 124.660155
99.173577 103.636272
62.914670 262.520919
100.446325 103.466337
-50.738252 130.670944
141.019989 133.775797
25.898169 163.599408
24.271435 -67.286338
29.636871 172.588521
24.349055 187.664259
55.821185 106.603509
24.804713 148.631580
67.149140 238.633958
-17.359935 40.708791
32.516557 -64.366532
11.680128 118.750875
79.645392 -238.700229
86.797818 -214.291109
62.349194 -274.445556
24.413773 121.560491
15.966644 -82.342167
3.404057 118.693703
141.002927 121.535737
42.120504 -283.547675
108.845065 106.480428
33.290146 -64.569137
32.531058 -64.353497
16.027119 -94.299523
29.774343 -61.512660
61.818015 109.655980
3.340120 82.596601
-7.936943 82.552386
21.239995 -67.587519
95.751056 103.519153
97.514318 103.635418
-70.981418 67.540027
-67.379466 73.563919
-13.145519 34.622943
64.416489 259.775439
64.609713 262.590060
64.159400 259.729800
62.987564 262.656800
35.247178 118.708903
86.643037 -211.398258
7.693390 118.673318
-0.654377 112.671549
11.838016 118.629179
-50.254524 130.628878
-95.959568 25.455409
-95.392801 25.469735
33.843177 118.578925
43.806382 115.504818
42.938989 115.728338
74.877266 112.636433
149.559456 169.776624
65.514699 109.830997
58.207108 109.703258
