date:2018-07-14, time:0800, wind_speed:2.09, wind_dir:163.0, temp:19.7
-107.449140 47.102626
-78.545270 35.041322
51.187800 110.046397
-81.790858 103.754152
97.269424 103.713198
97.531404 103.650619
1.037511 146.324619
1.490399 -91.291799
59.722585 106.939681
64.206403 -265.499282
-2.945982 -106.163100
-23.442301 94.688173
113.665329 106.992891
-2.967094 -91.126407
10.464682 -94.547892
0.860300 -85.053535
-2.986724 -82.187178
106.030308 103.521950
63.428122 245.243174
59.718919 245.701506
34.708406 118.689690
42.809515 112.927071
130.145524 152.128344
54.861411 107.098191
-169.397800 20.786182
-119.767555 61.952787
71.592462 239.139035
105.654781 103.727319
-40.219577 -31.402924
92.643402 106.864126
38.312983 179.005134
-48.454900 -31.327946
-165.224964 20.821769
-115.222563 52.697372
-115.831424 50.096611
59.035046 106.876433
54.887619 107.287461
55.801714 106.646803
60.477232 106.502559
46.659658 -240.998771
-115.561159 -16.017239
-107.658400 -4.050047
-161.718158 17.052050
-32.126843 -45.864981
5.623427 -97.314534
-107.066842 -256.311510
26.262444 -67.073631
26.081982 -70.067021
76.598281 103.711562
34.729355 118.723603
-161.655224 16.934060
-161.893962 16.930980
-165.129522 19.795478
71.943780 265.972655
-169.376520 19.664152
-15.249225 34.835603
59.951316 268.735162
43.025380 202.943426
67.480132 272.187842
30.338062 121.955007
60.477232 109.503312
59.392488 107.086846
60.049512 106.659809
84.218504 107.151733
-15.615620 -6.942526
1.198099 194.075324
55.376054 106.826107
