date:2018-09-28, time:1300, wind_speed:0.61, wind_dir:9.0, temp:13.2
-92.869640 157.942712
82.356261 218.076821
52.228086 178.531628
-181.087981 94.586619
-10.024026 157.837966
10.528552 -280.551391
85.822317 223.699887
-18.764875 142.511595
-0.825539 160.893711
-163.114485 118.903525
-154.536236 136.994006
-176.202607 64.997622
56.286969 -232.544906
-183.901958 41.013599
-77.112850 -193.572741
-92.806207 -168.915487
-155.297680 128.050264
-163.723616 112.965770
-85.284927 -142.470994
20.256671 -274.067628
43.904460 118.643151
-151.906020 -13.408205
-75.595649 -234.980898
-176.972434 82.528227
24.056590 -268.121341
-59.127116 -159.894251
-113.005269 -114.916618
60.542937 268.576138
-184.311532 49.904757
-89.487303 -238.418733
-88.603805 -94.048727
-159.146225 127.963274
-113.594204 -102.980394
-22.763425 172.574091
-179.921481 89.016879
-96.367333 -138.883739
-75.708466 -205.157811
-139.480670 -25.509177
-96.396543 -144.886334
-184.004233 35.061099
-76.934250 -181.527727
-145.368483 -7.329878
-176.136606 110.030650
-175.780650 101.059576
-179.834296 98.069498
-5.178006 203.103095
-113.161280 -108.931989
47.918525 -244.585542
-6.015298 -241.479901
52.279299 -268.507009
-29.870856 -276.983546
48.028961 -241.552288
41.123750 -241.029405
53.127417 -247.033696
47.979568 -235.614271
-80.246852 -250.205797
7.613482 179.080901
85.531037 187.493301
-150.769892 -0.944092
-147.908393 -4.525302
-162.156084 49.546718
-67.812838 -226.162478
-64.457243 -106.545473
-79.728246 -64.120073
-88.019577 -240.979085
6.316162 133.480379
-97.895843 -136.558434
-150.780231 -13.134947
7.241042 130.841322
52.263654 -232.597096
-76.555740 -250.271392
-149.592199 136.784219
-92.232346 -117.893802
-88.114333 -174.878474
81.597939 112.703991
-79.575863 -172.090982
-79.961309 -172.035899
-79.991638 -174.993797
-84.014438 -171.984261
15.334935 188.000397
14.693924 187.636201
-84.053212 -108.999468
-97.895843 -142.559940
-93.305749 -142.185833
-93.495446 -142.406305
3.425123 134.067313
-83.819392 -120.963287
-93.559349 -118.471350
-142.744210 155.093953
-142.499642 149.154552
-88.600911 -199.038364
-88.618343 -202.010607
-114.424331 -109.567048
-114.329013 -112.335416
-97.741192 -142.477026
-96.399986 -138.910198
-175.598138 107.072101
-181.182455 106.659764
-79.815735 -253.055390
-76.504082 -249.859803
-80.814261 -250.159792
-77.026054 -250.588599
