date:2018-10-18, time:2200, wind_speed:2.51, wind_dir:241.0, temp:1.2
60.681654 137.800151
-9.993267 95.313314
-147.673471 83.782231
-160.245148 74.422446
27.388855 -291.215794
-89.315956 -246.212282
-85.533320 -244.789725
-126.854840 -45.178887
-110.193026 -123.200140
47.807183 -283.820416
-22.591304 -285.262871
-68.584070 -261.307179
14.890025 116.743357
-81.014232 -246.226461
-185.305045 26.826715
10.752751 -291.248161
-147.561181 -21.196526
-35.070154 35.809968
2.672494 143.365396
-135.314081 20.805674
-68.207398 11.340415
6.470741 -228.227907
-76.724661 -222.623384
10.628502 -291.323884
-30.149689 127.110174
-30.897551 -276.273993
-14.011656 131.256958
-93.968362 -244.832980
-89.352602 -246.254894
35.948287 -225.700878
-72.499584 -243.731165
6.502626 -291.195427
-89.275803 -3.164629
-26.631870 -237.783146
-68.482019 -261.376006
-81.324420 -253.813586
-22.707031 143.805340
-114.081070 -42.723054
-22.752687 137.767725
-72.714369 -258.346376
-97.633546 -246.409995
-89.696967 -244.774464
-30.978138 143.871087
-85.266886 -9.274207
-22.651068 -285.149307
-14.563726 -287.078447
-22.715004 5.814822
-72.619625 131.748677
-151.812494 80.295764
31.605509 -264.290955
-68.390095 155.384146
10.737643 -291.282330
-22.428513 140.347264
-22.650757 143.683524
-68.438597 23.850562
-68.320966 20.352719
-18.519269 74.726306
31.847718 149.369342
10.843269 -222.576964
23.143987 -225.195981
-85.148001 -246.278959
-89.361362 -246.342744
52.369734 209.963937
-22.666931 137.790065
-72.344637 137.437697
-29.300934 146.355666
