date:2018-10-16, time:1500, wind_speed:4.52, wind_dir:288.0, temp:10.3
61.234294 151.709194
94.822417 202.189267
-9.307627 112.167402
-146.375678 106.037881
-151.007801 103.284204
-160.120821 93.481480
27.337310 -290.109337
-89.212775 -245.541764
-177.000478 79.042338
-83.846261 -233.035997
-127.125400 -43.535091
-92.999099 -163.336664
-110.454550 -121.554669
47.918525 -283.595331
-22.623092 -284.499313
-68.458185 -260.600383
14.899441 117.501683
-76.108697 -148.858174
-85.203330 -224.656162
-185.187231 27.469723
11.056535 -291.112529
-147.908393 -19.529067
-126.787999 126.510044
-38.513602 49.122892
2.966203 160.775159
-67.866266 -253.426698
-139.264353 36.481963
-67.941515 157.875525
-72.606603 30.472350
-85.078455 -227.614287
6.527945 -212.557885
-64.225840 -251.545251
-80.882133 -203.614081
10.718272 -290.638864
-30.908369 144.582741
-30.357791 -265.423320
-18.503243 150.570783
-93.589607 -245.095926
-89.273406 -245.661522
35.766848 -209.618749
-39.547868 -280.594578
-72.398698 -225.064065
6.552956 -290.631176
-14.268983 -119.536845
-92.793403 10.116764
-30.111928 -220.901000
-67.787228 -256.374293
-81.026273 -251.062152
-21.812600 163.158383
-117.759011 -25.806621
-21.995914 157.792960
-72.780152 -257.028669
-72.408022 -258.121619
-97.895843 -244.585542
-89.397522 -245.107611
-30.982363 159.524190
-22.725984 154.038318
-84.658995 4.734380
-22.877018 -283.595331
-14.371196 -287.076481
-22.573650 18.513131
-72.006786 145.861916
-151.502897 97.737385
28.283709 -248.039783
-67.921606 169.773474
10.464682 -289.596837
-22.558977 159.557142
-22.530694 159.463070
-67.538788 37.185842
-72.034472 37.686874
-14.402181 27.993821
-17.693537 91.228131
31.565911 168.483298
6.487208 -203.648893
23.181218 -209.591540
-84.881384 -246.144374
-89.261179 -245.522878
