date:2018-05-09, time:2300, wind_speed:1.6, wind_dir:180.0, temp:7.0
56.253950 -277.593825
101.789946 253.530059
-48.190564 133.532841
-48.601000 160.526743
-65.962351 148.857876
39.322166 -274.549778
-98.739416 -208.623341
51.459868 -280.682683
-49.210417 121.682859
-69.482078 106.454767
47.264300 -55.576518
22.246543 -70.492571
-48.898092 130.551325
60.477232 -277.593825
29.852799 -10.248583
26.832372 -67.610385
-32.972911 103.840602
34.490653 -136.417027
26.416593 -274.577907
76.406294 289.519230
35.170891 -286.686501
110.155190 271.478218
-86.174551 -217.515377
-52.544591 145.528403
5.693676 193.484182
101.797286 250.490706
17.627703 -70.495376
