date:2018-07-05, time:2000, wind_speed:4.16, wind_dir:204.0, temp:27.0
-107.566591 64.073845
-80.955111 58.600489
46.639969 109.131418
-72.464177 118.384499
97.035265 103.205728
97.132295 103.265101
-63.516774 124.489977
10.257966 154.565447
10.290182 -73.380203
7.235402 160.390234
54.981506 106.246335
-30.955549 37.544410
15.596595 -70.541216
-1.419212 112.493859
65.088102 -250.487130
65.629532 -220.655190
39.496327 -280.528543
13.803151 118.263113
-3.989891 -85.762570
-16.345245 112.312640
120.935151 112.292776
17.958933 -286.893457
15.664664 -70.780949
19.204971 -73.271911
6.763311 -97.711721
15.624722 -67.573490
54.879842 106.281622
-23.158746 73.627788
9.196357 -70.808589
97.931075 103.501806
-95.695093 61.252232
-84.381755 64.454555
59.035956 250.357151
59.562661 247.243668
60.837478 253.720209
34.165424 118.230088
69.029368 -220.656121
-11.290269 109.165957
-9.391647 112.523313
-114.311855 22.542665
-103.430000 16.262613
34.194327 118.198622
42.971394 112.238032
42.485813 112.276416
131.679908 163.563519
55.349647 106.163007
54.370233 106.360904
-170.627434 19.191633
-110.576167 70.500032
63.750456 259.374974
2.434149 112.547528
60.854831 253.591992
40.012689 -52.492806
96.551641 103.184573
-26.461186 -13.493101
94.112712 109.627194
41.946984 190.399913
15.720775 121.418922
15.631213 187.493515
31.821986 193.586078
-31.558531 -13.237463
-170.737511 19.218929
114.541328 280.648532
-110.062752 67.651837
-111.216206 67.228944
60.885763 106.507683
54.908832 106.197609
54.363863 106.216008
55.455269 106.285280
55.384646 106.221694
-34.896887 28.540950
61.453371 -223.676366
63.247995 -220.817162
-100.958127 10.364437
-103.434707 10.154467
-170.121732 19.140161
-169.657778 19.218860
-21.978059 -28.704219
15.646087 -70.734398
9.361379 -70.804502
11.458404 -73.666618
-107.628834 -256.841656
40.671713 -52.461483
37.156340 -52.587627
87.706207 109.305347
