date:2018-06-14, time:1500, wind_speed:3.04, wind_dir:316.0, temp:21.7
73.914669 227.527888
-89.560418 115.504818
-2.094025 -298.599096
-93.783700 55.489758
-22.877018 -115.553163
-10.429450 -136.558434
-30.312469 149.398334
-22.877018 130.508583
6.492923 -289.849234
90.566807 251.555142
-21.415167 -195.875894
-68.777425 148.513101
-55.102054 101.235149
44.090890 112.217332
-54.703126 154.959719
-72.889568 154.514607
-81.224993 130.508583
-29.891798 8.144020
97.931075 103.501806
32.282806 189.399050
60.693001 265.301736
98.207547 103.308139
-39.547868 163.516866
147.943625 145.512348
23.185626 166.242802
-9.580138 8.391407
35.470957 193.524396
39.811017 -64.758334
98.146083 103.251077
28.046434 182.734776
19.070009 184.299611
35.765632 193.244067
35.695940 193.256999
-17.515978 26.217203
3.112401 -99.621726
144.656068 149.686581
60.704902 265.370177
69.031348 -274.775872
56.548040 106.235694
60.728225 244.374654
35.470957 -67.541115
39.583100 -64.540362
36.456441 -63.530833
56.253950 -280.594578
31.247675 187.522890
27.135532 181.521384
31.247675 187.522890
31.247675 190.523643
