date:2018-07-27, time:1600, wind_speed:3.44, wind_dir:206.0, temp:26.0
74.457308 103.577669
-83.986950 91.421406
66.038969 106.241019
-54.791601 -94.557067
-42.339589 -94.776028
59.657153 244.514321
59.710501 247.402403
43.074561 112.390691
47.604610 109.391208
-173.647151 22.337192
68.475503 103.338215
47.201377 109.409972
-13.074792 175.685595
-165.410874 49.413819
46.234499 109.540139
46.360110 109.536362
-12.993527 -241.465603
-161.201935 16.363738
-111.660934 -253.753782
-35.750003 -73.656199
-6.972382 121.307732
-161.305893 16.293352
-177.870676 25.336523
-55.135351 28.138300
46.325257 109.514437
55.049785 106.274947
-2.403991 190.372210
47.522015 109.324474
47.613658 109.307108
43.482650 112.372606
42.187279 112.544725
47.128526 109.306341
42.637417 112.348360
-0.660538 124.371905
59.701851 106.372258
95.278834 109.226992
-25.502254 121.273283
47.565984 109.332382
46.357485 109.386933
70.293592 103.455149
56.253950 106.502559
60.078949 268.478240
42.597582 112.406293
43.470883 112.292725
47.120861 109.417305
-56.614391 -34.733883
43.495810 112.317784
43.488567 112.314726
43.076107 112.347009
42.976423 112.367859
50.086184 109.479867
-62.112889 28.530316
55.441445 106.435828
51.404260 109.296909
-7.428016 196.484743
3.582457 -58.412013
-29.509133 -19.517023
45.846496 109.501751
42.987194 112.336746
43.474443 112.322760
-174.594931 22.426433
-172.914668 22.481475
43.112311 112.391402
43.414276 112.379957
55.944204 106.350279
43.019420 112.360351
46.744057 109.387443
-9.077885 -16.894090
-12.494464 175.561577
-11.104772 169.356820
30.514271 124.348099
78.427775 106.257493
38.861259 199.435128
-13.183632 52.496074
24.433226 193.488148
45.788378 112.427911
48.102858 108.002560
