date:2018-06-20, time:1900, wind_speed:3.3, wind_dir:256.0, temp:23.5
72.330492 202.190711
-90.982748 90.864413
-90.935171 39.783637
-23.281544 -136.867327
-19.498046 -154.955704
88.550282 232.251778
-24.017753 -221.048595
-57.686338 78.851575
47.918525 109.503312
-48.875170 130.040974
-73.651891 130.135025
97.931075 103.501806
60.300833 265.244904
96.590944 102.769411
-39.961617 142.198437
150.800347 138.879451
21.485615 153.800700
31.205329 178.112016
30.178544 -67.934175
35.425483 181.203935
34.099070 192.877625
10.075466 -124.906568
139.608200 130.508583
68.089117 250.351932
55.123745 106.063828
38.351073 -64.975072
35.387256 -67.931412
50.761460 -284.233345
31.247675 160.516113
35.355772 169.170280
26.373178 163.106471
64.571143 244.277001
-7.494528 45.739241
22.912250 -85.545633
96.589731 102.858883
96.904029 103.104042
35.022182 -69.173787
