date:2018-05-26, time:0000, wind_speed:3.96, wind_dir:286.0, temp:19.7
81.491264 225.539371
-68.750944 99.198869
-72.985133 132.131226
18.951102 -290.975823
18.924681 -290.937772
-72.818086 75.293803
2.188844 -164.969036
72.886376 242.793881
-106.125224 -249.177491
-18.989580 162.231607
60.616543 243.640707
35.363610 -288.216311
48.098917 108.515682
60.625666 243.629260
-81.173702 108.348117
-93.550254 -239.785499
-110.230070 -254.898821
-110.493670 -248.826122
-51.884084 72.830150
-47.914201 122.956406
-110.240496 -251.440470
-109.890862 -247.521432
64.830513 239.900736
-76.903083 108.528694
-10.587297 -96.273950
-60.549156 161.519480
-14.425253 144.192049
-39.597622 126.105746
2.199969 -110.499934
-31.163925 147.109487
-18.757393 161.945916
-22.741165 161.892366
6.110925 155.424493
-1.994321 195.630738
-1.897170 195.647167
-89.478368 114.025597
18.903209 -290.539129
27.310913 -290.027611
-56.205694 159.016370
89.785016 105.646492
110.482005 270.801791
18.884164 -291.578277
-6.206168 -298.599096
-1.436026 -167.304369
-56.300801 158.475220
