date:2018-09-26, time:1600, wind_speed:5.61, wind_dir:177.0, temp:21.9
-95.627240 157.511748
19.393788 166.242662
-183.130526 103.483504
81.909546 217.172568
56.253950 178.520631
-183.104554 91.424451
-12.362003 157.472659
14.576825 -280.594578
87.817791 223.508547
-17.451833 139.419394
0.878027 163.512382
-163.886148 118.084677
-156.243818 136.510089
-179.031802 64.494743
54.343268 -232.634874
-186.654688 37.443546
-74.108396 -190.547835
-95.694466 -172.649932
-162.428670 124.300577
-167.013281 112.526929
-29.473484 -238.581827
-83.056469 -142.680195
22.912250 -277.593825
42.595993 115.511650
-152.131675 -13.527561
-74.733036 -232.666179
-177.749898 79.476640
24.853060 -265.534891
-58.064356 -160.576699
-113.830882 -118.839966
61.041753 268.152607
-187.239284 49.378844
-91.999774 -238.537484
-88.285673 -97.649007
-161.623216 124.500604
-111.645488 -103.521336
-25.221411 172.518714
-183.141445 85.504358
-99.093650 -142.541693
-80.540264 -208.811184
-137.887345 -25.528945
-98.503189 -142.474514
-187.281122 31.378811
-73.543284 -181.542329
-152.759985 -7.465314
-176.418790 106.251914
-181.915432 97.512129
-179.017533 100.519284
-180.522996 97.209236
-7.407295 199.480875
-120.665142 -112.617647
46.712606 -244.646011
-2.094025 -244.585542
50.216331 -268.695048
15.336369 187.240574
-28.334803 -277.584390
52.141807 -244.585542
41.968776 -238.569536
49.647945 -247.689343
48.614094 -238.827275
-81.224993 -250.587048
4.508593 178.446932
53.463927 -232.670941
-153.932281 -13.551938
78.892039 232.547947
89.595650 184.522137
-153.412373 -4.542993
-154.031210 -7.568619
-166.897792 49.640056
-66.368578 -226.698790
-67.018130 -106.591300
-83.009595 -64.573701
-91.871576 -241.563388
4.285418 133.364825
-97.895843 -136.558434
-151.498162 -13.792802
3.908058 130.521944
53.430220 -235.693462
-81.838252 -250.552177
-156.892200 136.535276
-96.176438 -118.406723
-86.611423 -172.518233
79.446198 112.384544
-77.720052 -172.555434
-80.520129 -172.925487
-80.639854 -175.866719
-83.059553 -172.600579
12.265648 187.555274
16.831678 187.570121
-87.269391 -109.656829
-97.895843 -142.559940
-98.564058 -142.496925
-98.492991 -142.513361
3.503419 130.453216
-87.762276 -121.479723
-95.555076 -118.696397
-145.076295 151.456544
-143.796250 151.513854
-86.032459 -202.495927
-86.118071 -205.517255
-120.539620 -112.498085
-119.376971 -112.546426
-97.546286 -141.595793
-99.991271 -142.669983
