date:2018-07-04, time:1400, wind_speed:0.82, wind_dir:194.0, temp:35.3
-100.716157 69.920308
-76.654094 61.304021
48.415657 109.180424
-68.039876 121.236565
98.655621 103.288823
98.458429 103.422365
-59.472514 127.160757
14.950842 157.432156
14.949931 -73.633219
16.020201 162.850851
56.730293 106.454120
-26.439258 37.199881
19.208691 -67.612266
3.095130 111.982804
69.485010 -250.814720
69.397473 -217.800840
48.141063 -280.645514
17.845533 117.892928
2.891330 -86.011771
-13.353027 111.799616
127.890098 115.194327
27.978811 -286.982851
19.651117 -67.937761
25.566393 -70.570691
10.896767 -97.720444
23.502047 -64.748730
56.960586 106.149692
-7.136608 79.115613
-17.716875 73.109152
15.042424 -70.629530
98.772071 103.156561
-88.858688 61.212858
-76.514177 67.592107
61.212411 253.408361
61.128891 250.279139
65.111354 253.385683
35.838038 118.517110
77.268794 -217.423835
-5.342064 111.930327
-2.202003 112.498615
-109.783729 22.144011
-97.492917 16.458625
35.795854 118.440339
44.945200 112.174823
44.240509 112.339934
136.041175 166.211649
57.213474 106.199538
56.647178 106.348958
-168.078698 19.087093
-105.556053 70.044978
52.577262 -280.732347
65.218786 262.384421
7.333116 114.983974
64.998367 256.442092
44.313827 -52.852886
98.954258 103.170078
-22.030580 -13.867959
99.054581 108.911627
47.998423 190.395768
25.736704 121.059634
25.819179 190.335107
38.105757 196.273354
-26.589815 -10.634716
-168.072695 19.244653
121.054400 283.678495
-105.807843 70.563500
-101.285076 70.091689
65.513884 106.151070
56.751776 106.488722
56.417781 106.458037
57.394583 106.122749
56.461477 106.451998
-30.259705 30.981664
71.247654 -220.545519
69.204436 -217.616621
-96.626198 12.689310
-97.199312 13.052391
-167.588931 18.934994
-167.444625 18.850377
-14.127177 -25.668713
17.747200 -69.872056
15.698862 -69.798342
13.727566 -70.125916
-106.004601 -256.496272
44.604225 -52.605760
43.719111 -52.566584
