date:2018-08-16, time:0700, wind_speed:1.81, wind_dir:276.0, temp:21.8
43.812280 112.286744
-181.275622 31.290194
-164.304235 6.997075
-109.708653 -251.760014
44.001764 112.090565
44.040737 115.077371
56.828355 108.632469
48.599811 114.516197
40.205726 117.810675
47.918525 115.504818
-2.073687 205.575753
40.124896 120.745392
56.928689 111.676428
47.918525 115.504818
48.799471 114.367699
-27.093918 -46.715083
36.013389 198.890173
-46.959723 90.345416
69.396135 108.693689
-5.342221 51.348322
-22.877018 22.481475
44.645455 117.444069
65.209320 108.794964
18.850286 181.292428
48.265544 115.003957
-105.384770 -248.712723
89.889589 229.233321
44.743297 129.383533
119.404055 258.793826
-22.619767 28.071516
-43.771150 85.497288
77.210473 184.332294
98.737405 261.516230
-110.454550 148.513101
40.268604 117.719962
39.583100 118.505571
-43.564933 162.989990
55.669668 128.932195
98.606591 108.798662
6.655433 63.913421
106.289152 196.289503
110.489782 175.519878
73.016742 274.386918
52.139201 214.332681
-2.094025 58.490511
39.838473 172.068378
-64.493434 181.340353
44.434115 117.634935
119.605414 246.535041
107.082773 249.581988
107.269410 246.495254
106.319910 256.351163
118.818964 208.322685
2.169933 85.249723
44.371728 159.753484
-156.010836 118.071233
36.174403 123.710719
42.931032 117.249894
-42.966220 144.376242
-14.211764 145.029603
43.806382 115.504818
131.954780 252.784870
-60.413781 190.303142
143.796250 217.578765
48.668756 111.711148
48.672808 114.432429
131.889698 231.774213
-181.250093 103.501806
106.266484 274.399265
77.148082 187.522890
115.213073 255.828660
110.928434 262.017397
114.622263 256.588554
109.110557 258.749597
-1.210451 60.265447
6.796788 60.814104
2.604930 60.831420
-160.467100 118.505571
127.388979 274.170403
73.546942 277.006615
39.588497 169.369965
39.815868 175.122174
44.635924 111.431304
89.595650 157.515360
139.844932 274.199702
85.551401 157.344870
110.714347 226.178679
32.065856 174.607171
90.418668 171.431401
-39.262676 184.093949
35.989223 201.785405
18.800107 196.525149
46.759615 162.494626
71.750422 105.476728
68.812657 112.504065
86.129046 294.774153
-160.439705 124.298620
73.475213 210.829753
44.058681 169.031706
64.569896 166.331870
61.024583 141.860542
14.836713 193.083230
102.119125 289.596837
-147.668693 130.084446
-51.496894 180.745160
-30.581848 186.535350
65.202133 147.936085
128.011683 243.405748
39.583100 154.514607
-114.539942 178.349355
111.058037 252.791896
114.622263 256.588554
114.902630 256.235181
115.181007 249.910287
19.688940 183.415487
119.490720 243.790641
-42.937396 165.475068
-38.913978 165.702709
-39.303021 166.094538
32.013138 192.441829
21.713789 195.525872
18.800107 199.525902
22.941276 190.312003
98.489226 156.831709
-93.462768 172.142283
114.890147 250.189141
44.554994 117.706545
-93.785147 175.299526
48.411276 177.867881
48.684660 189.392269
51.358851 108.128302
-155.529738 102.313879
115.429779 201.491905
77.942917 216.507943
-163.877698 108.301780
-155.439785 123.477218
-142.876475 99.446073
35.455369 175.283175
48.728011 141.360167
93.783700 256.588554
143.807785 247.389662
47.974972 211.394795
48.516153 189.900655
52.974775 189.503142
48.442806 192.871369
39.827751 130.153793
39.583100 133.509336
55.453110 128.794301
