date:2018-10-24, time:0900, wind_speed:5.79, wind_dir:350.0, temp:2.8
65.144641 127.385660
-9.890139 88.192895
-143.412550 70.049344
-155.999594 64.247275
-84.936791 -241.815835
-123.210267 -40.895622
-106.481936 -119.002220
19.112729 121.092018
21.688506 -286.948225
-30.962156 22.306325
-131.519884 7.181744
-55.758539 -4.622008
-60.026462 -238.789918
-35.529529 114.968513
-1.734922 115.216446
39.934716 -235.985841
3.917108 -292.861786
-85.508565 -13.845764
-20.063904 -247.883916
-64.001729 -256.801527
-76.147279 -250.514995
-109.538239 -49.556685
-14.766473 121.247180
-93.843861 -241.948682
-82.568381 -238.940141
-18.103124 -280.797293
-6.432548 -284.037416
-17.690384 -4.498346
-61.623362 118.106621
10.225849 -287.131354
-14.812872 132.951203
-18.270564 136.186454
39.403228 133.077207
21.653659 -238.910229
31.716973 -235.821023
-80.762623 -241.706413
-89.415403 -241.887551
65.126052 196.222304
-73.001877 127.041289
44.146408 -241.855956
-78.386468 -241.922305
-44.425982 52.048908
-44.982051 145.046096
-43.225319 -229.818709
-18.247721 136.355380
-11.648682 130.168894
22.761328 151.110532
18.457757 -238.960265
-18.161931 136.197352
-23.549490 136.045633
-31.913188 136.262477
