date:2018-10-03, time:0600, wind_speed:2.8, wind_dir:360.0, temp:9.2
87.265414 217.554531
58.709372 172.655275
-5.909702 154.896363
14.793400 -286.269298
92.237736 220.480257
-12.243955 136.571398
3.894578 160.576208
-162.105071 115.538426
-149.535905 130.582016
-171.906301 64.465471
-183.131731 34.587161
-74.868066 -196.564101
-89.342856 -175.193910
-153.909203 124.568973
-161.728097 112.547857
24.877982 -274.547900
50.190104 115.638641
-145.387830 -13.528439
-74.248415 -238.557789
-171.113940 82.514283
-57.652200 -163.736592
63.327517 268.582502
-182.300075 49.520801
-82.786583 -241.595656
-113.966949 -109.557455
-15.671659 166.444964
-174.905707 88.476208
-95.276874 -139.556455
-74.804753 -205.488841
-133.678678 -28.506076
-91.232601 -142.370488
-181.127272 34.625517
-72.492326 -187.377224
-145.257078 -4.506099
-174.670149 103.521800
-174.493226 94.470752
-174.428120 97.538408
-3.544415 199.646277
-109.000852 -109.447939
53.923139 -247.562907
0.551533 -244.476007
54.690836 -268.414688
-24.401815 -277.511442
50.261061 -247.435037
42.127662 -241.443439
58.511311 -253.350717
-73.888379 -250.531576
88.258988 181.710791
-149.910630 -1.378036
-144.861195 -10.456919
-159.773220 46.500380
-66.162683 -226.573242
-60.168651 -103.536324
-76.757961 -67.353489
-87.364838 -241.600283
9.205930 127.633881
-91.218159 -142.370498
-148.767715 -13.337083
8.925160 130.509427
62.053375 -232.723577
-72.596391 -247.415965
-149.226660 133.425059
-83.268564 -175.450119
91.371001 109.503668
-78.714219 -172.521251
-76.660932 -178.206633
-76.756854 -181.311714
-82.509981 -172.625557
17.303914 187.540046
21.701128 181.552718
-82.867582 -109.625356
-90.948507 -139.622909
-76.764957 -121.572139
-83.381579 -121.552273
-143.528607 145.514694
-83.487689 -202.609530
-112.015420 -115.467093
-95.762555 -142.439862
-174.229779 106.563081
-172.848873 100.352227
-74.547514 -250.466520
-70.490646 -253.510079
-72.889568 -253.587801
25.651894 -271.492347
29.628770 -274.501680
-70.332557 -202.439174
-70.459767 -229.588680
-72.633448 -61.509247
58.764808 124.527238
-178.468580 52.456237
21.517296 -265.577671
21.524034 -268.448764
23.008586 -265.609597
-140.935133 -4.425502
-145.667079 -4.469665
-143.536470 -4.423840
-24.426677 -277.623113
-124.482549 148.535158
-154.278700 64.515332
-32.826651 -199.517318
54.576475 -193.404824
-40.795549 70.638615
1.845278 190.653695
-24.550723 178.518374
-74.412141 -226.624071
-137.193296 55.515662
-124.588374 148.595568
-128.966077 148.624859
-124.588531 148.678328
-61.972235 181.756629
-61.928173 55.563817
56.451397 184.525584
60.922269 184.802340
-1.687987 157.535987
-69.986740 61.495776
-149.825267 34.514384
-84.987008 -208.191011
-19.757438 121.689455
-14.125848 79.541616
-43.564911 -1.615759
27.221409 184.505391
-153.493778 133.725224
-149.651624 130.654678
-149.191074 136.692966
-5.876753 118.639658
-6.024342 -184.591058
-67.657375 -229.491595
-65.941704 -226.546226
-129.708436 34.775278
