date:2018-07-11, time:2100, wind_speed:2.55, wind_dir:296.0, temp:19.4
-109.280382 49.657720
-80.211496 37.651661
53.375674 109.691153
-76.308723 102.688291
103.192133 103.460274
103.164929 103.613523
6.391039 145.044387
6.289880 -91.931304
61.303125 106.556914
-34.837442 21.565111
68.812657 -265.590813
2.139421 -106.962698
-18.273398 93.731294
120.273176 106.543358
7.225304 -92.324132
14.419831 -94.917561
6.241400 -85.545633
60.325654 106.161778
2.594701 -83.374299
103.168193 103.660341
-85.448275 46.487499
65.486789 244.709823
65.488577 244.655555
-106.231268 -1.524549
40.444076 117.647115
48.588603 111.668124
129.353143 151.231150
61.669811 106.490511
-164.579243 19.480722
-114.100171 60.881331
69.854117 241.893435
-10.535689 94.006230
103.089009 103.444609
-35.313848 -31.832276
98.777545 105.742888
39.441494 178.075111
-43.064379 -32.449940
-163.633703 19.512026
-109.729446 51.759717
-113.120824 52.502560
61.555221 106.552274
61.683178 106.689620
57.262525 105.840847
61.696356 106.791327
52.141807 -241.584789
-109.815456 -17.218064
-109.156836 -4.191288
-163.562964 19.572293
-30.499598 -47.441021
10.271112 -98.006581
-105.054289 -257.322171
37.011523 -68.000483
26.919173 -70.868885
81.745030 102.776166
40.458796 117.904507
-163.401236 19.628809
-163.453649 19.677757
-163.775101 19.478720
73.133208 265.106586
-163.655590 18.571703
