date:2018-07-21, time:0000, wind_speed:1.62, wind_dir:202.0, temp:15.6
-99.863848 31.473780
-96.512818 100.565023
95.910497 103.467049
-15.097864 142.285813
55.934663 106.333335
59.701534 -268.981166
-43.942407 91.172642
97.807641 103.385161
-23.166818 -94.690252
1.694719 -97.811615
-14.702398 -88.792484
97.931075 103.501806
59.820239 244.302467
58.293126 244.602092
42.832712 112.306707
55.389461 106.237070
-168.802525 19.480722
95.799413 103.419756
-62.071077 -34.824677
80.792854 106.259535
18.493925 175.096629
-170.935807 19.471029
-129.849503 49.381310
55.824927 106.300401
55.459409 106.145449
54.202149 106.395808
22.763137 -244.382832
-160.858389 13.267217
-108.161976 -256.623906
2.129257 -73.542621
34.660001 118.255259
-160.905562 13.270454
-161.305927 16.252308
59.330997 265.393859
-169.318751 19.240743
-23.543544 28.192943
22.153508 199.296407
55.468737 106.145793
54.317316 106.323353
70.234064 103.451131
-31.786035 -10.723614
1.043690 190.264366
55.707368 106.187453
101.420568 286.336864
-4.250845 -19.545910
55.184921 106.303413
47.483797 109.287240
47.128400 109.167190
54.097899 106.534086
56.468972 106.294266
47.472998 109.283540
68.320699 103.241926
93.210588 -214.739034
37.757171 121.315228
99.929620 103.489064
104.011309 103.505911
16.702135 -85.655761
164.152713 169.230493
89.078438 298.324222
124.962583 109.421373
16.667958 118.594782
54.178198 106.551077
56.253950 106.502559
54.687667 106.445663
56.253950 106.502559
97.689095 103.345808
93.029096 106.185254
93.011453 106.228314
60.256439 265.540551
