date:2018-10-15, time:2300, wind_speed:5.76, wind_dir:253.0, temp:14.4
60.477232 163.516866
93.783700 211.577259
-10.618600 123.900898
-148.627286 116.439307
-152.278531 114.942707
-160.687296 102.881441
27.135532 -280.594578
-90.129017 -245.505290
-177.137950 79.495782
-85.964874 -222.508612
-127.314002 -44.189531
-93.783700 -151.562199
-110.694480 -122.179473
47.768726 -281.219097
-23.534222 -284.635031
-68.777425 -256.588554
13.927805 117.572424
-89.706588 -188.210534
-78.162989 -138.457527
-85.611329 -215.205501
-186.115654 36.423468
9.884642 -284.624544
-148.075810 -20.192441
-127.327191 135.899460
-39.709813 60.901183
2.623090 170.825772
-68.777425 -241.584789
-139.709201 45.840634
-68.777425 169.518372
-73.116371 39.863933
-73.551158 51.412249
-86.125749 -218.540213
5.599085 -203.579231
-64.770541 -242.191592
-90.086388 -245.652229
-81.455164 -194.171936
9.828189 -290.632450
5.628913 -290.570641
-31.909736 153.466507
-31.212443 -253.587801
-19.474200 159.535516
-94.741944 -245.769868
-89.560418 -244.585542
34.811218 -200.566150
-39.460263 -282.118398
14.576825 166.517619
-73.523969 -215.583133
5.651768 -290.510394
-15.220049 -110.576910
-93.783700 19.480722
-31.345683 -209.158347
-68.777425 -244.585542
-81.134967 -240.375816
-23.052526 174.927900
-118.789975 -16.528314
-22.877018 169.518372
-72.889568 -247.586295
-73.084358 -251.153983
-98.116522 -245.210201
-89.698154 -245.147358
-31.383353 168.863318
-23.112191 162.886921
-85.448275 16.479969
-118.948815 12.912773
-23.015976 -284.165498
-14.541593 -286.596084
-23.468181 27.480027
-72.889568 154.514607
-152.131675 106.502559
26.960476 -236.238386
-68.777425 181.521384
9.861315 -287.550476
-23.576684 168.468940
-23.484974 168.478750
-69.690896 47.722326
-72.889568 49.488252
-14.392842 35.694633
-18.914120 102.914720
30.608960 177.625532
5.655635 -194.582050
22.270464 -200.641251
