date:2018-10-18, time:1900, wind_speed:4.0, wind_dir:283.0, temp:3.1
60.751272 138.647442
-9.958348 96.188147
-147.595739 84.717042
-160.045250 75.204889
27.386165 -290.444883
-89.313858 -245.403880
-85.012201 -245.906187
-126.797842 -44.392790
-110.097092 -122.400715
48.397309 -284.919476
-22.600490 -284.473226
-68.462946 -260.482398
14.930940 117.622483
-80.885015 -245.407013
-185.157964 27.695415
10.813039 -290.511473
-147.528061 -20.424075
-35.068184 36.577279
2.650466 144.168587
-135.205753 21.586788
-68.201851 12.195208
6.573405 -227.468558
-76.573485 -221.856577
10.706330 -290.419286
-30.082124 127.957050
-30.906713 -275.394412
-13.939568 132.137654
-93.191796 -245.858706
-89.204205 -245.493737
35.981531 -224.838545
-72.383457 -242.939543
6.595143 -290.442190
-89.329732 -2.415848
-26.588693 -236.818541
-68.450882 -260.489141
-80.719040 -254.875256
-22.598400 144.650820
-114.063534 -41.888036
-22.598167 138.655287
-72.649868 -257.459532
-97.572433 -245.489419
-89.048009 -245.818325
-30.930294 144.583684
-85.136463 -8.371016
-22.595500 -284.385809
-14.072291 -287.918099
-22.587056 6.614864
-72.633040 132.605501
-151.657102 81.142205
31.611389 -263.503302
-68.418558 156.225291
10.800069 -290.473613
-22.420155 141.153792
-22.619784 144.556548
-68.417453 24.560960
-68.295818 21.199939
-18.434748 75.617602
31.841364 150.221190
10.995871 -221.820123
23.192535 -224.475132
-85.164734 -245.422226
-89.254955 -245.549188
52.480552 210.771391
-22.526251 138.584803
-72.336604 138.168105
