date:2018-07-03, time:2200, wind_speed:3.05, wind_dir:319.0, temp:24.4
-101.419088 71.668084
-30.467952 -150.409883
-76.327746 62.713382
48.359024 108.640177
-67.650369 120.801795
98.620315 102.714029
98.634687 102.811371
-59.487976 126.747278
14.950613 156.666551
15.429119 -72.441965
15.249168 164.778160
56.292273 105.499230
-26.676251 36.602485
19.093076 -68.280042
2.816980 113.947367
68.360784 -248.511954
69.556297 -218.381200
48.726146 -279.378660
15.300534 119.597813
2.911358 -86.218806
-14.941669 114.590815
127.883982 116.895684
27.865792 -287.335876
19.806474 -68.205038
22.972283 -69.137368
10.726685 -98.390406
23.126325 -65.295602
57.344867 105.845788
-9.835341 80.698535
-17.957108 74.835407
14.905081 -71.216020
98.877159 102.880879
-90.073875 63.557284
-76.697003 66.754487
61.179402 252.869912
59.773344 252.590745
64.717602 255.631039
35.837436 117.715428
77.052762 -215.561918
-6.601931 114.553929
-1.522997 113.770836
-109.646607 21.665782
-97.862258 18.399198
35.795950 117.555021
44.090643 110.760052
44.121991 111.743480
65.342473 107.709698
136.551799 165.823249
56.793288 105.620494
56.560424 105.720076
-168.393371 18.647452
-105.182671 69.847403
47.872691 -279.303690
64.977976 261.643875
6.241400 115.504818
65.041079 255.807086
44.190231 -53.367166
98.981627 102.807736
-21.860114 -14.152070
98.939340 108.785867
47.278138 192.341861
23.030012 122.808347
23.222457 191.746640
35.225658 197.969145
-26.694449 -11.340729
-168.112940 18.665347
118.461649 285.132381
-106.015794 69.642441
-101.294035 69.749996
65.249381 105.782313
56.376799 105.563834
55.899265 105.418373
57.178936 105.306399
55.682056 105.279053
-31.212443 31.483734
68.451341 -219.003602
69.876702 -217.360494
-98.313579 15.889423
-98.460282 13.806612
-167.728356 17.180341
-169.138813 18.935849
