date:2018-09-14, time:2000, wind_speed:2.38, wind_dir:202.0, temp:16.7
-161.765630 19.607340
47.694412 121.395086
80.026936 157.565108
67.490639 252.992585
25.531426 180.935164
88.544777 214.440806
-74.281144 159.959513
56.253950 118.505571
38.305938 162.833698
-24.109670 28.525705
-48.979667 153.936624
-177.137950 103.501806
106.032740 220.443054
-48.074746 133.457591
-145.424335 -7.969321
38.777321 130.369929
93.280989 226.419226
92.737179 226.421598
25.870398 190.304674
80.974249 181.401113
122.461457 196.329129
-174.191979 93.820726
-170.144149 88.587853
105.560778 187.456794
-172.914668 97.500300
-174.208628 100.019938
80.152550 268.224811
21.787521 159.922310
54.875481 120.916277
-60.442000 136.510089
42.608693 -278.354372
121.960042 168.952236
13.140315 171.969113
-49.081303 148.330072
109.316944 223.733368
21.658405 148.074827
113.849983 196.356897
101.164250 232.514281
100.813066 234.986152
13.532411 160.151087
14.576825 178.520631
1.880972 145.424894
22.679446 166.458012
122.059228 193.464043
113.551997 193.106978
67.902984 199.077396
-153.209153 124.463325
-148.438650 121.290578
-152.363538 136.361788
39.583100 -232.582530
-161.712182 64.068791
80.228000 -226.646123
-174.194853 37.163096
50.729170 120.919711
51.017299 120.909708
54.995326 121.843574
-44.317993 -190.752055
-86.901982 -170.039747
-56.668295 -202.803782
-174.203977 36.904503
27.135532 190.523643
-149.218744 123.829975
-139.826147 61.336724
-161.764804 114.963420
-161.674089 117.919991
-153.212644 10.540087
34.329937 -274.912133
30.378137 -223.885837
-115.861165 -110.245174
-6.646707 -232.661821
-65.352891 -139.698271
51.052283 -271.731503
38.583269 -274.761098
-73.704638 -106.665442
-90.706861 -236.295449
-132.654960 121.064269
1.908129 142.467767
1.683837 145.414495
13.330684 160.109471
80.265863 -232.882179
79.988391 -232.570536
59.195800 117.891731
55.498707 121.315487
-149.253372 -8.074919
-147.908393 7.477710
-148.989442 13.348134
-86.698962 -106.991625
-49.247158 -229.864449
51.310068 124.324712
46.893577 121.063407
10.223153 163.396258
31.042892 127.456943
-11.523188 -244.700899
-165.816381 76.123203
-61.670896 -113.038857
-144.983779 82.065045
29.891549 -260.331241
-172.914668 88.498041
2.129257 -247.586295
-98.117275 -100.627805
-69.337544 -115.764884
-40.590330 -160.941333
8.867808 214.236748
-82.341888 -184.738896
-82.415709 -196.591215
-165.009870 58.305606
1.869563 -277.743995
-91.119211 -125.081977
-152.131675 82.496535
68.777425 274.593072
-185.473375 49.488252
-157.681526 112.072120
-152.131675 106.502559
-73.971430 -239.197892
42.753618 -239.160201
-65.734146 -94.820811
-132.401340 144.800403
-40.650978 -278.447452
-149.219511 129.743961
-132.151871 151.145266
-86.652067 -101.158458
13.395620 178.054315
12.842578 178.579622
-173.903344 88.387313
-173.389865 85.909640
-178.598749 88.250925
-174.093168 88.089073
21.384998 -265.447910
-99.381750 -145.713814
-82.866920 -142.653939
-58.036714 -202.500888
-120.429432 -37.503536
8.691692 127.442203
-112.071999 -22.518436
-87.014170 -142.419027
-62.098854 -145.680723
-49.581298 -160.545036
-99.650228 -61.337799
-178.960474 31.546264
-33.088322 -181.234226
-54.058755 -172.339462
87.757835 -235.424214
-174.688740 43.716385
-144.638957 -7.277157
-143.697658 -7.698577
-142.970260 -7.578298
-145.445963 -7.479247
