date:2018-07-27, time:0600, wind_speed:1.39, wind_dir:291.0, temp:20.3
77.148082 103.501806
-81.143259 91.377935
68.860223 106.212817
-53.637789 -95.203494
-39.554781 -94.847805
60.362141 244.019721
60.342917 247.065738
43.653300 111.991261
47.863045 109.094738
-173.047538 21.739862
68.891619 103.378707
47.767389 109.185835
-10.356521 175.425441
-164.648821 48.992140
47.475136 108.629030
47.752375 108.629496
-10.429450 -241.584789
-160.429313 16.374070
-110.758758 -254.311002
-31.970571 -74.970389
-2.179430 121.070754
-160.584221 15.804437
-177.988956 24.175516
-52.171301 28.042920
47.587907 108.590512
55.960007 105.831200
-2.046728 190.122328
47.918525 109.503312
47.941172 109.245138
43.820787 112.136389
43.513552 111.559661
47.837916 108.777654
43.359084 111.699227
2.190521 124.322012
60.391283 105.967404
97.978340 109.204472
-22.902776 121.157402
47.937634 109.031772
47.640469 108.513418
72.980801 103.376034
55.654173 105.258402
60.526068 268.425974
43.738498 111.808887
43.907411 112.273856
47.880634 109.037310
-56.862144 -35.891503
43.842311 112.130073
43.806382 112.504065
43.714196 111.872494
43.839142 112.140267
51.350266 108.405437
-60.835625 27.533845
56.275940 106.219413
52.065081 108.933668
-6.465537 195.779664
5.500691 -59.942084
-27.812555 -20.880646
47.362461 108.612416
43.693380 112.069786
43.836819 112.000987
-173.266795 21.530225
-173.635684 21.462398
43.635200 111.885644
43.860696 112.082184
55.419837 105.212250
43.618528 111.790314
47.558030 108.770110
-6.272183 -16.971320
-11.746509 175.079693
-10.229690 169.860057
35.427598 124.153601
81.313310 106.343159
39.583100 199.525902
