date:2018-08-24, time:0000, wind_speed:3.1, wind_dir:255.0, temp:15.7
-164.678435 6.394736
43.743767 112.163226
35.320094 117.192040
39.494554 116.848391
43.806382 112.504065
43.789174 110.860618
-13.753223 37.008637
35.325551 117.794251
56.247967 104.822289
19.691089 168.270449
35.470957 124.507077
106.217036 252.923008
-27.237582 19.116404
77.348879 169.881782
89.615988 250.587048
35.442684 116.737815
31.251580 119.944293
52.848914 115.006434
89.521344 105.642300
98.367474 181.583191
69.724643 264.430949
43.821889 203.137136
36.335859 153.280597
-72.441305 169.469382
98.810946 234.224377
98.582303 235.153152
101.944955 246.943041
114.525707 204.956531
-6.247567 75.799664
35.470957 154.514607
127.031533 246.935798
-68.076617 175.013679
43.662223 112.162584
122.957688 223.580271
-181.250093 97.500300
69.238804 178.555529
110.891789 250.731899
-5.782605 49.650157
118.753014 268.266349
69.068229 262.862847
35.528295 156.100749
35.414380 166.179527
131.940762 262.108684
22.805355 165.262645
85.878562 160.454116
-43.108139 175.108187
85.346145 285.866364
-160.607197 118.154739
-35.435725 178.520631
56.062455 138.882512
118.789975 238.584036
-118.098599 168.754986
102.524265 241.889972
110.402969 243.855395
10.299655 171.847776
111.049068 235.051016
-43.858097 156.820421
22.802438 183.835687
15.024982 172.393566
110.332027 240.972269
35.477250 117.133127
43.806382 169.518372
43.658489 180.555113
-156.286856 91.191303
68.639771 207.862881
-156.300698 115.181318
90.257232 244.001503
143.703657 238.237946
40.444595 180.336185
43.806382 181.521384
-168.896558 109.197500
102.091869 267.930236
118.673815 247.207968
47.809330 201.914979
11.308187 150.228060
31.247675 142.511595
118.789975 232.582530
-152.240955 -7.856874
85.483507 148.513101
115.404280 246.263205
-151.311837 75.104322
40.684074 147.465348
35.817141 142.838717
36.100719 145.045381
40.363239 147.980357
111.224505 252.389597
111.318591 246.655978
106.703554 247.587627
-68.777425 145.512348
48.602147 199.144270
90.033236 184.914100
102.905968 199.024540
6.241400 115.504818
60.477232 145.512348
56.201683 144.875847
48.397312 154.479696
-143.832428 142.160717
143.736606 211.282433
23.509970 183.979803
-127.159015 147.759957
-152.131675 103.501806
68.722091 -275.253195
-93.835633 178.239039
53.035263 159.191782
-2.094025 49.488252
-1.117225 51.318468
-2.236193 55.205199
-172.205667 81.767354
93.694039 144.806806
90.327384 144.886329
22.912250 148.513101
110.385165 198.889843
123.574222 208.015448
-143.796250 118.505571
-155.724849 115.546709
-156.333599 115.209829
-156.243818 115.504818
-156.322881 114.832180
-97.988143 174.861653
19.292818 184.682936
19.516396 183.979670
97.951413 283.595331
-89.560418 172.519125
-172.275041 78.851801
48.361943 178.037207
43.785226 180.467453
73.429086 130.305804
81.971772 144.733866
81.544984 139.884041
60.675197 223.941724
