date:2018-06-08, time:0400, wind_speed:2.66, wind_dir:236.0, temp:12.2
72.819676 247.341448
-86.097275 135.898285
2.129257 -277.593825
-84.201231 81.618183
59.932680 252.878218
47.918525 124.507077
-111.012128 -239.333536
-111.072385 -242.263798
-97.498885 114.476049
-31.212443 -91.547139
-6.620643 -107.074478
-27.650687 174.783580
-14.541593 163.516866
-2.366051 211.031862
-111.128674 117.778944
10.464682 -280.594578
99.434974 276.900066
-22.877018 -163.565211
-60.767125 171.989789
-52.736567 135.783910
-94.056864 142.039881
-93.977821 181.224705
43.806382 121.506324
-42.832353 189.380908
-64.932926 175.093302
-79.849571 162.754254
-75.810400 156.800289
-35.631703 163.323898
-18.764875 40.485993
68.267152 267.892952
63.754456 270.619744
101.754622 109.010447
-7.319474 48.459471
11.212121 -80.673777
22.568190 124.024765
35.277812 202.320363
59.399876 264.440169
101.821781 106.001753
-38.593612 186.488087
152.014166 172.316946
27.693545 189.241180
-10.429450 37.485240
-10.429450 34.484487
39.177192 -52.976203
35.470957 199.525902
43.806382 -49.536597
3.007900 114.454780
-2.499780 36.976160
-17.939141 39.421666
101.028522 105.525967
30.915305 205.155590
28.154307 201.524081
39.188769 205.089088
38.939762 198.760436
47.523593 -50.026404
42.874952 -53.404106
-10.889564 51.816738
9.847697 -77.151786
156.095071 172.262362
151.791834 175.023436
