date:2018-08-05, time:1000, wind_speed:1.91, wind_dir:313.0, temp:26.9
69.222213 102.243863
56.253950 106.502559
-51.049718 -114.562206
44.094171 112.116240
-172.652367 22.165988
68.812657 103.501806
48.253095 108.934573
-181.111576 31.341632
47.918525 109.503312
-163.907351 6.171601
-109.709455 -254.903039
-43.451677 -89.000116
-160.012210 3.892938
48.351790 108.039980
56.819483 105.363806
47.918525 109.503312
48.406331 108.451431
43.953333 112.385526
48.442553 108.167263
56.253950 106.502559
90.323438 105.153972
48.015882 109.363095
69.335946 102.089018
56.812127 105.199218
60.934022 264.332086
44.123189 111.934762
43.806382 112.504065
44.333674 111.073463
44.259192 111.438154
44.184260 111.460862
48.296767 109.015299
-68.062682 8.596370
56.967504 105.162647
48.086511 109.384658
-6.047062 196.347311
44.153656 111.985027
-172.345636 21.437815
56.894967 105.303725
43.806382 112.504065
47.918525 109.503312
-18.003760 -33.548040
-22.375698 159.972188
-18.261303 153.778693
35.656469 193.376860
48.511949 108.235035
-10.429450 37.485240
-35.091140 102.985551
-38.662497 107.444890
-22.469560 -53.283758
73.599005 102.075694
-5.684884 45.824048
19.168014 -100.957691
-17.944625 -18.647361
73.080200 271.418181
-9.416117 32.517070
44.208245 111.340068
44.595886 111.243310
44.413180 110.944202
68.812657 103.501806
10.819485 58.183930
27.135532 190.523643
69.625644 260.642006
48.201511 109.262231
-5.342734 170.410215
-109.781438 -254.977859
-109.930866 -254.502915
98.964391 242.422199
44.872267 146.533948
131.645457 262.138982
115.286126 173.969721
-5.251537 167.717373
-88.902830 158.890759
-106.138018 -253.766366
115.614229 263.612501
-10.007591 39.822160
-34.419146 104.495821
44.348028 110.966135
86.375577 200.418642
-68.118089 174.132800
-59.614784 158.823779
106.898940 273.312474
-109.776210 165.337707
7.068264 164.830311
44.428009 111.496220
43.950957 112.383312
44.444194 111.209933
43.806382 112.504065
-34.850163 177.142374
60.915453 147.352005
98.509871 105.305608
10.690580 58.224632
115.048729 210.675344
-5.689311 180.713451
111.003864 192.310588
-43.172602 180.310745
77.744934 282.168770
65.191119 231.408238
7.015681 56.217173
44.712119 185.618890
94.484920 140.698915
-147.236856 119.539128
44.753725 113.362794
46.419947 114.946261
-51.827382 190.252579
-156.031535 136.117359
44.744221 113.414250
43.888158 112.082275
43.806382 115.504818
42.058096 112.040205
