date:2018-10-06, time:1500, wind_speed:4.11, wind_dir:176.0, temp:14.1
63.985929 173.091144
97.032567 221.047242
-7.570144 137.020410
13.943104 157.978037
-141.225694 130.523863
-73.918264 -198.873916
-82.492004 -178.247469
-149.037979 125.201748
-156.907469 113.163995
29.995207 -274.337799
55.138579 115.731588
-73.518934 -238.074543
-85.456664 -241.361561
-15.464430 164.190543
-172.779519 88.530735
-90.816928 -138.663939
-70.292980 -205.400515
-127.862192 -30.859272
-86.070384 -141.878645
-178.808207 34.437484
-69.839791 -190.064628
-145.028647 -7.008438
-169.762963 92.162106
-177.807089 98.019829
-103.543595 -109.129602
55.025695 -247.127772
0.655919 -247.137892
55.324225 -270.825345
-23.800492 -280.002844
54.978785 -247.151129
58.900574 -253.358342
-73.953955 -250.156922
88.530969 181.840246
-148.811423 -4.221499
-152.965972 47.080887
-65.367262 -225.955593
-74.008823 -69.974180
13.931729 128.133365
59.092103 -232.215654
-69.862921 -247.147137
-82.331264 -177.873311
-81.878805 -172.052833
-78.085209 -180.984745
-73.919500 -184.065238
-82.145251 -172.098533
22.190112 179.164052
-82.395266 -109.067218
-73.762963 -123.909710
-136.260357 146.062863
-78.411247 -205.055598
-73.594872 -249.889253
-65.302170 -256.018820
-69.899382 -256.124752
-74.176130 -232.142462
-69.224306 -61.074608
-178.392403 49.988070
23.190089 -268.319039
-140.250434 -4.135364
-140.420818 -4.618194
-140.520561 -6.899174
-23.895538 -276.932538
-123.405019 148.979846
-149.585308 64.905125
-28.322117 -199.228735
59.484686 -192.892518
-36.946458 70.674521
9.169764 187.700838
-69.335912 -225.948129
-132.325641 55.834931
-120.043481 149.077738
-57.178980 182.078785
-61.832608 52.944381
59.691965 185.013936
-69.672813 62.236108
-148.842640 34.849283
-81.678799 -207.695762
-20.259758 118.577444
-11.831896 76.852187
-40.270745 -1.088130
-148.811150 134.131258
-148.698864 127.935476
-149.178936 134.003642
-3.308059 116.061591
4.661604 -184.543252
-64.547959 -229.003287
-65.394699 -228.880419
-127.856330 32.163576
-82.622737 -241.045597
-82.746127 -241.200982
-70.140351 -178.136370
-76.968427 -178.154422
-78.404622 -181.048360
6.073011 -282.941638
13.555560 -283.190154
-127.130490 61.900087
18.598863 -283.399257
13.111363 -283.000594
-57.853787 34.567854
-119.616544 -7.001978
-28.478773 164.055818
-22.726768 -241.340118
-19.394548 176.378189
-23.701042 181.920113
-82.997909 -241.489246
-87.002374 -241.405111
-82.584508 -244.330785
-85.558491 -241.213160
-87.141572 -244.369487
58.627123 -199.512731
-106.255459 140.022658
43.543370 -181.032353
-64.592839 -229.259949
-35.676788 61.934419
-60.819181 116.179034
-27.466422 -267.974461
-53.815906 -259.488196
-106.822696 116.281901
-61.171427 56.127004
18.050704 179.235371
-136.240206 56.169823
-65.951878 -202.282111
-66.364361 -199.412986
-149.016173 -4.816847
14.576825 -283.595331
14.576825 -283.595331
-7.965788 -97.496382
-87.078034 28.465023
