date:2018-05-27, time:1400, wind_speed:3.04, wind_dir:136.0, temp:13.8
80.828110 227.118634
-64.828709 97.743774
-69.014887 133.748079
17.798247 -284.520005
17.747686 -284.438898
-70.985932 76.736529
5.970902 -166.379039
-107.225165 -248.206026
-14.807974 163.774299
59.304367 250.043506
35.470957 -283.595331
47.018087 114.740171
59.275611 249.722483
-79.161668 109.545638
-89.787221 -238.323437
-111.633644 -248.232198
-110.652692 -250.303305
-52.679020 74.024492
-48.365817 124.959395
-106.523421 -247.342745
-111.486810 -245.301560
-78.413352 108.584731
-10.723200 -94.305471
-61.364964 162.711291
-11.449672 144.422016
-37.639091 127.495807
1.697300 -109.090225
-28.909889 148.333477
-19.712851 162.813852
-19.022922 160.719617
5.101638 156.875601
-2.330221 199.794825
-85.738564 115.768880
26.639017 -283.047712
-52.375921 160.793649
89.595650 112.504065
114.406992 271.877982
17.594374 -284.348738
-6.733338 -292.079319
-2.578401 -163.123620
-57.338030 159.568801
-6.919863 -292.167489
-10.667547 -292.308569
-39.941679 126.833673
