date:2018-10-22, time:1200, wind_speed:5.03, wind_dir:287.0, temp:6.1
61.419649 124.551749
-14.355625 86.466279
-147.484071 68.516799
-160.086912 62.147995
-89.412979 -245.164777
-126.928313 -44.052510
-110.283681 -122.048509
47.918525 -283.595331
15.034191 116.963524
-185.473375 28.482981
10.613319 -290.174921
-34.922558 20.172660
7.064520 124.390084
-134.312903 6.987852
-59.508651 -7.182621
-67.846905 -241.914088
10.464682 -289.596837
-42.855813 112.454803
-5.607543 112.814007
35.887328 -238.012478
2.129257 -295.598343
-89.028387 -15.420904
-26.098657 -250.674510
-68.327987 -260.690798
-81.224993 -253.587801
-113.761098 -52.643252
-17.664639 121.046997
-97.762850 -245.108619
-89.390619 -245.122355
-22.877018 -283.595331
-14.415323 -287.155771
-21.964076 -7.483519
-71.972361 115.476221
-151.259055 67.470119
31.652893 -276.453409
6.380136 -290.081457
-21.642497 130.292750
-21.815801 133.414346
-17.583346 60.980523
32.186705 130.760717
11.325842 -238.765781
23.613423 -237.780238
-85.292527 -245.083333
-93.616165 -245.163842
61.612281 190.365873
-76.605276 125.545466
-34.567645 130.220769
40.016964 -244.098523
-89.560418 -244.585542
-89.560418 -244.585542
