date:2018-08-17, time:0400, wind_speed:1.02, wind_dir:349.0, temp:15.6
45.411807 112.244100
-176.528947 28.296164
-163.010576 7.150092
-110.031831 -250.655928
45.479275 112.156005
48.464699 115.307897
39.688048 118.518440
49.260520 115.261745
-1.107321 205.353840
39.828285 121.469871
56.541702 109.426584
49.112500 115.257294
48.375671 112.408323
-26.027004 -49.811583
35.668687 199.374771
-43.303251 91.335761
73.652248 109.288302
-5.121758 49.336758
44.232120 118.415932
64.928161 109.406785
23.930744 178.248856
48.137465 115.345345
-105.023709 -247.883951
91.256858 229.030651
44.790085 130.328377
118.943185 256.584877
-21.240041 28.295637
-42.488416 82.196323
82.285894 181.298237
98.326638 259.468928
39.926737 118.408656
40.903364 118.175116
-42.106952 160.259529
57.727979 127.137352
97.931075 106.502559
6.545718 64.354849
107.608641 193.186330
115.863170 175.117434
74.312243 274.275981
53.621738 214.061357
-0.992971 58.308770
41.023446 169.061366
-63.440861 178.215451
123.389432 244.507706
106.525425 247.495837
107.190839 244.461083
107.685989 253.153896
120.317107 208.345327
2.219308 85.486743
43.879491 157.549047
45.113892 118.072176
-38.481776 145.308463
-14.541593 142.511595
48.789145 115.083608
136.240352 253.441964
-59.085090 187.201674
144.868269 217.456983
48.665149 112.272519
48.888329 112.313702
131.631661 232.465393
-179.970788 103.134045
81.897162 187.338238
114.710965 256.561001
114.806368 262.512992
119.456411 253.409891
115.619598 259.342313
2.660358 58.332543
6.526649 61.311112
2.591065 61.345247
-155.428262 118.411488
131.415206 274.520244
73.042578 277.614705
44.866277 166.188602
41.188764 175.155938
44.770400 112.246797
90.639927 157.274220
141.285969 274.301781
85.600491 157.541735
110.454550 226.581024
31.929199 175.371550
94.684934 169.312732
-38.042450 184.189560
35.578906 199.480231
23.904745 196.260452
53.179980 163.255149
73.634900 103.405655
88.214932 295.202388
-159.185405 121.128902
74.773572 208.224299
44.099158 169.403584
69.856670 163.251907
60.762383 142.437291
16.243925 193.183913
103.516577 289.307187
-146.083727 130.130716
-51.846213 178.497557
-28.817328 187.205561
64.835323 148.459119
128.172950 244.347591
44.825592 154.335083
-113.565745 178.302407
111.122835 253.408326
115.989088 256.314678
116.168862 253.346970
114.711831 250.598451
19.860514 181.322919
119.884430 244.423927
-38.436795 166.311852
-34.893606 166.483262
-39.547868 166.517619
31.971113 190.427504
24.233303 196.359815
19.800067 199.334274
24.058151 187.208644
102.561466 157.493920
-92.224033 172.240261
116.243341 250.272206
48.427225 118.354093
-92.531717 172.233731
48.069569 178.505835
52.941683 187.364590
53.183137 109.307588
-151.629104 100.378826
114.854499 199.386960
77.793993 214.374113
-159.685323 106.243461
-151.371678 124.389725
-143.329617 100.321694
37.250083 175.260171
52.879034 139.469087
98.879785 256.349772
145.397855 247.176380
49.399618 211.230673
47.918525 187.522890
53.153014 190.260281
48.257940 193.459991
41.303686 130.263454
56.253950 127.507830
-159.924410 115.308184
-145.172864 115.153845
105.970164 271.207987
106.563363 273.773142
127.288464 253.581689
56.439211 214.509704
14.576825 157.515360
39.583100 145.512348
