date:2018-07-04, time:0500, wind_speed:2.33, wind_dir:329.0, temp:20.9
-101.571985 70.232127
-75.962860 60.763820
49.140809 108.543286
-67.442089 120.738929
99.219143 102.706071
98.983846 102.842942
-60.271272 127.429890
15.646413 156.824502
15.413988 -74.012362
15.355136 163.155415
57.307066 105.853472
-25.641811 36.739134
19.809228 -68.263255
2.390069 112.352814
70.279860 -249.882945
70.209977 -218.305039
48.825670 -281.172695
17.119230 118.220495
2.129257 -85.545633
-14.009069 112.203260
128.504546 114.733456
27.135532 -286.596084
18.800107 -67.541115
24.803247 -70.254316
11.514099 -98.244321
23.979033 -65.183174
57.588163 105.711973
-8.024720 79.489622
-18.490287 73.408821
15.614895 -71.246864
97.931075 103.501806
-88.194575 62.312838
-76.049532 66.847171
61.867060 252.813897
61.900997 251.344787
65.702834 252.970685
36.586952 117.948595
78.003381 -217.961479
-6.039546 112.362149
-1.645910 112.138292
-109.180188 21.697879
-96.725112 15.843948
36.560882 117.880736
44.083514 112.352763
44.939175 111.932275
135.496057 166.517619
56.253950 106.502559
57.315768 105.819608
-167.471146 18.766391
-106.231268 70.493523
49.781803 -280.590382
66.026088 261.824138
6.487984 115.321121
65.718342 255.793126
44.957713 -53.181911
97.931075 103.501806
-22.877018 -13.527561
98.179952 109.314610
49.089570 191.155159
25.011855 121.483645
25.011579 190.600312
37.159335 196.722257
-26.009176 -11.127977
-167.484386 18.598280
120.307712 283.917924
-105.089394 69.918028
-102.119125 70.493523
64.589375 106.502559
57.384023 105.901505
56.953026 105.954477
56.427155 106.381624
57.103678 106.018596
-31.007554 31.322710
70.327457 -220.137716
69.989165 -218.264977
-97.333225 13.177482
-97.895843 13.479216
-168.541540 19.397593
-168.277695 19.143284
