date:2018-07-30, time:1300, wind_speed:2.4, wind_dir:253.0, temp:27.1
68.614332 101.943761
60.477232 106.502559
-60.598209 -102.099174
-48.048047 -99.495369
60.026641 242.845940
60.442000 244.585542
43.806382 112.504065
47.762853 107.637799
-173.023857 22.253689
68.745433 103.251829
47.881690 107.442815
-172.942630 41.178611
47.710652 107.877322
47.591729 107.870283
-160.690069 9.603135
-110.594408 -255.420344
-39.877292 -80.610820
-10.727801 114.612849
-160.696691 9.324266
-177.307990 23.779197
-56.408559 21.254105
47.918525 109.503312
56.225403 106.248874
-2.386633 183.320666
47.476839 108.282578
47.918525 109.503312
43.806382 112.504065
43.856304 110.499871
47.831997 108.968730
43.482438 111.247236
-6.353433 116.625445
55.955472 104.760760
93.459860 105.120518
-31.454444 114.050028
47.789640 109.254778
47.799692 107.431440
68.623388 101.490290
56.253950 106.502559
60.216818 263.671261
43.558970 111.608354
43.677729 110.438105
47.713057 107.794765
-56.375252 -41.801240
43.682525 110.554611
43.567978 110.735020
43.536105 110.877219
43.754883 112.227134
47.918525 109.503312
-63.883950 18.846818
56.091511 106.060780
47.939456 107.340286
-6.288488 196.239856
-2.211884 -63.711937
-35.846342 -27.370084
47.667942 108.513470
43.749444 111.980647
43.717086 112.281202
-173.002449 21.914525
43.681187 110.605593
43.678038 112.027031
56.132697 106.269709
43.806382 112.504065
47.955956 107.379425
-14.377415 -24.889529
-18.798994 167.706047
-10.685682 162.283601
26.911589 120.027329
68.847127 101.702761
35.312116 192.665465
-18.838268 47.488540
18.655029 185.897175
43.806382 112.504065
47.918525 109.503312
-102.333019 -251.389652
-6.320523 44.523498
-31.047305 112.969219
-31.054578 119.058103
56.253950 106.502559
-18.877562 -42.928102
77.148082 103.501806
35.284087 193.007148
2.129257 55.489758
22.989524 -90.903914
-10.877230 -6.499983
80.824707 104.628664
72.751485 282.178769
43.544223 114.172083
-10.743403 45.511100
43.880910 111.858776
44.006804 111.384736
42.601350 111.644651
43.806382 112.504065
44.022893 111.151337
