date:2018-06-03, time:1800, wind_speed:4.0, wind_dir:167.0, temp:12.7
76.638424 235.721305
-77.516917 133.656227
5.825419 -283.518367
-78.088625 73.613505
64.129450 247.718145
51.667819 118.659480
-89.560418 109.503312
-106.651214 -247.531617
-106.714882 -250.431712
-93.783700 109.503312
-23.819052 -94.384695
-56.218718 124.507077
-6.593455 -115.422061
-27.492513 163.653036
-6.664756 154.596402
-2.489719 202.672893
-94.182701 115.635924
14.172422 -283.503152
105.816486 271.740094
-11.315670 -169.411577
-60.820381 160.630944
-48.332156 124.575769
72.546077 103.643117
-85.932787 133.619384
-89.989263 172.599757
46.974629 112.652792
-35.844227 190.633799
-60.891803 163.633320
-72.889568 157.515360
-2.492725 -292.536693
22.459704 -265.486875
-69.202575 154.634672
-31.664858 157.666307
-11.327154 37.623222
68.361323 262.683562
