date:2018-09-24, time:1000, wind_speed:2.76, wind_dir:46.0, temp:10.2
-80.515779 155.346435
28.289305 164.557294
-180.450399 101.219771
90.684004 215.650908
65.356081 176.266403
-176.260173 83.138676
-176.637631 88.994631
-1.337829 155.249178
23.398989 -283.087539
99.109290 221.639747
-14.541593 139.510842
7.364455 161.561189
98.849851 191.311188
-159.780425 122.213002
-155.181185 116.568574
-155.412304 134.264877
-175.905569 62.480551
65.424942 -231.846772
-180.430821 35.115229
35.960579 118.997714
-59.681628 -195.757182
-92.959190 -174.777491
-71.785303 -207.504568
-159.776203 122.319584
-159.973705 109.991057
-18.008244 -237.804094
-76.343623 -141.801506
31.716046 -280.046681
-92.601432 -111.530427
48.133358 112.711837
-152.131675 -16.528314
-59.744039 -234.744881
-17.588239 -249.576388
-172.914668 76.495029
32.004432 -264.835872
-80.574825 -120.904351
-47.148994 -162.775944
-101.290910 -123.767452
69.464150 263.423344
-185.473375 46.487499
-84.611977 -240.799828
-77.112850 -100.549398
-151.651526 121.998122
-142.999764 149.332610
-101.324212 -105.797846
2.965888 173.168618
-17.987739 173.273630
-180.203391 83.523869
-97.660631 -145.304619
-72.068921 -210.809830
-126.032919 -27.465321
-97.149700 -144.762419
-109.332221 -69.599196
-184.957359 28.931675
-63.816194 -180.853584
-146.707596 -12.545562
-163.791142 101.359808
-172.090402 98.247532
-167.561618 98.431582
-167.967199 98.290338
-1.874422 196.699254
-117.970969 -114.790462
-97.203380 -63.818274
60.964518 -247.112207
7.016947 -246.894232
65.529917 -270.839093
24.069350 185.454775
-17.943342 -279.842704
-17.994822 -282.857439
61.241502 -243.832776
53.397217 -240.631011
57.340821 -249.533028
57.413297 -240.571352
-80.721053 -253.140618
-184.603898 35.180907
15.371538 179.192913
69.630271 -240.782946
65.454778 -234.749057
-155.347800 74.195501
-151.370333 -15.710615
82.475887 230.520067
98.458049 182.003557
-151.432711 -6.749661
-147.118290 -6.697208
-151.870753 -10.346079
-159.800399 50.269200
-55.495810 -228.742515
-59.619693 -105.860729
-72.087848 -66.809786
-76.619252 -232.071303
-55.731009 -274.119188
-84.926212 -244.076514
15.456451 131.268997
-96.762740 -144.551790
-93.566788 -142.322840
-143.851838 -15.049485
-146.753672 -15.507113
