date:2018-07-03, time:1200, wind_speed:1.46, wind_dir:196.0, temp:32.3
-100.988997 72.910382
-29.985120 -149.068644
-75.968884 64.026898
46.949370 109.071460
-68.860540 121.041686
97.417177 103.257649
97.589951 102.948464
-60.819558 127.405945
13.788189 157.019495
15.715113 -71.040655
15.640775 166.047315
55.276631 105.909190
-27.892051 37.108933
17.713800 -67.921803
3.138306 115.256331
70.138425 -248.299290
68.314897 -217.805354
49.063770 -277.993771
15.677825 120.974800
1.573593 -85.648510
-12.982378 115.192662
128.277325 118.120134
26.808428 -287.020167
18.528549 -67.675838
23.360961 -67.860637
9.495452 -97.914725
22.308359 -65.187000
56.106996 106.212651
-9.479323 81.988401
-17.665245 76.012178
13.692869 -70.907632
97.850335 103.068495
-88.038341 63.983746
-78.017902 67.179962
-27.881995 31.127593
59.874916 253.184774
61.931957 253.225427
63.392625 256.072412
34.727722 118.206495
76.035329 -214.910244
-4.683835 115.059030
-1.128296 115.058171
-69.820491 124.133413
-110.629381 22.038268
-99.216954 19.101172
34.520628 118.197138
44.528331 112.077419
42.972430 112.186011
65.807512 108.984455
135.365013 166.353196
55.441142 105.976438
55.280343 106.227711
-169.639235 19.158098
-106.470347 70.440319
-98.718272 70.117515
48.281361 -277.852367
63.804482 262.281357
7.601461 118.097996
63.679341 256.246366
43.178920 -52.900143
97.827642 103.266709
-23.054674 -13.571485
97.882498 109.337005
46.560696 192.802883
23.400556 124.072711
-9.887799 -16.751677
23.759222 192.964385
35.732185 199.169567
-28.166588 -10.776699
-168.994828 19.054826
118.711106 286.344627
-106.553299 70.310002
-107.543558 71.139298
-102.366400 70.229490
64.275882 106.260718
54.555298 106.551814
56.253950 106.502559
57.613752 106.657408
56.253950 106.502559
