date:2018-07-05, time:0900, wind_speed:2.92, wind_dir:218.0, temp:31.8
-102.119125 64.492017
-77.316252 58.331621
47.684131 109.352060
-69.048044 118.277743
97.931075 103.501806
97.931075 103.501806
-60.442000 124.507077
14.026338 154.178520
14.002443 -73.919287
14.576825 160.516113
55.971527 106.296521
-27.368326 37.307120
18.800107 -70.541868
1.839950 112.287791
68.503587 -250.750173
68.812657 -220.579518
43.321626 -280.910074
17.795220 117.689935
1.592418 -85.821367
-14.768191 112.320883
126.690268 112.088484
26.890370 -286.828153
18.800107 -70.541868
22.621817 -73.796193
10.029812 -97.813260
22.912250 -67.541115
56.034807 106.343900
-19.205494 73.095342
14.271314 -70.754779
96.799768 102.685206
-90.013964 61.125585
-77.112850 64.492017
60.225131 250.347571
60.442000 247.586295
64.390098 253.416795
35.251036 118.288402
72.716572 -220.764165
-6.206168 109.503312
-6.206168 112.504065
-110.753978 22.241735
-98.130040 16.257629
35.190726 118.257477
43.806382 112.504065
43.411154 112.171164
135.262075 163.291544
56.253950 106.502559
55.745745 106.149113
-169.324079 19.104354
-106.707889 70.220328
64.609713 259.589307
5.852525 112.154080
64.144082 253.244091
43.523697 -52.722052
97.661442 103.270928
-23.092062 -13.748339
97.658588 109.306316
43.133297 190.092304
22.702747 121.295877
22.912250 187.522890
35.183782 193.305769
-27.541331 -13.879742
-169.005236 19.332173
118.266480 280.295459
-106.495436 67.292497
-102.119125 67.492770
64.363306 106.350201
56.039098 106.321375
55.867870 106.195387
56.253950 106.502559
56.253950 106.502559
-31.426069 28.231471
64.589375 -223.580271
68.582008 -220.777798
-97.895843 10.478463
-98.096495 10.281048
-169.073840 19.256314
-168.802525 19.480722
-14.541593 -28.531326
18.800107 -70.541868
13.605203 -71.451246
14.576825 -73.542621
-106.504681 -256.767246
43.806382 -52.537350
38.788377 -53.013917
93.270896 109.248199
