date:2018-05-14, time:1000, wind_speed:2.84, wind_dir:190.0, temp:13.9
43.003540 -280.958395
93.514154 250.534440
-57.685894 126.941492
-57.473612 157.188630
-98.779086 -208.906091
39.583100 -283.595331
-60.442000 118.505571
-85.789207 103.460822
9.828078 -73.764312
43.509533 -280.612174
18.473733 -19.614291
10.136832 -70.598254
-48.187200 97.441286
22.912250 -139.559187
17.462893 -290.147772
97.670276 265.529424
-85.448275 -220.579518
-65.116495 142.351006
-2.714152 187.378697
10.464682 -70.541868
68.474767 247.552969
2.129257 -283.595331
89.615988 262.590060
76.519455 238.411397
67.337734 256.013527
-10.705868 187.467608
18.764875 214.578012
55.984510 -256.698231
-69.087287 142.451404
54.774937 111.889593
14.028847 -70.655661
30.397897 205.392546
105.389396 253.323376
63.895815 253.283900
-69.604221 136.208156
-85.448275 -220.579518
-90.144422 -223.789386
-85.756059 -220.593461
-36.399311 102.559696
-32.089577 145.224593
-88.186163 -223.684457
-89.560418 -223.580271
