date:2018-10-13, time:0300, wind_speed:1.27, wind_dir:225.0, temp:5.7
64.580134 174.151891
97.883543 222.146382
-5.606961 137.653853
-143.895013 126.630655
-147.784342 125.711193
-156.495322 111.956987
31.179199 -273.182649
-85.502787 -242.451323
-177.346780 84.576265
-77.350553 -212.563113
-127.044322 -33.223284
-85.571319 -143.291425
-143.964698 -8.548769
-109.856512 -120.579419
52.635855 -270.653274
-18.765408 -281.527417
-64.422840 -246.281422
18.947121 128.945575
-76.660438 -180.593536
-81.290247 -176.598415
-73.006759 -125.409605
-85.131852 -204.331508
-72.362407 -249.583704
-185.639481 48.474418
14.772146 -273.192301
-147.961005 -8.515476
-123.098818 147.544118
-35.116351 71.369835
10.378245 183.465947
-64.677321 -227.560181
-130.601910 56.225046
-118.480065 152.462014
-64.055954 179.503677
-68.628400 50.858354
64.821160 185.842197
-69.034789 60.681205
-143.411246 35.341509
-81.367113 -209.537094
-143.848177 132.032285
10.405999 -191.939538
-59.972452 -231.771987
-81.160852 -243.034206
-85.401823 -240.323516
-76.934776 -183.260106
14.331172 -281.611349
10.418438 -287.622619
-60.509563 33.623385
-27.217084 162.451811
-22.953383 -245.432096
-14.370855 170.875154
-89.725747 -245.556066
-85.663269 -245.042349
-85.563241 -239.443864
60.402706 -198.004960
-105.804237 140.568938
39.729114 -189.427258
-64.675490 -233.488913
-35.632704 60.572203
-31.441003 -272.544923
-60.626579 54.649815
18.816275 176.822922
-64.137870 -204.665781
-68.593742 -204.238306
10.503489 -285.094253
-10.292108 -99.237647
-89.647253 28.041951
-26.601286 -198.678590
-73.041524 -227.464631
-64.645788 -236.535469
-72.322799 -228.661738
-18.913472 183.538412
-114.637901 -6.028324
-18.603279 179.791545
-64.745179 -239.520593
-68.771425 -240.043715
-89.740927 -239.395956
-85.439130 -245.854408
-23.080738 177.620247
-18.254638 173.461675
-81.262799 27.108885
-114.225271 23.417524
-18.829985 180.287378
-18.880175 181.401946
-18.892605 -278.400509
-15.511408 -280.143882
-18.956382 37.083530
-68.777425 166.517619
