date:2018-08-19, time:1200, wind_speed:3.62, wind_dir:51.0, temp:24.6
49.055669 113.520351
-181.027750 28.785886
-164.019049 8.088555
-110.152591 -253.250555
44.090127 112.806467
39.583100 118.505571
44.057341 115.866591
-1.780173 202.878330
35.470957 118.505571
56.253950 109.503312
43.806382 112.504065
49.135612 113.479380
32.144194 200.353205
-47.883293 91.498794
69.109377 106.835726
-10.188333 46.803713
39.869887 118.865018
61.312846 107.301330
19.069790 175.856124
44.064978 115.854928
-106.024864 -247.250062
39.583100 130.508583
111.649293 257.550894
-22.039900 29.353141
-47.388679 80.107117
77.727905 179.149883
93.783700 256.588554
35.709695 118.861368
36.011024 119.061350
56.756891 125.112133
93.818932 106.502559
2.129257 61.491264
102.387166 190.885364
73.891559 275.538744
48.766833 215.327728
36.393962 167.375790
-68.516888 175.834326
118.789975 244.585542
102.119125 244.585542
102.331116 241.913129
106.535003 253.859525
114.890902 208.920227
-2.094025 85.497288
39.583100 157.515360
-43.160283 146.176352
43.806382 112.504065
131.506706 250.934402
-64.271622 184.781804
144.068478 217.848006
44.039258 112.820317
127.125400 232.582530
-180.969676 103.832345
77.376287 187.871309
110.937848 260.222184
-1.799059 55.822618
-1.258869 62.359766
-155.967485 115.804663
124.164873 275.553121
72.945138 274.593072
39.850717 163.795234
40.431786 176.436696
48.190303 112.776462
86.068384 155.056343
136.052526 275.191232
27.354570 175.841083
89.805250 169.871088
-39.301004 184.875501
32.447385 200.547233
69.050106 103.860286
85.988995 293.221621
-160.213560 121.797323
69.327586 209.109609
56.253950 142.511595
102.119125 289.596837
-151.294939 131.265862
-31.212443 187.522890
61.255511 149.235117
123.266232 244.848701
-118.584780 178.875943
106.593037 250.856111
115.509819 254.408471
111.402030 251.383560
19.045007 178.839114
114.897706 241.892516
-39.547868 166.517619
-43.771150 166.517619
27.135532 190.523643
22.912250 196.525149
19.394193 185.153094
-92.924433 170.455515
111.083053 251.180761
39.583100 118.505571
-97.661428 169.834061
43.806382 178.520631
48.132760 184.882907
52.379917 109.839683
-155.318393 101.329591
72.945138 211.577259
-159.890457 107.126687
-156.243818 124.507077
-147.908393 97.500300
31.247675 175.519878
47.918525 139.510842
94.072270 256.908966
147.963963 247.586295
44.289315 209.231553
44.725152 188.320798
48.443091 191.225126
47.918525 190.523643
-163.365110 116.478090
-147.678678 112.870157
106.562503 271.921621
123.922780 254.480822
52.106575 211.577259
15.826107 158.459025
35.470957 145.512348
122.957688 235.583283
-147.625260 -1.194605
123.916123 206.406502
89.595650 151.513854
118.789975 256.588554
-146.794630 83.526007
44.372299 155.134144
39.583100 151.513854
35.686715 154.864091
44.097027 154.823392
48.198768 163.832025
48.886183 161.421954
