date:2018-06-12, time:1200, wind_speed:4.11, wind_dir:244.0, temp:26.1
75.992653 235.342644
-86.246024 124.984573
2.129257 -292.597590
-90.384290 64.833538
-111.849918 -254.067479
-110.688699 -254.017456
-98.823078 103.881807
-22.877018 -106.550904
-7.607107 -121.981086
-28.419361 160.351116
-19.051423 147.296104
10.316846 -289.971101
92.660322 262.423215
-19.701757 -178.461575
-65.379079 157.865242
-53.513581 117.849939
43.262379 110.990644
-48.084174 171.455157
-69.368916 160.743715
-78.310261 142.530750
-74.244976 142.078447
-18.764875 22.481475
71.788122 256.762873
67.920830 256.716163
97.733538 103.129563
17.613759 118.005383
35.470957 193.524396
60.264402 265.177194
101.907859 102.609432
-35.435725 172.519125
151.388725 158.059849
26.334469 178.607909
-7.492475 18.968079
38.995199 195.002982
43.806382 -61.539609
-3.035903 95.331980
101.833027 102.726213
31.247675 193.524396
22.236278 187.905913
39.312632 195.772907
39.583100 196.525149
47.473984 -56.840715
43.394890 -62.767137
-14.861765 39.487292
6.021032 -89.576263
154.590900 153.983786
146.582649 160.420649
56.071498 106.102108
60.442000 265.590813
59.922450 264.360539
68.812657 -268.591566
56.253950 109.503312
60.130103 243.807194
38.999082 -63.166077
43.194327 -60.041243
43.137104 -63.037521
59.941375 -273.116280
35.470957 193.524396
30.921338 189.754015
35.195908 192.725091
35.116577 192.639738
