date:2018-07-29, time:2200, wind_speed:2.64, wind_dir:299.0, temp:19.7
68.973247 103.198152
60.944446 105.691693
-59.717638 -99.801824
-47.474481 -97.838811
60.582883 244.299274
60.859637 243.747360
44.252610 111.664483
48.204491 108.968956
-172.676634 21.184366
69.140155 102.232957
48.267546 108.932658
-172.209746 42.806219
48.020005 109.280421
47.918525 109.503312
-160.174372 11.165524
-110.167425 -254.123706
-38.838485 -78.577826
-9.913897 116.392919
-159.778855 11.325151
-177.031405 25.223574
-55.717194 23.007028
48.229770 108.984559
56.824743 105.762539
-1.389932 185.067655
47.918525 109.503312
48.409128 108.734450
44.356761 111.730580
44.051146 112.002602
48.408679 108.671668
43.806382 112.504065
-5.636534 118.168429
56.406007 106.212566
93.818932 106.502559
-30.295755 116.249754
48.329669 108.278243
48.302490 109.089815
69.080287 103.023142
56.484677 105.360291
60.794660 265.009967
43.806382 112.504065
44.157266 111.977971
48.072168 109.196159
-55.841604 -40.041838
44.126583 112.038386
44.080062 111.962650
43.940680 112.296544
44.098004 111.143765
48.502403 108.807380
-64.282515 21.926896
56.435259 104.909312
48.400830 108.750547
-5.771418 195.255170
-1.346862 -62.048647
-34.363421 -25.107808
48.247206 107.948094
44.096882 111.081391
44.346860 111.646876
-172.540739 21.245183
44.106182 111.939002
44.065185 110.904756
56.502878 105.238431
44.245892 111.760755
48.419047 108.646651
-13.913247 -23.054783
-17.764700 169.818641
-9.871712 164.123412
27.135532 121.506324
69.493400 103.575357
35.617456 194.268105
-18.101288 49.338373
19.219064 187.693838
44.122308 112.018862
48.450266 108.687481
-101.723551 -252.038044
-5.905250 46.076603
-30.175654 114.932008
-30.607254 120.672700
56.928561 105.932932
-18.108447 -41.063047
77.421338 102.186598
35.654535 191.629025
2.831709 55.213497
23.792736 -89.005014
