date:2018-07-16, time:0100, wind_speed:1.26, wind_dir:252.0, temp:17.7
-115.499580 46.064111
-90.761620 33.874059
46.976884 108.782858
-89.570525 103.331897
97.803349 103.198362
97.876839 103.338132
-7.166362 145.084363
56.107435 106.250371
60.477232 -265.590813
-10.619216 -107.003342
-37.318350 94.239326
107.400317 105.879779
-9.216600 -92.008969
6.241400 -94.547892
-5.164052 -85.903245
97.826768 103.214260
60.134561 244.188522
59.773205 244.102127
34.944399 118.073592
43.753866 112.320548
56.067855 106.129103
-169.645239 18.901705
-128.162224 61.099280
68.586696 238.190996
101.324655 102.972602
-47.883293 -31.532079
89.183005 105.943942
32.516434 177.778351
-54.489856 -32.011426
-169.177898 18.940002
-118.789975 52.489005
-123.895569 48.940234
55.996095 106.146970
55.358397 106.024303
56.253950 106.502559
55.058362 105.872084
36.659981 -241.739061
-121.777855 -17.088685
-115.367753 -5.000474
-160.977699 15.965833
-39.612899 -46.722492
-2.094025 -97.548645
-106.581500 -257.103352
18.328150 -71.219710
67.185598 103.113400
35.395441 118.203610
-160.930229 15.965576
-161.379912 15.975556
-168.802525 19.480722
69.757263 265.278413
-170.564943 19.057712
-17.018593 34.164019
60.442000 268.591566
36.346680 202.030246
64.422303 271.346127
28.407707 121.149828
46.696957 108.978975
56.002777 106.115874
56.204716 106.388041
78.238892 105.875412
-25.698708 -8.039980
2.038773 193.434243
55.532944 106.033995
52.084931 199.359496
10.951690 123.691919
52.068142 196.245577
106.286838 289.596837
