date:2018-06-09, time:0900, wind_speed:4.47, wind_dir:297.0, temp:19.5
73.220650 241.173289
-84.375790 130.712533
3.014032 -286.526975
-84.663871 71.110058
61.331153 247.694609
48.164752 118.113035
-109.653361 -247.131830
-109.638063 -250.122393
-96.553285 108.684862
-30.234135 -100.491069
-5.315798 -112.461329
-26.343455 166.950572
-13.532261 154.646205
-1.152685 202.748070
-109.550978 109.718032
10.464682 -286.596084
98.179578 268.171920
-18.099293 -172.091809
-59.278415 166.235424
-51.076910 130.106060
-92.905918 133.717053
-92.719126 175.664425
44.678257 112.621897
-42.839166 178.585122
-63.630628 169.649893
-80.249355 151.532262
-76.923236 151.034795
-34.497029 154.696832
-17.964811 31.763589
69.830850 262.798626
65.572809 262.727960
102.468281 102.700036
-5.867973 45.706428
11.654754 -86.319738
23.364264 120.696528
36.421317 193.684278
60.621818 265.186290
102.326672 103.054213
-38.692227 178.612455
152.376899 166.125019
28.538248 183.785529
-9.564022 31.563225
-9.608924 25.410677
39.817834 -58.926060
39.899044 195.728238
44.875339 -58.368189
3.040100 103.656303
-1.821597 30.996411
-18.027580 31.576941
106.531130 103.008687
32.282613 199.509003
27.946202 193.896576
40.496171 196.605203
40.012320 195.730568
48.766755 -55.307177
44.911774 -61.348622
-9.449408 46.664395
11.476922 -82.541980
157.269332 163.553081
153.141853 166.757883
60.692182 106.066131
