date:2018-08-19, time:2300, wind_speed:0.92, wind_dir:193.0, temp:18.7
47.434748 113.341607
-182.261087 31.457185
-165.385311 8.066983
-111.304752 -250.756872
42.824349 112.533405
39.311264 119.690866
42.840033 118.362026
-3.098364 205.314707
35.158431 119.660624
56.015271 110.660585
43.504156 113.593066
47.326335 113.346519
30.497459 200.009029
-48.209773 92.713121
67.817601 106.548236
-11.526123 46.455218
38.676070 118.591924
59.979511 107.301461
18.064852 175.531562
42.692189 118.327406
-107.025430 -244.717100
39.288396 131.691836
109.796596 257.520629
-23.507500 28.816129
-48.601951 82.760996
76.646575 178.965557
93.443903 257.863506
34.570993 118.289936
34.695025 121.488016
55.424799 127.577311
93.618858 107.544725
2.052961 62.680226
101.254935 193.521610
72.486748 275.506641
47.348984 215.098042
34.868282 167.234783
-69.841329 178.384191
118.476355 245.643527
101.851591 245.684854
101.096663 244.445023
105.208298 256.559651
113.695959 211.486821
-2.470942 86.510642
39.186137 158.625575
-44.461814 145.988740
43.424273 113.678226
130.306397 253.488841
-65.544830 184.415821
142.854154 217.542637
42.999093 115.346475
126.960956 233.651400
-182.168538 103.518946
76.046873 190.540240
109.459664 259.748022
-2.989777 58.511059
-2.331291 62.363608
-157.276426 115.513990
122.476500 275.489239
72.612267 275.708735
38.476569 163.481990
39.261779 176.267875
46.818175 112.458774
84.667124 154.993741
134.515749 274.781867
26.165289 175.573717
88.775416 172.325494
-40.423252 187.412965
30.785097 200.374712
67.776647 106.434702
84.620277 295.817425
-161.293091 124.468972
67.879965 208.870105
55.743728 143.605223
102.049688 290.717161
-152.807518 130.983434
-31.493926 188.756958
59.911642 149.090632
121.984924 244.495501
-119.858076 178.437553
105.413701 250.433776
114.315560 254.233035
110.065750 251.367010
17.934311 178.465213
113.705750 241.838783
-39.739259 167.571691
-44.194596 167.493520
26.873580 191.562866
22.556322 197.555634
18.214980 185.058772
-94.212125 170.113360
109.596663 250.820146
39.283791 119.503897
-98.740957 169.656346
43.337213 179.795967
46.973928 187.315590
51.010682 112.374813
-157.006711 100.807651
72.699860 212.799891
-161.563089 109.532024
-156.500009 125.504008
-148.228346 98.610981
31.067282 176.518084
47.672269 140.504545
92.824469 256.381456
147.798442 248.660973
42.899434 211.623071
43.374514 188.376723
47.219790 191.018043
47.656817 191.462453
-165.000524 116.254148
-148.944268 115.455645
105.248012 274.567318
122.424981 254.255168
51.815123 212.652870
13.971606 158.087829
35.191807 146.583723
122.565689 236.620325
-149.019272 -1.611764
122.308650 206.326413
89.376097 152.429248
118.507970 257.585902
-148.438850 83.229751
43.200747 154.969246
39.250455 152.659027
34.698644 154.444723
42.821364 157.374585
46.808600 163.405139
47.493252 161.444613
-97.404874 169.892397
-101.146386 168.663755
110.710797 258.513348
110.871127 256.272865
109.598224 254.234906
111.465358 258.646238
-64.554143 154.514607
52.106575 211.577259
