date:2018-06-06, time:1800, wind_speed:3.03, wind_dir:172.0, temp:13.8
76.327560 247.978447
-78.044080 136.658731
5.175056 -277.071772
-78.270049 83.186007
63.486256 254.245083
51.412532 125.256075
-90.775548 115.966758
-107.236375 -238.154027
-106.805860 -240.847190
-93.573828 115.724226
-22.677832 -90.954622
-7.460415 -105.612609
-28.390991 176.300436
-6.599436 163.998696
-2.073687 211.577259
-98.801933 118.924620
13.707901 -280.045123
105.396571 277.818345
-10.963075 -163.131357
-60.172769 173.313745
-48.714367 136.813214
71.820687 110.335929
-86.088172 142.819822
-89.800360 182.257375
46.778906 122.008936
-36.454359 191.013607
-60.340836 176.226881
-74.068452 164.172113
-69.655173 158.089381
-32.226251 164.116298
-15.369683 41.143721
68.442009 269.049547
67.936234 272.358889
106.437766 109.635826
-2.020881 49.693132
23.128694 -79.371058
21.510251 125.228300
38.339285 203.366416
59.465090 266.370557
51.056746 113.051063
101.212963 107.225273
-36.461352 188.069058
160.115554 173.161107
31.327303 191.135588
-2.279623 37.997015
-2.324563 35.233173
47.931581 -51.633769
39.779346 200.217976
52.098987 -48.985172
10.714483 116.022188
-2.104472 38.037271
-10.327767 40.980823
110.402116 106.826100
39.429994 204.924023
39.126703 205.043352
39.776435 202.898192
40.195740 205.228323
39.777378 200.538943
52.205118 -49.183830
