date:2018-08-30, time:1400, wind_speed:3.0, wind_dir:330.0, temp:27.3
-163.988478 7.171613
44.349658 112.239533
44.130089 112.380038
44.401098 112.227871
2.394785 151.321029
89.906331 238.395983
36.074352 118.236047
15.231023 118.215440
69.956325 102.927713
77.754021 160.129042
63.001447 247.437649
21.205418 184.169860
14.901145 133.300595
-82.731839 148.264663
86.317974 217.129746
77.450661 223.385917
88.047932 229.336033
98.165757 190.404403
-20.363358 58.330872
113.092242 226.351722
-81.224993 157.515360
44.107062 112.339246
47.918525 163.516866
94.046607 232.367605
-22.605627 28.336057
109.135592 247.268757
63.108423 244.357725
20.301390 135.845738
10.807166 148.374969
114.622263 244.585542
16.025692 144.838575
-57.514021 154.322399
69.668957 268.089028
-175.805051 102.864571
-47.883293 160.516113
43.806382 124.507077
100.333858 220.324318
94.922301 229.132940
-7.576362 154.142948
-47.551158 136.291170
94.044150 226.413449
29.932130 160.087664
61.081001 193.165320
72.003675 223.279896
19.067490 163.320207
31.549609 163.303968
-180.099067 88.021338
86.238302 247.274178
112.954362 226.160013
44.351221 196.212508
-7.092274 129.957020
-151.289347 -17.011329
100.446271 226.238281
-167.242746 54.915934
29.903270 130.302611
20.312587 120.833186
98.847073 232.250542
86.609903 226.099833
-84.551566 124.143608
32.179257 190.172841
77.148082 166.517619
85.734113 181.303591
36.354028 127.059231
32.694834 135.806903
-155.968103 124.302349
123.273559 196.319993
-139.307221 133.356484
-170.420511 82.173632
-105.300386 157.101426
24.084874 139.098958
-176.636411 79.254836
77.148082 130.508583
98.227598 187.382200
-172.584969 97.375345
-170.291884 97.331092
-164.337123 100.317427
-111.506132 157.400869
2.783946 166.185510
78.631160 271.007230
19.372747 160.245126
52.141807 112.504065
69.946844 127.092925
53.287725 124.073372
40.143960 205.343351
65.802516 217.005482
20.046908 136.047167
-165.725708 97.086024
-180.992056 97.381960
-53.285122 148.102417
-60.442000 139.510842
48.819956 -284.024200
-66.197206 172.116456
-20.504191 154.237770
9.106595 166.319808
121.065484 169.431084
33.680974 169.271590
2.426386 172.398989
-59.576670 145.171716
-56.218718 148.513101
105.027100 226.348757
102.639776 232.300712
106.566268 223.430791
15.120449 148.137664
75.602152 148.265619
-7.965719 169.195654
69.093164 142.330940
21.483555 151.208429
36.330523 118.199315
73.456931 103.171732
70.316899 102.824514
73.510538 103.101837
115.624939 195.992408
75.706607 181.105864
11.621229 163.023764
10.760513 163.322875
97.951413 229.581777
94.057689 235.412606
9.057492 163.266907
63.067510 244.247830
68.812657 196.525149
10.793498 172.369574
2.129257 148.513101
91.084667 285.951827
120.270704 264.941213
11.074943 172.244841
7.096725 172.192830
114.689444 195.135114
115.027611 196.628719
117.096554 195.965376
