date:2018-09-15, time:2300, wind_speed:2.34, wind_dir:220.0, temp:17.8
-163.205549 18.781102
47.918525 121.506324
76.590010 157.034093
67.675752 252.773235
25.864377 180.830473
88.947114 214.117556
-73.838688 159.763975
54.863740 117.720514
38.467395 162.838516
-23.394608 27.883349
-48.744589 153.758840
-177.327697 103.321731
106.078643 220.417452
-48.080565 133.315067
-144.963244 -8.303443
39.217061 130.210533
93.397461 226.257610
89.206281 226.182141
26.747120 190.160085
81.260225 181.521384
122.562848 196.222338
-173.829634 93.866315
-169.581319 87.777962
106.111561 187.396990
-173.150001 97.324072
-173.780822 99.840574
80.675411 268.025600
18.093918 159.776403
55.152291 120.766583
-60.442000 136.510089
42.350414 -278.278694
14.576825 172.519125
-50.841972 147.911032
109.858411 223.015504
17.983541 147.792172
114.204001 196.104388
101.495756 232.130959
101.073584 234.830392
9.982039 159.966146
14.576825 178.520631
2.129257 145.512348
22.523841 166.232363
122.363692 192.940726
114.009661 192.962088
63.899774 198.852261
-152.800479 124.121589
-148.237819 121.159457
-152.131675 136.510089
39.583100 -232.582530
-161.608870 63.643527
80.708142 -227.048071
-173.730473 36.833290
50.710313 120.751916
51.164677 120.816402
51.912866 121.344641
-48.284184 -190.893760
-86.565882 -170.222878
-56.440615 -202.780695
-173.647775 36.914218
25.734875 190.026096
-149.369832 123.825116
-161.513926 114.857555
-161.611325 117.766646
-156.542038 10.128722
30.637250 -275.036044
30.433619 -224.147777
-114.566693 -109.551657
-6.565396 -232.873331
-65.158598 -140.113363
47.645933 -271.909277
38.909208 -275.104242
-73.277348 -106.878349
-90.739674 -236.257995
-136.019131 120.941553
0.712319 141.780387
2.129257 145.512348
9.643178 159.853509
80.627775 -233.053291
76.575733 -233.152872
59.729981 117.849323
55.930526 121.174189
-149.362275 -8.213037
-149.334589 6.738890
-148.354213 13.142150
-86.266863 -107.292063
-48.517625 -230.115725
43.067656 120.791623
10.464682 163.516866
31.247675 127.507830
-11.236300 -245.306363
-169.466668 75.913443
-61.516926 -113.272724
-145.103969 81.859440
29.884405 -260.274829
-174.348288 87.885482
2.129257 -247.586295
-98.138779 -100.669507
-69.053556 -115.931504
-40.312817 -161.160703
9.336222 213.658767
-81.822131 -185.057426
-81.881392 -197.135668
-169.178527 58.157224
1.909783 -277.724644
-90.675717 -125.260014
-152.131675 82.496535
67.650656 273.985466
-186.707367 48.834068
-157.184474 111.822311
-152.131675 106.502559
-73.447694 -239.069730
42.663787 -239.276265
-65.141911 -95.018245
-132.081586 144.893782
-40.726544 -278.237012
-149.421130 129.835235
-131.590523 151.169108
-90.339753 -101.162772
13.728949 177.880294
9.632775 177.905593
-177.683982 87.990946
-173.072985 85.364550
-180.215104 87.592241
-173.999449 87.867005
18.024062 -266.302534
-98.650952 -146.158151
-82.085046 -143.161000
-61.168471 -203.232272
-123.786808 -38.142842
9.339284 126.794611
-111.610456 -23.339649
-90.589715 -143.326095
-60.442000 -145.560693
-49.052717 -161.310756
-103.058804 -62.223026
-186.370248 30.875547
-32.586206 -182.229451
-56.218718 -175.568223
84.340434 -236.333839
-177.601533 43.147000
-148.188301 -7.862921
-143.796250 -7.526055
-148.281384 -7.847670
-148.639981 -8.300106
-152.875642 105.846488
-153.046542 105.830898
-160.693492 106.307889
-156.993141 105.778995
-48.077908 -205.688436
5.849523 199.209609
-119.767762 -116.231251
-90.850343 -59.269532
71.837926 -242.286265
17.636324 -245.392158
71.846173 -254.317236
71.991188 -266.185253
25.686779 190.322034
26.503070 187.111337
27.135532 190.523643
22.912250 187.522890
26.940621 190.383630
