date:2018-08-31, time:2300, wind_speed:1.2, wind_dir:185.0, temp:14.6
-161.645905 7.195016
47.161639 113.005151
47.320543 112.412220
47.111643 112.281565
5.359332 152.188035
93.035100 238.320859
38.527339 118.248246
17.950302 118.393309
71.471271 104.094622
76.328769 160.251390
63.821303 247.361035
22.152508 184.246088
17.996730 133.296652
-78.171828 148.340195
89.075813 217.466838
80.492097 223.546578
99.797821 190.658164
-19.523847 58.336653
113.877560 226.310431
-79.553362 157.535601
47.187088 112.234650
50.870930 164.323598
97.054853 233.168245
-19.261839 28.384736
113.840634 247.349738
63.809231 244.415232
22.802001 136.534901
13.790223 148.250872
118.216742 244.426185
17.519026 146.364050
-53.295228 154.290051
76.603160 268.454877
-173.211014 103.493480
-44.411899 160.311235
46.904415 125.212718
100.982772 220.251586
101.376791 229.317244
-44.673260 137.177238
96.637160 226.444766
33.040896 160.660050
63.851797 193.358279
72.137426 223.242077
21.871945 164.310089
34.617161 163.299421
-177.628277 88.372011
92.800702 247.475278
114.108687 226.471676
47.166092 196.354297
-7.029601 130.289693
-144.636560 -16.744166
-164.579243 55.489758
34.701310 130.388786
20.479392 121.529957
101.535406 232.420961
89.084003 226.486407
-82.100611 124.312370
30.082769 190.233934
80.287279 167.337927
88.829888 181.249085
39.077095 127.339491
-152.867918 124.417773
122.187190 196.400766
-136.288386 133.223732
-169.655821 82.410696
-98.647659 157.252399
26.613775 139.450306
-178.000914 79.312307
80.476177 130.377779
101.341133 187.262673
-169.589137 97.201067
-169.545534 97.335093
-161.441882 101.093489
-111.129356 157.295858
5.118819 166.283905
80.040053 272.272161
22.350518 160.488740
54.012823 112.773718
59.871902 124.447079
42.956962 205.228368
68.524034 217.495921
22.296744 136.370475
-161.102179 97.391114
-178.137300 97.411660
-57.390807 140.317152
50.825177 -283.868719
-65.423848 172.329009
-19.888103 154.412660
9.303133 166.347296
122.056098 169.368723
34.642772 169.366567
5.260368 172.324478
-52.898759 145.327368
-53.018627 149.221800
109.695434 226.337016
109.021383 232.366372
109.741034 223.409802
22.104575 148.340301
80.231198 148.306828
-6.954531 169.297256
21.874601 151.285552
43.168892 118.466130
80.439397 103.263330
71.927023 104.516636
117.993562 196.306559
78.871106 181.673994
14.272159 163.526071
13.425065 163.363975
101.328662 230.120375
97.210395 235.399744
9.423364 163.228713
63.805105 244.487881
68.263550 196.356209
14.020241 172.330511
5.664232 148.398381
92.405284 287.278373
121.633910 266.262403
13.536969 172.227534
10.154248 172.508074
118.270742 196.510459
117.838434 196.255224
118.094295 196.340674
5.581534 169.389728
5.626991 166.388975
47.086592 115.159396
68.276985 196.434725
88.821939 223.258917
30.526806 160.943526
30.416532 160.241484
30.471818 157.253286
-152.012055 124.096825
-148.200677 124.473153
-154.135561 124.685966
-152.395593 121.382059
10.464682 115.504818
-147.908393 136.510089
