date:2018-07-01, time:1500, wind_speed:2.37, wind_dir:118.0, temp:29.7
-97.706667 74.136366
-22.185860 -147.477719
-73.059681 64.752076
48.110279 110.243562
-56.369231 121.707358
98.173001 104.212978
97.850552 103.747776
-56.193645 127.946275
23.575403 158.577900
18.968928 -69.839972
23.091342 167.112549
56.613847 107.469480
-22.896806 37.971824
27.268218 -66.919141
10.662322 116.221989
77.144520 -247.183556
77.257663 -216.843013
56.105934 -277.409759
18.725171 121.900660
10.540936 -85.111791
-1.929840 116.094077
135.494702 118.956036
35.360924 -286.355764
27.400790 -66.840575
27.263941 -66.876828
10.498312 -97.155078
27.163163 -64.182413
56.381801 106.897363
-6.337714 82.692559
-10.493560 76.855435
19.003864 -69.874989
98.069037 104.158336
-77.201882 64.677527
-72.844730 67.914793
-18.607643 32.214411
60.461659 253.969745
64.521779 253.824561
64.508665 256.843925
35.613143 119.106634
81.391579 -213.988572
2.275141 116.203813
2.110191 115.900569
-55.596934 125.747360
-102.104327 22.897158
-93.882805 19.716883
35.659048 119.089600
48.168418 113.083652
44.002224 113.267472
68.827741 109.957894
143.833603 166.952308
60.588122 107.199069
56.397363 107.086575
-168.790678 20.083052
-97.694939 71.186571
-97.932509 70.833800
52.204306 -276.910572
65.283900 263.779990
14.506204 118.971104
64.653994 257.219589
52.352281 -51.910637
106.458451 104.160531
