date:2018-08-17, time:1400, wind_speed:4.12, wind_dir:174.0, temp:25.0
42.281059 112.545673
-177.790706 28.105114
-163.998477 7.426690
-111.212525 -250.664291
42.572746 112.709040
47.528780 115.352991
38.450099 118.592831
48.087685 115.521767
-2.171339 205.502368
38.641926 121.675853
55.549788 109.636087
47.946109 115.345725
47.129613 112.551530
-27.117629 -49.720126
34.383362 199.348865
-44.434375 91.502649
72.570882 109.171674
-6.102722 49.168229
43.065163 118.505353
63.713043 109.517682
22.817031 178.277214
47.067633 115.423381
-106.010481 -247.681408
88.444079 229.484041
43.668239 130.507550
117.813062 256.652069
-22.252036 28.398844
-43.551124 82.237256
81.185262 181.343806
97.172244 259.353104
38.888301 118.277023
39.787043 118.119158
-45.268248 160.492805
56.432610 127.126233
96.998766 106.603961
5.496700 64.313982
106.391827 193.249021
114.881242 175.336244
73.401808 274.232873
50.814264 214.665895
-2.139676 58.306700
39.849052 168.977487
-64.678396 178.140400
122.375106 244.596878
105.490943 247.394766
106.132472 244.674891
106.702383 253.260232
119.009537 208.338209
1.157099 85.798442
42.725740 157.597292
44.071769 118.218015
-39.548680 145.509766
-15.578506 142.693326
47.629412 115.182050
135.184318 253.572670
-60.156910 187.092709
143.804934 217.546687
47.665344 112.294660
47.811430 112.312048
130.561073 232.344337
-181.027038 103.253104
80.686158 187.400779
113.452464 256.710216
113.839085 262.541145
118.481035 253.513054
114.461638 259.299068
1.749528 58.279025
5.546993 61.377923
1.439651 61.499832
-156.435794 118.566108
130.431207 274.661370
71.998770 277.509037
43.845499 166.176135
38.172410 175.642278
43.946113 112.301284
89.360441 157.410910
138.233467 274.629082
84.357740 157.652488
109.279671 226.630321
30.838965 175.385409
93.701008 169.272357
-39.042079 184.400957
34.514775 199.571054
22.911298 196.099155
52.040302 163.219051
72.424584 103.540823
89.202207 295.610322
-160.233066 121.057139
71.537749 208.586207
43.187601 169.349545
68.796686 163.315996
59.729357 142.625815
13.165961 193.564928
102.519068 289.503807
-149.141632 130.705169
-53.049837 178.483855
-32.096492 187.684260
63.813561 148.426826
126.984857 244.391064
43.615296 154.299185
-114.612634 178.312545
110.032299 253.557625
115.073067 256.514357
115.180253 253.399366
113.631272 250.678310
18.560244 181.536277
118.947782 244.269779
-39.348863 166.348258
-35.927461 166.582791
-40.578287 166.698601
30.926171 190.587211
23.236198 196.455582
18.654524 199.190967
22.738906 187.209908
101.346868 157.555274
-93.376603 172.257480
115.146847 250.460322
47.346256 118.470850
-93.602230 172.170106
46.932783 178.609674
51.860576 187.403783
52.093761 109.471503
-152.895224 100.499528
113.869699 199.412210
76.710760 214.418866
-160.524704 106.267113
-152.417792 124.514221
-144.466006 100.307621
34.183900 175.682608
51.690242 139.420004
97.756517 256.379053
142.401996 247.830266
48.398488 211.293685
46.777111 187.604857
52.138898 190.260767
47.076376 193.576262
38.229604 130.587960
55.217324 127.421236
-160.959499 115.270840
-144.261238 115.521023
104.764737 271.176178
105.394114 273.800336
126.220146 253.661058
55.459424 214.529898
13.393662 157.332508
38.555063 145.599834
88.386892 160.684819
125.946003 235.547559
-149.358195 -1.392191
125.641009 205.623944
29.967831 145.610731
88.200798 151.541152
117.341000 256.712979
-149.400843 82.479036
43.806382 154.514607
47.161818 151.573135
42.992836 154.549946
47.437794 154.610224
