date:2018-10-02, time:1400, wind_speed:2.43, wind_dir:81.0, temp:11.0
-93.573258 156.489207
84.879430 217.638866
56.927290 171.957672
-176.829871 90.398257
-9.806638 153.994062
10.888932 -287.485467
90.410997 220.072725
-14.338113 135.110549
1.661355 160.623488
-164.259537 114.396795
-155.530590 129.919483
-176.284294 64.096124
-185.291007 32.706596
-76.919836 -198.430281
-93.323480 -176.299944
-155.583276 123.941365
-164.424148 110.731771
-84.840116 -149.005721
22.681482 -274.472545
47.964076 115.702039
-147.555453 -14.652090
-76.975728 -240.361066
-173.498005 82.489237
-60.145623 -164.978719
61.292590 268.143890
-185.491412 50.309371
-85.394682 -243.442607
-113.880093 -110.051587
-17.825900 166.186348
-181.009682 87.301858
-97.788750 -141.251042
-77.043722 -206.964912
-135.888407 -28.782661
-93.856588 -142.387403
-184.956097 33.953613
-76.334598 -188.001107
-147.242361 -4.976739
-177.041005 101.706084
-176.980016 92.688542
-177.061775 97.695272
-6.072715 197.752415
-111.020715 -109.675037
48.027896 -248.826565
-2.071800 -246.341232
52.219703 -270.344131
-27.108893 -279.344630
48.476498 -248.126826
39.715994 -243.312282
52.869741 -254.068990
48.501154 -242.011930
-76.748753 -250.113895
85.662950 179.706801
-151.865210 -2.700536
-147.142762 -11.085068
-159.587784 45.987724
-68.683060 -228.416657
-60.419628 -105.456366
-80.566811 -68.232116
-89.345650 -242.562960
6.420434 125.682655
-93.719130 -144.273296
-151.193230 -13.833682
6.376701 128.745537
59.796039 -232.708380
-76.652983 -248.339894
-151.423534 132.970604
-85.527610 -175.550474
89.100564 109.425264
-80.393646 -173.027712
-80.617693 -179.112833
-80.547234 -182.312875
-84.809079 -173.057473
14.636380 185.727282
19.765511 181.113132
-84.821204 -110.009945
-93.549382 -146.708170
-93.506249 -141.248279
-80.615013 -122.121332
-85.841235 -121.421004
-143.206622 148.013972
-143.783403 143.719837
-85.960529 -199.459876
-85.607992 -202.831025
-114.429052 -117.363533
-97.551720 -143.452790
-97.756915 -144.003121
-176.264804 106.091246
-176.649420 99.584908
-76.652322 -250.580398
-76.381527 -251.239138
-72.799648 -254.922652
-77.074033 -254.975440
23.073135 -273.330427
27.213243 -276.258351
-72.952941 -204.379844
-72.909687 -231.190681
-76.869489 -62.884295
55.909406 124.715682
-181.103870 50.457975
-180.681601 46.839191
19.581656 -266.062993
23.338538 -262.138899
19.005535 -270.363344
19.181768 -266.445173
-143.065142 -4.956499
-147.833637 -6.198617
-147.579288 -5.316770
-26.958560 -279.293069
-127.006634 146.820442
-156.034918 63.186465
-35.302500 -201.309341
52.408146 -194.968085
-43.079961 69.929843
-1.948980 191.821632
-26.979599 176.817855
-134.975816 30.856460
-77.018061 -228.378822
-139.447285 53.701236
-127.052657 146.765926
-130.990138 147.299718
-126.361609 147.992698
-76.342207 -218.042716
-67.951972 180.996365
-64.471950 53.875208
52.519556 183.631642
27.667650 168.870938
57.041973 183.907446
-5.663455 156.556734
-72.757229 59.388218
-155.750809 33.909221
-113.961396 12.835601
-13.890171 162.899496
-88.926308 -209.127313
-22.117514 121.013405
-17.955373 78.736073
-47.301979 -2.438054
23.527914 183.616084
-156.095504 131.748822
-152.024762 128.695209
-152.015547 134.445417
-9.938348 117.736814
-9.921535 -185.342085
