date:2018-06-26, time:2100, wind_speed:1.52, wind_dir:203.0, temp:16.3
-86.194180 80.690346
-86.311849 29.538097
-18.875640 -142.637024
-14.689247 -229.673381
-56.921180 68.697055
52.141807 109.503312
-39.547868 127.507830
-65.303638 119.789186
105.949273 103.450284
63.800550 263.892019
105.135307 102.954944
-40.479418 132.486466
147.776388 136.476568
22.641479 146.363378
31.247675 166.517619
34.222176 -68.392061
38.901104 173.451021
30.589789 188.373778
59.248760 105.633684
34.731709 -67.796974
30.412714 149.603640
68.777425 241.584789
-11.291714 42.382507
18.490376 -93.720813
106.140302 103.400206
38.402233 -65.511037
18.472575 118.399587
88.627857 -238.830276
97.434856 -214.751700
68.087380 -273.071845
30.205756 120.940325
22.038972 -81.449457
13.496056 117.940618
147.801165 121.478802
51.215263 -283.921939
121.901990 105.643851
39.583100 -64.540362
39.473326 -64.553264
38.496703 -65.217480
22.912250 -91.547139
43.122624 -60.445721
68.071095 110.304474
-161.224271 23.725826
9.834103 83.323978
5.148012 81.690444
34.478640 -68.536600
30.325330 -68.646834
101.628638 104.364477
101.819027 103.387934
-60.442000 70.493523
-57.050479 74.361309
-2.246768 37.464982
63.506261 261.479237
63.826483 263.717832
63.724344 260.839072
64.171408 260.323308
68.595217 265.473414
38.550489 117.615694
96.786905 -209.629781
13.457781 117.743681
10.464682 115.504818
18.800107 118.505571
-41.339757 133.090995
