date:2018-06-03, time:0100, wind_speed:2.75, wind_dir:33.0, temp:13.1
75.138111 232.501659
-76.441773 134.200049
6.916998 -283.080320
-76.901104 73.673079
65.296716 248.171793
52.141807 118.505571
-89.125730 106.865885
-105.549126 -247.035844
-105.569117 -250.004339
-89.040792 109.807952
-21.846089 -93.737745
-51.412118 125.089635
-5.056638 -114.613594
-26.441065 164.054934
-5.471354 155.224217
-2.094025 199.525902
-93.242195 115.894969
15.270489 -282.993357
106.999901 272.121508
-9.464230 -168.675163
-59.730167 161.110598
-47.092460 125.021261
73.992880 104.397442
-85.187170 133.677739
-88.899058 173.093495
48.962498 113.305233
-35.217406 187.699034
-59.716235 164.007848
-68.470484 157.733657
-1.610525 -292.233485
23.176748 -268.424535
-68.150883 155.136126
-30.765904 157.918565
-9.798911 38.033941
