date:2018-05-15, time:1400, wind_speed:4.34, wind_dir:331.0, temp:17.7
43.505406 -282.167505
89.783475 249.394967
-59.806089 126.620215
-64.008591 156.689925
-97.182411 -208.928898
35.656241 -284.739990
-89.577208 101.968857
11.155811 -73.888892
39.441956 -282.014159
14.260334 -21.002401
6.206446 -71.958377
-51.490510 97.065107
19.011394 -140.754744
14.828445 -290.741048
89.604021 264.148582
-84.991006 -221.609547
-69.217129 141.162388
-5.587538 187.070401
6.711225 -71.454368
64.444844 246.165888
-1.994284 -284.774111
85.678378 261.434103
73.638044 238.278839
64.812658 255.389040
14.855971 213.373501
48.110265 -257.891442
-73.133735 141.101640
52.743073 111.612033
10.345612 -72.146504
31.933027 205.198965
102.813791 253.191814
61.046505 252.592968
-72.156403 136.143689
-84.742338 -220.922344
-93.890783 -225.142693
-85.283878 -221.718420
-39.271175 102.419483
-34.718390 145.194851
-93.069866 -223.985664
-93.536903 -224.725445
