date:2018-05-28, time:1700, wind_speed:3.03, wind_dir:188.0, temp:14.7
78.361025 226.649051
-65.345363 97.409453
-71.511820 133.422813
13.805018 -283.745363
16.119070 -283.798754
-73.670289 76.381462
3.530402 -166.808449
-107.021009 -247.710142
-15.286249 163.350026
60.114600 250.489016
32.727000 -283.722834
45.115761 115.464859
60.128468 250.529839
-83.011215 109.190954
-92.448951 -238.885947
-111.195108 -250.766620
-53.166239 73.393367
-48.957685 124.340890
-107.235595 -247.714085
-110.754665 -244.644751
-84.052922 109.358968
-13.335985 -94.511789
-63.132212 163.387760
-14.915425 145.413829
-41.053192 130.197204
0.716953 -109.973341
-32.397995 148.340051
-21.482720 163.432486
-19.899148 160.309002
1.318814 157.380540
-5.142230 199.494778
-88.084975 115.647457
26.375274 -283.737847
-56.589975 160.472505
88.889007 112.408287
111.870249 271.424646
15.994253 -283.532367
-7.252148 -292.842907
-3.188971 -163.793997
-60.799808 160.465400
-7.249547 -292.782921
-13.140113 -292.541662
-39.889179 127.456585
76.064802 109.341257
-73.892181 172.332211
-75.650144 136.488367
-80.028356 172.478869
57.577287 112.587134
-29.673019 184.347548
-54.646395 163.421674
36.949893 -19.794732
