date:2018-07-12, time:0000, wind_speed:2.82, wind_dir:333.0, temp:17.9
-108.276589 49.363534
-79.249328 37.322638
54.345349 109.501894
-76.885659 103.411798
102.154357 103.501806
104.136527 103.324765
7.302814 144.822329
7.187452 -92.243033
62.262933 106.204140
-35.190573 22.338366
69.724801 -265.817742
3.161927 -107.283209
-18.764875 94.499547
121.211558 106.312937
6.475298 -91.695589
15.346528 -95.221863
7.236945 -85.916965
61.290949 105.997186
2.129257 -82.544880
104.120619 103.288375
-84.410080 46.274190
66.396095 244.481856
66.419424 244.396897
-105.257670 -1.798311
39.810419 118.337637
48.217143 112.371443
130.355424 150.905446
62.594306 106.299017
-163.568144 19.152288
-114.566693 61.491264
70.880988 241.678816
-9.490956 93.712646
104.052766 103.247890
-34.360688 -32.027092
98.215192 106.377878
40.477342 177.862466
-43.438842 -31.669926
-162.733892 19.221400
-110.226667 52.307964
-112.303415 52.194779
62.549498 106.331835
62.608270 106.327390
56.563078 106.349152
62.739991 106.434389
53.087072 -241.770160
-110.454550 -16.528314
-108.241492 -4.476369
-162.540700 19.404683
-30.965946 -46.724087
11.182104 -98.251294
-105.634123 -256.838353
36.099078 -67.764551
27.899162 -71.153933
81.260225 103.501806
39.902110 118.355040
-162.499691 19.319423
-162.458913 19.330970
-162.787547 19.238144
74.037950 264.856754
-163.881474 19.184426
