date:2018-08-18, time:2200, wind_speed:2.6, wind_dir:16.0, temp:18.2
48.026953 113.665118
-179.711844 29.095360
-164.579243 7.477710
-108.929353 -252.938313
45.180145 113.049668
39.786820 119.298173
45.015923 116.118873
-0.534830 203.217261
36.526535 118.795988
56.600577 110.447807
45.040975 113.018276
48.101602 113.430944
-27.100300 -49.536597
31.808101 199.793492
-46.678366 92.013195
70.132739 107.103025
-10.429450 46.487499
36.981591 119.170240
61.054742 106.649772
20.221140 176.160291
45.095223 116.083512
-104.978834 -247.105272
40.871041 130.935227
111.360351 256.954896
-22.907634 29.443650
-47.616825 79.581923
77.148082 178.520631
95.021950 257.135360
36.671782 118.995608
35.784282 118.540555
56.571597 124.538973
93.973070 107.484915
3.354866 61.933318
102.154357 190.523643
110.489782 175.519878
72.930784 275.598809
48.620670 214.797298
35.709719 166.635493
-67.249413 176.189402
120.065309 245.143616
103.393238 245.205939
102.119125 241.584789
106.286838 253.587801
114.622263 208.576506
-1.177090 85.939060
36.461784 157.784993
-43.771150 145.512348
-21.911705 142.808950
45.122506 113.011425
131.293113 250.587048
-64.554143 184.522137
145.218543 218.259571
43.806382 112.504065
44.039042 112.576753
128.492561 233.059224
-181.250093 103.501806
78.476706 188.137491
107.164040 256.852733
110.454550 259.589307
-2.094025 55.489758
-1.556264 61.691645
-154.896089 116.023889
124.153522 275.101021
74.134738 275.067470
41.125794 164.075642
39.555798 176.391656
43.806382 112.504065
85.758446 154.601901
135.683472 274.697487
106.593502 226.693942
28.577590 176.227429
90.810664 169.978115
-38.307640 185.204753
32.274079 199.846789
20.352001 194.159927
47.918525 163.516866
70.031751 104.109792
86.960279 293.228644
-159.230855 121.956148
69.106871 208.641052
53.142926 142.897348
103.253124 290.099501
-151.539795 130.645881
-31.128718 188.715505
60.971580 148.681533
122.957688 244.585542
39.874532 154.620572
-117.566323 179.023950
107.635546 251.209409
114.684488 254.462511
111.006331 250.724837
18.800107 178.520631
114.622263 241.584789
-38.280718 167.058148
-43.831507 167.651258
28.417569 190.956649
24.147821 196.944816
18.800107 184.522137
-93.959719 170.682504
110.749591 250.673213
40.937239 119.147974
-96.459224 170.186738
44.757510 178.826199
47.918525 184.522137
52.141807 109.503312
-155.680679 100.759067
74.220671 212.034666
-160.467100 106.502559
-155.014699 125.105020
-146.700615 98.091112
32.095031 175.785952
49.123433 140.009980
95.357268 257.231564
145.263843 248.326980
44.080285 208.680391
44.401738 187.632503
47.918525 190.523643
49.152322 191.054915
-163.687063 115.737306
-147.908393 112.504065
107.637665 272.159089
123.547596 253.831686
53.299158 212.073680
14.867611 158.575914
36.686738 146.012902
123.885272 235.898259
-148.834504 -0.827857
123.244669 205.662660
27.135532 145.512348
88.440196 151.483899
117.746785 256.845490
-147.797406 83.410685
43.806382 154.514607
40.846530 151.999629
36.598125 155.222597
44.957162 155.048450
49.123004 164.100156
48.522971 160.644088
