date:2018-10-23, time:0900, wind_speed:2.1, wind_dir:25.0, temp:4.3
61.214693 123.045108
-14.541593 85.497288
-147.908393 67.492770
-160.467100 61.491264
-89.560418 -244.585542
-125.789073 -42.897423
-108.970336 -120.855876
47.918525 -283.595331
14.576825 118.505571
-185.473375 28.482981
11.234889 -287.897695
-34.289250 20.283898
-134.372712 5.432220
-58.990726 -6.901073
-68.097103 -239.868607
10.464682 -289.596837
-43.771150 112.504065
-4.785382 112.964984
36.766476 -237.736918
3.170983 -294.637570
-88.390410 -15.580803
-26.423584 -248.949378
-67.775258 -258.514094
-81.224993 -253.587801
-113.936575 -50.780516
-17.918270 119.682039
-96.508392 -243.927023
-89.560418 -241.584789
-22.877018 -283.595331
-14.541593 -286.596084
-22.088448 -5.922647
-71.928144 117.290687
-151.382681 69.095881
31.247675 -277.593825
7.501992 -288.847746
-22.877018 130.508583
-21.293616 133.702964
31.247675 130.508583
11.306495 -239.927589
22.912250 -238.584036
-85.448275 -244.585542
-93.783700 -244.585542
60.477232 193.524396
-77.112850 124.507077
-34.704250 132.273146
41.098976 -244.002979
-88.472652 -243.720605
-88.670597 -244.035159
-47.172582 51.218487
-51.402870 144.408698
-51.450257 -231.095669
-21.505184 134.133527
-22.054343 128.053493
15.321822 149.715452
10.067633 -241.610452
