date:2018-05-15, time:0500, wind_speed:2.62, wind_dir:198.0, temp:10.9
42.731069 -281.072755
89.367582 250.551556
-60.675951 127.421990
-64.554143 157.515360
-99.014986 -209.066611
34.938108 -283.782812
-90.444791 103.323042
9.309733 -74.026039
38.821700 -280.918634
13.676692 -19.870408
5.524835 -70.818652
-53.033804 97.101408
18.252957 -139.724279
13.985384 -289.686879
89.113242 264.780961
-85.448275 -220.579518
-69.796550 142.215631
-7.009418 186.708483
5.986745 -70.636214
63.845324 247.279699
-2.749744 -283.796381
84.834708 262.365762
71.789207 237.996613
64.369009 256.485205
14.024438 214.380648
47.578515 -257.330794
-73.721419 142.255661
51.852960 112.379359
9.580528 -70.933538
30.116658 205.255966
101.120163 253.095974
59.093874 252.799141
-74.022413 135.964759
-86.966840 -221.232111
-94.692323 -223.976129
-85.995810 -220.752349
-40.062365 103.373396
-36.564093 144.964116
-94.605584 -224.577653
-94.065871 -223.665263
