date:2018-05-18, time:0900, wind_speed:3.68, wind_dir:22.0, temp:11.5
48.581867 -283.230262
98.734934 250.966413
-59.679292 124.858544
-60.110221 154.641153
-93.449115 -208.438478
36.273779 -286.246161
40.360209 -283.180962
15.348317 -22.162366
7.398465 -72.938807
-55.450853 97.872156
19.569808 -142.231833
86.280960 262.943921
-88.888542 -223.305894
-72.102391 139.846625
-0.851011 185.027592
7.481996 -76.177512
65.299796 244.879321
2.857191 -286.313980
85.825673 259.715631
15.413727 211.831382
48.631367 -262.203682
-68.107521 140.768100
56.978145 109.853904
14.977500 -73.369936
102.892465 250.939797
64.973757 247.775891
-68.030728 136.940063
-80.029947 -220.105052
-97.895843 -229.581777
-89.560418 -226.581024
-34.725840 101.670297
-30.390493 142.858696
-92.922776 -226.241076
-93.036849 -226.303336
86.144713 262.877059
-80.500624 172.873940
-51.339637 133.846325
86.645057 260.089024
85.773079 265.773020
81.669885 262.776003
