date:2018-06-25, time:1000, wind_speed:4.2, wind_dir:12.0, temp:15.7
-89.560418 85.497288
-89.560418 34.484487
-21.496552 -142.225824
-18.764875 -226.581024
-60.442000 73.494276
52.591466 109.597844
-41.955963 127.879839
-68.777425 124.507077
100.755463 103.934919
63.235894 265.896969
103.079511 103.752371
-43.771150 136.510089
141.036650 136.813165
23.004458 149.076187
27.135532 172.519125
35.972657 -67.431383
36.809662 175.753221
31.054902 190.916158
59.889498 106.863719
35.953859 -67.468817
27.135532 154.514607
67.348808 241.921360
-10.429450 43.486746
19.210068 -88.502655
100.790643 103.950145
41.097078 -64.236419
15.008474 118.615684
90.095120 -238.482966
98.217064 -214.328332
68.812657 -271.592319
28.004166 121.828262
22.912250 -79.544127
15.051894 118.570463
147.943625 121.506324
52.564670 -283.509232
123.858376 106.660778
39.583100 -64.540362
40.024126 -64.463625
41.069493 -64.317708
22.228615 -88.118447
44.279019 -58.447311
63.197200 112.927256
-165.974578 25.706015
5.069085 85.917691
6.860623 82.710414
36.882517 -67.241821
31.561529 -66.218607
100.397271 106.132590
100.295166 103.256649
