date:2018-10-16, time:1400, wind_speed:4.9, wind_dir:287.0, temp:10.8
61.133067 152.182128
94.614348 202.700055
-9.418774 112.670778
-146.575860 106.532496
-151.147541 103.788134
-160.286965 93.992795
27.135532 -289.596837
-89.387444 -245.053373
-177.137950 79.495782
-84.005806 -232.581152
-126.759690 -45.179724
-93.099568 -162.861594
-110.063590 -123.176748
48.415375 -285.217433
-22.751636 -284.076444
-68.575583 -260.090958
14.689464 117.995640
-76.235842 -148.367776
-85.339753 -224.152511
-185.308451 27.944592
10.846723 -290.671031
-147.392883 -21.180311
-126.919677 126.956167
-38.636007 49.651205
2.811589 161.204356
-68.061601 -252.922385
-139.377231 36.944030
-68.140053 158.326657
-72.730810 30.998073
-85.256364 -227.123222
6.421850 -212.104876
-64.365878 -251.058168
-81.055229 -203.103940
10.577079 -290.113140
-31.034390 145.046048
-30.542313 -264.945867
-18.633905 151.012121
-93.783700 -244.585542
-89.391991 -245.156777
35.583118 -209.149191
-39.084473 -282.196336
-72.579615 -224.616750
6.347183 -290.138995
-14.381842 -119.109522
-92.916819 10.617978
-30.263077 -220.375096
-67.947011 -255.888346
-81.224993 -250.587048
-22.009111 163.596236
-117.859063 -25.359137
-22.189789 158.268322
-72.889568 -256.588554
-72.564112 -257.636363
-97.502542 -246.237573
-89.560418 -244.585542
-31.093259 159.949070
-22.877018 154.514607
-84.828129 5.234923
-22.359725 -285.228829
-14.541593 -286.596084
-22.720851 18.975619
-72.117509 146.310361
-151.604730 98.215801
28.102911 -247.581185
-68.090487 170.247544
10.921869 -291.294409
-22.665452 160.020653
-22.709562 159.978137
-67.707246 37.675508
-72.238036 38.172672
-14.541593 28.482981
-17.823112 91.746768
31.455494 168.951042
6.385495 -203.133545
23.059884 -209.086888
-85.072817 -245.647510
-89.441748 -245.077004
