date:2018-06-19, time:1000, wind_speed:5.44, wind_dir:324.0, temp:22.8
73.451943 211.264240
-89.060230 97.117885
-89.560418 43.486746
-22.370485 -130.920345
-18.250576 -148.967886
90.151421 238.271326
-22.381888 -211.986449
-56.218718 88.498041
48.806368 108.773463
-47.391421 139.123886
-72.395845 139.166876
98.897649 102.712197
27.572935 175.185805
61.388587 264.837721
98.404896 103.168983
-39.059324 148.118833
153.128452 138.736032
22.912250 157.515360
31.785405 184.148857
31.247675 -67.541115
27.630011 175.131059
10.910052 163.114561
36.008039 184.176635
36.396535 192.774000
11.007884 -115.944289
140.076284 139.167389
69.246079 256.264445
56.778238 -280.908176
56.796545 106.185799
40.089551 -64.848189
36.413644 -68.357375
52.683961 -283.942998
35.959681 175.111995
31.701262 169.170197
35.984002 175.136025
27.591121 172.204736
65.146343 253.190100
61.382233 264.840375
-5.679533 46.130690
23.434012 -79.926660
98.913151 102.645096
98.366395 103.184730
