date:2018-07-22, time:0700, wind_speed:1.82, wind_dir:81.0, temp:17.3
-98.142223 101.911769
97.972017 103.887484
-14.645049 143.496268
56.272712 107.398093
55.951373 -267.186086
-43.822870 91.956529
97.905891 103.906551
-22.899423 -94.057183
-2.043445 -97.033565
-14.442093 -87.909367
97.917689 104.003192
60.385431 245.529568
60.492799 244.831390
43.801735 113.296021
56.185787 107.387197
-168.735955 19.913213
98.005542 103.734200
-60.432999 -34.358899
81.304708 106.668360
14.634759 176.062636
-168.851620 19.980479
-135.497768 50.469928
56.357025 107.567851
56.322530 107.491799
56.246913 106.655052
22.944837 -244.097141
-160.468674 14.452371
-106.231268 -256.588554
2.110656 -73.377479
35.261205 119.782310
-160.386501 13.728155
-160.413729 17.393690
60.012449 267.138171
-168.692397 20.572808
-27.195070 29.626783
22.981438 200.526006
56.278476 107.511030
56.253950 106.502559
68.639341 104.559381
-35.328575 -10.042030
-2.435002 191.878948
56.263478 107.007906
-6.112234 -18.566467
55.829689 107.845011
47.896639 109.652419
47.823351 110.802792
56.313803 106.700561
56.282626 106.667299
47.971128 109.711190
68.886359 103.957706
93.813384 -213.701024
35.469537 121.976185
97.960624 104.417796
102.045676 104.532695
14.522100 -85.132308
160.313628 171.068328
89.699431 299.138645
122.905503 110.580805
14.505096 119.498342
56.253950 106.502559
56.190907 106.979554
55.864583 107.861948
56.234313 106.699290
97.904304 104.662423
89.591874 107.372976
89.529157 107.721362
60.494587 265.818099
52.895385 110.721220
52.184053 110.011289
52.141807 109.503312
56.331424 106.744344
-22.949351 -33.060321
47.929454 110.476102
52.186358 109.674218
51.918937 110.829838
47.741168 110.773653
52.209938 109.961859
76.785707 107.883924
-168.944105 20.915797
64.643302 -276.832033
-27.046817 32.013188
-31.183509 29.161981
85.428312 107.424459
85.483149 106.670741
1.871404 194.931791
31.133124 -63.023493
122.764081 107.899849
