date:2018-07-01, time:2100, wind_speed:2.21, wind_dir:185.0, temp:21.9
-97.895843 73.494276
-22.877018 -148.561446
-72.889568 64.492017
47.918525 109.503312
-56.218718 121.506324
97.931075 103.501806
97.931075 103.501806
-56.218718 127.507830
22.634963 157.475542
18.535266 -70.613116
22.912250 166.517619
56.253950 106.502559
-22.877018 37.485240
26.940475 -67.516968
10.258379 115.534121
77.148082 -247.586295
76.897214 -217.642558
56.253950 -277.593825
18.800107 121.506324
10.464682 -85.545633
-2.094025 115.504818
135.496057 118.505571
35.470957 -286.596084
27.135532 -67.541115
26.893376 -67.558804
8.767559 -97.030922
27.135532 -64.540362
54.710713 106.956528
-6.206168 82.496535
-10.675290 76.500865
18.800107 -70.541868
97.729022 103.487918
-78.930144 64.794158
-72.889568 67.492770
-19.052711 31.489380
60.442000 253.587801
62.701082 253.835097
64.609713 256.588554
35.470957 118.505571
81.260225 -214.578012
1.885555 115.467967
2.129257 115.504818
-56.417244 124.478451
-103.699732 22.981417
-93.783700 19.480722
35.470957 118.505571
47.918525 112.504065
43.533188 112.427101
68.812657 109.503312
143.831482 166.517619
60.232955 106.436720
56.253950 106.502559
-168.991983 19.454685
-97.895843 70.493523
-97.895843 70.493523
51.871396 -277.618683
64.400856 262.543317
14.576825 118.505571
64.609713 256.588554
52.141807 -52.537350
106.266500 103.501806
