date:2018-05-31, time:0700, wind_speed:1.89, wind_dir:212.0, temp:18.1
77.112850 229.581777
-68.777425 97.500300
-73.053545 133.412937
13.643978 -286.916600
14.176041 -283.807149
-77.569868 75.637384
-23.891317 163.207358
59.814893 246.850219
31.104445 -283.702341
43.596927 115.408165
60.295296 253.424278
-86.124513 105.735247
-102.741840 -242.285322
-110.774152 -247.743238
-48.809338 69.919888
-52.106575 124.507077
-111.337114 -251.186962
-111.625541 -247.919597
-85.628069 109.344737
-14.541593 -94.547892
-69.588182 162.523473
-19.686828 144.684049
-44.509990 126.739876
1.171751 -112.965487
-36.141619 144.772544
-23.035912 163.435092
-23.772658 156.559481
-2.325734 157.414612
-6.434380 199.378738
-89.560418 115.504818
22.912250 -283.595331
-61.176827 159.533776
84.631864 109.258919
110.257889 271.438559
14.183460 -280.785000
-15.545802 -296.335690
-2.850857 -167.394386
-65.609677 160.047532
-10.429450 -292.597590
-48.942341 126.651425
76.390579 105.713330
-78.487692 135.892543
-81.224993 172.519125
55.695894 115.119125
-31.427117 187.364196
-57.471856 165.704393
30.543471 -23.174311
-61.166680 159.697487
5.538047 -287.362565
26.166869 -268.926600
-65.343284 154.205429
-22.650266 158.152590
-6.206168 37.485240
