date:2018-09-02, time:2000, wind_speed:2.9, wind_dir:178.0, temp:19.4
-166.194799 7.610432
43.500416 112.548108
42.292980 112.687205
43.806382 112.504065
83.831753 238.722718
33.713215 118.679284
14.243267 118.847307
68.067241 103.488713
69.160338 160.784215
58.626086 247.978442
17.310120 184.561272
81.431598 218.121495
73.354967 223.939278
-85.280252 157.866472
42.385199 112.705105
35.195354 163.485852
-24.489952 28.604538
102.376582 247.825692
58.909511 244.845700
14.705294 136.727402
10.147447 145.552247
-60.076515 154.981540
68.996890 269.062814
-181.250093 103.501806
-51.636794 160.885999
43.104046 124.574175
94.132008 221.062774
93.911104 229.949172
-48.194906 136.571099
85.322687 226.959945
58.939753 193.668307
14.422456 163.913220
25.224248 163.670695
80.963855 247.619119
106.227937 226.834577
43.081392 196.562761
-20.265757 130.531282
-153.682876 -16.381664
-170.192173 55.729896
31.633773 130.801165
10.805154 122.051665
96.524436 232.640441
83.882082 226.632373
-89.688520 124.921924
17.330352 190.765814
76.402261 166.487179
83.909553 181.731368
33.586576 127.836159
114.472752 196.872756
-181.190574 82.831928
-111.944190 157.640532
26.762599 139.516556
-178.753945 79.758010
71.528200 130.767851
100.355341 187.722626
-177.131621 97.686054
-173.224813 97.813635
-173.614637 100.416632
-118.389513 157.951579
72.267389 271.611504
18.684578 160.742266
48.195823 112.942801
54.662058 124.648187
30.905245 205.551504
63.221301 217.739682
12.971467 136.777377
-168.762907 97.687110
-181.250093 97.500300
-70.276739 139.565102
43.511140 -283.556781
-73.255536 172.534997
-32.697909 154.697717
114.606555 169.739168
30.953607 169.849161
-2.252502 172.782619
-62.034086 145.711020
-60.435823 148.938766
100.202831 226.742955
96.476229 223.719898
14.812800 148.835514
72.932818 148.698455
-18.620538 169.926220
15.133811 151.850404
39.259811 118.514696
73.056677 103.820024
67.370958 103.657623
110.489782 196.525149
6.330593 163.808984
5.167025 163.644546
93.770331 229.799887
93.661840 235.793445
1.835917 163.714853
58.806731 244.745667
56.338108 196.750418
6.624833 172.889690
0.668238 148.727014
113.400017 262.656593
9.422374 172.616374
4.803527 172.742339
114.618184 196.721400
110.195964 196.520103
109.015127 196.607049
-2.068079 166.745538
42.204647 115.723542
60.351587 196.848107
26.942449 160.693040
21.423770 160.703725
23.154480 157.819981
-157.417046 124.511620
-155.909980 124.788272
-162.107915 124.680022
-157.777965 121.720722
-153.622193 136.746673
27.312720 -229.016024
-143.428174 148.849386
-172.584533 61.810834
-110.121842 133.743570
77.185170 -229.108072
-185.192519 31.800141
43.611693 112.685683
45.961668 109.763819
41.862354 112.703993
42.146035 112.685928
43.806382 -271.592319
-124.485236 -40.341775
-49.732425 -193.411141
-95.350268 -166.388351
-135.460825 136.510089
-147.720107 -4.050575
-53.713552 -199.293392
-14.544426 -241.242553
89.926576 233.011810
89.988553 232.930518
-183.184242 31.656834
-174.402886 67.681222
-103.584207 -124.497642
-86.926943 -214.445908
20.689940 190.775478
21.354427 193.644828
-162.427171 124.741304
-160.303309 124.699643
-160.467100 121.506324
