date:2018-07-12, time:1300, wind_speed:1.42, wind_dir:309.0, temp:25.6
-105.791869 48.143412
-76.722051 36.002497
56.937796 108.195477
-75.830647 103.162882
102.968135 103.004731
106.481005 101.992649
6.800407 145.072837
6.458063 -91.812447
65.346167 106.039173
68.812657 -265.590813
2.673474 -106.948100
-17.885944 93.961897
123.674981 105.028205
7.692178 -92.163293
14.633203 -94.651274
6.522382 -85.768384
60.562511 106.368659
2.739071 -83.155707
106.588191 102.112574
-83.895778 45.880311
64.971537 244.234548
65.111219 244.174689
40.814140 117.906413
49.117467 112.049873
131.831656 151.132373
65.085312 105.152337
-164.512924 19.375100
-113.592398 61.021086
73.434390 240.382712
-10.378408 94.399241
106.564863 103.157413
-35.173167 -31.863647
99.123562 105.922599
39.767687 178.285525
-42.733560 -32.055416
-159.814699 19.097066
-109.396695 52.143271
-110.409535 49.350153
65.061134 105.187782
65.023118 105.068068
57.445461 105.852081
65.192417 105.395256
52.141807 -241.584789
-109.278067 -17.064423
-105.687617 -5.555756
-159.901813 18.235352
-30.170625 -47.196240
10.652372 -97.770608
-104.668509 -257.086145
37.037454 -68.143549
27.213775 -70.708957
82.268783 103.058854
40.873077 117.958798
-160.060058 18.028623
-160.071120 17.895578
-159.608215 18.958461
73.295345 265.132650
-163.015843 18.871856
-9.475937 33.987408
61.359489 268.107911
69.636850 109.067376
