date:2018-06-02, time:2300, wind_speed:2.97, wind_dir:45.0, temp:14.9
74.607057 232.142238
-76.829248 133.770957
6.505445 -283.414175
-76.052902 74.404753
64.837435 247.841682
53.242689 119.219408
-89.560418 106.502559
-106.025826 -247.386380
-105.984941 -250.385198
-89.560418 109.503312
-22.318455 -94.053289
-51.925147 124.767762
-5.533709 -115.012502
-26.904136 163.752673
-5.993687 154.772416
-0.970222 200.275782
-93.783700 115.504818
14.812868 -283.314163
106.571170 271.824367
-9.922599 -169.083100
-60.242274 160.770785
-47.601999 124.715935
73.485444 104.036227
-84.270501 134.299485
-89.359690 172.739818
48.527120 112.929823
-34.292196 188.243451
-60.155117 163.735136
-67.673991 158.265239
-2.094025 -292.597590
23.990040 -267.748964
-68.578602 154.799455
-31.212443 157.515360
-10.237105 37.755926
