date:2018-07-17, time:1100, wind_speed:3.61, wind_dir:175.0, temp:28.1
-120.860361 46.507672
-98.671229 34.658790
-96.532957 103.570324
96.306660 103.415790
97.176368 103.516624
-10.643724 145.682170
55.081299 106.250100
55.329444 -265.116060
-11.800761 -106.815894
-40.866447 94.241554
105.397139 106.534815
-15.400913 -91.258116
0.821321 -94.996239
-10.342743 -85.406600
97.199542 103.334059
58.806665 244.248978
60.442000 244.585542
35.470957 118.505571
42.779239 112.294264
55.003402 106.214719
-169.169333 19.543140
67.453820 238.424446
97.822274 103.677214
-57.210908 -31.716141
85.483507 106.502559
25.410597 178.282859
-61.500367 -31.890747
-170.688163 19.315836
-128.153062 52.270565
-129.384650 49.394574
54.616912 106.301539
54.589774 106.132052
56.253950 106.502559
56.253950 106.502559
29.826223 -241.592943
-128.053032 -16.368350
-120.474670 -4.823374
-162.368202 16.381581
-46.474086 -46.451508
-7.360453 -97.846956
-107.665125 -256.877839
9.008810 -70.631754
68.375179 103.506421
34.154281 118.250114
-162.360127 16.358400
-160.467100 16.479969
-169.603746 19.502121
62.564677 265.514856
-168.802525 19.480722
-25.584168 34.326072
58.372758 268.701916
25.464887 202.385786
63.858384 271.519390
47.918525 109.503312
54.362128 106.342382
54.935009 106.282396
70.324308 106.532585
-32.543126 -7.838438
1.134350 193.217824
54.151939 106.499520
47.173585 199.912044
43.058787 196.891591
103.309979 289.589071
1.799427 -19.582155
-8.786178 82.539810
-19.790076 -19.680229
55.144235 106.229137
46.793071 109.156261
47.918525 109.503312
47.112714 109.448558
47.033096 109.422322
