date:2018-08-28, time:0200, wind_speed:1.92, wind_dir:231.0, temp:21.4
-165.469034 6.418119
43.694753 112.293560
35.470957 118.505571
43.806382 112.504065
43.806382 112.504065
-23.109729 29.157856
5.827305 157.817351
93.390047 244.836999
60.477232 163.516866
35.371756 118.364875
18.800107 118.505571
72.924800 103.501806
81.260225 172.519125
64.164834 256.793230
26.064660 194.408701
18.800107 145.512348
-81.681983 160.953918
89.512698 226.397847
80.286739 228.534746
93.308012 239.315626
102.154357 196.525149
-19.153116 67.971405
113.681791 239.687556
-77.367174 166.820422
42.922310 111.166440
52.141807 169.518372
97.164811 242.230540
-23.481879 41.028191
109.940943 260.097140
68.345794 253.961744
26.924304 148.742864
18.675144 157.870693
118.338413 253.859693
22.771328 157.377082
-56.515982 166.807406
76.301421 278.658874
-168.802525 112.504065
-43.924045 172.342082
47.786219 130.360643
101.598149 230.007652
97.951413 238.584036
-6.972110 164.597323
-44.238107 148.915254
97.389854 232.849651
34.630910 117.686578
30.520005 173.053409
-165.477951 83.394856
63.747449 200.797631
72.539685 235.997904
21.990593 171.220038
34.884071 173.189023
-177.242687 100.291179
85.179527 259.875822
114.012800 238.988754
43.661192 196.321598
-6.646095 139.898922
105.810999 224.044231
-152.242808 -16.704854
105.256051 236.649954
-165.604815 65.630049
27.135532 142.511595
21.864438 134.534887
26.260299 140.623571
97.463591 242.120055
89.194985 239.126641
-82.115982 137.735965
35.470957 193.524396
80.818236 175.986817
89.149979 190.978833
42.910908 137.566567
34.970756 145.941623
-152.182303 133.884136
127.125400 205.575753
10.083233 175.990367
-140.139692 140.047987
-168.794735 94.696480
-106.616767 169.878289
30.733635 149.122871
-177.496043 79.203787
80.310788 137.660848
102.071241 193.365463
-169.358869 106.860839
-169.240430 109.873972
-160.595729 109.359763
-168.909268 109.379786
-110.454550 169.518372
1.071395 176.537810
81.280563 277.593825
22.582997 169.636306
26.130057 173.504311
55.227388 122.585117
68.812657 136.510089
60.477232 133.509336
43.381796 214.996264
68.777425 229.581777
18.800107 145.512348
17.903645 143.505632
-165.449867 107.626173
-177.369808 103.960514
-52.106575 157.515360
-57.050909 147.275935
47.374447 -282.936545
-65.185477 181.982604
-19.205532 167.061216
9.913282 176.027623
6.136561 175.358436
122.535051 178.741827
35.470957 178.520631
6.053329 178.351146
-56.363040 157.313012
-52.106575 157.515360
106.176736 238.459798
105.607643 239.227596
105.598279 234.217887
18.360215 160.679173
81.099764 160.368017
-6.376067 181.393444
72.419569 151.976746
22.912250 166.517619
23.039241 162.319369
35.143570 118.242035
72.924800 103.501806
72.096226 102.657163
71.944995 105.505882
113.878897 208.060312
76.644139 192.968695
