date:2018-05-19, time:0500, wind_speed:0.51, wind_dir:169.0, temp:8.4
43.203149 -284.420375
93.223588 249.977834
-61.103774 123.778771
-61.758766 153.870498
-95.126590 -209.072456
34.975051 -287.151244
39.051489 -284.180697
9.998772 -23.156580
5.793876 -73.948316
-56.925945 96.842262
18.225954 -143.260301
85.063193 262.126495
-90.181307 -224.357594
-73.423199 138.748234
-2.225919 184.430832
59.856440 243.916254
1.666048 -287.016577
84.238421 259.215260
14.135424 211.151606
43.174388 -263.470258
55.789017 108.996589
13.271747 -73.819080
101.559970 250.002403
63.239455 246.988738
-69.187315 135.824206
-81.559647 -220.953570
-99.274783 -230.369217
-89.704084 -226.753826
-35.743395 100.223206
-31.700477 141.991470
-94.202677 -227.364762
-98.342254 -227.045419
80.840590 262.057025
-86.014905 171.636639
-56.756266 132.844716
85.001050 259.226973
83.914019 265.088321
80.016857 262.024835
6.241400 -73.542621
-39.825868 184.274258
-47.971987 169.579108
2.129257 166.517619
