date:2018-06-05, time:0700, wind_speed:1.17, wind_dir:149.0, temp:8.5
76.766892 246.597325
-77.711463 135.617525
5.782199 -278.500538
-77.729723 81.935439
63.650528 254.244056
51.915366 123.810852
-89.976188 115.520565
-107.128277 -238.071750
-106.384860 -242.333779
-94.277008 115.646395
-23.214257 -91.179019
-6.735915 -106.512955
-27.678435 175.520119
-6.183002 164.957857
-2.849184 211.627462
-94.077829 117.688147
13.842215 -279.709720
105.759969 276.725585
-10.659848 -164.435128
-61.026688 172.581608
-48.218277 135.636523
72.805985 108.618098
-85.720575 141.685361
-89.643673 180.572213
47.614030 120.566254
-35.591116 192.581665
-60.967159 175.501192
-73.235217 163.575604
-69.167387 156.755906
-31.221065 162.232791
-15.502708 41.572001
67.851483 269.169771
68.928657 270.999155
106.126099 110.325075
-2.270228 50.094483
22.754498 -78.937332
22.720348 124.599593
39.425871 202.654116
60.341956 265.658308
52.141807 112.504065
