date:2018-06-20, time:1200, wind_speed:4.38, wind_dir:235.0, temp:27.3
72.525898 204.403742
-90.056105 93.499217
-90.314519 39.821337
-23.162875 -134.777304
-19.254292 -152.784508
88.577623 232.872477
-24.034801 -220.061926
-56.912634 81.732523
47.286107 108.794508
-49.096719 130.979551
-73.286673 132.462963
97.350797 102.763573
59.418108 264.414984
97.305893 102.718061
-39.794714 144.379342
151.602996 138.768331
22.223696 154.021284
30.577349 180.328189
30.966368 -67.975736
34.854514 180.512672
34.863948 192.657920
10.071697 -122.846606
138.907216 132.353545
68.249999 252.402959
56.000457 106.068541
39.341241 -64.976975
34.809739 -68.359631
51.539221 -284.378753
30.748877 162.475196
34.982657 168.381244
26.716230 165.566174
64.004981 246.317009
-6.720556 45.730947
22.326125 -86.597265
97.301635 102.657659
97.663576 103.095763
