date:2018-10-18, time:1600, wind_speed:5.49, wind_dir:303.0, temp:3.5
61.162544 141.319575
-10.429450 97.500300
-147.149333 87.331616
-160.467100 76.495029
27.890017 -290.609190
-88.855066 -245.681071
-85.448275 -244.585542
-126.346642 -44.685601
-109.768855 -122.615636
47.918525 -283.595331
-22.119843 -284.719286
-68.083413 -260.692690
15.290126 117.362573
-80.554402 -242.776700
-184.804803 27.410435
11.195115 -290.725679
-147.182654 -20.640194
-34.676363 39.315645
2.129257 145.512348
-68.073935 -260.725233
-134.744638 24.363512
-68.023539 141.337647
-68.777425 13.479216
6.934314 -224.638880
-77.112850 -220.579518
11.112225 -290.588934
-30.621434 129.403025
-30.509295 -275.616348
-14.541593 133.509336
-93.783700 -244.585542
-88.822465 -245.664423
35.470957 -223.580271
-72.889568 -241.584789
6.946154 -290.683486
-88.813224 0.410161
-27.100300 -235.583283
-68.175740 -260.726004
-81.224993 -253.587801
-22.098630 147.363107
-114.566693 -40.534338
-22.196790 141.368150
-72.202390 -257.686280
-97.210991 -245.754382
-89.560418 -244.585542
-30.485111 147.399677
-84.758777 -5.662320
-22.190269 -284.599607
-14.541593 -286.596084
-22.146093 6.402397
-72.196208 132.431423
-152.131675 82.496535
31.917291 -260.725204
-68.777425 157.515360
11.073182 -290.676199
-22.877018 142.511595
-22.116707 147.349405
-68.099164 24.457493
-68.777425 22.481475
-13.818447 12.314002
-18.031775 78.355471
31.247675 151.513854
10.464682 -220.579518
23.560266 -221.622272
-84.778729 -245.683785
-88.912668 -245.662157
52.896204 213.452833
-22.180980 141.429278
-72.889568 139.510842
