date:2018-06-08, time:0000, wind_speed:3.18, wind_dir:208.0, temp:13.2
72.283752 247.199691
-83.152355 136.352088
1.782839 -277.798029
-83.258927 82.524134
58.484527 253.565010
47.564860 124.309376
-112.362631 -238.744159
-112.498416 -241.409229
-96.478434 115.413977
-31.386533 -91.653524
-7.197066 -106.995608
-28.420462 175.137445
-12.159742 163.779037
-3.402442 211.269569
-108.215611 118.280907
10.145872 -280.745253
100.340696 277.919554
-20.206003 -163.153291
-61.683475 172.206848
-53.383569 136.070635
-91.227762 142.605880
-95.068957 181.803265
43.480584 121.342693
-41.842493 190.414767
-65.778523 175.163825
-79.103503 163.715968
-74.798067 157.703377
-36.138209 163.251450
-16.816125 40.350892
67.275251 268.295306
64.609713 271.592319
101.149858 109.120345
-6.468986 49.315077
12.108779 -79.736867
21.720261 124.136931
34.807037 202.232859
60.153275 265.420957
45.923529 112.473035
101.182267 106.075636
-37.724022 187.511447
154.785277 172.834441
28.444053 190.321299
-7.862017 37.847399
-7.837374 34.860019
42.119334 -52.298210
34.602550 199.817084
43.417889 -49.692966
3.883310 115.374353
-3.374546 37.129239
-16.935934 40.371981
101.917706 106.462304
35.435725 205.575753
33.823829 205.779058
29.006208 202.556281
38.333610 205.270291
37.847107 199.340886
46.870977 -49.889051
43.806382 -52.537350
-8.127978 52.503233
12.736270 -76.658243
155.242590 172.529593
154.671588 175.601140
