date:2018-09-21, time:0900, wind_speed:5.14, wind_dir:167.0, temp:15.3
-167.675316 19.807258
82.197612 211.782051
-76.256927 160.557213
57.385232 118.604091
36.633272 163.805139
-181.816361 103.631973
101.036119 220.669760
-153.104339 -7.371605
86.541705 226.794214
19.725525 190.794339
75.910147 181.668209
-177.680834 88.612047
100.666252 187.588113
-175.944644 97.450191
82.543339 268.942252
4.767527 160.759163
34.553399 -277.323623
0.623791 169.385954
111.489701 223.740662
105.145625 196.509109
92.286126 232.845690
98.678900 235.733756
-1.154733 145.628800
17.479676 166.591282
106.801949 193.626447
61.510412 196.709023
-161.321277 124.865356
-150.780443 121.827294
-156.838824 133.673069
-166.220053 64.291857
67.615642 -226.253131
-174.167769 37.566064
49.095455 121.714294
-51.098264 -190.396154
-88.045518 -169.314451
-63.532734 -205.493144
-150.849013 124.698749
-163.582133 118.849791
-11.635405 -235.634842
-67.984817 -139.488987
40.634745 -274.311340
36.055321 -274.603878
-80.165853 -106.370798
74.012143 -232.330644
57.340796 115.560501
-152.657839 -10.449196
-50.890441 -229.366992
-9.405036 -244.479618
-173.509770 76.592392
-65.099310 -112.377413
-149.520457 79.329244
30.746269 -262.088896
-71.766252 -118.390865
-38.346907 -163.426489
-7.608520 -277.679724
-96.940127 -124.247498
-155.049114 82.381113
65.815625 271.936615
-186.031897 49.623190
-78.529397 -238.641474
-63.689748 -94.311882
-45.009640 -277.729063
-153.118287 127.998836
-134.175125 151.813858
-95.181675 -100.317113
7.750775 178.711895
-7.887960 178.690334
-181.779260 85.675448
-178.627333 85.586864
-182.358126 85.690671
-178.383382 88.764871
-95.275007 -145.287071
-67.973768 -202.465281
-119.748853 -22.491767
-92.567180 -142.393967
-105.476346 -64.299316
-185.473375 31.483734
-58.948279 -175.335676
86.111452 -235.417553
-151.273613 -7.379292
-146.854641 -7.319837
-157.491767 103.548925
-161.556398 103.614520
-165.826932 106.977252
-161.891979 106.591711
-47.109975 -202.323395
-1.105631 199.568239
-119.316289 -115.403016
-92.445157 -58.353954
74.117466 -241.491789
17.642890 -241.516598
70.234174 -265.219428
29.706893 190.874035
-7.434640 -280.602598
-3.468897 -277.613523
-11.686552 -277.671467
-9.193809 -277.354532
69.275064 -241.520210
69.807858 -241.399591
63.589868 -238.263568
63.845142 -241.475790
-108.831016 -79.273475
65.636944 -238.415961
74.212444 -238.227173
-76.058202 -253.503580
-177.789874 37.804768
21.395725 187.720638
74.095770 -235.505016
70.052216 -235.245005
-148.506342 82.633556
28.860939 178.855179
