date:2018-09-26, time:0500, wind_speed:3.79, wind_dir:198.0, temp:17.9
-89.560418 157.515360
24.148699 166.016860
-181.598030 103.340249
86.562203 217.157355
60.477232 178.520631
-177.581599 82.358885
-181.250093 91.498794
-5.769132 157.165762
18.800107 -280.594578
97.605871 223.427827
-14.954410 139.341885
2.706260 162.994414
-159.368605 117.998246
-156.243818 136.510089
-177.137950 64.492017
60.119357 -232.722650
-185.473375 37.485240
-67.645517 -191.145637
-93.783700 -172.567470
-80.166119 -203.150313
-160.835102 124.400093
-164.579243 112.504065
-23.244633 -238.663901
-81.224993 -142.559940
27.135532 -277.593825
44.800610 115.009632
-152.539197 -13.622554
-64.937492 -232.724751
-22.255164 -247.976487
-177.850286 79.182551
30.846483 -265.759806
-85.448275 -121.554669
-48.330979 -160.670085
-109.312728 -119.023593
67.410591 267.938812
-185.886513 49.342480
-89.560418 -238.584036
-84.192163 -97.950342
-161.908811 123.963246
-143.796250 151.513854
-105.246099 -103.930593
-19.126819 172.405400
-181.250093 85.497288
-99.270490 -143.093238
-76.404649 -209.097302
-131.645563 -25.668023
-98.336116 -142.718333
-110.454550 -67.541115
-185.473375 31.483734
-69.207460 -181.725786
-152.850761 -7.846004
-171.917817 106.005505
-177.492575 97.344403
-172.914668 100.501053
-172.914668 97.500300
-7.529761 199.054627
-118.789975 -112.552410
-102.119125 -61.539609
52.549392 -244.913513
2.129257 -244.585542
60.124373 -268.682758
19.437609 187.165669
-21.757185 -278.065024
56.253950 -244.585542
51.698300 -238.704620
52.141807 -247.586295
53.328415 -238.935152
-81.224993 -250.587048
-185.825000 37.408137
10.464682 178.520631
57.531472 -232.866039
-156.696624 76.357123
-152.519528 -13.674316
81.280563 232.582530
93.818932 184.522137
-152.586581 -7.693242
-147.908393 -4.525302
-152.565520 -7.667187
-164.579243 49.488252
-60.442000 -226.581024
-64.554143 -106.550904
-77.112850 -64.540362
-56.218718 -271.592319
-89.560418 -241.584789
10.464682 133.509336
-97.895843 -142.559940
-98.591877 -136.825785
-146.956692 -13.853331
10.105470 130.431028
57.569892 -236.036346
-81.929380 -250.926109
-156.870186 136.243065
-89.945544 -118.668234
-78.420464 -173.097991
89.234607 112.383341
-73.342732 -172.701223
-77.112850 -175.568223
-76.133454 -173.202314
-76.075146 -175.890996
-77.112850 -172.567470
18.364129 187.348871
18.800107 187.522890
-81.224993 -109.551657
-98.320740 -142.718058
-98.656105 -142.794109
-98.841232 -143.013578
9.904570 129.657366
