date:2018-10-28, time:0900, wind_speed:3.07, wind_dir:19.0, temp:3.1
74.142090 115.970612
-9.669182 79.861258
-129.947270 56.023075
-146.672067 46.989686
-80.466785 -250.182789
-118.082429 -46.239253
18.800107 121.506324
-127.125400 -10.526808
-47.883293 -16.528314
-34.725266 100.839892
2.129257 94.499547
48.713861 -244.294185
-84.731669 -25.138951
-68.777425 -256.588554
-109.242530 -48.967346
-10.429450 103.501806
-92.663067 -238.116846
-76.377582 -250.266950
-10.429450 -286.596084
-4.961625 -292.218665
-10.429450 -19.529067
-55.510128 106.862344
15.350498 -286.369962
27.792066 -250.294684
36.587845 -250.117257
-77.112850 -253.587801
-88.408426 -241.002907
77.148082 187.522890
-68.777425 109.503312
52.899299 -256.193526
-68.088417 -250.330870
-34.329590 44.086671
-39.547868 130.508583
-35.098747 -244.480038
-9.664740 124.872149
27.446118 139.607110
28.352421 -250.001599
-13.697532 124.789308
-31.212443 121.506324
-4.935121 77.041436
-9.668182 73.722695
-55.430656 133.856200
-84.317064 -241.037794
-88.312534 -244.070592
