date:2018-09-30, time:0100, wind_speed:1.36, wind_dir:324.0, temp:9.1
-93.608940 154.032392
81.468601 213.797975
56.253950 172.519125
-176.681579 90.635411
-10.328540 154.474321
11.200427 -285.279375
90.142813 219.499570
-13.739319 137.896331
-1.810054 156.649561
-164.205640 114.725247
-155.345772 131.619602
-176.980970 61.407598
56.978712 -236.975178
-184.580173 35.812639
-76.984816 -196.680020
-92.894575 -174.503061
-155.500620 123.062173
-163.599760 110.658493
-84.653720 -147.320750
19.070669 -278.207582
43.806382 112.504065
-147.789145 -16.987297
-76.622817 -239.377638
-176.998215 79.410342
22.999801 -272.152353
-60.282582 -166.964323
-114.472048 -118.624166
60.561823 265.490101
-185.334008 46.001594
-84.630164 -243.244202
-88.765919 -99.161303
-160.310401 121.029732
-113.829436 -108.002385
-18.012670 167.962559
-180.942571 84.750344
-97.895843 -145.560693
-76.989751 -209.036946
-139.421991 -31.574749
-97.623962 -146.670132
-185.201224 31.006748
-76.215431 -186.326755
-147.587643 -8.236870
-177.061699 103.386074
-176.232563 95.588330
-181.072133 93.738160
-5.767226 198.937460
-114.357375 -113.411649
48.071229 -247.629051
-2.094025 -247.586295
52.298779 -271.908277
-30.961028 -280.816462
48.031319 -247.693005
39.741361 -245.100692
52.976610 -252.282991
48.726224 -240.308116
-81.063834 -253.889711
6.451466 172.141154
85.483507 181.521384
-151.869075 -5.036771
-147.186922 -9.289363
-160.042232 45.283244
-68.446949 -229.985423
-60.292085 -109.845385
-81.032503 -71.047472
-88.877632 -246.042311
6.407067 127.296144
-93.583018 -142.774728
-151.896861 -17.134535
6.404964 124.015297
56.506570 -236.188361
-76.947892 -251.009041
-151.232033 134.694333
-89.491911 -124.599368
-89.321475 -179.002438
86.212199 107.994313
-80.948267 -176.034510
-80.423770 -177.218917
-80.284988 -180.580834
-85.109384 -176.377052
14.661593 184.402547
19.547402 182.982166
-85.172383 -113.155521
-93.391239 -146.757300
-93.492467 -143.396585
-93.588509 -145.989210
2.330477 129.825856
-85.302428 -124.979007
-89.206655 -122.247470
-143.028789 149.710894
-143.710806 142.060595
-89.290208 -203.179005
-89.360304 -205.997753
-114.442051 -115.612425
-113.784128 -117.167104
-97.666544 -145.894777
-96.938148 -144.501930
-176.895363 102.978486
-176.730384 102.516899
-80.859224 -254.840369
-76.671062 -254.765977
-76.724570 -254.434407
-76.469806 -255.297918
23.377753 -272.485121
27.531883 -272.398319
27.428454 -276.057391
-72.889568 -202.575000
-81.224993 -55.538103
