date:2018-07-07, time:0100, wind_speed:3.22, wind_dir:306.0, temp:14.6
-105.998919 61.255979
-81.034681 55.167059
47.918525 109.503312
-72.646793 112.225800
98.845196 102.818653
98.735680 102.819113
10.695297 151.235535
10.675785 -79.779588
6.506188 151.199443
56.253950 106.502559
-31.013449 31.233962
14.777922 -76.847276
3.625575 103.876100
64.781243 -256.899619
60.657805 -229.848175
-0.642768 -97.143606
-18.579550 106.224195
118.990584 106.223598
19.002966 -289.846039
10.464682 -79.544127
19.018473 -79.796638
14.756893 -76.796126
56.253950 106.502559
-22.720948 70.162363
10.908264 -77.029798
97.931075 103.501806
-97.730215 55.252508
-89.560418 58.490511
60.631127 244.323807
60.666696 250.296242
36.467361 117.726401
73.097566 -229.867462
-106.069212 10.191617
35.703417 118.174419
43.961803 112.181546
44.000033 112.191886
131.494423 160.221457
57.166367 105.661721
56.253950 106.502559
-168.802525 19.480722
-109.902994 67.030418
64.789216 253.299071
2.320335 109.182127
39.757457 -58.776752
97.931075 103.501806
-26.944910 -19.812509
94.319510 105.996563
44.042015 187.198386
10.464682 181.521384
31.427148 187.276792
-31.004526 -19.853783
-168.802525 19.480722
114.870852 274.316543
-110.251220 64.190978
-110.249502 61.217565
56.253950 106.502559
56.253950 106.502559
56.425246 106.247050
56.488654 106.194658
60.719155 -229.889677
60.711442 -226.876099
-106.231268 -1.524549
-101.874481 4.159065
-167.591245 18.475326
-168.616591 19.220599
-22.675571 -34.857667
10.464682 -82.544880
10.685820 -76.813182
-105.989035 -256.863093
43.979842 -61.861089
35.715232 -58.796266
85.703296 106.243578
