date:2018-06-30, time:0000, wind_speed:2.46, wind_dir:297.0, temp:19.3
-92.935124 73.713045
-17.601307 -149.041086
-67.419096 63.638466
48.360299 108.925877
-46.748769 121.406223
98.253137 102.550442
64.609713 256.588554
102.494923 103.064983
-51.301110 127.385850
140.503066 130.783225
28.026402 160.211852
23.783943 -70.333096
32.493124 165.920317
56.770678 104.996429
70.172283 231.966655
-17.841477 37.576780
32.298548 -67.438270
11.411030 115.792894
81.884113 -242.929000
86.603425 -217.626509
61.615743 -278.126079
23.062625 120.497710
15.398531 -85.440140
3.014459 115.583495
140.514017 118.443882
40.852948 -287.147324
110.489782 103.501806
32.312756 -67.842003
32.129334 -67.734988
15.568143 -97.332394
31.247675 -64.540362
61.460929 106.253524
2.522324 81.428025
-5.080806 75.767640
22.912250 -70.541868
98.072019 103.215025
97.931075 103.501806
-71.607781 63.663530
-67.649116 67.060009
-13.719246 31.198270
65.116667 255.438505
65.121348 257.954639
64.609713 259.589307
35.470957 118.505571
86.503911 -214.308590
7.054292 115.497983
11.506223 115.298165
-50.971929 126.910515
-96.774744 21.790412
-93.783700 22.481475
35.470957 118.505571
44.319359 111.343373
44.104649 111.925098
74.020715 109.331644
148.991294 166.449279
65.526102 106.719051
57.198889 106.390486
-168.802525 19.480722
-93.360353 72.038329
-93.484192 72.676249
