date:2018-06-23, time:0900, wind_speed:1.82, wind_dir:189.0, temp:17.9
67.703636 199.155933
-94.472410 88.273590
-94.012515 37.423473
-27.616393 -139.768005
-23.893177 -158.573867
-23.356279 -223.738490
-61.126854 76.193417
47.085655 109.235580
-48.325483 130.365631
-73.605676 127.278560
100.766995 103.151867
58.713126 265.150962
97.773529 103.486821
-44.293648 139.349792
142.417853 139.121557
18.640855 151.533285
26.320622 175.192689
35.264792 -67.576762
34.384218 178.152125
25.441230 193.011775
67.376946 247.187794
55.281296 106.197289
33.814555 -65.004135
31.247675 -67.541115
46.601535 -284.037047
26.080976 157.330990
26.340175 160.220308
63.876389 241.293124
-10.429450 46.487499
17.484594 -88.981115
96.839775 103.193498
97.706826 103.507791
31.066869 -67.558088
39.432834 -61.525152
14.429034 121.506977
