date:2018-10-19, time:1900, wind_speed:4.46, wind_dir:196.0, temp:9.2
59.974590 136.423513
-10.895598 94.388573
-148.392606 82.346417
-161.606137 73.209857
25.925537 -289.882492
-90.886234 -244.744564
-85.448275 -244.585542
-128.001628 -43.725617
-111.991421 -121.865426
47.918525 -283.595331
-24.198790 -283.861357
14.148386 118.358883
-186.666567 28.318263
9.253963 -289.854180
-148.807177 -19.740908
-35.940482 34.299045
1.597394 142.382700
-135.988043 19.316941
-69.261629 10.371207
5.753257 -229.665359
-77.622731 -223.707420
9.475716 -289.814116
-36.730685 124.208061
-31.687121 -277.715569
-15.046624 130.426773
-94.312313 -244.691786
-90.833449 -244.685665
35.048498 -226.663941
-73.803488 -244.757566
4.926445 -289.900951
-90.092067 -4.665451
-28.070888 -238.806130
-69.764903 -259.684714
-81.224993 -253.587801
-23.396506 142.372281
-115.036606 -43.629316
-23.396926 136.398824
-74.222093 -256.749750
-99.513742 -244.953832
-89.560418 -244.585542
-31.666568 142.427142
-86.700680 -10.703263
-23.695927 -283.775905
-14.541593 -286.596084
-23.302770 4.312478
-73.313264 130.358044
-153.070765 79.344171
30.771555 -265.736136
-69.976788 154.383249
9.601313 -289.742175
-24.139108 139.323024
-23.304407 142.414199
-69.231421 22.293843
-69.264813 19.314280
-19.209905 73.378011
30.313064 148.340692
9.935361 -223.664556
22.432305 -226.737610
-86.660378 -244.727409
-91.154443 -244.921409
51.657311 208.403190
-23.371406 136.354677
-73.330831 136.355336
-32.786362 145.348330
