date:2018-10-27, time:0600, wind_speed:3.11, wind_dir:48.0, temp:-0.3
73.784072 110.792934
-10.429450 73.494276
-130.527948 53.582050
-147.709881 46.783795
-80.838123 -253.065348
-118.321161 -46.063180
-105.824586 -121.086219
19.262453 119.125996
-26.260845 5.804439
-126.884612 -10.215527
-47.883293 -19.529067
-35.435725 97.500300
2.338774 91.777972
48.160537 -247.380506
-85.264872 -31.256056
-68.499521 -256.361853
-110.259740 -52.236880
-10.066058 97.981156
-93.524401 -241.295869
-77.112850 -253.587801
-10.023994 -286.054651
-6.206168 -295.598343
-10.196257 -22.300562
-55.937883 100.800680
15.093639 -289.119794
27.135532 -253.587801
35.675126 -253.382298
-76.858069 -256.287507
-89.339296 -244.334656
77.940409 182.746409
-68.504704 106.774078
52.141807 -259.589307
-68.777425 -253.587801
-34.675384 38.799803
-39.313458 130.732930
-35.171843 -250.313777
-10.429450 121.506324
27.135532 136.510089
27.744361 -252.355048
-13.741270 119.829964
-30.932206 121.775168
-6.017397 73.702373
-10.166956 73.770577
-56.218718 130.508583
