date:2018-08-21, time:2200, wind_speed:2.5, wind_dir:164.0, temp:16.4
-181.748773 34.760133
-165.492153 7.878056
-110.738702 -250.495101
43.577811 115.577233
34.685145 125.533951
39.314095 122.154803
-6.685877 209.443214
51.845136 112.607044
43.031131 115.791367
42.422884 113.296119
26.430217 200.642333
-52.809849 95.489292
63.996629 107.345095
-15.382449 49.893562
34.555766 119.392730
55.252106 107.455108
18.007705 175.970143
-111.041067 -243.573417
34.764633 134.463705
106.286838 259.589307
-27.814836 29.406922
76.630285 178.801561
88.610367 260.563260
34.628281 121.962362
30.649524 121.713146
51.427553 128.269137
88.832070 106.922226
97.392267 193.767013
67.817659 275.226621
42.708013 215.614373
34.459550 167.019261
-73.437583 182.158009
113.400669 245.127931
96.980096 245.470158
97.834761 248.377318
101.842479 257.394560
114.131323 214.848354
-6.973605 86.464823
34.395729 161.559712
-48.961348 146.386572
42.640035 116.007337
126.680243 257.424903
-69.239330 188.469738
43.292914 115.735010
122.209841 232.987117
-181.561561 103.621378
68.344818 190.853695
109.627033 262.959126
-7.272849 62.330510
-6.804023 61.696069
-160.832406 116.447269
117.974921 275.629110
68.097595 275.565816
34.630671 166.922572
34.506656 176.631394
80.745244 155.461997
130.987761 274.661297
22.309519 176.362937
85.100290 173.414423
-43.971855 188.489297
25.999962 200.287612
63.951261 107.573336
84.931850 295.750446
-161.080376 127.770700
63.959492 212.326569
97.218409 293.300926
-157.311183 131.269274
-36.058995 191.391823
55.708324 149.257212
118.305521 248.514237
-119.410833 178.736055
101.448473 254.572558
109.740475 254.642513
9.589666 181.907588
110.221545 245.495764
-44.526156 167.400519
-48.800456 167.313482
22.114810 194.400767
17.647174 197.537874
14.090695 185.369702
-98.598816 170.453209
109.618948 250.848151
34.846973 122.412777
-102.428454 173.484247
42.330759 182.095119
43.106323 191.471319
51.355144 115.965223
-156.537586 103.568100
68.252782 218.307880
-157.067728 124.923480
-149.393315 101.085611
47.057007 139.839243
89.262568 257.719155
142.884654 247.984797
39.185136 212.315585
38.493993 188.535983
43.002558 191.358512
42.761180 191.572008
-169.735001 116.550646
-148.763291 118.842660
101.160950 278.487220
117.542858 254.184531
47.279235 212.630703
9.784714 158.381422
30.882980 149.325071
117.818324 242.444136
-152.362397 1.583856
117.591795 209.536800
84.496712 155.375201
114.095470 257.412056
-153.055493 83.141134
38.626439 155.470372
34.779800 155.417405
34.652359 155.039348
39.007391 160.790344
43.093628 167.286672
42.634141 161.411294
-102.128818 170.244550
110.150407 259.694437
110.182749 256.693410
105.629261 260.398398
-69.672780 155.334634
47.504311 212.433331
89.075628 197.611491
101.609559 212.463173
5.502637 122.611779
14.009245 -87.506558
59.810334 158.479629
55.680231 155.113119
101.212750 287.326531
47.309910 166.726875
59.698717 230.246482
-144.902151 152.173359
142.933953 220.930278
22.551864 197.213353
126.721511 197.344706
-127.393591 157.605548
-152.452484 112.609242
-152.388592 100.536798
68.270179 -265.333995
93.409494 182.551075
151.949957 151.557308
-94.346770 184.751737
72.419808 139.753213
51.873886 166.619266
-2.332260 58.590545
-2.094025 61.491264
-3.293482 62.004820
-173.544833 91.754809
93.316198 154.697756
109.634127 256.886786
89.018320 157.737430
22.325952 157.724943
109.645308 209.066417
-90.120110 178.736350
122.357682 220.876087
-144.077152 124.567944
-157.364197 127.904426
-156.480043 124.554702
-156.473347 124.542207
-157.498110 124.998277
-99.340404 185.051681
19.264539 196.150425
19.048355 197.619080
