date:2018-07-04, time:0100, wind_speed:3.02, wind_dir:326.0, temp:22.2
-100.658572 71.134480
-77.112850 61.491264
48.149784 109.298908
-68.495845 121.286408
98.197667 103.284788
97.931075 103.501806
-59.921679 127.159386
14.576825 157.515360
16.205763 -73.026984
16.147436 164.126658
56.253950 106.502559
-26.788620 37.326409
18.800107 -67.541115
2.732861 112.140243
69.225346 -249.106278
69.074073 -217.743489
49.607466 -280.106550
16.161600 118.949887
2.414887 -85.754009
-14.035890 113.977524
127.461131 115.346918
27.468425 -286.804440
19.091112 -67.775478
23.751565 -69.684276
10.464682 -97.548645
22.912250 -64.540362
56.585176 106.308170
-9.103414 80.149764
-18.190864 73.055693
14.576825 -70.541868
98.226420 103.285528
-89.270775 62.998726
-77.112850 67.492770
60.730717 253.354332
60.693723 252.052575
64.609713 253.587801
35.470957 118.505571
77.857212 -216.088110
-5.778328 114.027939
-0.685780 113.232627
-110.146809 22.281528
-97.895843 16.479969
35.470957 118.505571
44.333149 112.135006
43.806382 112.504065
136.021901 166.099516
56.559468 106.323510
56.253950 106.502559
-168.521075 19.311193
-105.924198 70.275691
48.797431 -279.948462
64.867061 262.366211
7.018986 114.914619
64.609713 256.588554
43.806382 -52.537350
98.187146 103.264743
-22.577561 -13.766707
98.514999 109.129372
48.067240 191.742631
23.908225 122.212790
23.957079 191.226965
36.086812 197.384740
-27.100300 -10.526808
-168.529018 19.257690
119.268655 284.472707
-106.231268 70.493523
-101.883689 70.312463
64.909232 106.349261
56.253950 106.502559
56.807342 104.884332
56.796167 106.133838
56.590453 104.663256
-30.308004 30.972654
69.279548 -219.512805
68.812657 -217.578765
-97.441358 15.330995
-97.650192 13.208933
-168.253317 19.065980
-168.352281 18.304055
