date:2018-09-09, time:1600, wind_speed:1.72, wind_dir:54.0, temp:17.7
-160.159697 8.499195
47.445559 113.473279
39.583100 118.505571
77.812738 152.243016
65.174487 245.190263
21.966651 173.176485
91.071989 205.989315
-72.195157 151.969459
51.320651 110.393605
36.449154 154.943716
-22.763302 20.149230
67.414613 245.213739
-56.713299 146.050643
-177.137950 94.499547
105.631020 212.158491
-46.800765 125.024970
32.662186 151.898216
119.616016 217.913519
-143.340630 -16.046786
36.139930 121.971043
95.053851 221.029484
93.719125 215.364891
23.133982 185.338338
86.449143 172.983525
123.873817 188.048789
-176.918664 83.508328
-172.914668 79.495782
105.367015 179.310105
-177.416158 86.178000
-176.358067 92.030505
77.848605 260.192708
24.337313 152.004602
57.511576 112.969918
-61.201188 128.163318
43.416164 -285.785072
119.249785 161.232814
9.605080 163.950610
-50.929946 140.261193
111.578364 215.209480
27.211438 137.335761
73.922272 140.031457
115.432622 188.008948
100.935399 221.315543
102.837386 227.030657
15.774193 152.015392
10.296769 167.275701
1.223623 137.100062
22.252572 158.148115
119.904590 185.106714
115.695242 185.167128
15.364164 158.109708
55.233401 113.070516
64.589375 187.522890
-155.590037 115.989295
-146.652124 113.220243
-151.516066 128.200802
40.277798 -241.072374
-160.858358 53.048164
82.365069 -235.361254
-171.960593 29.164271
48.952590 112.905971
52.141807 112.504065
52.565922 112.992048
48.889892 -280.069296
-43.918289 -201.827701
-84.323627 -178.201784
-134.284563 128.178287
-55.053989 -211.201272
-172.895724 26.367067
27.650437 182.104757
-149.079008 116.153763
-140.222500 53.335370
-158.986404 110.068231
-159.707014 110.292009
-155.553237 5.076097
36.270867 -283.052809
32.106936 -231.827320
-152.628637 23.214822
-113.628703 -115.063355
-138.799310 131.217537
-5.195277 -240.953346
-63.805006 -148.142432
47.210943 -279.742167
40.883411 -282.806109
-72.113214 -114.920267
-93.308907 -244.008872
-136.187996 113.066666
2.720175 134.038569
3.336109 137.045751
11.596684 154.962019
82.202950 -241.164101
78.327203 -241.170890
57.263523 110.392176
52.414058 110.274216
-147.253748 -15.818298
-147.003822 5.073909
-147.209033 5.143142
-83.861799 -115.194385
-52.082003 -240.726418
10.428029 131.029872
52.219809 113.187635
48.146706 113.149674
14.668137 152.416962
32.636506 122.207019
-9.760031 -253.022766
