date:2018-06-28, time:1500, wind_speed:3.52, wind_dir:187.0, temp:18.3
-91.121450 79.689030
-91.080204 28.613659
-18.764875 -145.560693
-22.877018 -232.582530
-64.970591 67.444733
46.932621 109.438525
-45.346217 124.678135
100.593187 103.606088
64.181408 262.518786
101.734292 103.476591
-49.392328 130.754593
142.246764 133.634294
27.135532 163.516866
25.556013 -67.410098
30.805829 172.484991
25.629073 187.629504
54.730377 106.618205
26.132652 148.450864
68.398449 238.561513
-16.081223 40.646199
106.266500 103.501806
33.889010 -64.457833
12.964297 118.687426
80.918657 -238.675859
88.061191 -214.434492
63.708509 -274.607617
25.697621 121.560778
17.303833 -82.358730
4.723642 118.652056
142.339913 121.582098
43.420402 -283.662072
110.139482 106.502992
34.552235 -64.483346
33.873534 -64.408195
17.354834 -94.365870
30.913994 -61.594178
63.028460 109.648603
4.734201 82.559412
-6.597454 82.445841
22.532649 -67.595182
96.901679 103.467637
96.509925 103.623262
-69.730132 67.439618
-66.066390 73.613818
-11.841150 34.521715
63.652299 259.596038
63.604148 262.603083
63.038849 259.759637
64.235096 262.574675
34.538785 118.420969
87.955838 -211.503862
8.922591 118.573002
0.710579 112.653732
13.048102 118.635247
-48.855939 130.621198
-94.662459 25.397988
-94.159225 25.459805
35.067781 118.449252
42.872691 115.516865
41.903438 115.724976
76.192656 112.550956
150.722425 169.625724
66.839383 109.710359
59.514764 109.577372
