date:2018-10-24, time:1500, wind_speed:5.73, wind_dir:331.0, temp:6.3
68.812657 127.507830
-9.856555 88.186866
-139.572968 70.493523
-152.131675 64.492017
-81.224993 -241.584789
-117.752377 -41.032857
-106.231268 -118.553916
18.800107 121.506324
23.489786 -286.887548
-27.100300 22.481475
-131.237543 7.477710
-52.127112 -5.490010
-56.218718 -238.584036
-35.435725 115.504818
-2.094025 115.504818
43.806382 -235.583283
3.316810 -293.099756
-85.448275 -13.527561
-18.220063 -247.909925
-64.026081 -256.868203
-72.508893 -251.432975
-109.901173 -49.860885
-9.323154 120.973567
-93.783700 -241.584789
-80.681332 -238.927999
-14.541593 -280.594578
-6.206168 -283.595331
-14.090075 -5.498072
-59.860362 118.230083
10.464682 -286.596084
-14.541593 133.509336
-14.541593 136.510089
39.583100 133.509336
23.450888 -238.926308
35.470957 -235.583283
-77.112850 -241.584789
-89.560418 -241.584789
68.812657 196.525149
-72.889568 127.507830
47.918525 -241.584789
-76.588692 -241.880749
-42.617758 51.970173
-43.226771 145.209112
-39.547868 -229.581777
-14.541593 136.510089
-9.844759 130.235380
22.912250 151.513854
24.002571 -239.128926
-18.222463 136.209772
-21.718737 136.013187
-30.149153 136.052825
