date:2018-06-12, time:0700, wind_speed:1.92, wind_dir:242.0, temp:16.7
76.615222 236.970716
-85.599909 126.617451
1.357173 -291.734674
-89.812808 66.469751
-111.186302 -252.411223
-110.587472 -254.173901
-98.215878 105.650742
-23.677959 -105.446592
-6.952328 -120.354607
-27.691526 162.079273
-18.441620 148.977105
10.355018 -289.829305
93.294550 264.187102
-19.070012 -176.727875
-64.815025 159.543016
-52.798462 119.542704
43.216397 111.111673
-47.407134 173.343602
-68.889938 162.505361
-77.695882 144.126373
-73.614676 143.836321
-19.780859 23.242871
72.565496 258.471425
68.435338 258.430410
97.712881 102.726161
18.151446 119.694482
35.389192 193.379309
60.309001 264.631345
101.946419 102.579620
-36.278704 173.425290
152.066494 159.615597
26.918321 180.296777
-6.909657 20.665092
39.096948 194.803375
43.698444 -61.732585
-2.318810 97.038645
101.892664 102.497920
30.257798 194.252665
22.805350 189.647965
39.336950 195.337021
39.583100 196.525149
47.582565 -56.852329
43.571213 -62.792343
-14.233708 41.268238
6.575477 -87.773290
155.365301 155.662875
147.375637 162.109320
56.037058 106.154552
60.442000 265.590813
60.027136 264.316166
67.841270 -267.563276
55.444792 110.591884
60.215960 243.723753
41.465871 -62.111336
46.250363 -59.499000
41.928895 -62.933073
