date:2018-07-06, time:0400, wind_speed:4.69, wind_dir:220.0, temp:24.9
-107.328780 63.402107
-81.603897 58.183258
47.492762 109.151323
-73.252168 118.136708
96.784541 102.469323
97.931075 103.501806
-64.554143 121.506324
9.723140 153.807251
10.086718 -73.869624
5.818072 157.194985
56.253950 106.502559
-31.571249 37.174217
14.576825 -73.542621
-2.501572 112.188172
64.239586 -250.925084
62.294624 -223.626840
38.744629 -281.348046
13.348968 117.553137
-6.608791 -85.924610
-19.120810 112.212372
117.786091 109.597645
17.642740 -287.609305
12.527192 -73.637650
18.440696 -73.884016
5.896382 -97.859329
14.150116 -70.831337
55.908824 106.167236
-23.294966 73.200172
9.273025 -71.520413
97.487963 103.204913
-98.314478 61.111329
-87.374485 61.713162
60.043022 250.249429
59.261450 246.581036
60.052217 253.307449
35.470957 118.505571
68.372577 -220.887228
-11.639546 108.501471
-11.221026 108.894598
-114.920410 22.147773
-106.231268 16.479969
35.098071 118.146076
43.806382 112.504065
43.806382 112.504065
130.862100 163.134337
56.253950 106.502559
55.804058 106.124202
-169.188537 19.103835
-111.280211 69.803528
63.375400 258.625222
1.740433 112.139238
60.008670 253.288147
39.583100 -52.537350
97.931075 103.501806
-27.492848 -13.835660
93.443210 109.192760
43.806382 190.523643
13.753974 117.826545
12.534094 184.642930
30.893821 193.228913
-32.091630 -14.195587
-169.251888 19.138981
114.184023 280.250958
-110.824921 67.108171
-110.454550 67.492770
60.080119 106.180861
55.799320 106.221674
55.832755 106.211509
55.039769 105.512113
56.253950 106.502559
-35.859716 28.156993
59.371908 -227.657976
59.286286 -221.599890
-104.198886 7.519298
-102.119125 10.478463
-169.181119 19.133001
-169.969469 18.434336
-22.877018 -31.532079
12.483162 -73.449939
10.464682 -70.541868
9.692450 -77.251116
-106.643392 -256.941298
38.813691 -56.233586
34.073448 -55.425699
85.057679 109.134736
