date:2018-07-09, time:0300, wind_speed:2.27, wind_dir:229.0, temp:17.3
-106.231268 55.489758
-89.225797 44.933264
47.337904 108.880567
-77.496763 106.020346
97.931075 103.501806
97.931075 103.501806
5.707698 147.977879
6.099474 -88.753243
55.197657 105.545543
-35.435725 25.482228
64.391371 -262.774214
-6.206168 -103.550151
-19.091841 97.138538
114.184652 105.081886
5.915964 -88.891662
14.048889 -89.974302
10.109541 -82.971167
55.882809 106.124027
6.097726 -79.773411
96.908102 102.545747
-98.469259 48.968628
-90.187746 50.957854
59.235867 243.652311
59.796897 244.049827
68.400066 -236.025157
-106.221367 2.962772
34.711758 117.947956
43.232756 111.894081
42.970419 111.939236
126.758657 154.132100
56.253950 106.502559
55.083505 105.586502
-168.802525 19.480722
-114.912971 64.115807
63.862617 240.987412
-6.206168 100.501053
35.117473 -66.081546
97.350230 102.948422
-31.676934 -28.927243
92.716847 105.724219
43.412708 181.106168
6.469160 174.104481
26.982126 178.289664
-35.816126 -28.912675
-169.010924 19.256273
110.076473 265.259197
-110.920410 55.109479
-114.992888 55.197697
56.253950 106.502559
55.954684 106.118260
55.618358 105.957900
55.573011 105.904978
55.833313 -239.027988
55.892686 -235.981723
-106.225650 -12.022222
-106.582985 -1.803618
-170.045369 18.617133
-169.336460 19.008120
-31.191718 -41.917244
9.915644 -93.057505
5.647115 -83.051446
-106.815061 -257.151541
39.018611 -62.973930
30.928066 -67.903280
80.556774 104.968794
60.051835 244.254000
39.610899 123.105530
