date:2018-10-05, time:1000, wind_speed:3.75, wind_dir:9.0, temp:10.9
63.940735 172.887201
97.116903 220.788667
-7.622577 136.891424
10.464682 157.515360
-161.232572 115.658155
-143.796250 130.508583
-73.793270 -199.281858
-82.222682 -178.194692
-148.863357 124.725785
-156.474783 112.774974
29.954108 -274.226445
55.025722 115.841938
-73.349698 -238.577694
-168.527261 82.623937
-85.907155 -241.190104
-15.378946 163.820205
-172.698744 88.581974
-92.323762 -139.542193
-70.229231 -205.151667
-127.906756 -31.264196
-86.275970 -142.335885
-176.742849 34.511957
-69.648234 -190.292699
-144.604576 -7.460079
-173.921638 103.722149
-169.057976 91.840682
-177.294776 97.816559
-103.513303 -109.109681
54.867501 -247.212727
1.145780 -247.451974
55.628395 -271.417829
-23.824485 -280.391415
54.978521 -247.318422
59.008706 -253.235556
-73.851467 -250.367859
88.752353 181.721010
-148.401003 -4.494217
-144.641526 -10.406964
-152.965117 46.845657
-65.040308 -226.425556
-73.758625 -70.197752
10.179588 127.675247
59.565712 -232.271052
-69.649811 -247.292527
-81.956928 -178.358746
-83.662009 -172.244560
-77.864421 -181.321571
-73.383932 -184.510883
-82.139500 -172.289523
22.532278 178.754409
-83.759156 -109.215624
-73.546181 -124.326427
-137.835204 145.883844
-78.025090 -205.353579
-73.286851 -250.422087
-65.050384 -256.256121
-69.604785 -256.521653
-65.545360 -202.178188
-73.937022 -232.475298
-68.930728 -61.400141
-177.991702 49.659479
22.723167 -268.322827
23.170838 -268.432219
-140.030366 -4.374937
-143.796250 -4.525302
-140.046430 -7.353858
-23.756763 -277.342262
-123.319019 148.733295
-151.200806 64.418595
-29.780953 -199.232314
59.590262 -193.360846
-37.318065 70.774689
9.535292 187.850483
-69.119017 -226.253374
-132.202633 55.714132
-123.962267 148.690950
-119.579341 148.587965
-58.592666 181.839324
-61.272329 52.709687
60.014332 184.717575
-69.647345 61.857143
-148.694920 34.688953
-81.224993 -208.576506
-18.480402 118.733705
-11.274970 76.639871
-40.455349 -1.178139
26.696230 184.707975
-148.474343 133.601531
-148.287085 127.682033
-148.947953 133.671641
-3.035329 115.768098
-0.229264 -184.381342
-64.814100 -229.328122
-65.454443 -229.202385
-127.456807 31.722079
-84.065459 -241.778713
-82.705845 -241.337608
-70.067346 -178.286571
-77.318212 -178.237427
-77.895176 -181.205497
5.953134 -283.222152
13.725855 -283.405805
-126.820269 61.433932
18.800107 -283.595331
13.719158 -283.344878
-58.112577 34.782050
-119.515516 -7.379158
-28.056803 163.726875
-23.166535 -241.377891
-22.877018 175.519878
-23.287090 181.677476
-81.036742 -241.286498
-84.639186 -241.446268
-82.690658 -244.272746
-85.142070 -241.575306
-84.579682 -244.590959
18.800107 -283.595331
