date:2018-09-08, time:2100, wind_speed:3.29, wind_dir:340.0, temp:12.9
-162.918056 7.085998
44.827712 112.252219
36.484529 118.114981
73.273582 151.414455
60.812789 244.427720
15.261497 172.219485
86.167917 205.382247
-76.755053 151.390776
48.906132 109.200055
31.580061 154.353678
-25.481729 19.007523
64.609713 244.585542
-59.390694 145.232848
-176.171049 94.170922
-50.974139 151.309455
98.906778 211.230737
-51.504107 124.271967
28.236979 151.259279
114.952540 217.399722
-143.796250 -16.528314
31.604701 121.387087
90.660845 220.348549
91.101573 214.158568
20.422995 184.026774
81.616425 172.385062
27.810755 121.174070
119.499594 187.349137
-179.699625 82.095086
-175.906046 79.036417
98.514716 178.296110
-180.152553 85.293161
-180.610364 91.267899
73.312838 259.451721
19.458303 151.301076
52.733627 112.230121
-67.848628 127.210400
40.630562 -286.878154
114.601925 160.516113
7.200531 163.271471
-55.583781 139.337001
106.959626 214.389879
24.278935 136.001760
69.390733 139.250889
110.883009 187.425260
94.411125 220.285025
98.292507 226.439703
11.120548 151.335198
60.744859 244.496090
7.806963 165.990296
-1.418373 136.246684
15.656223 157.218796
115.495271 184.237021
106.909435 184.298121
10.769147 157.348824
48.278489 112.327443
61.416272 187.164779
24.089266 151.103343
-160.122878 115.412675
-151.488763 112.161568
-155.927312 127.419415
35.820536 -241.706451
-167.478796 52.031076
77.810148 -235.871856
-176.832334 28.336304
44.353117 112.191721
48.973229 112.233544
48.314051 112.380943
44.448843 -280.823715
-46.893345 -202.912612
-88.937635 -178.791326
-134.829737 127.248961
-59.763955 -211.801599
-12.968706 -254.132120
95.429995 220.133455
-176.063085 25.189517
23.259148 181.427583
-155.595977 115.198957
-142.787049 52.171059
-163.504767 109.342738
-164.245643 109.417140
-160.130263 4.338666
31.555194 -283.694254
27.488084 -232.693512
-159.484720 22.257493
-118.392422 -115.730066
-143.431368 130.387241
-9.794930 -241.823241
-68.436765 -148.727709
40.602365 -280.851784
36.416416 -283.793562
-76.790557 -115.661908
-97.895843 -244.585542
-143.198425 112.192799
-1.805367 133.393591
-1.360760 136.295982
6.847513 154.245753
77.877248 -241.900199
73.574387 -241.794071
52.439492 109.412561
47.918525 109.503312
-151.799104 -16.646154
-151.766670 4.329342
-151.790919 4.338492
-88.517641 -115.840922
-54.652225 -242.113547
7.846761 130.165143
49.471052 111.999673
43.806382 112.504065
7.944247 151.124205
