date:2018-08-01, time:0600, wind_speed:1.36, wind_dir:163.0, temp:20.1
68.705975 103.509089
59.639093 106.508081
-60.442000 -103.550151
-48.606921 -103.430600
59.932576 244.787512
59.467964 244.559966
42.665741 112.486738
47.597119 109.612429
-173.817698 22.707902
67.355269 103.245247
47.154960 109.740060
-177.926825 37.668620
47.025420 109.618317
47.094506 109.666051
-161.298857 7.685362
-112.158670 -253.850533
-39.852814 -79.420855
-12.042924 115.239314
-160.637115 10.534712
-177.963710 25.680183
-57.658062 19.282965
46.914038 109.565282
55.279817 106.553877
47.809778 109.586246
46.897963 109.585037
42.628374 112.331577
43.254490 112.781781
46.260434 109.143556
-6.797806 115.628208
55.527613 106.737894
92.893581 106.704479
-31.391904 112.533220
46.160251 109.236051
47.185070 109.595174
68.018170 103.750351
55.269224 106.566694
59.570032 265.745332
42.858920 112.604907
43.323438 112.613422
47.310332 109.659432
-56.541233 -40.532482
43.154226 112.548917
42.889392 112.604223
43.119951 112.591052
42.490723 112.354981
46.861965 109.565146
-65.519589 19.674490
55.070489 106.429414
47.324086 109.664806
-7.350099 196.533223
-2.611985 -67.355732
42.579941 112.521194
42.859398 112.610140
-174.082488 22.385432
42.870513 112.624640
42.165158 112.222889
55.165118 106.524053
42.137682 112.388479
47.399815 109.766228
-14.955942 -25.481979
-20.244971 163.370807
-10.604101 160.535936
26.626213 121.675449
67.972285 103.594404
34.849092 193.774817
-19.884823 43.491342
17.250624 181.483496
42.481854 112.311236
47.042454 109.504004
-103.761595 -250.747113
-7.320121 46.418045
-32.819843 109.124570
-35.796438 115.581713
-19.554380 -46.413309
75.724898 103.440482
0.913326 55.395401
18.800107 -91.547139
-11.948075 -10.716130
80.908723 103.558576
72.809225 280.677115
41.838507 112.318455
-10.792402 43.535501
42.642864 112.550140
43.009472 112.670103
42.678923 112.566624
43.806382 112.504065
63.892339 106.672517
67.199106 256.422848
67.290733 103.241207
58.560724 109.304578
8.716573 64.101393
35.331608 196.552421
68.777425 271.592319
46.147067 109.168169
46.204584 109.262943
46.947031 109.498589
0.840956 178.415210
-111.186916 -253.280369
-110.762101 -253.456999
-110.803776 -253.436620
-111.163315 -253.430682
101.535578 250.770791
43.144144 151.727036
39.583100 178.520631
-139.572968 154.514607
