date:2018-08-25, time:0200, wind_speed:1.4, wind_dir:184.0, temp:16.7
-165.068730 7.211258
42.702817 112.045239
35.057922 118.186405
36.870071 118.295021
43.081323 112.117654
43.555894 112.446410
-17.549561 34.216911
55.564656 106.211598
15.847256 163.179284
32.501122 121.227169
101.033054 250.036325
-30.529316 15.868378
74.518258 166.379458
86.775170 247.369143
34.759069 118.175353
28.291088 121.386307
49.186292 109.334162
86.816008 106.062107
95.165829 178.362828
66.112816 262.490629
39.229608 199.145458
30.926807 148.356941
-73.586137 166.157609
97.722284 229.453633
94.867118 231.954353
96.794022 244.189734
111.373606 201.992497
-9.626214 72.696683
32.059204 151.034742
125.924514 244.105824
-71.404051 172.279476
43.616114 112.440717
119.599518 220.110523
-181.736927 94.210107
65.979898 175.316719
106.100427 246.895713
-8.820468 46.077917
115.818918 265.112631
66.214810 259.296881
33.902294 154.086544
32.202156 163.162483
128.295257 259.331492
22.912250 163.516866
82.401156 157.244144
-46.743254 172.226996
83.997269 283.184340
-163.469185 115.057078
-38.263124 175.365435
50.930079 136.073462
113.563388 235.060801
-121.816714 163.184557
107.016708 240.896785
4.791355 169.024749
107.449773 232.344791
-45.030292 153.906785
21.256979 181.060570
11.586758 169.417522
107.407836 238.057233
34.936814 118.275749
42.421313 177.877767
-157.245823 88.166396
67.136922 205.152552
-159.399207 112.077483
86.644733 241.275326
140.386117 235.013280
36.950158 175.120092
40.842631 178.253557
-172.122471 106.250107
98.652346 265.091385
115.334307 243.799464
46.369580 198.931172
5.746706 145.180840
28.243709 139.443023
115.650564 229.197647
-153.268167 -10.955659
82.281782 145.124764
111.827796 241.272296
-152.375411 70.321090
35.131454 145.085374
32.718705 139.128585
32.541649 142.387768
37.161754 145.297038
107.878211 247.259517
106.013820 244.421917
-71.329367 142.295016
43.310947 196.248322
85.465588 180.973146
99.334913 196.262064
3.207929 112.336628
57.229102 142.090357
53.023780 142.006863
43.548885 151.432897
-146.756517 139.412439
140.847632 208.128920
19.971315 181.352611
-130.544098 144.884445
-154.978213 100.302110
-96.999306 175.214506
49.465258 154.182113
-5.385374 48.838454
-4.973823 49.318882
-5.335476 51.984256
-173.666545 79.023009
90.560857 142.047272
86.619781 142.427633
21.844417 145.191942
109.122947 195.938791
-146.764006 115.331791
-158.866047 112.411898
-159.498463 112.131499
-159.315115 112.191451
-159.501194 111.978215
-98.105958 172.486486
18.621094 181.458878
15.760833 181.395330
94.746019 280.208553
-92.460264 169.267207
-173.604606 76.239807
44.582959 175.220377
38.168197 178.074647
70.360311 127.132562
78.771604 139.260409
78.750615 136.212457
55.829125 220.087249
78.195540 232.298881
30.236122 148.168540
30.997726 148.403692
29.781925 148.122708
-163.383838 112.104813
-163.278753 109.166007
-44.541501 160.115457
-44.504876 153.841365
60.370624 -277.562363
-60.560716 187.487891
-14.541593 172.519125
97.931075 196.525149
