date:2018-07-18, time:0200, wind_speed:3.61, wind_dir:312.0, temp:19.5
-122.367717 45.262496
-101.135306 32.243081
-97.546958 102.154831
97.859326 101.847349
98.423454 102.316682
-14.040758 144.573613
56.413717 104.911700
56.644181 -266.882019
-10.480245 -108.222625
-39.632413 92.801521
102.877998 103.816670
-17.849595 -93.667302
2.170095 -96.040530
-10.715401 -87.284037
98.294076 101.988975
60.246326 243.000566
60.863156 244.029034
36.130880 117.607927
43.880806 110.817092
56.386763 104.915762
-168.231294 18.352508
68.644139 236.766876
98.406687 102.981500
-60.280124 -33.131706
85.994195 105.703794
22.843327 175.802697
-60.570074 -33.224943
-168.264453 18.488182
-127.093756 50.702240
-130.939466 48.126705
56.193014 104.738623
55.977874 104.611695
56.751134 105.693761
56.805254 105.616842
27.324473 -244.119964
-123.019771 -6.277362
-160.598262 14.830592
-47.542191 -47.933355
-6.312207 -99.200082
-106.397269 -258.333795
6.338741 -72.154653
69.422059 102.364345
35.456969 116.759795
-160.611450 14.748699
-159.921385 15.668070
60.882008 264.439550
-168.188199 18.697667
-26.705790 33.157539
22.774928 200.875429
56.253950 106.502559
56.439435 104.925034
69.153603 105.139567
-31.325058 -9.282859
2.213971 191.963292
56.473854 106.196135
44.864318 197.182965
39.853333 196.239941
102.466632 288.112977
-1.556242 -20.445588
-10.137432 81.207370
56.440669 104.747214
47.936405 107.795009
48.523876 108.599678
48.402350 108.246818
48.243747 108.022205
