date:2018-06-24, time:0300, wind_speed:1.3, wind_dir:270.0, temp:13.1
64.979300 199.170807
-94.326666 88.695792
-94.057137 37.501146
-27.566740 -139.436423
-23.233564 -223.092106
-60.966580 76.676411
47.149628 109.545922
-48.563575 130.627825
-73.286444 127.708840
98.819223 104.183654
60.419560 265.435067
97.433478 103.509918
-44.224657 139.855688
140.280842 140.388066
18.383529 151.588016
22.411896 175.875903
34.944731 -67.263096
30.626514 178.685015
26.625609 193.432194
56.966548 105.896765
35.274578 -64.569121
30.961420 -67.656968
44.870461 -283.089158
22.282103 157.810299
26.326217 160.506879
64.215788 241.697006
-10.826425 46.538325
15.674008 -87.940751
97.048775 103.892643
97.341456 103.660610
30.940454 -67.452138
38.896404 -61.517274
14.170226 121.649100
90.020927 -235.936061
94.013366 -211.772267
-5.972365 40.158908
64.828325 -268.932651
23.119153 124.102063
18.849769 -76.848988
14.520315 118.224413
147.987399 124.324914
52.141807 -283.595331
