date:2018-06-07, time:1200, wind_speed:3.28, wind_dir:168.0, temp:17.5
75.206793 247.543442
-82.410001 135.591934
4.324150 -277.770923
-79.089915 82.278915
62.763935 253.246744
50.250976 124.443563
-89.560418 115.504818
-108.001671 -238.490411
-108.130579 -241.839517
-94.093092 115.633462
-27.043309 -92.009987
-6.590247 -106.514013
-27.811325 175.673084
-7.760125 163.579798
-2.870419 211.650497
-99.648015 118.569666
12.505254 -280.700126
104.678662 277.459003
-15.593384 -163.544477
-61.137901 172.657556
-49.004619 136.641624
72.587381 109.572408
-86.914691 142.557379
-90.650928 181.476183
47.918525 121.506324
-39.547868 190.523643
-61.526472 175.592290
-74.728560 163.311498
-70.585137 157.378667
-31.599035 163.645263
-14.541593 40.485993
67.568079 268.644699
68.450125 271.668516
101.782402 109.528452
-4.207374 49.268017
14.576825 -79.544127
22.140974 124.593819
39.219197 202.675787
60.442000 265.590813
50.426264 112.267408
101.768931 106.533169
-35.435725 187.522890
159.118422 172.422156
30.858424 190.623092
-3.613792 37.459208
-3.518470 34.416334
46.508785 -52.552405
38.924131 199.622648
47.700892 -50.012331
10.464682 115.504818
-2.793083 37.623824
-14.541593 40.485993
106.174195 106.146160
37.819678 205.548276
38.077295 205.572356
33.451980 202.366705
38.854057 205.719875
38.434743 199.651738
47.530013 -49.435102
46.046093 -52.581322
-3.829170 52.336417
17.071617 -76.452086
159.490534 172.196299
159.276652 175.222606
