date:2018-10-16, time:2100, wind_speed:0.58, wind_dir:239.0, temp:7.1
60.608882 151.422935
94.378589 202.237051
-9.838930 111.974304
-147.251198 105.734506
-151.707584 103.299360
-160.451796 91.443988
27.369579 -289.822208
-89.101788 -245.036310
-177.010130 79.337644
-84.776500 -233.395703
-126.244088 -44.571127
-93.692988 -163.626386
-109.374493 -122.591877
48.872342 -284.648823
-22.278286 -284.081848
-68.200860 -260.092883
15.046327 118.083364
-76.642636 -148.952612
-84.377465 -225.637970
-184.768243 27.992189
11.181479 -290.407439
-147.000311 -20.564361
-127.134350 124.464316
-38.881957 49.139626
2.377784 160.449725
-68.422913 -253.798884
-138.999427 34.069215
-68.657448 157.432713
-72.912986 28.395389
-85.471068 -229.605430
6.241330 -214.608728
-64.568154 -253.644759
-81.270029 -205.636376
10.724927 -289.793203
-31.064331 142.457095
-31.088125 -265.708737
-17.564072 149.419538
-93.624685 -244.655174
-89.112767 -244.968267
35.447098 -211.629020
-38.701500 -281.708466
-71.316686 -226.089128
6.725384 -289.995785
-14.591595 -121.606575
-93.498499 10.289942
-30.669072 -220.947232
-68.498990 -256.876840
-81.275118 -250.628884
-22.277375 163.060755
-118.099010 -25.975466
-22.707221 157.495194
-72.631823 -256.651769
-72.110311 -257.265773
-96.907276 -245.627615
-89.301661 -244.607461
-30.086006 158.414549
-22.720038 151.414292
-85.258856 4.349793
-22.897085 -283.634352
-14.414804 -286.657806
-22.865523 16.466019
-72.774078 145.449776
-152.204196 97.420286
27.655847 -248.184064
-68.498050 169.447280
11.255078 -290.646573
-22.656080 157.436788
-22.875491 157.428979
-68.245153 37.054457
-72.681577 37.433642
-14.347055 28.441992
-18.127584 90.989616
31.165129 166.455196
7.405619 -204.821273
24.073440 -210.585770
-84.770308 -245.350804
-89.298159 -244.731556
47.938863 223.580271
