date:2018-10-28, time:1800, wind_speed:2.5, wind_dir:196.0, temp:6.2
73.276919 114.741114
-10.742496 78.632079
-130.852795 54.858423
-147.368860 45.679177
-81.481918 -251.460827
-119.135257 -47.694311
17.907723 120.334619
-127.125400 -10.526808
-48.774081 -17.721347
-35.680632 99.500816
1.269863 93.366682
47.798156 -245.575923
-85.672460 -26.407728
-69.695976 -257.777699
-110.156754 -50.117082
-11.421505 102.468683
-93.550084 -239.127984
-77.436263 -251.584795
-11.488252 -287.755074
-5.875857 -293.361416
-10.429450 -19.529067
-56.500060 105.601356
14.379995 -287.673720
26.941359 -251.623658
35.687060 -251.473569
-77.112850 -253.587801
-89.432665 -242.078161
77.148082 187.522890
-68.777425 109.503312
51.985706 -257.571350
-68.933395 -251.717355
-35.055303 42.779916
-39.547868 130.508583
-36.000492 -245.785588
-10.533262 123.497935
26.485637 138.350166
27.135532 -250.587048
-14.761859 123.482273
-32.138178 120.368878
-5.918844 75.679831
-10.483521 72.685257
-56.264324 132.618129
-85.347890 -242.419429
-89.100095 -245.330588
