date:2018-05-13, time:1600, wind_speed:4.37, wind_dir:169.0, temp:15.0
47.918525 -280.594578
96.417900 250.294579
-57.184288 127.564897
-53.050686 157.692922
-67.837974 142.524244
25.796999 -277.801491
-98.897492 -208.400892
42.612915 -283.898791
-57.673870 118.499108
-82.665589 103.769803
13.042620 -74.081169
-63.545913 130.417458
50.454435 -280.949507
21.461446 -19.723978
13.259481 -70.802159
-45.391298 97.225301
25.661950 -139.618757
17.407506 -277.329181
71.971855 286.739213
21.966253 -289.490703
100.708612 265.831713
-87.143079 -220.504408
-61.927636 142.369868
0.444519 187.610273
88.246296 247.572288
13.090974 -70.350244
71.312129 247.595252
4.854690 -283.697822
-98.875929 -208.403531
92.815784 262.730211
83.813856 238.678775
105.341052 262.690696
72.050859 256.701448
-7.745628 187.787967
21.354401 214.642836
59.090614 -257.162415
-36.835756 169.427829
-66.188943 142.582459
61.404657 112.223536
1.124815 193.668790
-28.909997 115.414103
20.717471 -70.482250
31.268013 205.575753
110.454550 253.587801
64.609713 253.587801
-67.153274 136.585442
-86.414289 -220.405374
-87.150778 -220.960920
-86.939583 -223.305126
-87.184547 -220.802060
-83.959542 -223.315850
-29.837494 103.724843
-27.554497 145.625408
