date:2018-06-01, time:0600, wind_speed:2.82, wind_dir:207.0, temp:20.0
68.777425 229.581777
-77.411717 133.356186
6.241400 -283.595331
-81.490683 73.368553
59.565842 247.167771
42.512945 114.765136
60.442000 253.587801
-94.599903 106.043197
-110.299551 -243.055016
-110.454550 -247.586295
-111.435426 -251.089174
-90.140275 109.169138
-24.286000 -95.190543
-28.175615 144.929419
-52.710233 127.236250
-6.159025 -113.790246
-27.348067 163.354140
-10.429450 154.514607
-6.539737 199.421357
-98.190448 115.382757
14.576825 -283.595331
76.448152 109.246501
102.119125 271.592319
-11.131344 -167.859689
-65.459708 159.969392
-14.811916 -292.744719
-52.702947 126.068623
72.627201 105.042666
-85.991219 134.932837
-89.876140 172.326738
48.125515 114.249882
-36.026196 187.272307
-64.554143 163.516866
-69.256905 159.093146
-2.336591 -287.908395
22.379123 -268.849905
-73.161873 154.423256
-31.432090 156.164122
-14.846063 37.367567
