date:2018-06-18, time:1800, wind_speed:4.6, wind_dir:236.0, temp:28.8
67.826979 215.614499
-90.534471 101.630372
-91.059916 46.580896
-23.777696 -126.438232
-15.736842 -145.016018
-32.078155 144.211592
84.449258 242.688554
-22.877018 -208.576506
-57.820219 91.531215
47.918525 109.503312
-44.985782 143.095512
-73.750208 143.687046
-32.219851 2.473593
97.931075 103.501806
26.270178 179.690823
60.442000 265.590813
97.097512 102.247248
-40.555864 152.527148
152.166907 139.510842
21.637967 161.010367
30.335449 188.661149
31.247675 -67.541115
26.805434 178.077714
10.172530 166.117669
30.338974 188.694127
35.470957 193.524396
9.519094 -111.384387
138.980091 141.680003
63.625871 260.722018
58.824749 -277.459642
55.600590 105.699254
38.906081 -65.379510
35.470957 -67.541115
52.141807 -283.595331
34.557712 179.562953
30.232984 173.548510
34.700934 177.265688
26.073328 176.642028
63.600694 257.643369
59.596812 264.289478
-7.848288 46.557416
22.102401 -77.811166
