date:2018-08-25, time:1800, wind_speed:3.26, wind_dir:169.0, temp:20.4
-165.347936 7.608783
43.806382 112.504065
34.342458 118.851949
34.261759 118.784294
42.258345 112.925477
43.052033 112.741544
-20.315440 34.938927
55.093233 106.748833
11.271113 164.035152
27.633829 122.119901
96.403735 251.137646
-35.435725 16.479969
67.637786 166.837327
80.176633 248.014245
34.423087 118.909095
25.458478 122.004163
46.867831 109.843999
81.946675 106.718491
88.405185 178.883731
63.457657 262.872763
34.277124 199.933062
26.013214 149.369009
-76.453192 167.099268
92.804895 230.186004
90.388382 232.709817
97.951413 244.585542
108.870278 203.078473
-10.429450 73.494276
27.290558 151.888951
123.098493 245.258666
-74.313736 172.911614
43.134800 112.725660
114.756651 220.861593
-182.059563 94.716375
61.159472 176.220088
101.409762 247.734269
-13.241056 46.755485
111.069452 266.009290
63.488748 259.955889
30.938340 154.612259
27.815315 163.994733
125.453391 260.020965
18.180721 164.382254
75.655381 157.968149
-53.773528 172.950086
81.280563 283.595331
-168.189299 115.920529
-41.119970 175.965345
52.141807 136.510089
110.454550 235.583283
-124.466464 163.970804
106.286838 241.584789
1.798224 169.614384
101.005406 232.889942
-48.083603 155.295836
18.628444 182.100361
4.701299 170.007509
102.737852 239.047249
34.286073 118.937417
39.218960 178.569119
-161.940114 88.955253
64.264598 205.589514
-164.238684 113.201041
79.734812 241.983864
135.535050 235.790602
32.081298 175.996533
36.082779 179.347387
-176.933968 106.984245
93.917116 266.083153
114.274113 244.710242
43.434412 200.098761
1.217339 146.001172
25.636207 140.023443
110.791330 229.931283
-153.719396 -10.065983
77.620237 146.038995
107.263751 241.985426
-157.000312 71.254644
30.300299 146.086185
28.050480 139.939832
29.746789 142.983005
34.350415 145.821099
103.246689 248.094352
100.988992 245.275715
-74.075540 142.852935
38.511893 196.976907
80.544977 181.668889
96.380844 197.002430
-3.534810 112.878814
52.309597 143.020900
48.167127 142.907500
38.901073 152.299421
-153.648077 140.031118
136.189501 208.960753
17.216362 182.011365
-135.460825 145.512348
-159.731578 101.140060
-101.529892 176.207526
42.746862 154.780131
-6.206168 49.488252
-7.783741 49.981720
-10.076435 52.889448
-174.429830 80.071585
85.500439 142.990592
83.980488 142.932810
18.800107 145.512348
106.130876 197.312257
-153.617753 115.925430
-165.637860 112.774949
-164.268716 113.241055
-164.050308 113.217800
-164.197343 112.974139
-103.003181 173.592122
13.429994 182.306226
10.783497 182.208841
89.957257 280.903302
-97.247474 170.044845
-174.130934 76.847333
35.470957 175.519878
30.931597 178.574499
65.407242 127.861388
71.801243 139.747924
71.771256 136.810509
50.966496 220.888852
75.683872 233.107082
25.510478 149.016799
26.421021 149.291359
27.163363 149.098767
-168.071148 112.835717
-168.214086 109.828920
-47.148902 161.122711
-49.310999 154.943224
55.507590 -277.386964
-65.349412 188.453416
-19.300328 173.380411
97.146774 196.646115
14.206314 181.599411
13.439976 184.832480
9.810993 179.041698
52.420616 149.306362
125.619447 185.032585
46.388148 181.961281
4.652145 184.920113
-48.685193 163.686532
-44.937540 160.905073
-48.585669 163.670766
