date:2018-09-16, time:1100, wind_speed:1.02, wind_dir:11.0, temp:27.2
-163.558196 18.458760
48.637036 120.148353
77.184123 155.572002
68.983471 253.557558
27.952411 180.208293
89.860269 212.645892
-72.053407 159.540417
57.198491 117.297970
40.366473 162.358210
-22.538382 26.596777
-46.894197 153.419991
-176.606805 101.742211
106.929574 218.862531
-47.583828 131.875080
-142.925648 -8.688013
90.078798 224.925067
27.517879 188.681330
81.767420 180.227324
123.352702 194.516702
-167.930949 87.730075
106.799484 186.025544
-172.378108 95.786828
-172.083275 99.786218
81.497661 266.471827
19.835850 159.918323
57.341944 120.501567
-59.677337 135.127424
43.948217 -277.546087
14.576825 169.518372
-51.228702 147.692166
111.322392 223.004103
19.724953 147.658302
115.062691 194.559139
102.433465 230.672174
102.119125 235.583283
10.632671 158.449102
14.576825 175.519878
2.791665 143.962813
23.366051 164.735853
123.208601 191.496140
114.774251 191.562136
65.554700 198.694240
-152.177256 122.757288
-147.616931 119.615141
-152.131675 133.509336
40.271259 -234.048912
-159.592416 63.202773
81.484588 -228.376496
-171.833637 36.439108
52.141807 121.506324
53.095362 120.391084
52.661949 119.784349
-47.424394 -192.422901
-84.531279 -170.576859
-55.766581 -204.410469
-172.133229 36.786845
28.162978 189.338592
-147.767333 124.592318
-159.399608 114.553415
-159.716316 117.124595
-155.717502 8.726936
31.303846 -276.360095
32.289531 -224.230629
-113.685963 -110.811397
-5.682300 -234.402588
-63.580505 -140.123897
48.475540 -273.474088
39.653049 -276.524403
-72.630424 -108.256507
-135.108559 119.425684
3.074873 141.342144
2.709869 143.842138
11.420762 159.502432
81.356881 -234.417866
77.471146 -234.594629
61.358427 117.523407
56.649335 119.684166
-147.659347 -7.464537
-147.759358 11.517117
-84.440034 -107.605833
-46.986009 -230.307082
44.764379 120.736631
11.244655 162.103280
32.111907 126.238113
-9.553131 -245.700927
-168.598745 74.506148
-59.347124 -113.635649
-143.796250 82.496535
32.113468 -260.870955
2.279209 -247.651836
-97.234045 -102.048368
-68.182717 -117.466103
-38.397181 -161.424741
11.312536 213.385106
-80.387056 -188.073014
-80.260801 -197.238276
-168.296211 56.693692
2.540848 -279.190328
-88.537250 -125.507330
-151.564557 81.190992
69.692953 273.627458
-184.285955 48.538030
-155.291765 111.501334
-152.131675 103.501806
-72.700000 -240.757929
43.993551 -238.569646
-64.448386 -96.476677
-130.210840 144.682481
-38.576981 -278.515175
-147.908393 130.508583
-131.061603 149.750383
-88.712387 -101.478729
15.536848 177.789015
11.523448 177.859916
-176.925194 86.489155
-172.261266 83.892930
-180.140183 87.440917
-172.005496 87.368540
19.816960 -266.575078
-96.892963 -146.453227
-80.306381 -143.346672
-60.249461 -204.673542
-121.800683 -38.546247
11.445031 126.291367
-110.454550 -22.529820
-88.598531 -143.768199
-60.442000 -148.561446
-47.784805 -160.593060
-101.273769 -62.594428
-184.308219 30.826525
-30.452296 -182.910083
-55.607629 -177.067492
86.417146 -236.527144
-176.864764 41.802482
-147.381378 -9.337586
-143.115235 -8.910764
-147.603319 -9.353771
-147.071402 -8.319306
-151.111759 105.717904
-151.129860 105.572963
-159.986403 104.843238
-155.091552 105.614545
-47.372288 -207.248060
6.690866 197.765677
-117.913820 -116.571257
-89.470587 -58.595653
73.836758 -242.627746
18.989757 -244.564893
73.772163 -254.861573
73.735599 -266.635183
28.227494 189.559276
27.299243 185.495955
27.954669 189.144122
23.597807 186.034825
27.345499 188.820358
-1.775609 -280.755750
2.783051 -279.394121
-1.383055 -277.937313
-1.262056 -277.944585
73.131646 -241.607608
-43.622340 -274.590039
