date:2018-06-02, time:0700, wind_speed:4.73, wind_dir:13.0, temp:22.3
66.321985 229.641307
-79.965591 133.533523
3.402629 -283.469378
-80.713442 73.597362
61.314493 247.749626
44.263935 115.648935
61.220168 252.549424
-96.902057 106.609478
-109.581773 -247.420406
-109.591613 -248.679378
-109.568946 -250.400795
-92.887640 109.653909
-27.100300 -94.547892
-29.332795 145.225686
-54.902870 124.614884
-10.429450 -115.553163
-29.998267 163.612486
-12.876355 154.448878
-5.659411 199.694058
-101.553935 115.585755
11.769224 -283.486677
78.015011 109.643695
99.555820 271.538324
-12.631777 -169.734306
-63.612234 160.600325
-13.720455 -293.672711
-54.468706 124.508287
68.812657 103.501806
-89.560418 133.509336
-92.412780 172.619537
45.764491 112.321070
-38.992187 187.592447
-67.055090 163.507923
-72.363324 157.660184
-5.382738 -292.517256
19.630732 -268.476399
-75.456676 154.468916
-37.668636 154.262079
-13.943025 36.397893
