date:2018-07-20, time:0500, wind_speed:0.92, wind_dir:347.0, temp:16.0
-97.613140 31.335260
-94.123985 99.023486
98.097195 103.476102
-15.016609 141.332114
55.698611 105.357229
60.067706 -269.710550
-39.917538 90.351244
102.465369 103.409475
-19.135369 -95.778014
1.788708 -98.868826
-10.886304 -89.694412
98.094398 103.424091
59.889356 243.401876
60.648686 244.270872
43.396831 111.161028
55.888066 105.350378
-169.015455 18.211828
98.228285 103.333369
-60.132797 -34.760772
85.028749 105.374581
22.397548 174.359997
-168.641680 19.229616
-127.520056 48.206763
55.945852 105.183083
55.640712 105.332139
55.884649 105.346418
26.814991 -245.516348
-161.041167 12.327726
-106.127034 -256.851164
5.800180 -74.893738
34.965816 117.385485
-161.044352 11.987195
-160.810637 15.169192
60.057300 264.138537
-169.194058 18.264509
-23.219312 27.166957
22.383894 198.321880
55.744656 105.313297
56.500222 106.364272
72.326444 102.229256
-31.557425 -11.753629
1.557979 189.190143
55.712543 105.236396
101.633608 285.502863
-1.838204 -19.578744
55.709655 105.151059
47.549748 108.345721
47.527849 108.192021
56.533219 106.301051
60.362944 105.448207
47.492452 108.330553
72.458974 102.428047
93.373558 -215.695323
44.102999 120.887477
102.271247 103.264538
106.498787 103.478245
18.880726 -85.567595
164.614475 169.518372
