date:2018-10-27, time:0700, wind_speed:3.97, wind_dir:41.0, temp:0.5
72.924800 112.504065
-10.142008 73.777931
-131.237543 52.489005
-147.346553 47.115601
-80.532133 -252.822541
-117.960798 -45.792046
19.649701 119.367245
-126.604510 -9.952166
-47.499724 -19.233325
-35.073541 97.817660
2.618932 92.039996
48.444147 -247.109568
-84.887113 -30.983535
-68.121332 -256.110770
-109.966184 -51.920034
-9.765567 98.217345
-93.150740 -240.974928
-76.816185 -253.310769
-9.678107 -285.776097
-5.889467 -295.339778
-9.840090 -22.032954
-55.555288 101.084831
15.440576 -288.777063
27.475146 -253.349981
35.986510 -253.070186
-76.556610 -255.959414
-89.061836 -244.031739
77.148082 184.522137
-68.134987 107.046846
52.496537 -259.257907
-68.403020 -253.293502
-35.435725 40.485993
-38.946817 131.050355
-34.857797 -249.992966
-10.058716 121.795690
27.429644 136.748572
27.135532 -253.587801
-14.541593 121.506324
-30.622111 122.043278
-5.657383 73.955032
-9.862906 74.099683
-55.899011 130.849181
