date:2018-10-13, time:1700, wind_speed:1.8, wind_dir:289.0, temp:8.6
65.829132 171.856922
98.926587 219.971175
-6.060025 136.034055
-142.672995 124.455434
-147.800891 124.282184
-155.206019 109.808482
32.360169 -275.431776
-84.214413 -244.768381
-176.048000 82.325256
-76.080619 -214.842126
-127.054770 -34.713308
-84.442971 -145.616976
-142.767051 -10.973772
-110.338213 -121.954621
52.294481 -272.171075
-17.360649 -283.895617
-64.554143 -247.586295
20.107952 126.715851
-76.938438 -182.092261
-80.204858 -178.840308
-71.627542 -127.793753
-85.344253 -205.716736
-184.256476 46.213539
14.640502 -274.807371
-146.531748 -10.776464
-121.919648 145.185683
-35.229880 70.022438
11.493117 181.183733
-63.505855 -229.836277
-131.030946 54.939270
-64.310022 178.078031
-68.777425 49.488252
64.589375 184.522137
-67.852443 58.409866
-143.532775 33.946732
-80.271901 -211.763332
11.530126 -194.270805
-60.116026 -233.570204
-81.224993 -244.585542
-85.448275 -241.584789
-77.060463 -184.795104
15.633385 -283.913971
11.489910 -289.987577
-59.227155 31.383713
-26.147515 160.103743
-21.762707 -247.735559
-14.441816 169.347190
-89.058045 -245.688632
-85.047004 -245.493753
-84.259588 -241.900145
61.652545 -200.084878
-106.079715 139.039120
39.607572 -190.713149
-30.168466 -274.889774
-59.383680 52.485902
18.800107 175.519878
-64.300268 -206.080145
-67.372789 -206.325508
10.464682 -286.596084
-10.310510 -100.713337
-88.292969 25.761042
-26.901657 -200.073531
-71.639957 -229.648636
-63.540209 -238.728646
-72.604807 -230.098352
-17.634765 181.397577
-113.450154 -8.393639
-17.409119 177.698556
-63.651056 -241.820731
-67.558813 -242.331181
-88.363560 -241.554464
-85.376345 -244.807489
-22.057708 175.254423
-18.531491 172.017651
-79.936179 24.695719
-114.428942 21.964922
-17.496760 178.021695
-17.546043 -280.742235
-14.270822 -282.509429
-17.795879 34.787587
-68.316430 162.628477
-35.161475 108.696388
-147.485606 114.604090
31.559151 -227.432326
-60.109313 192.632283
14.772386 -278.114125
-18.630168 177.952503
-16.734023 178.348819
