date:2018-08-26, time:2300, wind_speed:2.6, wind_dir:247.0, temp:19.8
-165.610066 7.045008
43.806382 112.504065
33.942558 118.120508
33.973270 118.116541
42.349850 112.014301
42.233274 112.102045
-23.617513 33.934376
54.778850 106.031623
6.241400 163.516866
92.962689 249.894083
-40.403097 15.947886
60.477232 166.517619
33.979156 118.139248
18.838892 120.941272
72.924800 106.502559
81.212377 177.953856
62.758696 262.236359
27.315663 199.029204
20.520979 148.064938
-83.751677 166.071713
89.615988 229.581777
81.290354 232.472494
91.236112 244.157316
102.094140 202.129661
-19.681110 72.988813
115.447160 243.995395
-77.999941 172.037198
42.219802 112.082057
113.590374 220.133050
-182.628091 93.960263
51.752661 175.142393
92.282788 247.241492
-22.184800 45.885709
104.290421 265.418083
63.401005 259.039917
26.011854 154.077517
18.859800 163.317544
118.789975 259.589307
17.455209 162.991502
-57.028346 172.075198
71.840277 283.165326
-168.802525 115.504818
-46.242594 175.256513
42.615350 136.017554
101.736417 235.271485
-131.433579 163.088081
97.625705 241.343215
-7.263934 169.046006
94.141610 232.007796
-49.450077 154.056910
97.668899 238.527656
34.082575 118.062427
30.497368 178.363368
-165.373249 88.005353
59.112788 205.152636
-165.346859 112.105794
72.648682 241.356279
21.234198 175.476282
30.320775 177.960457
-182.194387 105.973000
84.883924 265.310260
108.961190 244.154807
40.357676 199.236200
-12.027235 145.082949
105.898924 229.389529
-152.131675 -10.526808
72.283541 145.068837
100.391264 241.116283
-164.507263 69.852720
26.907433 145.208479
23.128732 139.339300
27.690182 145.010078
96.219022 247.169248
91.504253 244.393485
-81.038115 142.210929
35.470957 196.525149
75.571962 181.051873
91.426233 196.169336
45.185893 142.092856
35.470957 151.513854
-152.131675 139.510842
127.125400 208.576506
12.200313 181.255034
-140.545302 145.004868
-168.802525 100.501053
-108.803604 175.233443
31.247675 154.514607
-11.555451 48.969778
-14.665394 49.093982
-18.764875 52.489005
-177.404524 79.089187
78.460279 142.103254
78.803280 142.315322
13.790885 144.895123
100.941710 196.224508
-160.551152 114.860658
-170.380668 112.159356
-169.673513 112.275018
-166.111915 112.099311
-169.061624 112.012635
-110.454550 172.519125
3.258354 181.115909
81.169479 280.336684
22.912250 175.519878
21.779159 177.976926
56.711336 127.268540
68.692876 139.237240
60.393530 136.197894
42.173540 220.185747
68.652711 232.039200
18.686029 148.288476
19.050438 147.823361
17.784773 147.956131
-170.294306 112.099033
-177.137950 109.503312
-52.106575 160.516113
-56.333909 153.989268
48.903342 -278.129266
-64.554143 187.522890
-24.433989 172.105144
9.411019 180.978473
0.335477 184.130241
0.935933 177.939263
50.627692 148.048214
120.557819 184.219369
35.470957 181.521384
1.293603 183.964064
-61.958184 163.176391
-51.999247 160.283390
105.182366 244.305823
105.597675 244.365481
106.462927 241.293766
21.516944 166.423595
17.321372 165.952088
75.955304 166.062857
-11.251388 186.932149
67.161929 157.050840
26.290029 145.314672
