date:2018-10-20, time:0000, wind_speed:4.33, wind_dir:199.0, temp:9.3
59.698779 136.235080
-11.338349 94.069878
-148.772960 82.059941
-161.769085 73.069792
25.857297 -290.078511
-90.821425 -245.135521
-85.948592 -244.759246
-128.008010 -43.907488
-110.454550 -121.554669
47.468161 -283.745677
-24.148703 -284.181630
13.689690 118.162949
-186.865224 27.959339
9.042377 -290.213266
-149.232279 -20.067820
-36.374305 34.136431
1.298131 142.241999
-136.257130 19.139235
-69.602269 10.111081
5.437549 -229.850307
-78.003384 -223.919959
9.171433 -290.127803
-40.836200 124.017995
-32.004905 -278.029065
-15.326507 130.163188
-94.671874 -244.945074
-95.032665 -245.209047
34.659119 -226.993599
-77.990426 -244.921629
0.769787 -289.995762
-90.428006 -4.888671
-28.382162 -239.032016
-69.678290 -259.987456
-81.683689 -253.716748
-23.762278 142.107136
-115.500685 -43.842439
-23.793931 136.169546
-78.386603 -257.197047
-97.895843 -244.585542
-89.973825 -244.709319
-32.163913 142.092779
-90.909613 -10.987270
-23.749016 -283.940166
-14.964053 -286.733227
-23.789931 4.139872
-73.743552 130.158570
-153.438480 79.009706
30.417307 -265.954063
-74.199583 153.975571
5.392522 -289.962157
-24.273983 138.889273
-23.695720 142.250153
-69.613028 19.128769
-19.559434 73.137177
26.214681 148.160475
9.646231 -223.960960
21.962970 -226.975570
-86.829619 -245.015545
-89.560418 -244.585542
51.241083 208.205742
-73.737139 136.135287
-31.212443 145.512348
