date:2018-08-22, time:0000, wind_speed:2.51, wind_dir:157.0, temp:16.6
-182.326430 34.877697
-166.098270 7.905800
-111.391056 -250.383723
43.021854 115.734867
35.470957 124.507077
38.667709 122.269634
-7.180528 209.598436
51.308429 112.746992
42.390608 115.943696
43.585720 112.653791
27.135532 199.525902
-52.106575 94.499547
63.430458 107.508237
-15.914589 50.083699
35.170689 118.565691
56.009103 106.558606
17.467736 176.067617
-110.454550 -244.585542
35.470957 133.509336
105.727711 259.800901
-27.100300 28.482981
76.089072 178.936414
89.400352 259.737319
34.056163 122.177910
30.117396 121.917839
50.839150 128.350432
88.257852 107.126758
96.774070 193.901021
68.777425 274.593072
43.541655 214.635782
35.470957 166.517619
-74.046169 182.250254
114.622263 244.585542
97.703340 244.668943
97.261148 248.472295
101.250210 257.519806
113.553030 214.905681
-6.206168 85.497288
35.216783 160.649491
-48.143206 145.602678
43.806382 115.504818
126.068865 257.595694
-69.828768 188.615550
42.708346 115.835391
121.661331 233.049646
-182.117948 103.713483
67.804683 191.017911
109.013633 263.105988
-6.431700 61.632852
-7.387221 61.826519
-161.404823 116.603540
118.558212 274.666791
68.777425 274.593072
34.146183 167.056096
35.168627 175.650714
80.138212 155.525405
130.412560 274.788576
21.746171 176.563899
84.489733 173.544451
-44.474840 188.600184
26.879958 199.646098
64.589375 106.502559
84.339985 295.986374
-161.661487 127.976457
63.330735 212.506447
96.638950 293.425418
-156.243818 130.508583
-36.555471 191.503363
55.064497 149.334465
117.739910 248.645919
-119.918836 178.907425
102.119125 253.587801
110.454550 253.587801
9.042961 181.961318
109.618511 245.645267
-43.771150 166.517619
-47.883293 166.517619
22.912250 193.524396
18.558734 196.582611
13.515858 185.560708
-97.895843 169.518372
109.037658 250.962979
35.470957 121.506324
-103.038047 173.686833
43.604582 181.636616
43.806382 190.523643
50.824361 116.045232
-157.105132 103.639734
67.634126 218.444995
-157.629630 125.015613
-148.114033 100.639938
46.538484 139.994138
88.648572 257.842439
142.317606 248.164266
38.651220 212.461097
39.289926 187.585655
43.806382 190.523643
43.573372 190.657025
-169.066799 115.590604
-149.280898 118.974852
102.119125 277.593825
118.789975 253.587801
47.938863 211.577259
10.464682 157.515360
30.336019 149.422943
118.789975 241.584789
-152.956334 1.686118
118.555110 208.720235
85.483507 154.514607
113.452258 257.560806
-152.131675 82.496535
39.306339 154.612640
35.470957 154.514607
34.030525 155.170972
38.381719 160.824463
42.525538 167.445531
43.555737 160.619427
-102.678800 170.423102
109.615334 259.799919
109.581023 256.870659
105.082807 260.534169
-68.777425 154.514607
46.958259 212.609223
89.595650 196.525149
101.004340 212.534575
6.029567 121.561780
14.576825 -88.546386
60.477232 157.515360
55.148556 155.223613
102.119125 286.596084
46.822048 166.858187
59.145985 230.377506
-143.796250 151.513854
142.408655 221.007148
22.029017 197.378222
126.138733 197.374882
-127.974553 157.707045
-152.987898 112.693506
-152.941367 100.763439
67.714459 -265.170197
92.872175 182.622204
151.384359 151.666495
-94.845443 184.952310
71.816405 139.899866
51.271531 166.715613
-2.935660 58.666273
-2.724403 61.589405
-2.094025 61.491264
-174.211491 91.843193
92.743087 154.802174
109.047814 257.077497
88.369061 157.922298
21.686105 157.820388
109.074196 209.180620
-90.637676 178.869125
121.781566 220.984105
-144.597253 124.605350
-157.875275 128.037662
-157.154216 124.701984
-157.000795 124.768610
-156.243818 124.507077
-98.134554 184.651857
18.611053 196.301322
18.481553 197.854936
