date:2018-10-23, time:1800, wind_speed:3.34, wind_dir:39.0, temp:6.0
60.814226 126.409563
-13.928934 87.327606
-147.376927 69.271810
-160.030973 63.208586
-89.087517 -242.704475
-126.860166 -41.851753
-110.074027 -119.856121
15.131845 120.400769
11.772741 -285.877777
-35.119688 21.027435
-135.127120 6.194935
-59.987527 -5.893496
-67.789632 -238.080523
10.886536 -287.676963
-43.355526 114.511022
-5.875838 114.125085
35.768231 -236.833283
2.359180 -294.044560
-89.214638 -14.788181
-26.026694 -247.146695
-68.438686 -257.914931
-80.554280 -251.798697
-113.407219 -48.957601
-18.332347 120.268546
-97.470104 -242.849831
-88.885221 -239.836523
-22.311165 -281.747244
-14.179706 -284.837342
-21.411970 -4.111282
-71.501579 119.165153
31.869759 -275.829291
6.536237 -287.924167
-22.417039 132.376833
-22.470439 135.111385
31.709378 132.484683
11.899026 -238.140811
23.620868 -236.830747
-84.852808 -242.885252
-93.124584 -242.706818
61.052641 195.335543
-76.651364 126.397270
-34.146649 134.066765
40.017888 -242.986781
-89.252057 -243.085009
-88.068133 -242.249679
-46.626086 53.141001
-50.946418 146.335773
-50.909176 -229.260612
-22.601014 135.297576
-21.492207 129.766336
14.870497 150.119968
10.573136 -239.835048
-22.185727 136.574919
-26.302853 137.246803
