date:2018-10-16, time:0900, wind_speed:5.81, wind_dir:281.0, temp:8.0
61.396041 156.372426
93.783700 205.575753
-10.429450 115.504818
-147.554212 109.352599
-152.131675 106.502559
-159.892914 95.873399
28.126748 -287.628279
-89.413078 -246.017257
-177.066062 77.580180
-84.894424 -229.627759
-127.028260 -44.150092
-92.727889 -158.598877
-110.322124 -122.155788
48.042726 -284.263366
-22.691913 -285.540653
-68.580683 -261.537447
14.709874 116.506279
-77.119096 -145.558117
-84.641806 -222.307545
-184.959826 29.499479
10.464682 -289.596837
-147.809920 -20.211042
-126.336224 128.621368
-39.547868 52.489005
2.845818 165.478475
-67.820475 -248.756388
-138.738846 38.830813
-67.829585 162.437624
-72.037467 32.808162
-72.532479 44.209816
-85.187674 -225.596612
6.653048 -210.591659
-63.807281 -249.264981
-80.245897 -201.349394
10.644573 -291.500674
-30.959352 146.357221
-30.087696 -260.636160
-18.468817 152.523065
-93.646734 -246.527792
-89.442653 -246.628968
35.962124 -207.690481
-39.415372 -281.870267
15.603204 159.417760
-72.401534 -223.059802
6.462638 -290.917919
-14.173001 -117.618814
-93.783700 13.479216
-31.212443 -217.578765
-67.924278 -251.663748
-80.951832 -248.873821
-22.877018 166.517619
-118.789975 -22.529820
-21.867687 162.414736
-71.895167 -254.612034
-72.889568 -256.588554
-97.724230 -245.237795
-89.474363 -245.190341
-30.282596 161.662899
-22.122049 156.146280
-84.502573 9.521031
-22.797605 -284.210142
-14.327928 -288.550279
-22.512111 20.429741
-71.823305 147.552434
-150.978122 99.603843
27.135532 -244.585542
-67.765749 174.432583
10.629340 -290.212177
-22.465690 161.333499
-22.349539 161.461281
-68.555746 40.657365
-71.892033 42.459240
-14.317468 30.124627
-18.764875 94.499547
31.781941 170.438984
6.718096 -201.699078
23.452832 -207.757933
-85.448275 -244.585542
-89.285968 -245.857996
