date:2018-07-18, time:0900, wind_speed:4.53, wind_dir:317.0, temp:21.1
-122.172974 42.795148
-97.895843 31.483734
-93.412177 100.170558
98.675299 102.829932
-14.196644 142.203157
57.011508 105.752541
60.830575 -268.917083
-10.055758 -109.912893
-39.184071 91.122231
103.131503 102.377013
-17.828201 -95.704507
2.129257 -97.548645
-10.023814 -88.922305
98.570435 102.760813
60.768144 244.280274
60.817573 244.192985
35.790770 118.128527
44.484285 111.687621
56.901476 105.754584
-168.085949 18.656546
69.169344 235.214270
98.302824 103.148392
-60.091713 -34.821449
85.834613 106.108680
23.667206 174.784140
-60.089734 -34.840413
-168.446565 19.089401
-126.796054 49.148866
-126.811448 46.147779
56.983590 105.764917
56.868147 105.751426
56.583736 106.112171
56.576454 106.183578
27.831486 -245.398213
-160.102179 13.158454
-43.367239 -49.858132
-105.821124 -256.968364
6.627216 -73.859604
69.543681 102.714166
36.082687 117.715219
-160.059033 13.108938
-160.141430 16.160895
60.843890 265.290205
-168.444165 19.095237
-22.453378 31.188440
22.912250 199.525902
57.306500 105.366473
56.953277 105.799652
73.240996 103.190326
-30.867177 -10.871253
2.530938 190.217595
56.253950 106.502559
48.838627 195.387167
39.583100 196.525149
102.460277 286.257793
-1.728838 -19.863567
-5.876814 79.120286
56.849112 105.770313
48.534373 108.734549
48.315443 109.126388
48.682445 108.776386
48.694590 108.762116
