date:2018-06-06, time:0600, wind_speed:0.64, wind_dir:51.0, temp:9.8
76.259374 247.716843
-78.208634 136.392495
5.170448 -277.578061
-78.210509 82.628006
63.667229 253.561823
51.239467 124.712839
-90.936218 115.683130
-107.216348 -238.746508
-107.131922 -241.487451
-95.312274 115.983019
-22.834517 -91.494272
-7.651736 -106.138719
-28.456961 175.934876
-6.579223 163.485093
-3.599545 212.004570
-98.829774 118.369723
13.773012 -280.661213
105.080439 277.392247
-11.068341 -163.539985
-60.331107 172.598210
-48.746290 136.318128
71.792199 109.710379
-86.173744 142.478439
-90.151922 181.582030
46.814067 121.512925
-36.417366 190.588026
-60.459043 175.615213
-74.112396 163.505955
-69.722666 157.473839
-32.131862 163.317666
-15.323075 40.542169
68.422610 268.694132
67.876401 271.739564
104.787030 109.933041
-3.633367 49.892234
21.357334 -79.123375
21.492715 124.797939
38.268828 202.886957
59.308786 265.841011
51.000578 112.544356
101.130503 106.627949
-36.568927 187.399217
159.968088 172.575991
31.065850 190.802043
-2.374313 37.603532
-2.314126 34.710214
47.790016 -52.308131
39.454027 199.690245
52.119330 -49.487865
10.596238 115.573299
-2.088952 37.513053
-10.429450 40.485993
