date:2018-05-22, time:1100, wind_speed:2.98, wind_dir:166.0, temp:19.2
35.118581 -288.354219
90.095438 242.422827
-60.215865 115.785826
-60.769069 146.611002
-97.553269 -207.379204
26.670135 -288.347735
31.608387 -289.137143
1.471616 -33.488098
5.832562 -81.275504
-64.230871 88.961168
10.848187 -151.243238
81.091544 254.501554
-93.974040 -234.467311
-10.980085 174.016450
60.783068 245.749818
-2.613190 -294.413814
80.937117 248.829587
6.526145 202.985202
39.341042 -273.512647
48.039919 110.495292
60.154243 245.816114
-69.171390 125.718930
-86.183831 -225.352219
-102.485139 -240.465535
-94.021386 -234.392888
-40.227257 89.683458
-36.209612 137.434671
-98.052019 -234.266664
-98.407748 -234.346968
80.865626 251.781937
-93.522253 163.937498
-64.382477 124.838075
81.174981 257.793161
1.515807 -81.370196
-48.267184 176.680578
-2.436583 158.671727
-35.168561 175.413095
-31.915856 137.651830
18.005721 -93.468067
-19.023776 161.733978
-10.156866 175.949653
-10.839582 176.679334
10.765564 169.834170
5.790095 200.883461
5.885221 203.812876
-53.188484 110.050912
-77.480992 127.544432
