date:2018-06-08, time:1900, wind_speed:3.74, wind_dir:304.0, temp:18.4
72.945138 244.585542
-85.448275 133.509336
2.129257 -280.594578
-84.297316 75.498376
60.442000 250.587048
47.918525 121.506324
-109.263921 -242.571387
-109.281946 -245.477359
-97.258792 111.982282
-31.212443 -94.547892
-6.206168 -109.551657
-25.887261 171.533759
-14.541593 160.516113
-2.073687 208.576506
-110.454550 115.504818
10.464682 -283.595331
97.951413 271.592319
-17.840038 -167.349374
-60.442000 169.518372
-51.844806 133.196317
-93.783700 139.510842
-93.783700 178.520631
43.806382 118.505571
-43.771150 181.521384
-64.554143 172.519125
-81.224993 157.515360
-77.112850 154.514607
-35.435725 160.516113
-18.764875 37.485240
68.777425 265.590813
64.609713 268.591566
102.154357 106.502559
-6.206168 46.487499
11.365281 -83.329277
22.912250 121.506324
35.470957 199.525902
61.728516 264.665389
103.362518 102.545479
-39.547868 184.522137
152.166907 169.518372
28.091803 186.836154
-10.429450 34.484487
-10.429450 31.483734
39.583100 -55.538103
39.583100 196.525149
43.806382 -52.537350
2.129257 109.503312
-2.094025 34.484487
-18.764875 37.485240
107.507040 102.545268
31.268013 202.575000
28.364151 195.623093
39.603438 202.575000
39.583100 196.525149
47.918525 -52.537350
43.806382 -58.538856
-10.429450 49.488252
10.464682 -79.544127
156.279050 169.518372
152.166907 172.519125
61.465434 105.742417
