date:2018-07-27, time:0700, wind_speed:0.5, wind_dir:307.0, temp:20.9
77.157761 103.415686
-81.119156 91.298573
68.903820 106.182426
-53.622950 -95.218847
-39.473544 -94.903905
60.412877 244.001781
60.376713 247.069667
43.667066 111.993780
47.923917 109.030777
-172.964491 21.710857
68.977338 103.369811
47.829261 109.097582
-10.299144 175.420393
-164.634677 48.917431
47.556901 108.543096
47.805017 108.530880
-10.374854 -241.653553
-160.449655 16.346992
-110.690144 -254.391690
-31.889219 -75.009377
-2.195266 121.080452
-160.527409 15.805404
-177.927783 24.086241
-52.157347 27.947732
47.596242 108.561359
56.023398 105.795672
-2.058655 190.046810
47.911870 109.481759
47.986828 109.170327
43.838128 112.087101
43.508972 111.533104
47.882281 108.755752
43.426844 111.703633
2.247313 124.248228
60.433506 105.917683
98.064917 109.136197
-22.816958 121.066844
48.020417 108.983112
47.671140 108.477020
73.013032 103.371846
55.716359 105.225066
60.610794 268.408736
43.761569 111.722612
43.962500 112.273800
47.907613 108.952712
-56.785069 -35.930388
43.912068 112.078654
43.852941 112.503911
43.768344 111.835098
43.886621 112.097194
51.340287 108.394346
-60.755173 27.441237
56.297619 106.226925
52.057487 108.857039
-6.380388 195.682396
5.487659 -59.964101
-27.744725 -20.871896
47.367151 108.547081
43.782023 111.991587
43.856806 112.008435
-173.195015 21.489776
-173.609494 21.450725
43.646639 111.825809
43.924190 112.050929
55.415729 105.195225
43.619884 111.787308
47.626040 108.732685
-6.221986 -17.042164
-11.725288 174.982680
-10.215655 169.828743
35.443316 124.089821
81.380306 106.247078
39.575043 199.470303
-10.429450 52.489005
