date:2018-06-30, time:2000, wind_speed:3.1, wind_dir:195.0, temp:23.7
-98.606609 73.232496
-21.405858 -148.499564
-71.146309 64.284714
47.636193 109.438533
-54.644609 121.485053
97.573201 103.464892
97.362034 103.291819
-56.913893 127.172841
22.765182 160.067231
18.147727 -70.642319
24.499947 166.357704
55.930183 106.395142
66.203974 232.437959
-23.824924 37.293971
26.263367 -67.660612
9.443280 115.203174
79.343826 -244.802539
78.875534 -217.687630
57.883558 -277.625642
18.167418 121.319664
9.636096 -85.620077
-2.755272 115.118816
134.796073 118.182281
37.071963 -286.541370
108.035494 103.401033
26.462528 -67.923729
26.346066 -67.618098
9.594042 -97.703546
28.851375 -64.851453
55.862984 106.321280
-4.566538 82.387488
-8.752723 76.423815
20.389633 -70.647917
97.931075 103.501806
97.629003 103.361788
-75.407606 64.390449
-71.133279 67.450465
-19.299813 31.086574
62.073448 253.499728
62.703369 256.341262
62.659778 259.330105
33.542808 118.275600
80.552541 -214.771272
1.466328 115.230768
3.746381 115.436145
-56.438627 127.128869
-100.442178 22.285438
-93.783700 22.481475
35.470957 118.505571
43.806382 112.504065
43.806382 112.504065
68.205240 109.297347
143.065034 166.556815
59.601363 106.397012
55.926815 106.467243
-168.802525 19.480722
-95.870218 70.402476
-98.433498 70.181439
63.817862 262.625837
51.371189 -277.738876
63.989733 265.523762
13.940122 118.542465
63.541786 256.241245
