date:2018-08-06, time:1900, wind_speed:3.23, wind_dir:248.0, temp:27.7
67.757264 102.755224
55.249595 105.773340
-52.710972 -119.140497
42.881287 112.036983
-173.707951 21.846818
67.893999 103.021896
46.809841 108.686382
-181.614056 28.001651
47.146020 109.010492
-165.359063 6.939124
-111.242550 -254.132962
-44.351295 -92.156997
-161.310210 3.962886
46.962192 108.862508
46.939044 108.993055
47.918525 109.503312
42.673164 111.756273
46.892535 108.773836
55.052566 105.627904
88.692289 105.906785
46.858330 108.617392
67.863540 102.898519
59.267354 264.852490
42.671018 111.569960
42.641136 111.763543
42.982201 111.962014
42.501196 111.652560
43.806382 112.504065
46.805743 108.686635
-68.777425 4.476957
55.129686 105.622565
46.953465 108.956976
-7.232261 195.967328
42.831764 111.775941
-174.118032 21.683249
55.953695 105.982514
42.892991 111.927763
47.016714 108.936136
-19.137547 -37.966139
-23.268281 154.021775
-19.326355 150.898517
34.681184 192.933284
46.727106 108.707692
-11.102493 33.841240
-35.780234 100.053511
-39.926965 102.959064
-23.227917 -56.091915
72.578480 102.995154
-7.286494 45.642120
18.122952 -104.209846
-19.355436 -23.085043
-10.749324 27.940851
42.839216 111.749965
42.701424 111.730227
43.219832 111.930978
68.004584 102.865743
9.640632 57.932838
26.740302 186.984553
68.638935 256.212578
46.936140 108.908131
-6.383727 166.184177
-111.012031 -254.234172
-110.454550 -253.587801
97.611180 238.095120
47.583753 142.016009
131.146702 259.240674
112.985543 169.476865
-2.212242 163.158813
-91.108104 154.501929
-106.356164 -256.901453
117.884533 259.029248
-10.845134 36.930799
-36.047047 99.893571
42.608217 111.621257
85.385397 196.203285
-69.812983 167.325411
-60.442000 154.514607
106.107577 268.265056
-110.616434 157.163038
6.241400 160.516113
43.806382 112.504065
43.018416 111.967281
43.806382 112.504065
42.869047 111.915648
-36.851118 172.743072
59.333122 140.142119
97.066014 102.851649
9.378241 57.644829
114.196344 208.101865
-6.360461 175.139611
109.888526 183.874750
75.593221 277.934473
64.280551 223.056838
5.376630 54.910390
47.629721 180.963205
92.610760 136.291393
-148.013329 115.123852
42.919930 111.934461
47.298318 108.928726
-52.442881 186.969798
-156.861690 132.819596
43.228384 111.873262
42.711625 111.753859
43.695033 112.123984
42.941293 112.000042
88.484842 105.431445
84.239534 105.782198
92.836562 105.885537
-73.379269 159.867741
38.981237 163.055534
-2.581345 159.905110
-3.059438 163.026143
-2.258468 160.128014
-2.274360 163.183191
-2.243739 163.223503
-148.709254 72.934823
51.511565 159.967554
118.664243 256.232548
117.565114 259.542445
118.440024 256.067922
113.736018 262.006514
117.990961 259.072327
76.389200 144.932869
130.719318 214.015405
9.652995 81.902776
51.678204 171.960681
-148.631173 120.976637
42.900980 121.017312
43.651154 112.122499
43.328005 112.048829
