date:2018-05-12, time:0000, wind_speed:2.42, wind_dir:336.0, temp:6.6
53.642681 -281.300682
102.402643 250.454223
-51.336591 130.062656
-51.587730 157.374566
-64.310328 142.407353
31.450316 -277.662587
-96.450934 -209.186661
48.465757 -283.917991
-51.177929 118.107842
-71.409905 102.834100
19.687075 -73.924734
-55.694686 130.281131
57.556278 -281.159048
27.375829 -16.671626
19.634494 -70.919607
-38.647838 97.035071
31.446991 -139.703257
23.497025 -277.732929
73.189770 286.494650
27.622547 -289.877089
106.793571 268.346433
-80.348100 -220.977822
-55.361020 142.116045
7.650511 186.878231
94.294873 247.361668
15.157148 -70.771386
78.116240 246.985963
11.624022 -284.136903
-89.052415 -208.745329
102.395296 262.531093
90.975219 237.939012
111.693288 262.030850
77.903252 256.079693
-1.558136 187.370532
