date:2018-06-05, time:1600, wind_speed:2.95, wind_dir:118.0, temp:12.6
76.541730 248.309955
-77.798359 137.212938
5.588456 -276.716731
-77.699629 83.408997
64.287022 254.454471
50.768865 124.393098
-91.209143 115.913755
-106.577259 -237.739421
-107.523557 -241.918661
-93.783700 115.504818
-23.078993 -91.295647
-7.828398 -106.014252
-27.100300 175.519878
-6.405513 164.047736
-2.073687 211.577259
-95.184349 118.302030
14.243758 -279.706789
105.806601 278.459511
-10.671546 -162.739154
-60.442000 172.519125
-48.292981 137.328487
71.467339 109.392817
-85.847762 143.401878
-90.787484 181.166935
47.408183 122.395115
-36.476157 191.023192
-60.442000 175.519878
-74.207851 164.018050
-69.204306 158.371437
-31.591421 161.558079
-15.178213 41.151867
68.496782 269.158445
67.781876 271.489042
106.266500 109.503312
-2.094025 49.488252
22.912250 -79.544127
21.595124 125.141144
38.201974 203.312103
59.201370 266.160102
50.974486 113.004036
101.080587 106.958193
-35.985460 188.264512
