date:2018-08-28, time:0700, wind_speed:2.64, wind_dir:233.0, temp:24.4
-165.450240 6.734919
43.806382 112.504065
34.512919 117.493452
42.717498 111.712158
42.638374 111.676610
4.716282 156.923870
92.315925 244.028395
59.473483 162.499143
35.470957 118.505571
17.677703 117.556514
71.801778 102.633327
79.970887 171.703155
64.609713 256.588554
24.922295 193.522435
17.691215 144.668061
-82.719627 160.055316
89.615988 226.581024
80.362604 228.714012
92.275795 238.525187
100.986650 195.734460
-20.331749 67.046717
113.952504 237.944777
-78.464209 165.979733
43.001801 111.681465
51.048854 168.582981
96.032610 241.403300
-24.681637 40.114174
108.823205 259.111835
67.191301 253.078539
25.786015 147.828089
17.615026 157.098336
117.133747 253.057045
22.912250 157.515360
-57.733650 166.010360
75.190941 277.768387
-169.970176 111.492255
-43.771150 172.519125
47.918525 130.508583
100.607967 229.086592
96.895246 237.669411
-8.089815 163.713231
-43.771150 148.513101
96.438231 231.923488
34.774054 117.833559
29.451544 172.166571
63.587010 198.644657
71.430166 235.033791
21.996146 171.681777
33.773893 172.413887
-177.137950 100.501053
83.983325 258.978711
114.622263 238.584036
43.806382 196.525149
-7.681122 138.898746
104.749930 223.300114
-152.131675 -16.528314
105.580437 234.899958
-165.420686 63.537127
25.904113 141.626820
22.021017 132.591860
26.403607 138.778092
96.516356 241.276868
87.987818 238.260322
-81.920506 135.836345
34.341116 192.491075
79.708729 175.030471
88.039238 190.093405
41.898193 136.701841
33.859852 145.096500
-153.339584 132.827681
125.925647 204.788414
-141.282505 139.088230
-169.931429 93.744749
-107.749729 168.919765
29.556266 148.229201
-177.365321 79.259660
80.221364 135.597216
101.127815 192.485427
-168.802525 106.502559
-170.354033 108.896974
-160.467100 109.503312
-168.802525 109.503312
-111.604219 168.648955
1.282585 174.675295
80.256686 276.663264
21.451775 168.901617
26.372612 171.872132
56.253950 121.506324
68.812657 136.510089
59.469985 132.555875
42.277336 214.043022
67.677432 228.790744
17.658903 144.633178
16.831751 142.527039
-165.328831 105.730951
-178.534101 102.984343
-53.116979 156.676387
-57.022369 147.638668
46.303449 -283.831159
-66.220002 181.051445
-20.302470 166.146376
8.669545 175.154603
121.366483 177.943007
34.356066 177.510841
6.241400 178.520631
-56.218718 157.515360
-53.301955 156.538628
106.286838 238.584036
104.553272 238.444285
105.389913 234.668797
18.800107 160.516113
81.260225 160.516113
-6.206168 181.521384
71.216761 151.188836
21.857574 165.585519
21.887567 161.586731
35.334848 118.244071
71.772865 102.622411
72.197344 102.775586
72.282003 105.852302
114.183651 207.994603
76.925201 193.277482
9.943924 174.789893
9.502128 175.102287
97.458895 241.803211
98.179764 241.714047
