date:2018-05-11, time:0600, wind_speed:5.34, wind_dir:322.0, temp:7.5
52.141807 -280.594578
99.617971 250.077717
-50.553724 130.085648
-51.179894 156.741853
-70.236728 144.808182
32.558210 -278.147365
-97.895843 -208.576506
49.299614 -284.230238
-52.106575 118.505571
-72.889568 103.501806
20.138274 -73.923858
-55.410962 129.706594
56.253950 -280.594578
25.559085 -14.140776
18.800107 -70.541868
-39.547868 100.501053
32.072386 -140.352264
24.134787 -278.245768
73.899918 285.793832
28.429360 -290.179967
107.739836 268.031307
-83.653838 -220.989572
-58.761949 141.981108
4.253208 190.336766
95.299776 247.036511
15.418886 -71.321069
77.112850 247.586295
10.464682 -283.595331
-92.110110 -209.018372
102.589517 262.176718
89.615988 238.584036
110.454550 262.590060
77.112850 256.588554
-1.140568 186.783422
