date:2018-09-01, time:1900, wind_speed:3.01, wind_dir:176.0, temp:16.6
-164.752237 7.842171
47.602794 112.535917
44.272626 113.096165
43.806382 112.504065
1.827942 151.577280
91.998043 238.817826
35.236958 118.742967
18.482388 118.548775
69.951430 103.938243
73.108459 160.811947
60.532170 247.903151
19.313033 184.920029
-81.417362 148.942174
88.235701 217.737859
79.404068 223.777036
96.578052 190.983020
-22.720437 58.887442
108.622459 226.706198
-82.446484 158.396620
44.175669 113.026639
47.229328 163.647382
-22.308437 28.910434
108.650841 247.821246
58.590458 244.660201
21.424675 136.666296
8.699928 148.644090
112.868863 244.821218
13.950120 145.515147
-56.018484 154.887350
71.217970 268.786881
-178.600883 103.648048
-47.834786 161.047416
45.002902 124.994428
98.042441 221.001974
98.134579 229.789350
-48.192566 136.494009
89.615988 226.581024
29.912154 161.278078
60.661545 193.953314
68.851612 223.847186
20.259786 163.711681
29.409556 163.681554
-178.928297 88.767873
87.685935 247.785775
112.649415 226.777675
47.626307 196.502459
-10.326270 130.930667
-149.630247 -16.333831
-165.676848 55.684918
33.661421 130.749551
17.317479 121.694552
98.389435 232.962038
85.868413 227.048614
-85.343880 124.883165
25.314828 190.793674
80.618586 166.582933
85.803723 181.849507
35.927597 128.051047
-158.121110 124.834622
121.119821 196.646930
-139.380351 134.001703
-174.721213 82.643814
-103.948220 157.676707
27.135532 139.510842
-178.957864 79.726596
75.386691 130.624601
100.399075 187.754118
-174.668430 97.858759
-169.183783 97.538347
-165.117119 100.519140
-112.200661 157.727262
1.815916 166.509839
80.286513 271.796212
22.912250 160.516113
50.663258 112.762679
56.731701 124.911833
37.675192 205.717836
67.293986 217.787296
21.115449 136.797783
-162.303772 97.770818
-181.554696 97.519809
-61.383273 139.617233
47.783318 -283.137162
-68.760339 172.950269
-22.920415 155.043507
2.129257 166.517619
118.932519 169.975800
35.470957 169.518372
1.893125 172.822542
-53.909009 145.665940
-52.761053 148.635224
106.376859 227.007137
105.684106 232.680013
104.501931 223.753133
18.983656 149.139677
76.977479 148.893556
-12.295603 169.737070
18.803053 151.939162
41.891605 118.678835
79.325144 103.656812
71.989980 103.676200
114.542093 196.985882
75.726890 182.319511
12.716243 163.770036
9.984429 163.972837
97.951413 229.581777
96.210718 235.859525
5.937963 163.582216
58.608649 244.656694
63.135457 196.717720
10.919949 172.764749
2.538709 148.999464
117.827024 265.763074
10.249642 172.733792
8.721442 172.769686
117.089025 196.826327
118.538713 196.511225
116.962897 196.809160
4.329903 169.744962
4.441175 166.731945
43.898916 115.694650
66.869869 196.728895
85.508554 224.088564
30.938724 160.503103
26.933967 161.102108
27.437088 157.921921
-155.159689 124.885552
-149.770190 124.791133
-153.560201 124.675343
-153.548123 121.737893
-149.350847 136.775702
34.010649 -229.427120
-136.949112 148.568118
-165.985589 61.643543
-103.538837 133.784723
83.659924 -229.332491
-178.973266 31.834009
42.877935 112.634337
47.918525 112.504065
50.325696 109.620335
43.430030 112.558320
46.092739 112.805635
46.165327 -271.294339
-116.411225 -40.336984
-45.575714 -193.256907
-90.580519 -163.373857
-132.714789 136.681609
-140.911273 -4.307351
-45.326412 -199.384111
-8.036696 -241.323367
96.556947 232.841521
96.026479 232.843914
-182.629920 31.697354
-165.885023 67.718635
-99.361981 -124.370883
-82.672307 -214.422301
97.297231 232.676968
29.017691 190.850949
29.790007 193.792901
