date:2018-10-10, time:1500, wind_speed:0.94, wind_dir:122.0, temp:25.0
63.784230 170.324876
96.685294 220.214791
-7.639954 135.913444
-144.492847 125.804550
-73.524735 -201.742628
-148.252715 124.160992
-157.425715 112.015322
29.971034 -274.762861
-85.922242 -246.263287
-178.436041 82.252442
-78.409982 -215.193852
-132.072517 -33.600720
-86.453735 -146.090058
-182.022266 34.605041
-69.940212 -190.943561
-143.796250 -7.526055
-110.514293 -121.513075
52.120643 -271.542539
-19.819174 -281.199289
-65.239842 -250.157684
18.212138 125.522164
59.482812 -232.204064
-86.591188 -181.812795
-78.623739 -182.200787
-72.971890 -184.457179
-82.398906 -173.039041
25.872130 177.771629
-74.150558 -127.941604
-86.106827 -208.167038
-74.123596 -251.249467
-186.950898 45.808637
13.666721 -271.219136
-140.545458 -7.576820
-149.077238 -7.645358
-27.397996 -282.397217
-124.047988 145.112527
-36.778854 69.937307
9.998432 181.980751
-65.942879 -230.380649
-132.754892 55.078341
-120.275209 147.877918
-66.042013 178.307986
-69.420560 47.253637
63.736237 181.998756
-70.071411 60.876912
-144.876842 34.313308
-82.520663 -211.663545
-147.957474 133.577610
5.455043 -187.208598
-69.881768 -232.868983
-61.952555 -229.935117
-123.805838 31.310924
-89.718302 -244.613594
-85.502605 -244.549729
-78.153251 -187.096672
-78.593825 -185.041991
10.392727 -283.452881
9.646292 -289.169322
-61.519326 31.189663
-28.052765 163.805922
-24.193572 -245.200150
-15.616603 172.130786
-90.208697 -243.456803
-86.937403 -245.104289
-86.634827 -242.230714
-89.802759 -244.999623
55.579813 -199.343830
-106.234440 139.554034
38.098906 -188.058358
-65.108407 -231.272884
-36.678938 61.092455
-32.566097 -274.842715
-56.996499 -264.607520
-103.457377 112.178160
-61.426182 55.295220
17.379126 177.860572
-65.904403 -203.318491
-70.266338 -203.256366
5.364295 -286.435650
-11.173876 -100.337603
-94.663177 26.060407
-28.275563 -197.154775
-32.516635 -233.242678
-52.825329 -42.483915
-73.833402 -229.994956
-65.678875 -232.684215
-74.232829 -230.213352
-19.898214 178.189631
-19.833620 184.650731
-19.889433 183.973614
-119.557946 -10.083971
-23.528905 176.165608
-64.949256 -237.283918
-69.357360 -240.364083
