date:2018-07-07, time:1300, wind_speed:3.18, wind_dir:298.0, temp:24.9
-105.529789 60.602634
-80.656680 51.622310
48.266857 108.811711
-72.302011 108.627847
97.931075 103.501806
97.931075 103.501806
11.096296 150.696838
11.118678 -83.443429
6.700143 147.582434
56.862651 105.666823
-30.624661 30.565011
15.070055 -77.518375
2.934728 102.482804
67.270157 -260.226361
61.093811 -233.512188
-1.295729 -98.721591
-14.117490 102.895963
119.465288 105.538302
11.042294 -83.462622
18.800107 -85.545633
15.057550 -80.350116
56.661127 105.799540
11.273208 -77.703156
98.231419 102.901020
-95.253188 51.761037
-85.448275 55.489758
61.038920 243.657723
61.044908 246.765153
35.765346 117.885377
73.542481 -233.473537
-102.119125 7.477710
36.076604 117.657817
44.466577 111.570914
44.335515 111.548667
131.866675 156.626836
56.253950 106.502559
56.595201 105.812120
-168.407658 18.880497
-109.681941 66.291243
65.176048 249.533100
2.869087 105.484636
40.172703 -62.518076
98.262136 102.863402
-26.504071 -23.473211
94.695577 105.400349
48.106876 184.242009
10.754518 180.965081
31.848882 183.635410
-30.597808 -23.420150
-168.397572 18.839828
115.214279 270.655681
-105.860353 60.856736
-109.871205 57.625532
56.699232 105.819432
56.611124 105.876064
56.914408 105.634070
56.849281 105.585689
61.090077 -233.576234
61.077748 -230.486765
-103.643280 -5.113407
-101.259268 0.351306
-168.678362 19.125667
-168.194555 18.522579
-22.877018 -37.533585
14.705212 -85.818796
11.060861 -80.391289
-105.641690 -257.548929
44.375555 -62.513668
36.041415 -62.510439
86.096232 105.645851
