date:2018-09-21, time:1000, wind_speed:6.1, wind_dir:178.0, temp:16.7
-168.355689 19.842467
81.519137 211.847752
-76.985096 160.550977
56.674938 118.625771
35.930831 163.804933
-182.535826 103.609042
100.355681 220.653564
-153.726813 -7.315315
85.886986 226.854740
19.046409 190.790750
75.216160 181.726782
-178.350588 88.626192
99.995421 187.641296
-176.644121 97.443868
81.917577 268.934958
2.129257 160.516113
33.820721 -277.311180
-0.082445 169.426654
110.760817 223.814961
104.506164 196.543535
89.615988 232.582530
98.035618 235.776620
-1.845981 145.643070
16.839044 166.664247
106.179629 193.628386
60.833278 196.774272
-161.946020 124.937172
-151.492910 121.877355
-157.571107 133.652164
-166.850427 64.319509
68.812657 -226.581024
-174.890290 37.553268
48.466041 121.786786
-51.789847 -190.358186
-88.758793 -169.289416
-64.164034 -205.456883
-151.472857 124.676101
-164.246363 118.899864
-12.261233 -235.563398
-68.660052 -139.475190
39.966287 -274.270045
35.352150 -274.554772
-80.840728 -106.314629
73.363743 -232.319116
56.702664 115.580883
-153.286172 -10.462584
-51.569533 -229.382719
-10.046794 -244.406236
-174.199614 76.617031
-65.771557 -112.355572
-150.192813 79.371492
30.089406 -262.011416
-72.438230 -118.327156
-39.050454 -163.412753
-8.274146 -277.601566
-97.645999 -124.233962
-155.720040 82.369108
65.150305 271.984159
-186.733566 49.679496
-79.178157 -238.672729
-64.341730 -94.341583
-45.722357 -277.716937
-153.758007 127.985375
-134.812102 151.833372
-97.895843 -100.549398
7.114126 178.747844
-8.565390 178.755276
-182.506087 85.683860
-179.355422 85.563512
-182.996573 85.723503
-179.025252 88.739737
-97.895843 -145.560693
-68.703118 -202.461574
-120.371260 -22.416688
-93.232713 -142.377858
-106.141902 -64.305105
-186.140506 31.492916
-59.579164 -175.357061
85.477864 -235.377525
-152.003910 -7.362296
-147.489475 -7.284637
-158.148632 103.572986
-162.220018 103.666789
-164.579243 106.502559
-162.612129 106.661528
-47.778860 -202.353774
-1.762921 199.607248
-119.951659 -115.347015
-93.106503 -58.316773
73.485482 -241.499043
16.989555 -241.480660
69.585039 -265.244792
27.135532 190.523643
-8.162086 -280.576425
-4.178801 -277.581474
-12.369519 -277.696838
-9.892618 -277.340721
68.593826 -241.454502
69.157695 -241.344169
62.862920 -238.217515
63.157724 -241.460187
-109.520787 -79.257467
65.011248 -238.375488
73.507941 -238.244687
-76.752417 -253.519174
-178.428043 37.799009
20.744907 187.765946
73.455765 -235.466753
69.360089 -235.186561
-149.135017 82.614641
28.186380 178.858311
