date:2018-07-17, time:1700, wind_speed:3.58, wind_dir:210.0, temp:22.8
-122.596530 46.068170
-100.480943 34.328781
-98.201967 103.186103
96.738477 103.098171
97.547591 103.344190
-12.399468 145.331600
55.230796 106.203165
55.512265 -265.856628
-11.676535 -106.994145
-40.780771 94.044998
103.607236 105.982065
-17.160152 -91.738061
1.203264 -94.747910
-12.116317 -85.914083
97.554865 103.287652
59.172904 244.226298
58.711884 244.178863
35.470957 118.505571
43.078174 112.198189
55.335097 106.270075
-168.802525 19.480722
67.740437 238.263963
96.040659 103.186508
-61.157259 -31.837147
85.483507 106.502559
23.684381 177.892430
-61.456189 -31.823954
-168.802525 19.480722
-128.172015 52.257333
-131.189078 48.939911
55.156313 106.025656
54.817307 105.943437
56.253950 106.502559
56.253950 106.502559
28.047513 -242.055351
-129.866839 -16.826627
-124.089113 -4.978059
-161.613309 16.065154
-48.297565 -46.950773
-7.222329 -97.906068
-107.383590 -257.065983
5.276408 -70.799931
68.514681 103.247561
34.319814 118.179657
-161.658310 16.015816
-160.467100 16.479969
60.874359 265.039050
-168.802525 19.480722
-27.308051 33.891163
58.946528 268.004279
21.801801 202.202612
64.268353 271.349651
54.770904 106.096656
55.290806 106.236933
68.647474 106.129362
-32.345859 -7.987708
1.099097 193.117063
54.638720 105.992059
45.455980 199.304669
41.294287 196.323607
101.620911 289.077697
-2.094025 -19.529067
-10.593693 82.092409
-19.422225 -19.878963
55.210510 106.216477
46.966660 109.276669
47.918525 109.503312
47.629174 109.276052
47.552852 109.320249
