date:2018-06-01, time:1200, wind_speed:3.69, wind_dir:167.0, temp:23.4
68.397947 229.648406
-78.158479 133.325582
5.397248 -283.595268
-82.250915 73.359628
59.222314 247.290569
43.806382 115.504818
59.706256 253.560698
-94.965462 106.042194
-112.020128 -244.278877
-110.859400 -247.515722
-111.759838 -251.071546
-90.847875 109.077284
-22.877018 -94.547892
-28.486073 144.784315
-53.230874 127.339065
-6.206168 -115.553163
-28.085993 163.363484
-10.793233 154.592429
-7.293273 199.358730
-99.013904 115.369253
13.814936 -283.576586
76.218214 109.253102
101.763835 271.651767
-10.429450 -169.566717
-65.889213 159.968194
-15.197729 -292.495463
-52.510017 124.633214
68.812657 103.501806
-87.821259 133.866878
-90.359894 172.593420
47.918525 112.504065
-36.645621 187.093259
-64.985308 163.602219
-72.889568 157.515360
-6.206168 -289.596837
21.789364 -268.663201
-73.554801 154.523419
-35.435725 154.514607
-15.350747 37.446393
