date:2018-10-10, time:1200, wind_speed:1.84, wind_dir:283.0, temp:27.8
64.028847 170.449053
96.905640 220.462846
-7.321370 135.997992
-144.293853 125.857578
-73.371481 -201.442122
-147.892876 124.324885
-157.150010 112.264363
30.215117 -274.670485
-85.745231 -246.105163
-178.185941 82.370738
-78.180515 -214.993456
-131.923872 -33.476213
-86.247944 -145.874383
-181.777888 34.796964
-69.596958 -190.692366
-144.904717 -8.194417
-111.612606 -122.242279
50.925912 -272.187289
-19.666456 -280.944721
-65.004471 -249.972042
18.508637 125.706867
59.702277 -231.986181
-86.464309 -181.675984
-78.375184 -182.060925
-74.307211 -184.973443
-82.147934 -172.801157
26.120687 178.087449
-73.923491 -127.721017
-85.907476 -207.952575
-73.909320 -251.011448
-186.714873 46.040029
13.912155 -270.987163
-140.235468 -7.295619
-148.819067 -7.459479
-27.251808 -282.144421
-123.755181 145.265540
-36.602928 70.072313
10.174221 182.205059
-65.643044 -230.159838
-132.402798 55.244779
-119.964924 148.097596
-65.666206 178.491660
-69.197232 47.505898
64.014364 182.172494
-69.917918 61.101973
-144.671449 34.426658
-82.246102 -211.567281
-149.127889 132.877598
5.648117 -186.972021
-69.782491 -232.820204
-61.603152 -229.756728
-123.564543 31.568107
-90.008747 -246.238631
-86.653292 -245.229034
-77.903123 -186.984633
-78.232445 -184.958436
9.144934 -284.037608
9.901467 -289.017335
-61.356282 31.350814
-27.749709 163.947289
-23.998090 -244.958785
-15.465664 172.310033
-89.871394 -243.240838
-86.628173 -244.953356
-86.370459 -242.016404
-89.498550 -244.736554
55.780559 -199.196348
-107.576081 138.831803
38.397217 -187.981549
-64.908455 -231.163665
-36.486848 61.261151
-32.311480 -274.675209
-56.612135 -264.521754
-103.129371 112.280096
-61.209072 55.393180
17.530674 178.087647
-65.581284 -203.081744
-70.031866 -203.017446
5.650821 -286.392005
-10.912605 -100.110741
-94.332547 26.329001
-28.018114 -196.950382
-32.246251 -233.076175
-52.584262 -42.368084
-73.581594 -229.714639
-65.311766 -232.631200
-74.049516 -230.152086
-19.692897 178.515688
-19.588194 184.781278
-19.661583 184.278091
-119.327576 -9.793154
-23.318245 176.398747
-64.808667 -236.985883
-69.074116 -240.157236
