date:2018-09-17, time:2200, wind_speed:3.67, wind_dir:241.0, temp:21.1
-164.973327 18.689195
47.204599 120.413643
76.909637 157.149751
68.436767 252.883045
26.428946 180.449285
84.751566 213.586279
-73.134555 160.194169
56.060173 118.131774
35.311351 163.143698
-27.933072 27.361543
-48.096564 154.121577
-181.932964 102.502803
101.276860 219.632094
-47.883293 133.509336
-148.088561 -7.838578
88.802784 225.527431
22.222612 189.532200
80.529280 180.541037
122.744904 196.196027
-173.643845 87.550462
106.266500 187.522890
-173.686052 96.431453
-177.520566 99.754920
81.031046 268.260542
9.737520 159.493166
55.843488 120.745053
-61.245002 135.477652
38.959194 -278.631502
5.529595 168.560936
110.245984 223.185129
18.643989 148.174336
109.743134 195.437877
97.140132 231.441219
101.469629 234.506761
10.464682 160.516113
14.366321 175.183414
1.696640 144.718312
18.053270 165.434656
122.937350 190.523643
109.818074 192.511882
64.369824 199.208466
-156.991699 123.375046
-148.122758 121.154254
-156.938127 132.562182
39.090224 -233.265643
-160.622526 64.131650
72.236940 -227.643605
-173.338536 36.808462
51.927421 121.122153
51.921503 121.133544
51.492058 120.434137
-48.637653 -191.557615
-89.783681 -169.914403
-61.137409 -203.785373
-148.311171 123.788041
-160.847943 117.769072
-161.161688 9.401776
26.447347 -275.678200
31.090070 -223.923332
-114.719761 -109.918512
-6.206168 -235.583283
-69.211142 -140.327127
47.157262 -275.617498
39.416877 -274.986344
-73.660397 -107.711698
1.982034 142.156276
1.617675 144.779918
10.218437 160.107608
77.148082 -232.582530
76.978611 -232.905896
60.042994 117.792097
51.475238 120.458151
-152.822439 -8.495268
-152.131675 13.479216
-85.629969 -106.879317
-48.126030 -229.899009
43.634587 121.115627
5.531148 162.507792
31.060110 127.116720
-10.642464 -244.917887
-173.632588 75.379120
-60.442000 -112.552410
-143.984600 82.096013
30.816645 -260.279724
-106.943727 -101.597838
-73.549164 -116.537135
-39.902267 -161.395017
9.637628 213.539346
-85.864873 -188.236872
-85.598909 -196.912224
-173.685550 57.489998
-2.804043 -278.654292
-89.750565 -124.875854
-152.588813 81.723043
68.362898 273.854997
-185.473375 49.488252
-156.478261 112.098611
-152.300743 103.101042
-73.091088 -238.963222
43.120502 -239.592264
-64.706350 -94.877037
-131.443316 145.185013
-39.719630 -277.980912
-148.588259 129.496250
-131.237543 151.513854
-89.795434 -100.904682
10.221836 178.151648
-2.795670 177.333463
-181.394188 88.177698
-173.671824 84.483817
-181.403293 88.171470
-173.316590 87.726126
18.619701 -265.927239
-98.101654 -145.902896
-85.448275 -145.560693
-64.712517 -202.974768
-123.114827 -37.887071
5.554792 126.496122
-115.316193 -23.584935
-90.262680 -143.625614
-65.253364 -149.671263
-102.309927 -61.885895
-185.673941 31.160084
-31.895099 -182.680801
-61.311004 -176.675762
85.316348 -235.955162
-148.637529 -8.515018
-144.247738 -8.284034
-148.109063 -7.872705
-148.114610 -7.903006
-152.320975 106.165425
-156.405289 106.164203
-161.191970 105.373381
-156.446292 106.199626
-48.271619 -206.264099
1.349701 198.486160
-119.221026 -116.330080
-90.407154 -59.552164
72.674181 -241.964787
18.800107 -244.585542
72.252529 -254.723056
72.522741 -266.349456
26.972288 187.192158
26.667467 189.770949
26.895011 190.186592
-2.921115 -281.616102
1.946518 -277.921856
-6.699478 -278.414191
-6.450318 -277.940842
72.709833 -241.919784
-44.015149 -274.940807
72.513992 -239.273058
68.014397 -242.550407
68.057203 -239.526533
68.022303 -242.555626
-93.962471 -43.900671
-110.603819 -76.947162
72.774807 -238.985145
72.748110 -238.979648
68.032822 -239.638790
68.812657 -238.584036
72.468265 -239.289889
-77.335626 -253.997925
-143.944617 106.182824
-177.355992 37.113579
22.753226 187.160786
22.443437 186.838114
76.957163 -235.959071
72.924800 -235.583283
23.366107 185.824285
