date:2018-07-13, time:0800, wind_speed:1.12, wind_dir:153.0, temp:21.5
-106.855619 46.473604
-77.925069 34.384845
55.629655 109.341017
-78.661740 103.234389
100.194912 103.239824
100.962043 103.292914
6.096092 145.518890
6.148143 -91.478966
62.663284 106.342344
68.670660 -265.479572
0.097835 -106.640902
-20.437960 94.234015
118.477346 105.979831
1.887384 -91.835737
13.961078 -94.581689
5.860882 -85.418951
1.814953 -82.646214
105.106657 103.391831
64.384156 244.586423
64.462804 244.662162
37.839383 118.191793
46.031925 112.512359
130.892521 151.464448
59.506413 106.474073
-165.062629 19.405136
-114.735736 61.538279
72.252217 238.683263
106.266500 103.501806
-35.473512 -31.431179
96.093570 106.302867
39.342992 178.549369
-45.702478 -31.809882
-160.583764 19.548195
-112.241418 52.333477
-111.248936 49.416726
61.583702 106.186717
63.418459 106.305937
54.965784 106.305065
63.715273 106.500238
51.758570 -241.599450
-112.204095 -16.702753
-107.137932 -4.675153
-161.453183 16.371653
-31.469012 -46.527696
10.088990 -97.483247
-106.408841 -256.564897
26.951445 -67.460178
26.801625 -70.460329
79.875902 103.302882
37.863762 118.376967
-161.240561 16.339251
-161.308418 16.535317
-162.324975 19.247485
72.587434 265.526968
-169.125039 18.791825
-12.427824 34.283272
58.497534 268.460614
43.650904 202.612672
68.711132 271.697844
31.247675 121.506324
