date:2018-05-16, time:1300, wind_speed:4.22, wind_dir:185.0, temp:15.9
43.116086 -282.770997
92.795986 251.642460
-61.236085 125.306913
-65.439742 155.295946
-98.602242 -207.703737
34.866014 -285.618143
-90.515703 101.435038
13.544474 -75.621934
38.733945 -282.873148
13.368606 -21.864972
5.659391 -72.375103
-53.025129 98.483682
17.958823 -141.682705
88.933603 263.449636
-86.256631 -222.696900
-69.996752 140.212520
-6.904982 185.455794
5.292439 -72.618725
63.652936 245.550720
-3.057416 -285.805852
84.684908 260.549972
63.819664 254.384279
13.636721 212.639115
47.051020 -261.714113
-73.999152 140.087080
51.189152 110.467281
9.600019 -72.647083
30.920561 203.608676
101.295997 251.427754
59.535204 251.403671
-69.722752 137.461126
-86.431020 -219.706383
-94.623341 -225.615175
-86.360225 -222.652916
-40.441847 101.364957
-32.134148 143.422974
-94.821165 -225.771712
-94.602823 -225.738278
-7.699241 202.787588
