date:2018-05-24, time:0100, wind_speed:2.12, wind_dir:71.0, temp:10.9
85.725477 238.991647
-64.526554 112.761076
-68.673675 142.688040
23.010702 -289.343511
27.135532 -286.596084
-1.009779 -84.430724
-68.777425 85.497288
6.241400 -154.562952
77.112850 253.587801
-102.119125 -238.584036
-11.059487 173.528180
60.511637 244.842761
-1.981316 -298.427412
77.112850 244.585542
2.168594 199.695234
39.583100 -277.593825
48.016053 109.673857
60.504017 244.779261
-72.889568 121.506324
-89.560418 -229.581777
-106.159776 -244.390913
-102.119125 -238.584036
-43.727131 85.671682
-43.771150 133.509336
-106.115748 -238.371711
-106.231268 -238.584036
72.974722 247.803890
-97.858637 160.779774
-68.654118 121.674631
-6.079316 -85.349792
-52.034893 172.790076
-10.429450 154.514607
-39.547868 172.519125
-35.435725 136.510089
10.594504 -97.305939
-26.979004 157.713329
-14.541593 172.519125
-18.764875 172.519125
9.720409 167.594490
6.358755 196.779704
2.129257 199.525902
-56.152268 106.763414
-81.224993 124.507077
27.223293 -289.343882
35.526158 -289.356342
-52.106575 172.519125
97.236758 110.594122
114.671353 283.777465
27.199094 -289.367547
27.622748 -288.548804
