date:2018-09-06, time:1500, wind_speed:4.47, wind_dir:326.0, temp:28.1
-164.579243 7.477710
44.397186 112.000433
44.453822 111.527005
36.056909 117.937942
66.017543 151.933157
61.126852 243.636903
15.762274 175.372365
82.534127 209.195016
73.569384 216.661076
-84.209463 151.899786
43.806382 112.504065
31.954529 153.749913
-30.066590 19.133592
97.951413 235.583283
61.086225 243.640519
7.423860 130.096079
-63.413201 147.893975
-180.354404 96.634607
-51.201495 153.678203
36.085517 117.524936
94.698496 213.791213
-51.028591 126.922346
22.912250 154.514607
78.330502 238.565586
107.110218 218.656253
-22.877018 118.505571
-151.518110 -17.511814
-171.696725 49.530021
28.499702 122.238274
90.563882 223.146527
82.353773 215.603365
-92.937112 116.578881
11.512187 184.100189
66.090334 157.577779
78.229095 175.452034
28.223666 121.260400
115.321315 189.774359
-180.584930 82.015333
-176.484114 78.534911
98.901114 181.091766
-180.826005 89.312580
-180.180339 91.086863
69.590940 261.954113
19.625177 153.955059
53.343328 115.398669
61.123535 210.578954
-71.816501 129.961392
40.145586 -287.151013
-85.023318 163.256440
111.563220 160.006510
2.975687 165.832757
-63.509904 136.227755
-55.166255 142.120580
99.307748 218.267611
16.103354 140.124490
65.994095 140.048604
36.167075 117.537455
73.516130 102.978964
107.474557 191.018156
90.807269 223.571387
94.995076 229.237501
3.474317 155.269722
61.134120 243.675928
3.030695 166.015375
-5.216101 139.160978
10.934083 161.565123
3.295285 166.642870
106.990993 188.497913
107.490566 187.670516
107.480316 187.498827
-0.685349 157.904524
44.374711 111.960329
57.402425 190.484066
19.650878 153.647371
-159.196175 118.738219
-155.339270 114.955376
-155.235961 127.117355
28.527858 -237.966988
-172.188036 54.738725
-114.304188 125.709922
74.231117 -235.327748
-185.009764 28.219650
44.405474 111.946319
44.455357 111.503276
43.806382 112.504065
40.667817 -277.957304
-126.550811 -44.124519
-51.243790 -200.524426
-93.197626 -176.199700
-138.495586 130.273499
-59.699290 -209.151410
-18.764875 -250.587048
91.056350 224.149145
-180.589784 27.526793
-96.986391 -128.130391
20.100792 184.911211
20.158672 184.533381
-159.429615 117.903310
-159.777748 114.670491
-146.721213 56.480435
-109.043729 -25.504318
-167.993759 111.789162
-163.424321 109.061220
-163.938161 6.579244
-159.801472 3.538187
45.027640 -268.540179
23.462808 -284.077669
23.929437 -229.529788
-163.391252 25.341062
-118.248128 -116.037866
-147.474976 130.275638
102.993016 219.759504
-9.234047 -238.909426
-72.035451 -149.091657
40.645709 -277.792440
32.001086 -281.418957
31.987525 -278.394800
-77.112850 -130.556928
-76.354769 -116.305605
-104.951999 -241.072242
-146.830368 116.505830
-6.206168 136.510089
-5.377469 138.863823
-9.479952 138.954466
2.886647 156.914277
73.672924 -236.275968
70.253343 -237.986846
73.576441 -239.631865
49.111488 109.529006
49.091497 109.392927
-151.498978 -17.011378
-151.398456 -17.502106
-160.071513 4.237780
-160.360911 4.108000
