date:2018-09-11, time:1900, wind_speed:1.49, wind_dir:250.0, temp:18.2
-159.676699 18.684134
49.102354 120.735566
77.959843 159.697302
65.472298 252.778252
27.135532 181.521384
90.862040 213.661739
-72.464503 160.056504
52.797855 117.929134
36.104813 162.880812
-22.387804 30.846296
-53.475556 154.038915
-175.963944 102.689286
107.426461 219.827579
-47.550260 133.149666
-143.060837 -8.048379
36.296375 129.664823
94.501450 228.867323
94.179376 226.174924
23.651533 192.627479
82.407728 180.590514
123.877845 195.754724
-176.492815 93.848303
-172.171398 87.842129
107.481688 186.779743
-172.726244 97.380259
-176.407396 99.954912
78.034860 267.836578
23.502889 159.877287
56.666859 120.994869
-59.290252 135.712389
43.909883 -277.773424
119.692293 168.791504
11.270309 171.674446
-51.095827 147.716653
111.382117 222.808763
23.816876 147.603080
73.138502 148.085664
115.673043 195.639230
102.963403 231.714827
102.429985 235.293818
15.483514 159.532774
11.341779 177.695653
3.083780 144.650433
23.750243 165.594607
119.576989 192.859809
114.912470 193.078657
14.957690 166.048349
57.168887 120.635973
65.239663 198.797468
-155.348321 123.647324
-146.860232 120.703367
-151.604676 135.824977
36.020888 -233.249250
-160.073759 64.003594
82.197310 -227.509919
-171.931707 36.664113
48.550004 120.857793
52.670706 120.916732
52.996216 120.829505
-42.994192 -191.240029
-85.016090 -169.963048
-55.258919 -203.534862
-172.460294 36.908748
28.207345 189.739844
-147.364030 123.842154
-139.689226 61.404546
-159.970639 117.894219
-160.018457 117.969639
-155.433026 12.609688
36.420158 -275.417966
32.256538 -224.459098
-113.874787 -107.173206
-5.072692 -233.600102
-63.520163 -140.413281
48.812061 -272.398842
40.062819 -275.087394
-72.037836 -107.383610
-92.884142 -236.188810
-134.754000 120.886110
3.079546 141.726294
3.007900 144.757138
11.178592 162.773037
82.223076 -233.343454
77.955203 -233.198257
57.219173 117.669456
53.186414 120.762567
-147.187055 -8.067151
-147.380798 12.689664
-147.239615 12.818129
-85.107083 -107.100817
-51.262418 -227.411897
11.198852 141.690378
53.329149 123.764481
48.575560 120.780604
15.363650 162.708695
32.113841 129.762742
-9.711800 -245.392360
-163.790860 75.845477
-63.902082 -113.171788
-143.852543 82.296247
31.247675 -259.589307
