date:2018-10-11, time:0900, wind_speed:3.26, wind_dir:72.0, temp:10.2
65.297355 173.945935
98.228150 224.174043
-6.061516 139.813230
-143.796250 127.507830
-72.889568 -196.573494
-147.908393 127.507830
-156.156593 115.876674
31.698489 -270.650264
-85.069294 -241.037978
-176.781202 86.105833
-76.963929 -211.282447
-130.463141 -29.954965
-85.145194 -141.956104
-180.752514 38.659849
-143.629779 -4.207191
-110.454550 -118.553916
52.285310 -268.196870
-18.611211 -277.300954
-64.554143 -244.585542
18.800107 130.508583
-85.360701 -178.198442
-77.112850 -178.568976
-81.070809 -169.210003
27.301759 181.919072
-72.528333 -123.919264
-84.710292 -204.091434
-72.889568 -247.586295
-185.331743 49.780845
15.208207 -267.293435
-147.487352 -4.021348
-122.569761 149.167798
-35.296859 73.803550
10.621367 184.899132
-64.496633 -226.279279
-131.128365 58.783982
-118.666191 151.892305
-64.389180 181.841448
-68.777425 52.489005
65.386134 185.941534
-68.654997 64.880940
-143.485991 38.139110
-80.847743 -207.985242
-147.178471 137.860828
6.954642 -183.374344
-60.305460 -226.248016
-122.453884 35.405056
-84.884703 -240.421255
-85.448275 -238.584036
-76.588242 -183.387231
-77.112850 -181.569729
14.576825 -280.594578
10.928750 -285.713994
-60.081518 35.153233
-26.743698 167.334660
-22.764335 -241.238419
-14.060901 176.472714
-89.476124 -241.262633
-85.356469 -241.251737
-85.448275 -238.584036
56.850015 -195.411232
-106.147494 142.897252
39.583100 -184.570482
-64.412838 -226.218953
-35.113431 65.076485
-30.885663 -271.046932
-56.218718 -259.589307
-60.129047 59.101445
18.800107 181.521384
-64.554143 -199.574247
-68.777425 -199.574247
6.872702 -282.539444
-9.904336 -96.507546
-93.251466 29.700663
-26.945002 -193.224552
-31.046219 -229.255116
-52.038822 -40.178308
-72.619479 -226.033894
-64.221981 -228.956108
-72.815674 -226.181043
-18.503822 182.165308
-18.452632 188.391840
-118.224284 -6.427544
-22.266770 180.000961
-64.275990 -235.074680
-68.453944 -238.001528
-90.189629 -240.827106
-88.489752 -241.060855
