date:2018-10-10, time:0000, wind_speed:3.58, wind_dir:240.0, temp:19.3
64.153744 174.827752
97.951413 223.580271
-6.455049 139.159573
-143.977836 130.217560
-73.069420 -196.908298
-148.335386 126.885219
-156.243818 115.504818
31.247675 -271.592319
52.141807 118.505571
-68.777425 -235.583283
-85.448275 -244.585542
-177.137950 85.497288
-89.947256 -137.337222
-77.336172 -211.941588
-131.776747 -29.237341
-85.448275 -142.559940
-181.928041 36.440794
-68.777425 -187.571235
-144.018583 -4.888729
-168.989986 94.172891
-110.679418 -118.883739
52.141807 -244.585542
51.919887 -268.968737
-18.764875 -277.593825
-65.064666 -248.273511
-152.131675 49.488252
18.553773 130.149736
59.965805 -230.256853
-85.448275 -178.568976
-77.357639 -178.957381
-73.111797 -181.870385
-81.224993 -169.566717
26.970164 181.167577
-72.889568 -124.555422
-86.004362 -206.316457
-73.093453 -247.972274
-185.683077 49.128076
14.114250 -269.331406
-140.314376 -5.600038
-147.908393 -4.525302
-27.100300 -280.594578
-122.902118 148.513101
-35.594658 73.173297
10.113772 186.866108
-64.707435 -226.941284
-131.237543 58.490511
-118.980469 151.187851
-64.554143 181.521384
-69.270148 51.829839
64.140784 183.802228
-68.930620 64.177978
-143.796250 37.485240
-81.224993 -208.576506
-148.117895 136.124224
-143.796250 130.508583
-140.006652 135.808722
5.785105 -182.295685
-68.777425 -229.581777
-60.442000 -226.581024
-123.583266 33.440267
-89.808255 -244.976949
-85.620513 -241.954738
-77.743955 -182.584774
-77.303081 -181.865534
10.255759 -280.934951
9.806619 -284.584896
-60.442000 34.484487
-27.554072 165.754611
-23.092737 -241.878716
-14.541593 175.519878
-89.808626 -238.938891
-85.651685 -241.947439
-85.688856 -238.970831
-90.068442 -242.262369
55.750740 -197.289839
-106.469048 142.143367
39.391664 -184.899363
-64.554143 -229.581777
-35.435725 64.492017
-31.212443 -271.592319
-56.680175 -260.279343
-102.119125 115.504818
-60.442000 58.490511
18.564283 181.191584
-64.714597 -199.870709
-68.926524 -199.877950
5.509416 -284.597930
-10.977282 -98.248414
-94.028615 28.091184
-27.100300 -193.572741
-31.448563 -229.925815
-52.354394 -37.861528
-72.889568 -226.581024
-64.554143 -229.581777
-73.123027 -226.936702
-18.764875 181.521384
-19.543413 186.409532
-18.764875 184.522137
-18.764875 187.522890
-119.255371 -8.244548
-23.308363 180.857103
