date:2018-09-21, time:0500, wind_speed:2.62, wind_dir:173.0, temp:12.8
-166.043418 19.487156
83.957085 211.519232
-74.494703 160.345684
59.076459 118.370460
38.391561 163.578996
-182.626825 103.492073
102.613868 220.390234
-151.396178 -7.740137
88.315392 226.454864
21.529587 190.423987
77.562213 181.459359
-173.952033 88.631163
102.324494 187.221546
-174.312372 97.300055
84.159081 268.568969
6.552842 160.495362
36.239950 -277.582873
2.372110 169.188645
113.267918 223.347868
106.910072 196.244069
93.979927 232.516094
100.400767 235.367165
0.530885 145.251980
19.105890 166.347280
108.576167 193.359027
63.253159 196.368740
-159.730136 124.524928
-149.098836 121.476934
-157.408438 133.530151
-164.586286 64.025163
69.380712 -226.588868
-172.456055 37.301817
50.736142 121.386494
-49.503761 -190.733478
-86.419565 -169.521429
-61.858487 -205.718339
-149.125630 124.449342
-161.808542 118.490800
-9.952906 -235.837977
-66.239010 -139.797995
42.382708 -274.650651
37.830183 -274.792288
-78.386471 -106.693956
75.716096 -232.647206
59.078253 115.358968
-153.544772 -10.508607
-49.181823 -229.616648
-7.608008 -244.731297
-173.998131 76.517073
-61.489133 -112.512693
-147.803664 79.065274
32.515846 -262.310178
-70.065750 -118.672883
-36.601645 -163.751944
-5.944935 -277.951334
-95.254674 -124.548878
-153.358878 82.120111
67.506560 271.478182
-186.927424 49.431575
-76.765412 -238.886423
-61.934100 -94.627580
-43.305703 -277.929704
-151.343481 127.695689
-132.366569 151.515117
-93.442772 -100.608462
9.485173 178.395812
-6.097152 178.401129
-182.671508 85.304856
-176.909972 85.245686
-183.044351 85.426130
-176.630615 88.380280
-91.335523 -145.811519
-66.242651 -202.687963
-118.041577 -22.702092
-90.851262 -142.647880
-103.699023 -64.648227
-186.217176 31.536358
-57.193023 -175.585626
87.894599 -235.769922
-149.493753 -7.659413
-145.247072 -7.574419
-155.748866 103.290431
-159.757908 103.335077
-164.069561 106.605612
-160.298636 106.351720
-45.367534 -202.625768
0.540321 199.449606
-119.754928 -115.602905
-90.639899 -58.695257
75.935342 -241.770357
19.292722 -241.759144
71.836555 -265.577793
29.554363 190.191594
-5.665096 -280.849353
-1.677574 -277.847013
-9.952415 -277.917434
-7.489414 -277.627086
71.030195 -241.803127
71.658858 -241.714878
65.342402 -238.513929
65.610588 -241.677211
-107.156654 -79.592455
67.238250 -238.690156
75.930893 -238.551127
-74.303726 -253.695549
-176.158112 37.583412
21.275544 187.148280
75.723079 -235.763619
71.807065 -235.581306
-148.885222 82.481586
30.584273 178.595665
