date:2018-05-12, time:1800, wind_speed:3.59, wind_dir:167.0, temp:10.0
49.376696 -280.417894
99.634836 250.757064
-56.218718 127.507830
-52.106575 157.515360
-64.897540 142.617997
28.708425 -277.363860
-97.895843 -208.576506
45.756300 -283.325447
-54.789981 118.702460
-77.520007 103.638541
16.097124 -73.461295
-60.442000 130.508583
53.659626 -280.519737
24.437196 -19.361808
16.147441 -70.379954
-42.112311 97.631258
28.650401 -139.426153
18.800107 -277.593825
72.568922 286.727030
22.912250 -289.596837
102.119125 265.590813
-83.992289 -220.174343
-58.821859 142.750398
3.595256 187.861858
91.290839 247.869476
14.235992 -70.486797
74.483693 247.774205
7.874814 -283.402996
-93.783700 -208.576506
97.951413 262.590060
86.948335 238.652758
106.286838 262.590060
72.945138 256.588554
-6.206168 187.522890
24.489390 214.799032
61.949188 -256.477454
-33.881864 169.710095
-63.011717 142.849784
64.589375 112.504065
2.129257 193.524396
