date:2018-09-20, time:1600, wind_speed:2.6, wind_dir:178.0, temp:16.2
-164.422931 20.445410
30.814234 181.832022
85.331689 212.287500
-72.773542 161.420620
60.699878 119.391286
39.795516 164.475063
-181.776596 103.845599
105.677308 221.015224
-148.281170 -7.123591
89.494743 227.268069
23.020354 191.442421
81.153185 181.752612
-172.723384 89.353448
105.610381 187.676620
-172.645625 98.491869
85.601818 269.529882
9.998181 160.904639
39.438253 -277.123761
5.600185 169.626838
115.159941 224.722822
110.193348 196.918773
97.420717 233.059076
101.951387 236.329111
2.062847 146.466345
22.300840 166.837147
110.122388 194.124985
64.773575 197.335199
-156.545876 124.774297
-147.434008 122.624482
-156.067974 134.276124
40.021423 -234.612176
-161.198418 64.541196
72.752621 -226.211682
-168.914115 38.014145
52.201914 122.366093
56.624085 122.458017
-48.412687 -190.473809
-85.187030 -168.632304
-60.084127 -204.470235
-147.681925 125.292742
-160.661311 119.172898
30.626058 -223.417894
-6.712643 -235.226972
-65.206117 -139.465967
47.672628 -274.201265
39.917439 -273.420632
-73.201858 -106.090729
10.437195 161.138985
77.404293 -231.624205
60.704999 116.519211
-152.088522 -9.693286
-47.507829 -228.522185
-6.197052 -243.906175
-172.680967 77.311275
-59.970823 -111.617916
-144.462200 79.517208
35.821162 -261.965900
-68.768950 -117.915564
-35.115970 -162.571986
-2.637638 -277.369061
-89.923608 -124.163871
-152.124367 83.300577
69.026358 272.581952
-186.038415 49.723275
-73.572108 -238.353829
-60.340127 -93.793542
-40.058023 -277.424933
-148.145550 128.059220
-130.790330 152.524956
-90.130611 -100.331504
10.865834 179.321748
-2.717674 178.749451
-181.244182 86.565699
-173.618053 85.739303
-182.005467 85.644998
-173.382338 88.845733
-86.020553 -145.566109
-64.450122 -201.505358
-114.759433 -22.122773
-89.473372 -141.907892
-101.832478 -63.635886
-185.136835 32.241540
-55.583106 -174.574569
89.704935 -234.608013
-148.243678 -6.783863
-143.654823 -6.507526
-152.774148 103.602721
-156.487737 103.809003
-160.825146 106.896401
-156.885530 106.810694
-43.547805 -201.444920
2.199684 200.447362
-118.215394 -114.484368
-89.490762 -57.790402
77.442329 -240.653517
22.323758 -241.346045
72.895804 -264.790042
31.599777 191.762317
-2.489358 -280.120575
1.452134 -277.417523
-6.662755 -277.415957
-5.639105 -276.435847
72.334311 -241.562255
73.214107 -240.603826
68.623801 -238.151179
68.729175 -241.142605
-105.990842 -78.721586
68.875014 -237.570793
77.499165 -237.718461
-72.962878 -252.907306
-144.517380 103.522467
-172.816183 38.095920
23.200889 188.749001
77.152704 -234.706302
73.354918 -234.461392
-147.464370 83.523992
