date:2018-08-29, time:0500, wind_speed:2.42, wind_dir:263.0, temp:21.9
-164.643074 7.183829
43.684317 112.070913
43.783218 111.995468
43.741554 112.020705
5.691541 150.489124
93.356231 237.568783
35.390920 117.750987
18.681900 117.988409
72.927382 102.739999
80.646276 165.331905
64.079544 249.488526
22.376379 186.625984
18.202933 138.429898
-81.564434 153.477954
89.167647 219.567563
80.491031 222.640393
89.121592 231.829892
101.639097 189.469906
-19.183612 60.807236
113.970747 228.655567
-77.679745 159.390179
44.197343 110.729784
51.424705 162.503365
97.365289 234.512355
-23.489704 33.411974
109.919002 252.367484
64.133233 246.796561
26.475649 141.303382
14.371440 150.978297
118.210216 246.575208
18.121289 150.436436
-56.528727 159.442125
68.389512 270.918512
-173.270522 105.993953
-44.402468 165.371886
47.289407 123.469581
101.721071 222.490268
97.686593 231.879278
-6.726096 156.801353
-44.388926 141.366918
97.284342 225.538345
30.713029 165.345271
63.826793 192.391507
72.364009 228.373178
18.288519 165.671879
34.726012 165.345655
-181.770744 93.285462
85.156415 252.494825
113.931301 231.408367
43.736061 196.031654
-6.544797 133.026458
-152.129012 -16.749053
101.672484 228.822033
-165.244208 57.406669
26.686872 135.318986
22.506507 124.051218
97.623254 235.031766
89.217040 231.484541
-81.706576 129.169329
35.421018 193.041921
80.659363 168.429208
88.878547 183.503236
39.293041 129.819587
34.940650 139.002583
-152.807135 126.343835
126.582621 198.400481
-140.360182 132.283406
-169.362174 87.218705
-106.678377 162.376027
30.572040 141.228343
-177.230441 79.001362
80.585793 129.510800
101.423131 186.463777
-169.525064 99.364167
-169.267063 102.223085
-160.951118 102.409599
-169.412542 102.305144
-111.063351 162.078479
1.747315 168.959262
80.784938 270.694307
22.230230 162.454328
55.637674 114.347582
68.759970 130.189014
55.951558 126.706217
43.242566 207.446992
68.174840 222.226805
18.082154 138.296737
18.095169 135.456192
-164.898328 99.661135
-177.742752 96.498772
-52.313689 150.919047
-56.639716 142.034700
47.950714 -284.021614
-65.141265 174.562882
-19.218500 159.497044
9.969841 168.883280
122.395554 171.524308
34.997048 171.510120
5.534319 171.463680
-56.803333 150.342224
-52.671872 150.440698
105.880184 231.405440
105.632311 231.618857
106.362369 227.130230
18.896152 152.083334
76.683284 153.418793
-6.729743 174.462364
72.332575 144.284771
22.283279 159.587011
22.146062 155.922892
35.456519 117.452970
72.764250 102.732574
73.128715 101.840703
72.890516 103.249567
114.494359 199.347961
76.445505 185.967452
10.055283 166.419625
10.142134 165.722939
97.750989 232.381543
97.279539 234.573490
10.093705 165.728874
