date:2018-10-29, time:0200, wind_speed:0.32, wind_dir:18.0, temp:2.3
72.844643 113.404089
-10.507020 78.740425
-131.406163 53.454566
-81.961680 -252.898011
-118.743190 -47.257461
18.560632 120.111038
-127.556902 -11.915217
-48.372692 -17.865662
1.653714 93.337110
47.231004 -246.888225
-86.149951 -27.639966
-69.184300 -257.785476
-110.580296 -51.428622
-10.911538 102.418866
-93.956824 -240.464610
-78.156600 -252.847340
-10.656530 -287.812828
-6.472560 -294.831604
-10.924436 -20.903794
-57.017960 104.206428
13.914778 -288.906643
26.350383 -252.939529
35.166300 -252.928336
-77.546844 -254.896377
-89.846865 -243.462670
76.662930 185.979302
-69.206357 108.033041
51.440032 -258.945682
-69.326222 -253.156899
-35.704373 41.403417
-39.782482 129.185172
-35.554635 -248.621395
-11.059720 122.117129
27.031523 135.569146
26.503883 -251.727806
-15.318200 122.149805
-31.541512 120.118825
-6.386731 74.398922
-11.154496 71.337915
-56.719484 131.386054
-85.777717 -243.764771
-89.569703 -244.549412
-10.188416 77.998851
-11.630098 79.943247
2.222730 -211.853243
-60.454093 52.279183
-135.460825 70.493523
-11.637280 79.895706
-11.292862 77.584924
-9.412307 81.018939
-6.127632 80.067772
-10.508487 78.628423
