date:2018-06-05, time:1200, wind_speed:1.24, wind_dir:194.0, temp:13.1
76.887541 247.404834
-77.399303 136.402215
6.054342 -277.579618
-77.112850 82.496535
62.852634 253.997860
51.155593 123.500110
-90.748584 115.164716
-107.981661 -238.342848
-107.135665 -242.670338
-94.995095 115.338783
-24.164098 -91.477923
-7.413734 -106.953749
-28.432218 175.283389
-6.996203 164.628378
-3.589867 211.282421
-94.758506 117.385032
13.045764 -279.956379
106.185414 277.594776
-11.468873 -164.734910
-61.915268 172.210761
-47.883293 136.510089
71.919952 108.381571
-85.448275 142.511595
-90.237577 180.282340
47.918525 121.506324
-36.071256 190.181284
-61.689089 175.177359
-73.853093 163.206613
-68.777425 157.515360
-31.212443 160.516113
-14.904728 40.316261
67.205115 268.868897
68.147749 270.707776
105.322372 109.905756
-3.140694 49.723874
21.977627 -79.291149
21.899781 124.262606
38.593412 202.440001
59.598818 265.313957
51.432046 112.156068
101.550877 106.176076
-35.620228 187.434418
