date:2018-07-08, time:0300, wind_speed:2.24, wind_dir:280.0, temp:16.3
-105.615643 57.246798
-80.822005 48.284988
48.152819 108.527256
-72.335691 108.344616
97.987064 103.139169
97.989069 103.269222
10.895328 150.399356
11.178709 -86.851938
56.891550 105.091712
-30.771124 27.447750
2.136218 103.249728
69.513131 -260.964242
61.108803 -236.722680
-2.094025 -100.549398
-14.366796 99.626386
119.285577 105.505515
11.112514 -86.888948
18.805249 -86.004221
15.300621 -80.730107
56.517600 105.633577
11.110562 -78.009780
98.216509 102.619777
-93.244812 51.118894
-85.440845 55.202781
61.031227 243.344803
60.922810 243.394172
35.641135 117.719103
73.602799 -233.842103
-102.002733 6.957033
36.164905 117.203299
44.324253 111.346039
44.321261 111.376965
131.779625 156.150895
56.326792 106.028425
56.429105 105.807667
-168.547050 18.755205
-109.749099 66.106644
64.694028 244.142758
2.614157 102.437880
39.940674 -65.545319
98.235082 102.603005
-26.596863 -26.698370
94.501667 104.992043
48.220908 183.549343
10.755812 177.763650
31.693296 180.355373
-30.475074 -26.631983
-168.417654 18.435909
114.971577 267.518930
-106.011048 57.836414
-110.011252 57.371578
56.634077 105.572177
56.632635 105.616140
56.747399 105.412887
56.746110 105.126737
61.005292 -236.751653
61.163450 -233.647649
-101.627089 -7.891674
-101.337005 -0.084094
-168.612449 18.960332
-168.344291 18.251107
-22.831695 -38.011109
14.707996 -89.130822
10.721448 -80.630405
-105.739600 -257.765752
44.280686 -62.728453
35.986526 -65.840535
85.855758 105.470295
