date:2018-10-11, time:2100, wind_speed:2.82, wind_dir:6.0, temp:8.9
65.989445 176.086497
98.650115 223.672512
-5.939474 139.553907
-143.456923 127.529427
-72.889568 -196.573494
-147.908393 127.507830
-155.913183 115.516841
32.646783 -271.062309
-84.896630 -241.495541
-176.526402 85.641042
-76.816588 -211.501553
-129.750979 -28.038739
-84.783345 -142.497302
-143.465765 -4.445075
-110.454550 -118.553916
52.480119 -268.521240
-18.490076 -277.529126
-64.554143 -244.585542
18.800107 130.508583
-85.098823 -178.523419
-77.112850 -178.568976
-80.910759 -169.494423
27.421052 181.505146
-71.958054 -124.356565
-83.863659 -202.077435
-72.574681 -247.599975
-185.122752 49.503435
16.098477 -267.994338
-147.323726 -4.423484
-121.980082 148.735506
-35.079639 73.565574
10.722314 184.597171
-64.249549 -226.573302
-130.959592 58.477460
-118.517884 154.581953
-64.197033 181.605771
-68.777425 52.489005
66.035412 188.199221
-68.429040 64.576408
-143.122437 37.660784
-80.566377 -208.430538
-146.444244 136.924947
7.848880 -184.224206
-60.112006 -226.499616
-121.994326 37.694149
-84.265780 -238.228154
-83.876518 -237.950322
-75.918641 -181.318373
-77.112850 -181.569729
14.915297 -280.552406
11.422344 -286.397069
-59.890675 34.525012
-26.249100 166.701906
-22.523768 -241.549083
-13.069283 176.139873
-89.243410 -241.567041
-85.092817 -241.543681
-85.448275 -238.584036
57.573901 -193.287733
-106.231268 142.511595
41.100649 -183.927536
-64.213698 -226.494766
-34.758228 64.623652
-30.659915 -271.419611
-56.218718 -259.589307
-59.800283 58.558549
18.800107 181.521384
-64.554143 -199.574247
-67.168952 -199.028766
7.615709 -283.169770
-8.944441 -97.072071
-92.590587 31.773097
-26.734054 -193.548820
-30.848003 -229.592290
-72.300746 -226.456964
-63.586746 -229.366719
-72.546531 -226.573307
-17.886119 181.723710
-17.728908 187.710890
-117.586018 -4.262423
-21.384405 181.963162
-63.909456 -235.485062
-68.090176 -238.399753
-88.904444 -238.525485
-88.310774 -241.240117
-23.220824 179.129403
-20.540973 179.385973
