date:2018-10-21, time:1300, wind_speed:6.81, wind_dir:320.0, temp:5.5
61.670696 129.499439
-14.541593 91.498794
-147.908393 73.494276
-159.835600 69.958750
27.135532 -289.596837
-88.374196 -245.599945
-85.448275 -244.585542
-127.125400 -43.535091
-110.454550 -121.554669
49.079657 -284.525680
-22.329072 -284.059198
15.138812 118.053157
-184.268137 27.482037
10.464682 -289.596837
-147.908393 -19.529067
-34.824424 27.970947
7.344896 132.460551
-135.460825 13.479216
-62.143261 1.117306
11.049421 -239.046320
-70.255572 -232.922514
11.620727 -290.561475
-42.542936 117.528275
-30.625983 -281.134753
-7.818935 121.126446
36.100976 -230.037329
-71.794188 -254.561186
2.129257 -292.597590
-89.560418 -10.526808
-25.909828 -245.494387
-67.686981 -260.500530
-80.027818 -254.601032
-22.877018 139.510842
-113.295072 -47.445513
-18.764875 127.507830
-77.112850 -256.588554
-97.895843 -244.585542
-88.461397 -245.525519
-21.728634 -284.481642
-14.541593 -286.596084
-21.767734 0.571686
-71.745912 120.487465
-150.927527 72.501655
31.247675 -268.591566
6.241400 -289.596837
-22.877018 136.510089
-21.650221 138.536630
-18.764875 70.493523
29.718389 139.194583
11.697379 -230.495938
23.446401 -230.038162
-84.872217 -245.064657
-92.586086 -245.553708
58.834988 199.042012
-77.112850 133.509336
-34.216654 138.541293
40.168597 -236.015269
-88.408201 -245.569395
-88.341925 -245.583898
