date:2018-05-15, time:2000, wind_speed:3.29, wind_dir:290.0, temp:14.3
44.433921 -283.403482
89.800172 249.664418
-60.183162 126.561407
-64.302087 156.402372
-97.801343 -208.867674
35.676131 -284.536203
-88.808989 100.630238
10.584539 -74.313010
40.338130 -283.330842
15.137788 -22.220979
7.121001 -73.279236
-52.059564 96.861625
19.091600 -140.654850
14.751060 -290.550638
90.412725 262.889906
-85.325228 -221.697365
-68.478296 139.651975
-6.094716 186.742372
6.308522 -71.436422
65.398899 244.877350
-1.218302 -286.236510
85.557171 261.679027
73.128291 237.800557
64.857608 255.688554
14.907328 213.577597
48.138305 -260.616529
-72.368633 139.866655
52.287629 111.501998
11.076527 -73.414829
31.331668 204.794777
102.149087 252.874089
60.665322 252.503066
-72.784605 135.780766
-85.345669 -221.260296
-92.951415 -226.310632
-85.303776 -221.525462
-39.273131 102.442019
-35.252130 144.720726
-93.616400 -224.334203
-93.617143 -224.611355
