date:2018-08-01, time:1900, wind_speed:2.66, wind_dir:124.0, temp:19.9
67.890044 103.921496
55.238005 106.917226
-53.655074 -102.881358
42.363177 113.132823
47.464591 109.878161
-174.243674 23.079143
68.679919 103.786794
46.504701 110.124804
-182.749348 37.985389
46.420591 110.084426
46.484024 110.107420
-166.012771 8.208135
-110.905360 -253.112858
-44.674564 -79.037336
-161.343376 10.976691
-178.491397 26.118605
47.918525 109.503312
54.854302 107.030967
47.447486 109.864544
46.465825 110.155140
42.402612 113.111979
42.839318 113.060987
47.435815 109.828523
-7.560849 116.073586
54.743562 107.064985
88.191459 107.117879
-36.361446 112.895867
47.707430 109.788106
46.531747 110.100516
67.443826 104.014371
54.697589 107.053767
59.101410 266.223231
42.796591 112.914736
43.376528 112.836720
-61.437814 -40.091818
42.328408 113.103715
42.414238 113.102771
42.423775 113.193190
42.344334 113.080816
46.459390 109.896505
-68.916857 19.723532
55.215408 106.868599
47.011852 109.918580
-7.570217 196.947683
-5.479083 -66.740099
43.665309 112.756737
43.806382 112.504065
-172.914668 22.481475
42.800159 112.957254
43.806382 112.504065
54.732998 107.045160
43.806382 112.504065
46.427092 109.985526
-19.809010 -24.515769
-23.423979 163.994563
-17.466434 161.319169
25.717616 122.123073
67.331496 104.107793
34.067591 194.041831
-23.097711 43.739984
43.806382 112.504065
46.430104 110.153137
-106.715967 -250.264437
-10.578164 46.698711
-31.715651 109.919698
-39.547868 115.504818
-24.306898 -45.970056
72.450146 103.796198
-2.269979 55.718985
17.897094 -91.031634
-14.695121 -10.288902
76.080239 104.406084
72.379932 281.031151
43.620355 112.760361
-11.758110 44.156752
43.806382 112.504065
42.393247 113.176370
42.389812 113.148632
42.756622 113.077937
64.117307 256.944400
68.812657 103.501806
9.374271 64.872832
28.418838 197.205875
67.707624 271.996459
47.918525 109.503312
47.371104 109.931066
-6.346195 179.400529
-111.310870 -253.180286
-111.327510 -253.176493
98.475512 251.410662
42.289691 152.015240
-140.578925 155.002312
130.502457 269.636937
114.309949 179.455578
-2.286617 175.811977
-85.891392 169.980983
