date:2018-10-13, time:0400, wind_speed:1.12, wind_dir:243.0, temp:6.3
64.516370 174.086432
97.840339 222.015530
-5.627879 137.557561
-143.933725 126.552091
-147.877779 125.609606
-156.549465 111.860489
31.116528 -273.315467
-85.569403 -242.593852
-177.383160 84.475051
-77.374919 -212.650318
-127.135833 -33.386566
-85.656753 -143.433288
-144.033113 -8.660039
-109.866018 -120.716227
52.540486 -270.792645
-18.792964 -281.655413
-64.518799 -246.377372
18.898822 128.862298
-76.693381 -180.678144
-81.323390 -176.658880
-73.024684 -125.478820
-85.209368 -204.412489
-72.412525 -249.692849
-185.713663 48.404912
14.732046 -273.348887
-147.964176 -8.622253
-123.157203 147.420884
-35.199416 71.252228
10.345812 183.315647
-64.760622 -227.701151
-130.624842 56.128652
-118.525906 152.387376
-64.097683 179.401304
-68.668627 50.777320
64.771291 185.755041
-69.066949 60.624603
-143.490439 35.278465
-81.457438 -209.645104
-143.858171 131.940149
10.309742 -192.004880
-59.992029 -231.934530
-81.236336 -243.169502
-85.418232 -240.422856
-77.011072 -183.326901
14.231314 -281.714808
10.367281 -287.779707
-60.601506 33.460537
-27.291224 162.364847
-23.051850 -245.548999
-14.430910 170.716234
-89.742069 -245.619274
-85.703687 -245.150914
-85.567191 -239.589556
60.362303 -198.078268
-105.870897 140.458472
39.691988 -189.525656
-64.693853 -233.596345
-35.718343 60.473022
-31.534689 -272.615157
-60.714598 54.525122
18.792789 176.764226
-64.214961 -204.746192
-68.690930 -204.357438
10.453227 -285.247971
-10.365132 -99.388097
-89.747221 27.923412
-26.649840 -198.788853
-73.059572 -227.533111
-64.714684 -236.649437
-72.350165 -228.718196
-18.926567 183.436000
-114.748505 -6.111387
-18.699253 179.677258
-64.814117 -239.616685
-68.867472 -240.100285
-89.755831 -239.555313
-85.482130 -245.995013
-23.179000 177.510409
-18.297611 173.300653
-81.338406 26.982755
-114.274709 23.358483
-18.865902 180.209491
-18.982602 181.322593
-18.908806 -278.548878
-15.621388 -280.248099
-19.035171 36.929422
-68.857481 166.402730
-35.435725 109.503312
