date:2018-10-06, time:0700, wind_speed:1.53, wind_dir:32.0, temp:8.4
65.593980 173.055716
98.464419 221.010650
-5.888949 136.757001
15.492173 158.012783
-160.071277 115.899494
-140.910755 131.217751
-72.398713 -199.198150
-80.883342 -178.260321
-147.412272 124.932631
-155.223761 113.045878
31.662284 -274.442472
56.662531 115.735021
-72.089479 -238.095319
-83.828256 -241.461199
-13.792352 163.987868
-171.192669 88.578033
-89.236126 -138.774543
-68.598084 -205.475401
-126.184292 -31.120245
-84.580678 -142.103404
-175.254087 34.705018
-68.292255 -190.218463
-143.299574 -7.112863
-168.091192 92.039213
-176.050055 97.978261
-101.845074 -109.269139
56.775068 -247.246357
2.362775 -247.249320
57.106980 -271.079001
-22.399431 -280.148150
56.577754 -247.339479
60.715089 -253.384503
-72.305326 -250.182351
90.095041 181.929075
-147.129588 -4.150743
-151.242588 46.932196
-63.710047 -226.204431
-72.217773 -70.063496
15.335151 127.930191
60.899077 -232.198707
-68.249654 -247.266431
-80.683440 -178.108655
-80.368488 -172.105065
-76.404257 -181.046917
-72.188512 -184.156528
-80.596023 -172.176520
23.837281 178.975936
-80.771746 -109.119249
-72.102218 -124.130645
-134.643162 145.882142
-76.645633 -205.235932
-71.907833 -250.110896
-63.639329 -256.013270
-68.285507 -256.267214
-72.578517 -232.274989
-67.483233 -61.127897
-176.711417 49.768971
24.718791 -268.491881
-138.632734 -4.144615
-140.609442 -3.965249
-138.901436 -7.004548
-22.122811 -277.121351
-121.869591 148.975377
-147.805987 64.608749
-26.611708 -199.255690
61.125280 -193.129585
-35.270729 70.631839
10.699588 187.684112
-67.619613 -226.104289
-130.934807 55.691232
-118.365183 148.904983
-55.460776 182.007241
-60.136800 52.686653
61.362087 185.006886
-68.001627 61.967961
-147.205476 34.855401
-79.930286 -207.947299
-18.764875 118.505571
-10.151583 76.761209
-38.797246 -1.104881
28.235303 185.063209
-147.135501 133.949923
-147.101321 127.869082
-147.490235 133.997152
-1.638625 115.870493
4.881097 -183.966680
-62.913916 -229.354153
-63.709881 -229.075980
-126.189272 31.890840
-80.866583 -240.949365
-81.032732 -241.444061
-68.638008 -178.447379
-75.404290 -178.370642
-76.606098 -181.107259
7.833504 -283.158041
15.320667 -283.239530
-125.560734 61.718888
20.226371 -283.532515
14.979057 -283.272358
-56.218718 34.484487
-118.044000 -7.017002
-26.785581 163.779870
-21.048424 -241.510750
-17.756975 176.204029
-22.011732 181.915524
-79.599192 -241.114924
-85.296523 -241.549055
-80.917264 -244.440364
-83.826292 -241.257576
-83.700387 -244.128446
62.242336 -199.226550
-104.699200 139.880900
45.213351 -181.222397
-63.050498 -229.245354
-34.053076 61.881377
-59.068328 116.058248
-25.968336 -268.021923
-50.673268 -258.956065
-105.192469 116.048979
-59.428554 55.981286
19.656153 179.055038
-134.515611 55.992936
-64.206259 -202.304538
-64.554143 -199.574247
-147.390502 -4.648530
14.725255 -282.913616
14.387082 -284.140151
