date:2018-10-24, time:1700, wind_speed:5.01, wind_dir:334.0, temp:5.9
69.852067 126.964227
-10.429450 88.498041
-138.566873 69.921955
-151.081270 63.929554
-80.212836 -242.094708
-118.239968 -40.783406
-105.235978 -119.001637
19.772169 121.003042
-26.100821 22.010059
-130.284350 6.970841
-52.106575 -7.526055
-55.177792 -239.187902
-34.378406 114.895839
-1.068733 114.963783
44.830405 -236.138972
2.590024 -292.886024
-84.449664 -13.965447
-18.764875 -247.586295
-64.554143 -256.588554
-72.889568 -250.587048
-110.454550 -49.536597
-9.910520 121.267126
-92.765234 -242.056501
-81.224993 -238.584036
-13.585356 -281.124187
-5.180788 -284.149979
-14.001288 -4.752085
-60.442000 118.505571
11.403795 -287.114828
-13.594543 133.037469
-13.473123 136.017186
40.683637 132.958528
22.912250 -238.584036
36.537397 -236.018631
-76.074566 -242.056478
-88.567610 -242.198575
69.794620 195.940820
-71.847416 127.029858
48.951203 -242.086005
-77.112850 -241.584789
-43.271226 52.295793
-43.771150 145.512348
-38.464503 -230.024703
-13.503194 136.010500
23.894199 151.038641
23.422753 -238.800561
-18.764875 136.510089
-22.364626 136.224648
-30.762965 136.214098
