date:2018-07-14, time:1900, wind_speed:2.4, wind_dir:180.0, temp:16.6
-111.328763 46.665996
-80.651639 35.066997
49.314148 109.735464
-85.671034 103.476684
97.424308 103.529312
97.931075 103.501806
-2.993452 145.692278
59.998126 106.591224
60.368175 -265.144839
-6.848875 -106.440333
-31.212443 94.499547
111.792967 106.738019
-5.082442 -91.390381
6.641613 -94.192724
-0.989640 -85.299801
-10.688281 -82.500066
102.028159 103.855407
59.617711 244.672699
59.528888 244.700874
34.864271 118.612971
43.269578 112.520108
55.411298 106.621666
-170.350796 19.781013
-123.862984 61.674096
69.718335 238.890344
105.632164 103.581408
-43.771150 -31.532079
93.011872 106.685203
36.259910 178.797516
-52.397626 -31.533131
-170.286921 19.602222
-115.111987 52.574655
-119.611866 49.630189
57.222901 106.840784
54.986781 106.679315
56.253950 106.502559
58.839462 106.638899
44.657805 -241.172979
-119.369037 -16.449696
-111.382756 -4.394438
-161.375090 16.558848
-32.137862 -46.286329
-2.094025 -97.548645
-106.889279 -256.424004
26.601469 -67.452913
24.266977 -70.085274
70.921146 103.719140
35.160999 118.458868
-161.380942 16.544164
-161.449703 16.672757
-168.802525 19.480722
72.017014 265.707527
-168.802525 19.480722
-15.088496 34.543655
60.167843 268.565372
40.734758 202.784044
65.645385 272.054321
30.445477 121.618017
54.396533 109.727319
57.287502 106.903194
60.211200 106.470387
82.280746 106.826911
-17.908556 -7.087392
1.528500 193.577870
55.301371 106.594384
