date:2018-07-14, time:0400, wind_speed:1.42, wind_dir:141.0, temp:14.6
-106.699577 46.757019
-77.726685 34.725865
52.010714 109.632772
-82.600405 104.203292
96.407991 104.130835
96.787121 104.066307
1.919935 145.800148
0.683682 -91.040496
60.477232 106.502559
63.215519 -265.091077
-2.094025 -106.550904
-24.362278 95.030962
114.516787 106.615420
-2.094025 -91.547139
9.710502 -94.093136
1.685641 -85.396292
-2.094025 -82.544880
105.285430 104.024371
64.272448 244.812307
60.513753 245.371581
34.156420 119.137953
43.701478 112.554730
131.046777 151.745945
55.623886 106.721451
-168.667117 20.395306
-118.956588 61.572359
72.385572 238.815868
104.837578 104.062723
-40.982370 -31.016098
93.658518 106.574453
39.283190 178.674211
-49.204554 -30.885827
-164.364863 20.467272
-116.009844 53.149949
-115.113508 49.837856
59.878765 106.617244
55.808640 106.756472
55.263879 106.942392
59.839442 106.796643
47.491135 -241.374959
-114.644775 -16.401911
-106.777246 -4.290831
-160.959687 16.743010
-31.395338 -46.261139
4.686121 -96.925971
-106.231268 -256.588554
27.045439 -67.390583
27.018447 -70.400234
75.738055 104.217879
34.066842 119.176504
-160.734362 16.588708
-161.031169 16.581509
-165.951406 20.223093
72.771424 265.654409
-170.257542 20.112909
-14.541593 34.484487
59.203038 269.067465
43.771150 202.575000
68.311052 271.729398
31.178299 121.620592
60.436428 107.651438
60.131591 106.681398
59.719812 107.519923
85.139706 106.773948
-14.767809 -7.330102
2.050488 193.625778
56.253950 106.502559
