date:2018-07-31, time:1400, wind_speed:1.22, wind_dir:215.0, temp:28.4
69.326449 102.396020
60.614975 104.956723
-59.707880 -104.569053
-48.228937 -102.627588
60.860285 243.069867
60.663296 242.815029
43.916629 110.900938
48.348079 108.308460
-172.949945 20.802117
68.550120 101.690672
48.234023 108.047994
-177.036642 38.956151
48.144417 108.046050
48.087440 108.134233
-159.987010 8.911196
-110.676866 -253.834903
-39.096722 -80.738576
-9.785808 114.560594
-160.014212 9.517716
-176.916990 24.279831
-55.470110 21.184107
47.858237 107.935668
56.316006 105.048632
-1.346408 180.366619
48.516155 108.279987
47.942960 107.748672
43.770695 110.935969
44.568677 111.325013
47.632175 107.607516
44.385054 111.185003
-5.774350 114.550215
56.359462 105.105726
94.166922 104.878739
-30.693616 111.469848
47.918525 109.503312
48.367287 108.023900
69.382141 102.120857
56.104658 105.001476
60.664792 264.357154
44.461887 111.144841
44.176972 111.094589
48.431858 108.166490
-55.591354 -41.396588
44.169980 111.072494
43.989557 110.843360
44.070099 111.154263
43.567676 110.793341
48.183717 108.062629
-64.518773 18.102559
56.130165 104.636779
48.353360 108.057122
-6.224592 194.926523
-2.016484 -66.334253
-35.044105 -29.525740
48.666163 108.361467
43.482376 111.038209
44.155797 110.870949
-173.036919 21.027936
44.066178 110.858879
43.806382 112.504065
56.176579 105.059218
43.650078 110.668268
48.280804 108.149454
-13.812283 -26.789681
-19.267095 164.774353
-9.754082 159.405524
27.500754 120.127281
69.011423 102.283151
35.232485 193.320242
-19.146113 44.750938
18.187570 182.739046
43.729379 110.793957
47.814392 107.788557
-101.463478 -251.396630
-6.242143 44.850078
-30.915514 110.750659
-34.960716 117.182606
56.669586 105.006280
-18.687181 -45.282580
76.997840 101.765718
2.196439 53.773701
19.413441 -92.647850
-9.707606 -8.688172
81.838473 102.389497
73.627812 279.428705
44.492866 111.128551
-10.176221 45.096564
43.626047 110.523645
43.958390 111.116275
43.955897 110.699872
44.355058 111.599449
65.035646 105.104555
69.421124 258.186881
69.473629 102.652628
60.839505 108.839945
10.598248 64.013794
35.397439 196.215448
68.734833 271.200137
47.918525 109.503312
48.086778 109.378470
46.662739 108.918614
0.976671 179.895276
