date:2018-06-08, time:2000, wind_speed:3.22, wind_dir:296.0, temp:16.9
73.050544 244.209705
-85.326642 133.178762
2.300211 -280.884299
-85.448275 76.495029
60.647364 250.279884
48.042732 121.167129
-110.454550 -241.584789
-110.454550 -244.585542
-97.049745 111.613498
-31.007798 -94.837341
-6.025782 -109.836705
-27.100300 172.519125
-14.387681 160.201078
-1.970265 208.218993
-110.250783 115.132832
10.607120 -283.905076
98.075280 271.294853
-18.764875 -166.565964
-60.241297 169.199076
-51.675308 132.849348
-93.668769 139.206429
-93.627587 178.222336
43.923330 118.239316
-43.623621 181.219289
-64.358569 172.199813
-81.054650 157.166692
-76.975492 154.139812
-35.310600 160.249904
-18.656387 37.152705
68.974541 265.301536
64.729421 268.269791
102.260401 106.205847
-6.059337 46.149308
11.551798 -83.675145
23.066065 121.231307
35.622667 199.158122
60.442000 265.590813
102.154357 103.501806
-39.419884 184.152073
152.299762 169.202910
28.297234 186.511196
-10.292760 34.197668
-10.273459 31.159851
39.718771 -55.900175
39.794066 196.217353
43.983186 -52.835191
2.264620 109.208115
-1.938495 34.203339
-18.645455 37.182596
106.266500 103.501806
31.387649 202.243006
27.135532 196.525149
39.784777 202.292192
39.795473 196.211511
48.072426 -52.832571
43.978564 -58.834923
-10.273779 49.148680
10.581204 -79.838903
156.396379 169.219386
152.368104 172.150560
61.573461 105.396914
