date:2018-10-22, time:2300, wind_speed:1.43, wind_dir:78.0, temp:1.9
60.477232 121.506324
-14.112335 85.162237
-147.540188 67.123543
-159.879029 60.972473
-88.721423 -245.546256
-126.525190 -44.354150
-109.767548 -122.438402
48.684690 -284.367594
14.956750 118.050514
-184.995082 27.946497
10.586363 -289.416273
-34.947025 18.860740
-135.016989 3.952254
-59.632557 -8.470184
-68.760056 -241.396681
10.947456 -290.231517
-43.641217 109.564271
-5.324113 111.592540
36.129823 -239.187795
2.521531 -296.163449
-88.987656 -17.026175
-27.014366 -250.659580
-68.536397 -260.096428
-80.742131 -254.070845
-114.510008 -52.486538
-18.418443 118.075710
-97.224592 -245.450782
-89.399867 -244.308675
-22.100158 -284.555741
-13.864633 -287.436298
-22.686164 -7.454044
-72.661955 115.600045
-151.936879 67.658999
31.644303 -278.056825
6.778029 -290.420490
-22.700741 130.576662
-22.157387 132.072866
32.023443 129.746585
10.487171 -241.399140
23.550464 -239.129105
-84.552968 -245.573467
-92.869351 -245.289367
60.632574 190.518721
-76.649073 124.054893
-35.165407 130.559327
40.399406 -245.518719
-89.090665 -245.165532
-89.060947 -245.509367
-47.821808 49.681418
-52.060300 142.718521
-52.106575 -232.582530
