date:2018-09-22, time:0800, wind_speed:6.37, wind_dir:316.0, temp:15.7
-84.156477 158.212424
48.404273 115.025095
27.682008 163.000745
-180.715206 103.000447
90.301973 217.674704
-151.661643 -8.046720
11.006795 187.065065
65.492367 178.749273
-180.010705 86.015180
93.818932 184.522137
-179.899171 95.172514
77.634488 268.152915
-5.009408 158.153796
23.687608 -280.545046
98.938247 220.657545
98.495855 196.001422
81.791161 229.112406
-13.656123 142.679936
7.146285 163.670802
98.468201 189.987806
-159.979811 124.030038
-155.404893 118.608281
-155.765252 132.987435
-176.643233 64.025075
61.694986 -229.007632
-180.713076 36.965810
36.387755 118.680524
-59.949921 -194.075212
-92.901111 -172.377453
-72.395165 -206.062520
-159.666552 121.708107
-163.186027 116.059713
-18.307170 -239.087962
-76.604107 -140.034039
27.616090 -278.089741
28.436845 -276.992476
-92.948685 -109.472244
48.400524 115.063490
-151.623854 -17.072145
-59.615055 -232.448078
-17.763351 -247.501566
-172.384789 75.971894
-79.939822 -115.081311
-159.919764 75.991748
28.143086 -265.446231
-80.675126 -119.085233
-47.327424 -164.053373
-101.581307 -125.067951
65.904839 269.287767
-184.909642 48.961194
-84.927438 -239.043621
-76.278815 -97.492748
-47.386815 -278.140871
-159.122866 125.099226
-143.021206 148.633000
-104.847747 -102.895621
3.104245 175.579070
-18.239163 177.992421
-180.721159 84.953610
-180.413877 82.676131
-180.060701 86.047824
-97.426508 -146.043528
-75.739651 -204.964804
-130.275875 -25.279356
-97.398101 -143.064359
-109.564080 -67.365232
-184.640971 28.525224
-63.712593 -178.418776
-150.896572 -9.911200
-150.837285 -9.839106
-164.021613 100.053749
-172.014641 100.662148
-171.518468 104.125506
-171.728754 104.133935
-50.784241 -205.053309
-5.361197 196.767445
-118.324607 -116.085303
-97.423904 -62.001265
61.317563 -244.433457
7.112262 -244.426090
65.394601 -268.537763
20.049921 188.201613
-14.014887 -281.106128
-18.200646 -278.081396
-18.248007 -281.137022
60.962083 -245.059518
60.982558 -242.049539
52.620626 -239.079142
56.758291 -248.040226
-114.039602 -80.022837
57.159725 -241.560189
69.346463 -239.063791
-80.729113 -254.052003
-184.740329 34.610822
10.943403 182.851668
69.358087 -239.036346
60.979379 -236.082416
-159.225875 80.118439
19.975558 176.229175
