date:2018-05-31, time:1100, wind_speed:3.81, wind_dir:210.0, temp:27.7
75.919045 228.823267
-70.004082 96.759811
-72.889568 133.509336
14.576825 -283.595331
-77.424772 73.242348
-23.223763 163.360607
59.705314 247.201095
30.035879 -284.421390
42.477583 114.644302
60.442000 253.587801
-86.093124 106.054980
-102.448350 -241.809787
-110.454550 -247.586295
-48.551863 69.981613
-111.181614 -250.986789
-111.093051 -248.078087
-85.448275 109.503312
-15.753437 -95.263146
-69.512622 163.046395
-19.478794 145.072749
-44.441734 127.076082
1.775855 -112.767430
-35.801664 145.281542
-22.877018 163.516866
-23.480670 157.089858
-3.365260 156.662466
-6.206168 199.525902
-90.843120 114.722150
21.720054 -284.450488
-61.137441 159.979975
85.099983 109.292794
110.454550 271.592319
14.576825 -280.594578
-15.242715 -295.991442
-2.853354 -167.060672
-65.210530 160.065551
-11.669004 -293.317782
-48.844668 126.891474
76.532821 106.036790
-78.094642 135.929017
-82.425192 171.711815
55.834189 115.295455
-31.212443 187.522890
-57.126533 165.866375
-61.175877 160.046798
5.512645 -286.991874
26.758737 -268.796740
-64.965188 154.256104
-23.757284 157.351808
-7.402499 36.617822
