date:2018-07-07, time:0700, wind_speed:3.42, wind_dir:308.0, temp:17.0
-105.890008 60.837555
-80.801439 51.889836
48.148456 109.253924
-72.488216 108.839046
98.716737 102.247059
98.588819 102.191730
10.811899 150.897930
10.893689 -83.147302
6.674197 147.861893
56.497505 106.168425
-30.894744 30.910634
14.954384 -77.099529
2.624431 102.586281
65.783216 -258.739752
60.880635 -233.111975
-1.523467 -98.471353
-17.546874 104.220108
119.286762 105.908861
19.175264 -290.214710
10.697697 -82.899324
20.215677 -81.879773
14.976117 -80.102581
56.462570 106.188606
-21.667837 68.118118
11.082624 -77.458204
98.147429 103.233815
-96.753834 53.337313
-88.484539 56.532296
60.861320 244.017530
60.842676 246.969473
35.470957 118.505571
73.312236 -233.258543
-105.057247 8.288243
35.814987 117.899449
44.280318 111.904036
44.232976 111.904427
131.652402 156.932978
57.030000 105.221367
56.453690 106.195235
-168.529374 19.202338
-109.911384 66.611491
64.998510 249.978457
2.475914 105.883444
39.915398 -62.204463
98.152327 103.238505
-26.712103 -23.108125
94.355854 105.621273
44.990971 185.224887
10.705325 181.247167
31.649703 183.918626
-30.841667 -23.206444
-168.584477 19.221826
115.027789 270.967284
-109.273774 62.266238
-110.055092 57.959466
56.446644 106.171892
56.453491 106.157955
56.635717 105.845001
56.737403 105.934886
60.850351 -233.101631
60.949994 -230.155607
-105.215349 -3.586672
-101.644919 0.801766
-168.802525 19.480722
-168.395888 18.867141
-21.570074 -36.754101
11.445595 -84.456659
10.901550 -80.150910
-105.864332 -257.179845
44.121536 -62.169713
35.949471 -62.056417
85.833029 105.971622
