date:2018-09-27, time:2300, wind_speed:1.66, wind_dir:65.0, temp:13.4
-93.285183 156.231689
81.573643 216.140033
52.421782 176.908473
-180.821686 92.952431
-9.617662 155.819685
10.714359 -282.225385
85.869001 221.631776
-18.397619 140.938253
-2.007523 161.187045
-164.284392 116.857601
-155.988159 134.793342
-177.066842 64.603727
56.671232 -234.307564
-185.341356 38.784410
-76.916004 -192.870073
-93.293451 -170.796782
-159.778643 126.552690
-164.455297 110.985264
-85.178889 -144.502087
19.047870 -276.110414
44.146713 116.577828
-151.795816 -15.283474
-76.994781 -234.702965
-176.720276 80.526527
23.028485 -267.963016
-59.849579 -161.822489
-114.354145 -117.361979
60.824634 266.973660
-185.406800 49.908637
-89.839290 -239.572505
-89.252093 -96.193202
-160.144550 126.208676
-113.918256 -104.697916
-22.574405 170.905041
-180.540459 87.330244
-97.638905 -141.240555
-76.915763 -207.275145
-139.265961 -27.130619
-97.708771 -144.662824
-185.090696 32.934554
-76.729340 -180.533236
-147.969976 -8.449366
-176.758408 108.499916
-176.658257 99.150554
-181.006198 95.929752
-6.036660 201.016638
-114.263771 -111.063061
48.626478 -245.977770
-5.743703 -243.207920
52.487884 -270.426639
-30.984486 -279.018474
48.248514 -243.276763
39.658103 -240.770855
52.260429 -249.151648
48.178619 -237.184995
-81.086224 -252.153128
6.838046 177.047889
85.766999 185.891700
-151.811786 -3.171365
-147.260553 -5.818912
-164.565575 48.347929
-68.485250 -228.199078
-64.250043 -108.346759
-80.582113 -65.792869
-89.135311 -242.981946
6.752877 132.063677
-97.727443 -138.292256
-151.867862 -15.092969
6.714713 129.145179
52.389969 -234.399421
-77.099848 -251.796137
-151.841832 135.595708
-93.537939 -119.921480
-89.439294 -174.992805
81.983306 110.994012
-81.085821 -171.769911
-80.837480 -174.077344
-81.009008 -177.258208
-85.158400 -173.937481
14.864470 186.420656
14.846905 185.551089
-85.159354 -111.258368
-97.557728 -144.270571
-93.872337 -143.880304
-93.760517 -143.839457
2.638895 132.083180
-85.123894 -123.233265
-93.176616 -120.242887
-143.536185 152.983968
-143.678013 148.869718
-89.302024 -200.962910
-89.197189 -204.102903
-114.301362 -111.351752
-114.688051 -113.840642
-97.587912 -144.276738
-97.736392 -141.298839
-176.751114 105.098082
-180.554770 105.325929
