date:2018-07-10, time:1800, wind_speed:1.61, wind_dir:277.0, temp:26.0
-114.290116 50.547198
-89.161413 38.580420
47.810914 109.160834
-80.883219 102.584997
97.931075 103.501806
97.843897 103.186835
2.485541 144.746623
2.577184 -90.564152
56.253950 106.502559
-38.155847 21.835717
61.408863 -266.091901
-5.642644 -105.555748
-21.981602 94.157475
114.538771 106.092858
3.152184 -92.165358
10.960683 -93.202611
6.470775 -84.280143
56.174947 106.146461
-1.681997 -81.183278
97.937465 103.148568
-102.149337 45.818840
-92.800626 46.807594
60.386537 244.247268
60.442000 244.585542
-114.078656 -0.004747
35.767601 116.759058
44.136398 110.900414
43.806382 112.504065
123.798910 150.873647
56.166036 106.073128
56.152588 106.125021
-168.870327 19.050525
-117.694041 60.858807
64.512021 241.337545
-13.783995 95.299531
31.615250 -69.249171
97.931075 103.501806
-34.730297 -32.310998
94.219585 104.688129
35.906349 179.675958
19.263586 177.023428
-42.552088 -32.365826
-168.911659 19.157842
-114.012547 51.847180
-118.465831 53.675941
56.044069 106.237958
56.253950 106.502559
56.537019 104.658598
56.171325 106.263008
48.220955 -240.473599
52.873240 -239.202866
-114.288673 -15.161990
-114.085280 -3.411694
-168.807354 19.329151
-168.802525 19.480722
-34.128736 -47.318191
6.463075 -98.359412
-106.264372 -256.824317
36.132859 -66.795697
27.827618 -71.321433
77.612169 101.959458
60.263021 244.305318
36.422776 117.731274
-168.874208 19.168277
-168.880364 19.208173
-168.896063 19.033236
73.338010 107.542448
68.812139 264.767333
-168.404232 17.730630
-18.115577 -36.656097
