date:2018-10-26, time:1100, wind_speed:4.36, wind_dir:307.0, temp:3.6
73.186966 112.115320
-10.429450 76.495029
-135.130455 55.108249
-146.074965 49.113914
-81.224993 -253.587801
-118.087144 -47.362749
-105.535884 -122.381638
19.415822 117.699545
-27.100300 7.477710
-126.797331 -7.888813
-47.883293 -19.529067
-35.435725 100.501053
2.731970 96.749195
49.534912 -247.553679
-83.699127 -31.188403
-68.515020 -260.007283
-110.132275 -52.868858
-8.729864 100.720076
-93.471163 -245.013123
-76.868174 -251.024477
-10.429450 -286.596084
-6.206168 -295.598343
-8.832142 -19.259778
-54.397606 103.159561
15.207260 -290.366205
27.135532 -250.587048
35.780699 -250.989773
-77.112850 -256.588554
-89.277213 -244.959381
73.253912 184.125736
-66.939269 109.496101
48.261682 -256.934594
-72.629025 -253.957185
-39.276687 40.055863
-39.547868 130.508583
-33.779317 -247.500543
-10.157855 121.158422
27.135532 136.510089
27.455777 -251.022314
-18.527214 121.074675
-29.675935 122.130547
-10.141266 76.131805
-10.115209 76.143212
