date:2018-06-05, time:1300, wind_speed:1.48, wind_dir:152.0, temp:13.6
76.786580 247.528913
-77.526899 136.438415
5.903905 -277.557605
-77.310191 82.600798
64.609713 253.587801
51.019934 123.530998
-90.930604 115.221822
-106.231268 -238.584036
-107.233249 -242.643285
-95.169486 115.467892
-24.348886 -91.398891
-7.514564 -106.841860
-28.577953 175.349480
-7.131121 164.683681
-3.775398 211.344990
-94.857561 117.484672
14.576825 -280.594578
106.066698 277.629113
-10.429450 -163.565211
-62.009713 172.321599
-48.008497 136.581995
71.805713 108.485264
-85.577660 142.598340
-90.413813 180.334472
47.804644 121.631551
-36.224112 190.242736
-61.815294 175.293785
-73.946646 163.231486
-68.880812 157.561570
-31.312695 160.634529
-15.029730 40.384690
67.082148 268.948858
68.037989 270.792022
105.160891 109.927904
-3.241101 49.752485
21.868096 -79.264553
21.777874 124.298302
38.468082 202.540562
59.502020 265.346838
51.266360 112.269590
101.392264 106.242033
-35.765201 187.501207
