date:2018-06-27, time:2000, wind_speed:3.14, wind_dir:189.0, temp:20.1
-85.737908 79.413797
-85.448275 28.482981
-19.930083 -145.795157
-19.157956 -233.237832
-56.218718 67.492770
47.534042 109.487687
-44.115853 123.911331
-64.889249 118.448490
101.393447 103.264572
64.609713 262.590060
104.597099 103.078606
-43.626324 129.981204
147.208794 133.313225
18.486532 145.487364
30.123000 163.289235
30.859058 -67.553529
39.583100 172.519125
30.908873 187.477224
60.175800 106.453253
34.250093 -67.869516
31.247675 148.513101
68.777425 238.584036
-15.003787 40.094872
18.800107 -94.547892
105.137903 103.102295
39.247550 -64.632163
18.016236 118.276677
88.003128 -238.979541
93.029829 -214.812735
68.472713 -274.603912
31.247675 121.506324
22.912250 -82.544880
10.464682 118.505571
147.650779 121.436485
52.141807 -283.595331
118.825207 106.502559
39.225452 -64.588024
39.292364 -64.571843
39.259020 -64.613554
22.912250 -94.547892
42.010187 -61.953436
67.536527 109.139303
10.096322 82.428898
2.129257 82.496535
35.470957 -67.541115
31.247675 -67.541115
101.793412 103.431544
101.449235 103.268645
-64.628043 67.235493
-60.736573 73.413693
-6.619484 33.763673
64.609713 259.589307
64.609713 262.590060
63.524630 259.269284
68.777425 262.590060
35.470957 118.505571
93.441754 -211.661130
14.576825 118.505571
5.918808 111.897472
18.461320 118.412325
-43.842414 130.044267
-89.615153 25.208656
-87.072156 25.041960
38.037167 118.125211
43.806382 115.504818
42.661490 115.128568
81.260225 112.504065
42.275914 196.265099
155.903186 169.427790
