date:2018-09-30, time:0300, wind_speed:1.81, wind_dir:6.0, temp:9.9
-93.286607 154.000307
81.803409 213.777067
56.633477 172.448322
-176.311193 90.615673
-10.081552 154.433092
10.464682 -286.596084
90.441139 219.413327
-14.300635 136.537484
-1.526791 156.633875
-163.938091 114.734055
-156.243818 130.508583
-176.615110 61.438517
56.485623 -235.589998
-185.473375 34.484487
-76.674897 -196.631307
-92.620511 -174.571845
-156.085219 124.513120
-164.399421 109.566420
-85.448275 -148.561446
19.314745 -278.232339
44.142629 112.455773
-147.434892 -17.028745
-76.315803 -239.325745
-176.677984 79.436754
23.359284 -272.220864
-59.988020 -166.947689
-114.097764 -118.646051
60.883748 265.469637
-184.993117 46.000434
-85.448275 -244.585542
-89.560418 -100.549398
-159.982274 121.012149
-114.353469 -109.484349
-18.553314 166.590012
-180.624570 84.741482
-97.585294 -145.655273
-76.718268 -209.054398
-139.137173 -31.541758
-97.340025 -146.724081
-184.800271 30.927538
-77.112850 -187.571235
-147.238801 -8.219849
-176.725685 103.344550
-177.137950 94.499547
-180.782190 93.669557
-5.385254 198.925124
-114.105592 -113.457605
48.420810 -247.658084
-1.799156 -247.638995
52.604956 -271.927018
-30.692908 -280.859886
48.388474 -247.784315
40.054131 -245.038849
52.141807 -253.587801
47.918525 -241.584789
-80.654684 -253.924865
6.716895 172.110441
85.733360 181.432377
-151.504792 -5.105224
-147.908393 -10.526808
-159.775599 45.194051
-68.161860 -229.949768
-59.940322 -109.894082
-80.659989 -71.054542
-89.382803 -244.514963
6.743540 127.335293
-93.297900 -142.772744
-151.539088 -17.108640
6.644891 123.963336
56.771208 -236.215363
-76.674828 -251.061718
-152.131675 133.509336
-89.137738 -124.662896
-88.978751 -179.021612
85.719488 106.576897
-80.655473 -176.032222
-81.048695 -178.504298
-79.979605 -180.629631
-84.722109 -176.373588
14.973183 184.465783
18.800107 181.521384
-84.750740 -113.119430
-93.058247 -146.824953
-93.236372 -143.469706
-93.277820 -146.006670
2.711432 129.782444
-85.047848 -125.013443
-88.858114 -122.216712
-143.796250 148.513101
-143.392379 142.104824
-88.948118 -203.204361
-89.082934 -206.026398
-114.099985 -115.652533
-114.566693 -118.553916
-97.272650 -145.888562
-97.895843 -145.560693
-176.620302 102.949763
-176.394116 102.514350
-80.544364 -254.799003
-76.284702 -254.724461
-76.344377 -254.485950
-77.112850 -256.588554
23.725755 -272.553232
27.818019 -272.491693
27.800530 -275.999760
-72.573606 -202.685920
-80.903858 -55.542846
18.976889 -265.604003
-72.645685 -229.534303
