date:2018-07-06, time:1700, wind_speed:6.59, wind_dir:318.0, temp:23.5
-106.231268 61.491264
-81.224993 55.489758
49.113164 108.598182
-72.889568 112.504065
98.480701 102.959001
98.452413 102.964712
10.464682 151.513854
10.464682 -79.544127
6.241400 151.513854
57.325851 105.430609
-31.212443 31.483734
14.576825 -76.543374
-0.024353 106.438381
64.589375 -256.588554
60.477232 -229.581777
39.583100 -286.596084
15.146836 117.987598
-4.140643 -94.605593
-18.764875 106.502559
118.825207 106.502559
18.800107 -289.596837
11.553894 -80.594101
18.800107 -79.544127
8.237561 -100.409868
14.576825 -76.543374
57.340012 105.530842
-22.877018 70.493523
10.464682 -76.543374
99.133812 102.546381
-97.895843 55.489758
-88.375314 57.515639
60.442000 244.585542
60.442000 250.587048
35.989439 118.050064
70.823387 -226.537808
-10.429450 103.501806
-106.231268 10.478463
35.470957 118.505571
43.806382 112.504065
43.806382 112.504065
131.272775 160.516113
56.781466 106.024442
57.448147 105.532451
-167.665384 18.460218
-110.454550 67.492770
64.609713 253.587801
2.129257 109.503312
39.583100 -58.538856
99.009516 102.603954
-27.100300 -19.529067
93.818932 106.502559
43.806382 187.522890
11.624726 180.546179
31.247675 187.522890
-31.212443 -19.529067
-167.738204 18.449787
114.622263 274.593072
-110.454550 64.492017
-110.454550 61.491264
57.401784 105.531836
57.370564 105.560350
56.253950 106.502559
56.253950 106.502559
60.477232 -229.581777
60.477232 -226.581024
-105.161553 0.424789
-102.119125 4.476957
-167.598710 18.491982
-168.802525 19.480722
-22.877018 -34.532832
11.578274 -80.574527
10.464682 -76.543374
-106.231268 -256.588554
43.806382 -61.539609
35.470957 -58.538856
85.483507 106.502559
